Leaf
978 135.133267555 24.0208242989 24.0 35.0570962859 25.079872408 48.0416485979 29.6816441593 30.2324329157 25.2982212813 25.9615099715 68.0294054068 32.3882694814 32.3882694814 38.9101529167 37.5898922584 12.3693168769 13.0384048104 18.4390889146 17.691806013 27.7308492477 27.3130005675 44.9444101085 43.2666153056 19.3132079158 20.8806130178 35.3553390593 36.0555127546 18.4390889146 17.8044938148 18.0277563773 17.8044938148 19.8494332413 25.9615099715 11.6619037897 11.6619037897 34.1320963318 31.0 34.4818792991 40.1995024845 34.1320963318 60.9590026165 55.9016994375 
9 126.015872016 22.0907220344 21.0 33.0151480384 26.0192236625 46.0108682813 27.7848879789 27.4590604355 23.4093998214 23.769728648 62.0322496771 35.2278299076 35.1283361405 41.629316593 40.3112887415 13.3416640641 13.152946438 20.6155281281 19.8494332413 25.9422435421 24.3515913238 47.8852795753 47.0106370942 18.3575597507 18.7882942281 34.0147027034 33.6154726279 18.2482875909 15.8113883008 15.5241746963 14.7648230602 19.7989898732 23.769728648 12.2065556157 12.5299640861 33.2866339542 31.0161248385 33.1209903234 36.6878726557 35.7351367704 64.6606526413 64.0312423743 
24 127.015747055 21.0237960416 22.0 34.0587727319 23.0867927612 44.1814440687 26.9258240357 28.8444102037 23.0867927612 24.7386337537 64.0078120232 31.4006369362 31.5753068077 38.0131556175 36.235341864 12.3693168769 11.0453610172 20.0 17.8044938148 27.3130005675 28.7923600978 46.5295604965 43.0464865001 18.7882942281 19.9248588452 33.1209903234 33.8378486314 18.4390889146 16.4012194669 17.0880074906 16.4012194669 16.9705627485 24.7386337537 13.0384048104 13.416407865 33.2866339542 31.0 34.1320963318 36.3455636908 36.6742416418 58.7281874401 58.0 
142 119.03780912 22.0227155455 21.0950231097 34.0147027034 24.0208242989 42.0119030752 26.4007575649 27.4590604355 20.8806130178 21.8403296678 65.06919394 35.6931365951 35.1283361405 40.7062648741 39.9249295554 12.0415945788 12.1655250606 17.691806013 17.0293863659 26.0 25.2982212813 43.9089968002 43.8292140016 17.88854382 17.88854382 33.5410196625 32.2024843762 17.4642491966 15.0 17.2626765016 15.8113883008 17.0293863659 21.8403296678 10.8166538264 10.6301458127 31.9061122671 29.0172362571 29.1547594742 35.902646142 32.8937684068 60.141499815 57.8013840665 
202 123.004064973 22.0227155455 22.0227155455 34.0 25.079872408 44.0454310911 25.5538646784 25.9422435421 22.8473193176 24.1660919472 59.0084739677 32.2490309932 34.3656805549 38.4837628098 39.3573373083 12.3693168769 13.0384048104 19.2093727123 18.3847763109 27.8567765544 27.5136329844 44.418464629 41.6773319683 18.3575597507 18.8679622641 34.4383507154 35.3411940941 17.4642491966 14.4222051019 17.4642491966 13.8924439894 17.8044938148 24.1660919472 11.6619037897 12.5299640861 33.6154726279 31.0161248385 34.9857113691 35.3553390593 34.9284983931 57.2800139665 57.3846669416 
235 133.093951778 21.0237960416 21.0950231097 36.0555127546 23.0217288664 43.1856457634 29.0688837075 26.6270539114 26.2488094968 24.7386337537 64.28063472 33.3766385366 32.9848450049 38.0131556175 37.2155881319 12.0415945788 11.0 17.0293863659 16.9705627485 27.7308492477 29.1204395571 45.6179789118 43.5660418216 21.0950231097 20.1246117975 36.235341864 36.0555127546 19.4164878389 16.1245154966 18.0277563773 14.4222051019 19.1049731745 24.7386337537 12.2065556157 12.5299640861 36.3593179254 33.0605505096 35.8468966579 37.2155881319 37.2155881319 58.7281874401 60.141499815 
438 127.0 24.0208242989 23.0217288664 37.0 28.0178514522 51.0098029794 28.8444102037 29.6816441593 24.3515913238 25.0 69.0072459963 32.2490309932 33.3766385366 39.3573373083 39.8246155035 14.3178210633 14.1421356237 18.3847763109 19.2093727123 25.0599281723 24.5967477525 49.9299509313 47.5078940809 17.4642491966 19.2353840617 34.4383507154 35.77708764 18.4390889146 16.2788205961 19.4164878389 16.4012194669 17.691806013 25.0 11.401754251 10.8166538264 34.9284983931 34.0587727319 35.8468966579 29.0688837075 32.14031736 58.0 57.2800139665 
573 130.015383705 23.0217288664 22.0227155455 33.0151480384 26.0 48.0416485979 28.0178514522 27.8028775489 23.0867927612 21.5870331449 66.0302960769 37.2155881319 36.1247837364 42.0475920833 39.9249295554 14.0356688476 12.0415945788 17.691806013 17.691806013 26.0768096208 25.2982212813 45.6508488421 46.0434577329 19.2353840617 18.973665961 35.77708764 32.7566787083 18.2482875909 16.6433169771 15.5241746963 16.6433169771 18.4390889146 21.5870331449 12.0415945788 10.295630141 37.4432904537 33.2415402772 34.1760149813 39.3192065027 31.7804971641 61.5223536611 60.141499815 
589 116.107708616 20.0249843945 19.0262975904 32.14031736 25.079872408 40.1123422403 27.7308492477 27.7848879789 25.2982212813 25.495097568 58.137767415 37.1214223865 36.2215405525 42.5440947724 39.0 14.1421356237 11.0 19.1049731745 16.9705627485 25.632011236 25.7099202644 45.6946386352 44.7772263545 20.2484567313 20.2484567313 34.885527085 32.8024389337 18.1107702763 16.5529453572 14.8660687473 15.6524758425 16.9705627485 25.495097568 11.6619037897 11.7046999107 35.8468966579 33.0605505096 34.5398320783 37.483329628 28.1602556807 60.3075451333 57.2013985843 
608 126.14277625 22.0 21.0950231097 35.0142828 26.0 45.0111097397 27.7848879789 29.5465734054 25.2982212813 26.5706605112 61.1310068623 35.1283361405 36.4965751818 41.2310562562 43.382023927 13.3416640641 13.3416640641 19.7989898732 18.4390889146 25.9615099715 26.83281573 47.1699056603 45.6179789118 19.3132079158 21.4709105536 34.1320963318 35.3553390593 16.7630546142 15.8113883008 19.4164878389 17.4928556845 17.2046505341 26.5706605112 10.295630141 11.401754251 33.6154726279 33.1360830516 35.5105618091 33.0605505096 39.4588393139 58.0 61.5223536611 
632 126.0 22.0 22.0 31.0 24.0 43.0 28.6530975638 28.6530975638 26.2488094968 26.2488094968 59.0 35.2278299076 35.1283361405 40.3112887415 39.9249295554 12.1655250606 12.1655250606 16.2788205961 16.2788205961 23.769728648 24.1660919472 45.6179789118 47.0106370942 21.1896201004 21.0237960416 35.2278299076 36.3593179254 16.7630546142 17.4928556845 15.8113883008 15.2315462117 17.2046505341 26.2488094968 9.21954445729 8.60232526704 35.77708764 35.0142828 35.8468966579 37.3363094052 32.14031736 60.1082357086 58.0 
641 122.0 22.360679775 22.0907220344 35.0142828 27.0 47.0 29.5296461205 27.2946881279 23.4093998214 23.769728648 62.0725382114 37.2155881319 36.2215405525 42.9534631898 41.629316593 14.1421356237 13.152946438 20.5182845287 19.8494332413 21.4709105536 21.4709105536 46.3249392876 44.7772263545 20.2484567313 20.1246117975 32.6496554346 34.885527085 18.2482875909 19.4164878389 17.4642491966 16.1245154966 17.691806013 23.769728648 12.0830459736 12.5299640861 31.7647603485 30.0166620396 32.2490309932 30.083217913 32.5729949498 58.8982172905 60.440052945 
643 121.016527797 22.0907220344 21.3775583264 35.0570962859 25.0 41.0121933088 26.6270539114 27.2946881279 21.1896201004 21.5406592285 63.1268564083 32.5576411922 34.2344855372 38.9486841883 39.3954312072 13.152946438 12.1655250606 16.2788205961 17.0293863659 24.0416305603 23.769728648 42.1900462195 41.5932686862 20.2484567313 19.6977156036 33.6154726279 32.2024843762 18.6815416923 17.8044938148 17.2626765016 17.4928556845 13.6014705087 21.5406592285 10.0 9.43398113206 34.0147027034 32.0624390838 35.5105618091 33.2415402772 38.6393581727 58.137767415 58.0 
693 124.145076423 22.0227155455 21.0950231097 39.0512483795 25.0199920064 47.0425339454 26.4196896272 27.3130005675 25.632011236 25.079872408 63.1268564083 35.902646142 36.4965751818 41.6773319683 42.0475920833 13.0384048104 12.1655250606 19.7989898732 18.6010752377 26.5706605112 27.2946881279 44.4072066223 43.4165866922 18.7882942281 19.7230829233 34.9857113691 34.4383507154 19.9248588452 15.5563491861 20.3960780544 16.4012194669 16.6433169771 25.079872408 13.416407865 13.8924439894 33.1209903234 29.0688837075 34.4093010682 34.3656805549 34.9284983931 58.6941223633 58.2580466545 
724 123.016259088 23.0217288664 22.0227155455 34.0 25.0 47.0 30.0166620396 28.6530975638 26.2488094968 25.2982212813 63.0079360081 36.3455636908 36.2215405525 42.0475920833 41.2310562562 13.152946438 12.1655250606 18.3847763109 17.691806013 24.1660919472 25.0599281723 45.4862616622 43.9089968002 19.3132079158 20.2484567313 34.4818792991 34.1320963318 17.7200451467 16.4012194669 17.7200451467 17.2046505341 20.0 25.2982212813 11.6619037897 11.6619037897 34.4818792991 31.0161248385 34.1320963318 35.3553390593 32.7566787083 59.3969696197 56.7274184147 
779 125.035994817 24.0831891576 23.0 33.0 27.0185121722 50.0899191455 30.5286750449 28.0178514522 25.2982212813 24.0416305603 65.06919394 35.1283361405 36.1247837364 40.718546143 40.3112887415 14.1421356237 13.0384048104 19.7989898732 18.3847763109 27.7308492477 29.1547594742 48.3735464898 46.872166581 21.9317121995 21.1896201004 37.5898922584 36.0555127546 18.4390889146 18.3575597507 15.5241746963 17.88854382 19.1049731745 24.0416305603 12.2065556157 12.2065556157 36.3593179254 32.0156211872 34.885527085 35.1283361405 29.6141857899 60.141499815 58.137767415 
789 118.004237212 22.0227155455 21.0237960416 33.0151480384 28.0 51.0881590978 28.0178514522 28.3019433962 22.803508502 23.769728648 64.0 34.0587727319 33.1360830516 40.3112887415 39.8120584748 14.3178210633 14.3178210633 19.1049731745 20.5182845287 25.2388589282 25.632011236 47.1699056603 45.2216762184 18.973665961 21.5870331449 32.7566787083 32.8024389337 17.2626765016 18.6010752377 16.4924225025 20.2484567313 18.4390889146 23.769728648 12.0415945788 11.6619037897 34.1320963318 31.0161248385 33.1209903234 27.2029410175 29.7321374946 57.2013985843 58.2580466545 
833 114.070153853 22.0227155455 22.0907220344 32.0156211872 25.0 49.0102030194 29.6816441593 28.1780056072 24.7386337537 24.6981780705 61.0081961707 35.3553390593 36.0555127546 41.1460812229 40.4969134626 13.152946438 12.1655250606 19.8494332413 19.2093727123 25.0599281723 24.1867732449 47.2016948848 44.2944691807 20.2484567313 21.4709105536 34.1320963318 36.235341864 17.7200451467 17.2046505341 15.5241746963 15.8113883008 16.2788205961 24.6981780705 12.5299640861 13.0384048104 32.3109888428 30.1496268634 31.9061122671 24.5153013443 29.7321374946 56.7274184147 57.8013840665 
918 124.679589348 24.0208242989 22.2036033112 34.2344855372 27.0739727414 49.2544414241 27.6586333719 28.1780056072 22.803508502 23.769728648 65.4904573201 32.5576411922 34.0147027034 37.7359245282 38.6264158317 14.0 13.152946438 19.8494332413 19.2093727123 24.6981780705 23.8537208838 47.4341649025 49.193495505 19.3132079158 20.591260282 36.3593179254 35.3411940941 18.3847763109 14.8660687473 17.2626765016 16.5529453572 16.6433169771 23.769728648 13.0 13.0384048104 35.77708764 33.0151480384 32.7566787083 35.1283361405 30.083217913 60.8769250209 60.4648658313 
1021 125.195846576 22.0907220344 21.0 34.0587727319 25.0199920064 50.0099990002 28.6530975638 27.7848879789 24.3515913238 25.0 62.0725382114 33.1360830516 32.5576411922 39.0 38.9486841883 12.3693168769 13.152946438 21.2602916255 18.6010752377 26.83281573 27.2946881279 47.8852795753 49.0917508345 20.1246117975 21.9317121995 34.885527085 36.0555127546 16.4924225025 15.6524758425 18.973665961 16.6433169771 18.6010752377 25.0 12.6491106407 14.4222051019 36.7151195014 34.0587727319 35.77708764 32.3882694814 31.1448230048 59.5482997238 58.0 
1062 124.064499354 22.0 21.0950231097 35.0142828 23.0217288664 43.1856457634 27.2029410175 27.7848879789 22.803508502 23.0867927612 65.06919394 35.6931365951 35.3553390593 40.7062648741 40.3112887415 12.0415945788 11.1803398875 18.3847763109 17.2046505341 26.2488094968 25.0599281723 43.8292140016 43.8634243989 19.9248588452 20.6155281281 33.8378486314 33.6154726279 17.7200451467 17.8044938148 18.4390889146 18.0277563773 16.2788205961 23.0867927612 10.7703296143 11.6619037897 34.0147027034 31.1448230048 33.8378486314 35.902646142 33.5261092285 61.5223536611 58.0086200491 
1065 120.503111993 20.0997512422 20.0997512422 33.1360830516 27.0739727414 44.1814440687 28.7923600978 28.0178514522 26.9258240357 25.3179778023 59.4138031101 38.0525951809 37.2155881319 44.0113621693 41.629316593 14.3178210633 13.0384048104 18.3847763109 17.8044938148 23.2594066992 24.0416305603 45.6946386352 46.0434577329 21.400934559 19.9248588452 36.2491379208 33.4215499341 19.2353840617 15.2315462117 15.2315462117 15.2643375225 17.0293863659 25.3179778023 9.21954445729 10.295630141 35.8050275799 33.2415402772 34.5398320783 36.6878726557 29.8328677804 60.8029604542 58.137767415 
1099 123.036579926 23.0217288664 22.0227155455 32.0156211872 27.0 49.0 28.3019433962 28.6006992922 24.3515913238 24.5153013443 64.0312423743 35.1283361405 34.0587727319 40.3112887415 39.3954312072 13.152946438 14.1421356237 19.1049731745 18.3847763109 25.5538646784 23.769728648 44.1021541424 44.6542271235 20.6155281281 19.6468827044 35.8468966579 33.6005952328 17.4642491966 17.4928556845 15.8113883008 17.2046505341 16.9705627485 24.5153013443 10.8166538264 11.401754251 32.4499614792 29.0688837075 29.9666481275 32.7566787083 27.6586333719 58.0 55.2268050859 
1200 126.035709226 20.0 21.2132034356 34.0 23.0 47.0106370942 26.83281573 28.6356421266 25.2982212813 24.6981780705 58.0344725142 30.5941170816 30.4138126515 36.235341864 36.235341864 11.1803398875 12.1655250606 17.2046505341 19.1049731745 27.2946881279 25.495097568 43.8292140016 43.0464865001 19.2353840617 21.4709105536 33.6154726279 34.885527085 17.7200451467 14.4222051019 17.7200451467 15.6524758425 19.4164878389 24.6981780705 11.6619037897 11.1803398875 33.6154726279 30.0166620396 35.2278299076 33.7342555869 38.4707681233 58.0 58.6941223633 
1269 126.194294641 22.0227155455 22.0907220344 34.0587727319 26.0192236625 44.1021541424 27.2029410175 28.1780056072 23.769728648 24.6981780705 63.1981012373 32.3882694814 33.1360830516 38.0788655293 38.0788655293 14.0356688476 12.1655250606 19.8494332413 20.6155281281 28.1602556807 26.9258240357 45.4862616622 45.1884941108 16.7630546142 18.7882942281 31.9061122671 33.5410196625 16.7630546142 15.5563491861 18.2482875909 17.2046505341 17.691806013 24.6981780705 14.3178210633 13.0 31.304951685 29.1547594742 33.6005952328 32.9848450049 38.0788655293 60.207972894 61.8465843843 
1287 123.016259088 21.0237960416 22.0907220344 32.0156211872 25.0 47.0425339454 28.8444102037 30.2324329157 23.5372045919 23.5372045919 65.0 33.2415402772 32.14031736 38.0131556175 36.2491379208 13.0384048104 12.0415945788 18.4390889146 19.1049731745 26.4007575649 28.231188427 44.7772263545 44.6542271235 19.6468827044 20.6155281281 31.6227766017 32.4499614792 16.7630546142 17.8044938148 17.0880074906 17.8044938148 17.691806013 23.5372045919 12.5299640861 13.416407865 33.2866339542 30.0166620396 33.6154726279 33.9558536927 33.5410196625 58.8982172905 58.0 
1296 134.059688199 22.0 22.0907220344 37.0540146273 24.0208242989 44.1814440687 28.8444102037 28.6356421266 24.7386337537 26.0 65.1229606207 31.5753068077 32.7566787083 37.5898922584 39.8246155035 12.1655250606 12.3693168769 18.3847763109 17.8044938148 27.2029410175 25.9422435421 42.7200187266 45.1774279923 19.3132079158 21.0950231097 34.1320963318 36.6742416418 18.0277563773 15.6204993518 20.3960780544 16.6433169771 18.3847763109 26.0 11.1803398875 10.6301458127 34.0 32.0156211872 34.9857113691 37.3363094052 40.1123422403 58.0517010948 60.141499815 
1325 127.062976512 21.0950231097 21.0 32.0156211872 23.0 41.0121933088 27.7848879789 30.2324329157 23.0867927612 25.3179778023 63.0 35.2278299076 34.3656805549 40.3112887415 39.3954312072 12.1655250606 11.1803398875 17.8044938148 18.4390889146 26.4007575649 25.9615099715 44.7772263545 42.4852915725 21.5406592285 20.8806130178 34.1320963318 33.6005952328 16.4924225025 17.88854382 16.7630546142 18.0277563773 13.4536240471 25.3179778023 11.6619037897 10.7703296143 35.3411940941 34.0147027034 36.235341864 34.9284983931 37.483329628 60.207972894 58.0 
1337 126.0 21.0237960416 20.0249843945 34.0 28.0 55.0090901579 30.0166620396 30.5286750449 25.7099202644 25.3179778023 65.0 34.2344855372 34.0587727319 42.4852915725 40.8533964316 15.5241746963 13.6014705087 17.8044938148 17.8044938148 22.6715680975 20.0 54.7083174664 55.0726792521 20.6155281281 20.8806130178 34.1320963318 32.2024843762 19.6468827044 17.8044938148 15.8113883008 17.4928556845 20.5182845287 25.3179778023 10.8166538264 9.21954445729 36.235341864 33.0 34.0 32.0624390838 27.0 61.5223536611 58.8982172905 
1363 129.062000604 20.0249843945 21.0950231097 33.0151480384 23.0217288664 47.0425339454 29.1547594742 30.4138126515 24.5153013443 25.9615099715 62.0725382114 34.5253530033 34.2344855372 41.1460812229 40.8533964316 12.3693168769 11.7046999107 17.0293863659 15.6204993518 22.825424421 23.0217288664 44.1021541424 45.2769256907 20.8806130178 20.8806130178 32.2024843762 32.4499614792 17.4642491966 19.4164878389 16.2788205961 19.7230829233 19.2093727123 25.9615099715 9.43398113206 9.21954445729 35.8468966579 32.0 34.4818792991 35.5105618091 36.6742416418 58.6941223633 60.827625303 
1415 122.016392341 21.0237960416 21.0950231097 30.0166620396 23.0217288664 37.0540146273 28.3019433962 31.384709653 25.7099202644 25.495097568 61.1310068623 33.3766385366 33.0605505096 38.0131556175 37.3363094052 12.0415945788 11.1803398875 17.0293863659 18.4390889146 25.0 24.0416305603 42.9534631898 45.1884941108 21.9317121995 20.6155281281 36.6196668472 31.6227766017 17.0880074906 15.6524758425 14.8660687473 17.4928556845 15.6204993518 25.495097568 12.5299640861 10.7703296143 33.5410196625 32.0156211872 32.2024843762 37.2155881319 33.2415402772 57.9827560573 55.9732078766 
1416 128.035151423 22.0 21.0950231097 34.0147027034 25.0 47.0106370942 27.4590604355 28.6530975638 24.0416305603 24.0416305603 63.0713881249 33.3766385366 34.2344855372 40.249223595 40.3112887415 13.3416640641 12.3693168769 18.4390889146 19.1049731745 27.3130005675 26.4007575649 47.1699056603 46.5295604965 18.7882942281 20.591260282 34.4818792991 34.885527085 18.973665961 14.8660687473 16.7630546142 14.3178210633 19.1049731745 24.0416305603 11.6619037897 11.6619037897 36.6742416418 34.0587727319 36.7151195014 36.1247837364 35.3553390593 60.1082357086 60.141499815 
1450 127.003936947 22.0227155455 23.0 33.0 26.0192236625 44.0454310911 29.206163733 29.4108823397 24.3310501212 24.7386337537 68.0073525437 36.1247837364 35.2278299076 40.3112887415 40.718546143 13.0384048104 13.152946438 18.3847763109 19.1049731745 25.2982212813 25.079872408 45.2769256907 46.0651712251 19.6468827044 21.0237960416 33.6005952328 37.2155881319 15.8113883008 17.2046505341 18.6815416923 16.6433169771 16.4012194669 24.7386337537 11.6619037897 11.6619037897 37.5898922584 33.0151480384 38.5875627631 34.3656805549 38.0131556175 58.137767415 58.0 
1459 126.035709226 21.0950231097 21.0 34.0147027034 22.0227155455 42.0475920833 28.6530975638 28.3019433962 24.0416305603 24.7386337537 63.0317380373 34.3656805549 34.7131099154 40.3112887415 40.249223595 11.401754251 11.1803398875 19.7230829233 20.0 27.8567765544 28.7923600978 46.9574275275 45.1774279923 19.6977156036 20.6155281281 33.1209903234 34.6698716467 17.4642491966 16.6433169771 17.7200451467 16.6433169771 16.9705627485 24.7386337537 13.416407865 13.0 34.0 33.0151480384 36.7151195014 34.9284983931 36.6742416418 60.440052945 60.9590026165 
1461 130.096118313 21.0237960416 22.0907220344 35.0570962859 23.0217288664 44.0 30.0166620396 29.0688837075 25.7099202644 25.632011236 63.0317380373 35.6931365951 36.3455636908 41.5932686862 42.1544778167 12.1655250606 11.401754251 19.4164878389 20.8086520467 25.079872408 26.4007575649 46.3249392876 43.382023927 20.6155281281 21.4709105536 34.1320963318 36.235341864 18.973665961 16.4012194669 17.4642491966 16.5529453572 19.1049731745 25.632011236 14.3178210633 13.0 34.5398320783 34.1320963318 37.2155881319 33.2415402772 40.3112887415 58.6941223633 60.1082357086 
1462 126.003968191 22.0227155455 22.0227155455 31.0 22.0227155455 48.0104155366 30.0166620396 31.384709653 25.9615099715 26.6833281283 62.0080639917 33.3766385366 32.2490309932 37.5765884561 37.1618083521 11.0453610172 11.1803398875 17.0293863659 17.8044938148 26.4196896272 26.4196896272 46.6476151588 47.5078940809 21.1896201004 20.8806130178 34.6698716467 33.8378486314 16.7630546142 17.4928556845 15.8113883008 17.4928556845 19.8494332413 26.6833281283 13.0384048104 11.6619037897 35.5105618091 30.0 34.9857113691 36.1247837364 34.0147027034 59.4138031101 58.0 
1471 123.0 21.0237960416 21.0237960416 33.0151480384 26.0 45.0111097397 28.3019433962 28.6530975638 25.7099202644 25.0 62.0322496771 34.2344855372 35.1283361405 40.249223595 39.9249295554 14.1421356237 12.1655250606 21.400934559 21.400934559 25.079872408 25.632011236 45.1774279923 45.7930125674 20.6155281281 20.6155281281 35.2278299076 34.1320963318 17.7200451467 16.6433169771 16.4924225025 17.0 16.9705627485 25.0 14.3178210633 13.9283882772 33.2866339542 31.064449134 32.6496554346 32.5576411922 30.8058436015 56.7274184147 57.4891294072 
1521 128.191263353 23.1948270095 23.0867927612 32.0624390838 30.0 48.0416485979 30.4138126515 30.0 25.632011236 26.4764045897 64.1950153828 32.0 30.0665927567 38.0788655293 37.1214223865 15.2970585408 15.2970585408 19.4164878389 17.8044938148 23.769728648 25.632011236 46.1410879802 45.4862616622 23.2594066992 21.5870331449 37.5898922584 36.235341864 17.4642491966 18.3847763109 16.1554944214 18.0277563773 17.8044938148 26.4764045897 9.21954445729 10.6301458127 32.2024843762 28.0178514522 30.5286750449 38.4707681233 32.2490309932 61.5223536611 56.5685424949 
1531 127.19276709 22.0 23.3452350599 35.1283361405 24.0831891576 45.0998891351 28.6006992922 30.886890423 23.5372045919 24.3515913238 67.3646791724 32.9848450049 33.1360830516 39.1152144312 38.6264158317 13.0384048104 11.401754251 16.9705627485 18.4390889146 26.4007575649 25.079872408 44.6542271235 44.72135955 18.973665961 18.973665961 33.2866339542 32.2024843762 19.9248588452 17.691806013 16.2788205961 18.0277563773 16.9705627485 24.3515913238 10.8166538264 9.8488578018 34.0147027034 32.0156211872 33.1209903234 35.0570962859 31.4006369362 58.8982172905 55.3172667438 
1567 127.062976512 20.0 20.0 35.0 23.0 46.0108682813 28.6530975638 27.7848879789 25.7099202644 24.7386337537 63.0079360081 32.2490309932 32.9848450049 37.1618083521 39.4461658466 11.1803398875 12.1655250606 15.6204993518 17.691806013 23.3238075794 23.7065391823 48.7647413609 47.8852795753 21.1896201004 22.8473193176 33.6005952328 35.8050275799 16.7630546142 17.4928556845 19.6468827044 18.8679622641 17.691806013 24.7386337537 10.6301458127 9.43398113206 38.4837628098 36.0138862107 39.8246155035 33.0605505096 39.1152144312 58.7962583844 58.137767415 
1586 137.233377864 23.0 24.1867732449 35.0570962859 25.0199920064 42.0475920833 26.4007575649 26.4196896272 22.1359436212 22.825424421 64.1248781675 36.4965751818 37.2155881319 42.4852915725 43.0813184571 13.152946438 12.3693168769 18.3847763109 18.4390889146 25.0 25.079872408 46.3249392876 44.3846820423 18.7882942281 21.400934559 35.3553390593 39.5600808897 18.0277563773 14.2126704036 18.4390889146 13.9283882772 17.8044938148 22.825424421 11.1803398875 10.8166538264 31.7804971641 31.2569992162 35.0 36.4965751818 43.931765273 61.5223536611 63.7024332345 
1634 142.056326857 23.0217288664 23.0 35.0142828 26.0192236625 45.0 28.8444102037 28.4253408071 24.0416305603 22.5610283454 69.0651865993 33.7342555869 33.0605505096 40.3112887415 37.1618083521 13.152946438 13.0384048104 19.8494332413 19.1049731745 25.495097568 23.4093998214 46.1410879802 45.6508488421 20.591260282 18.973665961 37.1214223865 34.1320963318 20.6155281281 16.4012194669 16.1554944214 15.0 20.0 22.5610283454 12.0830459736 12.5299640861 37.5898922584 35.0142828 37.5765884561 47.0 38.0 65.2150289427 58.0517010948 
1668 128.035151423 23.0867927612 22.0227155455 36.0 25.0 44.0113621693 30.5286750449 30.2324329157 25.0 24.5153013443 69.0072459963 33.5410196625 33.3766385366 39.8246155035 38.9101529167 13.152946438 12.1655250606 19.1049731745 18.4390889146 26.5706605112 27.8567765544 48.754486973 48.7647413609 18.973665961 20.2484567313 33.1209903234 34.1320963318 18.6815416923 17.691806013 18.6815416923 17.8044938148 19.1049731745 24.5153013443 12.5299640861 11.1803398875 35.8468966579 34.0147027034 36.235341864 37.8549864615 36.2215405525 63.8905313799 60.8769250209 
