Leaf
138 111.018016556 21.0 19.1049731745 31.0161248385 25.0199920064 40.049968789 31.384709653 29.6816441593 27.4590604355 27.1661554144 63.0713881249 29.4278779391 29.0172362571 36.7151195014 33.6154726279 13.3416640641 12.1655250606 18.4390889146 18.3847763109 25.632011236 25.7099202644 46.9574275275 44.283179651 25.0 25.7099202644 36.8781778292 36.7967389859 18.3847763109 19.7230829233 16.1245154966 18.7882942281 14.8660687473 27.1661554144 11.6619037897 11.1803398875 36.6742416418 35.0 34.9284983931 36.2215405525 27.0185121722 54.5618914628 48.1663783152 
68 112.004464197 20.0249843945 20.0 31.0161248385 24.0 43.0 28.1780056072 28.6530975638 25.0 25.7099202644 58.0086200491 30.1496268634 29.2745623366 35.3411940941 34.885527085 12.1655250606 12.1655250606 16.2788205961 16.2788205961 24.6981780705 25.079872408 44.2944691807 44.7772263545 20.2484567313 20.2484567313 32.4499614792 33.0151480384 15.8113883008 16.1245154966 17.0880074906 15.8113883008 15.6204993518 25.7099202644 10.0 10.0 29.9666481275 30.0 31.7647603485 26.0768096208 28.0 50.9901951359 50.931326313 
162 120.037494142 21.0237960416 20.0997512422 31.064449134 25.0199920064 46.0108682813 30.5286750449 31.7647603485 27.4590604355 26.4764045897 62.128898268 31.4006369362 32.0156211872 36.7151195014 36.4005494464 13.0384048104 12.1655250606 17.691806013 17.691806013 24.1660919472 24.5967477525 43.0116263352 41.6773319683 22.4722050542 22.4722050542 36.4005494464 33.8378486314 16.7630546142 17.88854382 15.2970585408 19.3132079158 16.2788205961 26.4764045897 11.6619037897 11.1803398875 29.5296461205 29.0688837075 31.064449134 34.1320963318 32.3882694814 55.4436651025 53.7401153702 
219 123.19902597 22.0 21.0237960416 35.0570962859 26.0768096208 42.1070065429 28.6530975638 28.3019433962 26.2488094968 25.7099202644 64.0702739186 32.3882694814 32.2490309932 39.3573373083 37.1214223865 13.3416640641 13.0384048104 19.2093727123 19.1049731745 27.5136329844 27.892651362 43.9089968002 40.3112887415 22.825424421 22.8473193176 38.5875627631 37.2021504755 19.6468827044 17.0 17.4642491966 15.6524758425 15.6204993518 25.7099202644 10.8166538264 12.0830459736 33.1209903234 30.0166620396 33.6154726279 37.0135110466 33.0151480384 55.3172667438 50.931326313 
287 115.03912378 19.0262975904 19.1049731745 32.0156211872 27.0 42.0 31.064449134 31.384709653 27.0739727414 29.1547594742 65.0 31.1448230048 30.0665927567 37.5765884561 36.6742416418 13.3416640641 14.3178210633 22.803508502 22.2036033112 28.1602556807 27.892651362 44.7772263545 43.8292140016 24.0416305603 25.0 35.3836120259 36.7695526217 16.7630546142 20.1246117975 17.0880074906 20.1246117975 17.0293863659 29.1547594742 13.9283882772 14.3178210633 35.77708764 34.0 36.235341864 31.2569992162 33.1360830516 55.2268050859 53.8144961883 
493 122.0 21.0237960416 20.0 35.0 26.0 41.0 26.9258240357 27.4590604355 25.0 23.5372045919 64.0 29.4278779391 29.2745623366 35.8468966579 35.3553390593 13.152946438 13.152946438 17.0293863659 17.0293863659 25.0 25.2982212813 43.8292140016 44.2944691807 21.4709105536 21.9317121995 36.8917334914 35.2278299076 18.973665961 15.2643375225 18.0277563773 16.1245154966 15.6204993518 23.5372045919 9.43398113206 10.0 33.5410196625 31.0161248385 33.1209903234 35.0570962859 32.0 53.0754180389 53.0377224247 
506 120.037494142 20.0 18.1107702763 31.0161248385 23.0217288664 42.0475920833 30.886890423 29.4108823397 27.4590604355 26.0192236625 63.1268564083 29.2745623366 29.2745623366 34.885527085 33.5410196625 12.1655250606 11.0453610172 20.0 18.6010752377 27.7308492477 26.9258240357 44.2944691807 42.5440947724 25.079872408 24.7386337537 37.8021163429 35.3836120259 18.973665961 18.7882942281 14.7648230602 18.3847763109 18.0277563773 26.0192236625 13.416407865 13.9283882772 35.3553390593 33.0151480384 34.4383507154 38.1182371051 32.0 54.8178802947 50.931326313 
521 116.27553483 19.1049731745 18.1107702763 34.2344855372 23.0867927612 44.283179651 28.8444102037 29.1547594742 26.1725046566 25.9615099715 61.400325732 31.5753068077 33.3766385366 35.3553390593 38.9101529167 11.0 12.1655250606 19.1049731745 18.8679622641 28.1602556807 27.2946881279 43.8292140016 45.1884941108 23.769728648 25.495097568 35.3553390593 35.8050275799 17.4928556845 16.6433169771 19.6468827044 19.6977156036 16.2788205961 25.9615099715 12.6491106407 13.6014705087 35.3411940941 32.14031736 36.6196668472 28.0713376952 35.1283361405 51.6623654124 55.3172667438 
561 125.39936204 20.0 21.0237960416 34.0147027034 23.0217288664 41.0121933088 28.3019433962 29.0688837075 24.5153013443 26.2488094968 62.0725382114 32.9848450049 32.14031736 39.4461658466 37.6961536499 12.1655250606 11.401754251 16.9705627485 17.0293863659 25.0 26.4007575649 44.418464629 42.9534631898 21.1896201004 23.2594066992 33.6005952328 36.8917334914 18.3847763109 16.4012194669 18.0277563773 16.5529453572 17.0293863659 26.2488094968 9.43398113206 9.21954445729 32.2024843762 30.1496268634 33.6005952328 34.0 34.5253530033 54.4885309033 54.6717477313 
583 117.106788872 21.2132034356 20.0249843945 32.0156211872 24.0208242989 45.0998891351 29.0688837075 28.0178514522 24.3515913238 24.3310501212 61.1310068623 31.4006369362 31.1448230048 37.1214223865 35.3411940941 12.1655250606 12.0415945788 17.691806013 16.9705627485 23.8537208838 23.4093998214 43.0464865001 41.0487515035 22.4722050542 21.5870331449 34.1320963318 33.3016516107 17.7200451467 18.3575597507 16.1554944214 18.0277563773 15.6204993518 24.3310501212 11.401754251 10.8166538264 31.6227766017 28.0178514522 31.7647603485 34.0587727319 28.1602556807 53.7587202229 50.931326313 
594 123.259888041 22.0 22.0907220344 35.0570962859 27.0739727414 45.1774279923 28.3019433962 30.4138126515 25.0 26.2488094968 64.1950153828 32.5576411922 32.0624390838 38.5875627631 38.0788655293 14.0356688476 13.3416640641 18.0277563773 16.9705627485 22.803508502 23.3238075794 42.0119030752 41.5932686862 21.8403296678 21.5406592285 35.0 34.9857113691 18.0277563773 18.6010752377 18.4390889146 18.8679622641 17.0293863659 26.2488094968 9.43398113206 10.6301458127 34.5398320783 31.1448230048 34.1320963318 34.0587727319 32.0156211872 54.4058820349 50.9116882454 
647 120.104121495 20.0249843945 21.0950231097 33.0151480384 23.0 43.0464865001 29.5296461205 29.9666481275 25.7099202644 26.2488094968 60.0333240792 31.5753068077 32.2490309932 36.7151195014 36.2491379208 12.0415945788 11.0453610172 18.3847763109 16.4012194669 24.3515913238 24.1867732449 41.8807831827 42.0594816896 23.4093998214 23.2594066992 35.0 36.3593179254 17.4642491966 17.0 18.0277563773 16.5529453572 17.691806013 26.2488094968 12.0830459736 11.6619037897 33.1058907145 31.0161248385 33.1209903234 34.0147027034 31.1448230048 53.4134814443 52.3450093132 
695 112.040171367 20.0 19.0262975904 32.0156211872 24.0 41.0 28.1780056072 29.0688837075 25.9615099715 25.7099202644 58.0 32.3882694814 31.1448230048 37.1214223865 35.3411940941 12.0415945788 12.0415945788 19.2093727123 19.2093727123 25.632011236 25.2982212813 44.2944691807 43.8292140016 22.8473193176 23.0867927612 35.8050275799 33.4215499341 17.7200451467 17.88854382 16.1554944214 17.88854382 17.0293863659 25.7099202644 13.9283882772 13.9283882772 34.885527085 33.0 34.885527085 34.0 27.2946881279 53.7587202229 51.4003891036 
699 123.19902597 22.0907220344 21.0237960416 32.0624390838 23.0867927612 44.0454310911 29.206163733 29.0688837075 25.3179778023 26.2488094968 63.1981012373 29.6141857899 29.1547594742 33.6154726279 34.4383507154 11.0 12.1655250606 16.9705627485 17.8044938148 26.5706605112 27.7308492477 43.8292140016 42.4852915725 20.3960780544 21.5406592285 34.0587727319 34.6698716467 15.6524758425 16.4012194669 18.6815416923 18.0277563773 18.4390889146 26.2488094968 11.1803398875 12.2065556157 35.8468966579 33.1360830516 37.4432904537 34.1320963318 37.0135110466 53.4134814443 51.6623654124 
837 125.063983624 22.0227155455 21.0 33.0151480384 23.0 42.0 30.5286750449 30.4138126515 27.6586333719 27.892651362 63.0317380373 28.8617393793 29.1547594742 34.6698716467 33.1058907145 12.0415945788 11.0453610172 17.691806013 17.0293863659 28.4604989415 28.7923600978 47.5078940809 44.7772263545 20.6155281281 21.5870331449 34.205262753 33.4215499341 18.973665961 19.1049731745 15.8113883008 18.8679622641 20.6155281281 27.892651362 12.0830459736 12.5299640861 36.7695526217 35.1283361405 38.0788655293 39.3192065027 36.0555127546 57.8013840665 55.9016994375 
847 115.01738999 20.0 21.0 31.0 21.0237960416 38.0 28.8444102037 29.1547594742 24.3310501212 25.7099202644 62.0080639917 33.2415402772 34.5253530033 36.7695526217 38.0131556175 10.0498756211 11.0 17.8044938148 16.4012194669 25.9615099715 26.0 42.7200187266 39.0 22.5610283454 23.0867927612 33.3016516107 35.6089876295 15.8113883008 19.7230829233 16.7630546142 19.2353840617 15.5563491861 25.7099202644 12.6491106407 13.416407865 30.6757233004 30.4138126515 34.4093010682 27.1661554144 31.5753068077 51.6623654124 50.6063237155 
916 115.06954419 20.0 18.0 35.0142828 22.0227155455 44.0 27.7308492477 28.1780056072 26.2488094968 25.495097568 60.0083327547 33.5410196625 31.7804971641 37.1214223865 36.7151195014 11.0 11.0453610172 17.0293863659 17.8044938148 27.7308492477 27.8567765544 41.3400532172 41.3400532172 21.5406592285 23.4093998214 34.4093010682 34.0587727319 17.7200451467 17.4928556845 18.973665961 18.8679622641 18.8679622641 25.495097568 12.5299640861 12.0830459736 31.9061122671 29.0172362571 30.886890423 29.4108823397 29.4278779391 54.0370243444 51.6623654124 
988 117.004273426 20.0249843945 21.0237960416 32.0156211872 23.0 40.0124980475 28.6530975638 30.0166620396 24.7386337537 25.7099202644 61.0 33.1360830516 32.5576411922 37.6961536499 38.4707681233 11.1803398875 12.1655250606 17.8044938148 18.4390889146 24.3515913238 25.632011236 43.8292140016 42.9418211072 20.2484567313 21.8403296678 32.4499614792 33.6005952328 16.4924225025 17.4928556845 16.7630546142 18.8679622641 17.691806013 25.7099202644 11.1803398875 11.1803398875 32.6496554346 32.0156211872 34.4818792991 32.2490309932 35.1283361405 53.8144961883 55.1543289326 
1201 122.494897853 22.0227155455 20.0997512422 32.14031736 25.079872408 40.1123422403 29.4108823397 29.9666481275 25.495097568 25.9615099715 62.2896460096 31.5753068077 32.0156211872 36.3593179254 36.4005494464 13.0 12.1655250606 17.8044938148 17.0293863659 23.5372045919 24.1660919472 39.1152144312 40.7062648741 22.1359436212 21.9317121995 36.4005494464 34.1320963318 17.4642491966 16.6433169771 16.4924225025 17.4642491966 14.8660687473 25.9615099715 10.7703296143 10.8166538264 34.4383507154 32.0156211872 34.4818792991 37.0 34.7131099154 52.8015151298 55.2268050859 
1204 120.702112658 18.1107702763 18.1107702763 32.14031736 24.0208242989 41.0487515035 28.231188427 27.2029410175 25.0 24.0831891576 59.4138031101 29.0172362571 27.892651362 34.1760149813 35.2278299076 11.401754251 13.152946438 14.4222051019 13.8924439894 21.0237960416 21.5406592285 41.2310562562 43.8292140016 22.4722050542 21.5870331449 32.2024843762 32.5269119346 16.4924225025 18.7882942281 17.4642491966 17.8044938148 14.8660687473 24.0831891576 7.21110255093 8.60232526704 32.7566787083 31.1448230048 32.8937684068 33.0605505096 36.1386219992 50.931326313 53.3385414124 
1205 122.147451877 20.2237484162 21.0237960416 32.0624390838 22.0227155455 39.0512483795 29.8328677804 29.1547594742 26.0192236625 26.6833281283 66.1211010193 23.769728648 24.3310501212 29.4108823397 30.0166620396 11.0453610172 11.1803398875 14.2126704036 14.8660687473 26.2488094968 25.632011236 38.0131556175 37.1214223865 21.2132034356 21.1896201004 33.2415402772 35.0 16.5529453572 18.4390889146 17.7200451467 18.0277563773 17.0293863659 26.6833281283 8.60232526704 7.81024967591 34.0147027034 31.064449134 34.9857113691 33.7342555869 40.4474968323 45.7930125674 48.5489443758 
1207 123.146254511 20.0997512422 21.0 34.1320963318 24.0208242989 43.0464865001 29.0688837075 28.6530975638 25.0 25.9615099715 61.1310068623 30.2654919008 28.6356421266 35.77708764 34.1320963318 12.1655250606 12.0415945788 18.4390889146 17.691806013 23.7065391823 23.4093998214 38.9486841883 40.0 20.1246117975 21.0237960416 33.1209903234 35.5105618091 17.4642491966 16.1245154966 18.3847763109 14.4222051019 19.2093727123 25.9615099715 12.5299640861 11.7046999107 32.4499614792 29.1547594742 31.7804971641 35.3553390593 36.0138862107 53.7587202229 55.0 
1230 129.096862859 21.0950231097 21.0 35.0570962859 23.0867927612 44.1021541424 28.6006992922 29.1547594742 25.3179778023 25.7099202644 67.1192967782 28.6356421266 28.6356421266 33.2866339542 34.4818792991 12.0 11.1803398875 16.2788205961 17.0293863659 25.632011236 25.9422435421 42.8018691181 41.1460812229 20.2484567313 21.0237960416 35.0 35.5105618091 18.3847763109 15.6204993518 18.6815416923 16.6433169771 18.4390889146 25.7099202644 11.6619037897 10.8166538264 32.3109888428 30.2654919008 33.8378486314 33.1360830516 39.1152144312 53.0094331228 52.8015151298 
1289 120.037494142 19.0 19.0262975904 36.0 23.0 43.0 27.7848879789 28.8444102037 24.5153013443 25.179356624 66.0 30.5941170816 30.8058436015 35.8468966579 35.8468966579 12.0415945788 11.0453610172 17.0293863659 17.691806013 26.0 26.0 42.0594816896 43.5660418216 20.2484567313 20.8806130178 32.2024843762 32.6496554346 18.6815416923 17.8044938148 18.6815416923 19.2093727123 16.2788205961 25.179356624 12.5299640861 11.1803398875 32.4499614792 29.0688837075 31.304951685 34.2344855372 32.0156211872 54.4518135602 53.7587202229 
1299 114.01754251 19.0 20.0249843945 31.064449134 21.0 36.0555127546 29.5296461205 30.4138126515 26.4764045897 26.6833281283 59.076221951 29.2745623366 31.5753068077 34.0147027034 37.1214223865 10.1980390272 11.1803398875 18.0277563773 18.6010752377 25.7099202644 24.6981780705 41.1460812229 42.9534631898 24.7386337537 23.4093998214 34.6554469023 35.0 15.6524758425 18.7882942281 17.7200451467 19.2353840617 16.4012194669 26.6833281283 12.6491106407 13.0 31.304951685 31.0161248385 33.1209903234 30.5941170816 35.0142828 51.8555686499 53.7401153702 
1341 116.155068766 19.0 18.0277563773 35.0570962859 22.0227155455 40.0124980475 26.4196896272 27.4590604355 23.769728648 24.1867732449 63.0317380373 31.7804971641 30.5941170816 38.4707681233 36.235341864 11.401754251 11.1803398875 18.8679622641 19.2093727123 26.4007575649 25.0 41.5932686862 41.6773319683 19.7230829233 20.6155281281 33.6154726279 32.8024389337 18.4390889146 15.2643375225 18.0277563773 15.8113883008 15.2643375225 24.1867732449 12.5299640861 12.6491106407 34.1320963318 31.0161248385 33.5410196625 37.3363094052 29.1547594742 55.8659108939 50.9901951359 
1343 119.205704561 21.0950231097 20.0249843945 33.0 23.0217288664 45.0 29.0688837075 28.6006992922 25.2982212813 24.1867732449 63.0713881249 28.2842712475 29.6141857899 34.885527085 35.3553390593 12.3693168769 11.1803398875 19.2093727123 17.8044938148 26.83281573 25.079872408 44.7772263545 45.2769256907 21.5406592285 20.6155281281 34.1320963318 32.6496554346 18.973665961 17.2046505341 16.1554944214 17.2046505341 16.2788205961 24.1867732449 11.6619037897 11.1803398875 34.9857113691 33.0151480384 33.5410196625 33.2415402772 31.0161248385 55.1724568965 51.6623654124 
1391 120.016665509 22.0 22.0227155455 34.0147027034 25.0199920064 45.0111097397 26.0768096208 26.4196896272 23.4093998214 23.769728648 61.0327780787 33.3766385366 33.2415402772 38.4707681233 38.4837628098 13.0384048104 12.1655250606 17.691806013 17.691806013 25.079872408 25.079872408 39.6610640301 41.0487515035 19.2353840617 17.88854382 35.3553390593 33.5410196625 17.0880074906 13.0384048104 18.6815416923 14.8660687473 15.5563491861 23.769728648 11.401754251 11.401754251 32.7566787083 29.0172362571 31.384709653 33.2415402772 30.083217913 53.0754180389 53.1507290637 
1420 121.202310209 21.0237960416 20.0249843945 36.0138862107 25.0199920064 40.0124980475 30.0166620396 28.8444102037 25.7099202644 25.3179778023 67.0671305484 31.2569992162 31.7804971641 37.1214223865 37.2155881319 13.152946438 12.0415945788 17.691806013 17.691806013 24.3515913238 24.0416305603 45.1884941108 45.1774279923 22.4722050542 21.1896201004 35.2278299076 34.205262753 18.6815416923 18.8679622641 18.973665961 17.8044938148 18.3847763109 25.3179778023 10.295630141 9.8488578018 34.885527085 33.0151480384 34.0147027034 33.0605505096 32.0624390838 55.2268050859 52.3450093132 
1426 122.102416029 19.1049731745 20.0 31.064449134 21.2132034356 39.1152144312 30.4630924235 30.0166620396 26.9258240357 26.4764045897 58.137767415 32.2490309932 33.5410196625 39.0 37.5765884561 11.7046999107 10.0498756211 18.8679622641 17.0293863659 24.1660919472 23.4093998214 45.1884941108 42.9418211072 24.1660919472 24.3515913238 35.2278299076 36.235341864 18.0277563773 17.4642491966 16.1245154966 16.1554944214 16.2788205961 26.4764045897 12.5299640861 11.7046999107 32.6496554346 32.0 34.0 35.2278299076 35.1283361405 57.3149195236 55.1543289326 
1444 123.19902597 20.0 19.1049731745 33.0151480384 27.0739727414 42.0475920833 28.3019433962 28.6356421266 24.5153013443 25.0 60.0749531835 29.2745623366 28.0713376952 35.8468966579 35.3411940941 14.1421356237 13.6014705087 21.2602916255 22.2036033112 26.6833281283 27.5136329844 40.4969134626 41.1825205639 21.8403296678 23.2594066992 33.4215499341 34.6698716467 16.5529453572 16.6433169771 18.973665961 17.0 17.0293863659 25.0 14.3178210633 13.0 31.304951685 29.0172362571 31.9061122671 34.2344855372 36.3455636908 55.2268050859 55.8659108939 
1451 118.004237212 18.0 19.0262975904 32.0156211872 21.0 35.0142828 29.6816441593 30.5286750449 25.079872408 25.179356624 64.0312423743 32.5576411922 33.3766385366 37.1214223865 37.1618083521 11.0453610172 10.0498756211 16.2788205961 15.6204993518 19.9248588452 21.5406592285 40.718546143 40.249223595 20.6155281281 20.6155281281 30.4795013083 30.61045573 17.0880074906 17.8044938148 16.7630546142 18.6010752377 15.8113883008 25.179356624 10.295630141 9.8488578018 32.2024843762 31.0 32.2024843762 35.1283361405 32.14031736 53.7401153702 51.6236379966 
1492 120.0 23.0217288664 22.0 33.0 22.0 48.0 30.0 29.4108823397 23.5372045919 24.5153013443 68.0 30.4138126515 30.5941170816 35.77708764 36.235341864 11.1803398875 11.1803398875 16.9705627485 15.6204993518 25.0599281723 26.0768096208 47.0106370942 48.0208288142 20.3960780544 20.8806130178 33.0151480384 34.4093010682 17.0880074906 18.4390889146 18.0277563773 17.8044938148 15.5563491861 24.5153013443 10.295630141 10.8166538264 34.9857113691 32.0156211872 35.3553390593 32.0624390838 32.2490309932 53.0377224247 53.0754180389 
1493 119.205704561 18.0 19.0262975904 31.0161248385 22.0227155455 37.0540146273 28.3019433962 27.2029410175 24.1867732449 23.1948270095 62.0725382114 29.2745623366 29.4278779391 34.885527085 33.5410196625 12.1655250606 10.0498756211 17.8044938148 17.0293863659 25.632011236 25.7099202644 39.3954312072 39.9624824054 21.4709105536 19.3132079158 33.8378486314 32.2024843762 16.7630546142 15.2315462117 16.1554944214 14.4222051019 15.6524758425 23.1948270095 12.2065556157 10.4403065089 33.6154726279 31.1448230048 32.6955654485 37.2155881319 34.0 54.4518135602 51.0881590978 
1543 120.037494142 20.0249843945 21.0237960416 31.0161248385 22.0 42.0 28.8444102037 29.5296461205 25.3179778023 25.9615099715 61.0737259384 28.6356421266 29.1547594742 34.4818792991 34.0147027034 11.1803398875 11.1803398875 15.5563491861 15.5563491861 22.360679775 22.360679775 40.3112887415 41.3400532172 21.5870331449 22.803508502 33.3016516107 34.205262753 17.0880074906 18.6010752377 15.8113883008 19.2353840617 17.691806013 25.9615099715 9.43398113206 9.43398113206 32.7566787083 30.0665927567 32.2024843762 36.0 31.0 52.6307894678 50.2493781056 
1582 127.318498263 21.0237960416 21.0950231097 33.0605505096 22.0227155455 42.0475920833 29.4108823397 30.8706980809 25.3179778023 27.2029410175 63.2850693292 28.8617393793 29.2745623366 34.1320963318 34.4383507154 11.0453610172 11.1803398875 16.2788205961 17.0293863659 22.8473193176 22.825424421 43.2666153056 42.0475920833 21.8403296678 24.1660919472 34.8281495345 36.8917334914 17.4642491966 17.2046505341 17.7200451467 18.3847763109 18.4390889146 27.2029410175 11.1803398875 10.295630141 34.0147027034 32.14031736 35.5105618091 35.0570962859 38.1182371051 53.4134814443 55.8659108939 
1609 117.004273426 19.0262975904 19.0262975904 31.064449134 27.0739727414 51.1566222497 30.4138126515 31.064449134 26.4764045897 27.0739727414 62.0725382114 29.0172362571 29.1547594742 36.2491379208 34.885527085 14.5602197786 13.152946438 18.3847763109 17.8044938148 22.4722050542 24.1867732449 53.2259335287 52.1536192416 22.1359436212 22.5610283454 32.8024389337 33.2415402772 16.7630546142 18.3575597507 16.5529453572 18.0277563773 17.691806013 27.0739727414 10.6301458127 10.0 34.9857113691 32.0156211872 35.3553390593 29.2745623366 31.064449134 54.6717477313 57.9827560573 
1611 119.104995697 19.0262975904 20.0249843945 32.0156211872 22.0227155455 42.0475920833 29.6816441593 30.0166620396 26.1725046566 25.495097568 63.0317380373 31.4006369362 31.4006369362 34.885527085 35.77708764 11.0 11.0453610172 15.5563491861 16.2788205961 22.8473193176 22.825424421 41.0487515035 40.7062648741 21.5870331449 22.1359436212 32.5576411922 33.6005952328 15.8113883008 18.8679622641 17.4642491966 19.7230829233 19.1049731745 25.495097568 10.295630141 10.295630141 30.4138126515 29.0688837075 32.4499614792 31.5753068077 35.5105618091 53.7401153702 55.1724568965 
1621 119.004201606 20.0249843945 20.0 33.0 21.0237960416 42.0 30.5286750449 29.1547594742 25.3179778023 25.495097568 64.0078120232 31.5753068077 30.5941170816 36.235341864 35.77708764 11.0453610172 10.1980390272 17.8044938148 18.0277563773 25.079872408 26.4007575649 40.8166632639 40.8166632639 21.5870331449 21.5870331449 32.0156211872 32.6496554346 17.7200451467 20.0 16.7630546142 19.4164878389 17.691806013 25.495097568 12.0830459736 12.5299640861 31.7647603485 30.0 32.2024843762 32.5576411922 31.4006369362 54.4518135602 54.4518135602 
1631 123.036579926 22.0227155455 21.0 34.0147027034 26.0192236625 46.0 26.9258240357 27.4590604355 23.4093998214 23.769728648 63.0079360081 27.1661554144 27.4590604355 33.1209903234 33.2866339542 13.152946438 13.0384048104 18.4390889146 16.2788205961 26.0 25.079872408 43.0464865001 44.1021541424 17.88854382 17.4642491966 33.5410196625 32.2490309932 17.4642491966 15.0 17.7200451467 14.8660687473 16.2788205961 23.769728648 9.43398113206 10.6301458127 38.0788655293 34.0147027034 36.6742416418 35.0570962859 32.0156211872 54.4518135602 53.7587202229 
1648 119.016805536 20.0249843945 20.0 32.0 22.0 39.0512483795 28.8444102037 27.7848879789 25.3179778023 24.7386337537 62.0 31.0483493925 30.0665927567 36.3593179254 33.6154726279 11.0453610172 11.0453610172 17.0293863659 17.0293863659 26.5706605112 24.3515913238 42.0594816896 43.382023927 21.1896201004 21.1896201004 34.205262753 33.6005952328 18.0277563773 17.2046505341 16.1554944214 16.1245154966 17.2046505341 24.7386337537 11.1803398875 11.1803398875 34.4818792991 32.0156211872 33.1058907145 38.0 30.0166620396 54.6717477313 50.9901951359 
