Leaf
319 127.015747055 24.0208242989 22.2036033112 34.0147027034 26.0192236625 37.1214223865 28.3019433962 29.4108823397 24.6981780705 21.5870331449 66.0075753228 42.7551166529 42.0 50.0899191455 47.539457296 14.3178210633 12.6491106407 19.1049731745 18.4390889146 23.769728648 21.5870331449 39.1152144312 39.3954312072 18.7882942281 16.7630546142 35.77708764 29.9666481275 20.2237484162 18.4390889146 14.1421356237 16.6433169771 16.9705627485 21.5870331449 10.295630141 9.43398113206 28.8444102037 25.0 25.2388589282 46.4865571967 35.2278299076 67.8969807871 60.5392434707 
5 124.036285014 21.0950231097 21.0237960416 32.0 24.0 41.0121933088 26.83281573 26.0768096208 23.769728648 22.1359436212 58.0344725142 37.3363094052 37.1214223865 42.5440947724 41.7851648316 12.1655250606 12.1655250606 17.691806013 17.691806013 23.769728648 22.4722050542 38.5875627631 39.9624824054 20.1246117975 17.88854382 34.0 32.6496554346 17.2626765016 17.0 15.2970585408 14.7648230602 18.4390889146 22.1359436212 10.295630141 10.8166538264 26.2488094968 23.0217288664 24.4131112315 40.4969134626 34.7850542619 60.827625303 57.3149195236 
84 108.115678789 19.1049731745 19.2353840617 30.0665927567 23.0 39.0128184063 27.0185121722 26.6270539114 19.1049731745 19.4164878389 62.0725382114 37.2155881319 39.1152144312 44.0113621693 45.2216762184 12.6491106407 11.7046999107 18.6010752377 19.2093727123 20.6155281281 21.5406592285 38.5875627631 37.2155881319 17.2626765016 15.8113883008 26.6270539114 26.83281573 14.3178210633 17.8044938148 16.0312195419 17.8044938148 15.8113883008 19.4164878389 12.2065556157 11.1803398875 22.2036033112 21.0237960416 23.4307490277 31.7647603485 34.9857113691 56.4003546088 58.6003412959 
190 118.067777145 21.0950231097 20.0249843945 32.0 24.0208242989 37.0540146273 29.1547594742 29.6816441593 23.769728648 24.3310501212 63.0 35.0570962859 36.4965751818 40.4969134626 42.0475920833 12.3693168769 12.1655250606 18.4390889146 17.691806013 22.1359436212 22.803508502 40.249223595 38.9486841883 19.6468827044 21.5870331449 31.064449134 32.0156211872 16.4924225025 18.6010752377 16.4924225025 20.2484567313 17.8044938148 24.3310501212 10.8166538264 10.295630141 27.8028775489 25.0199920064 26.9258240357 36.6878726557 32.8937684068 57.4891294072 55.4436651025 
262 128.035151423 22.2036033112 21.0950231097 34.0147027034 23.0867927612 39.0512483795 28.1780056072 29.6816441593 23.769728648 23.5372045919 63.0079360081 35.3553390593 36.4965751818 41.2310562562 41.1460812229 11.401754251 12.0415945788 18.0277563773 18.3847763109 22.8473193176 22.1359436212 38.0131556175 38.8329756779 20.1246117975 20.2484567313 34.4383507154 32.7566787083 18.4390889146 16.6433169771 16.7630546142 16.6433169771 17.0293863659 23.5372045919 11.6619037897 11.7046999107 26.2488094968 23.0867927612 25.2388589282 41.1096095822 38.275318418 60.141499815 60.1082357086 
297 112.01785572 20.0997512422 20.0997512422 33.0 21.0 38.0131556175 28.1780056072 28.1780056072 24.0416305603 24.0416305603 59.0 40.7921561087 40.1995024845 46.0977222865 44.2718872424 11.1803398875 10.1980390272 17.8044938148 17.2046505341 21.0237960416 19.6977156036 37.7359245282 37.5898922584 21.0237960416 20.2484567313 33.6154726279 31.9061122671 18.2482875909 18.3575597507 15.2970585408 17.88854382 16.9705627485 24.0416305603 11.6619037897 10.7703296143 25.2388589282 23.0 24.6981780705 35.1140997322 33.1058907145 57.3149195236 57.008771255 
331 119.03780912 21.0950231097 20.0997512422 35.0 22.0 37.0 30.886890423 27.2946881279 25.7099202644 23.0867927612 63.0713881249 41.5932686862 41.4366987102 45.6946386352 45.3100430368 11.0453610172 11.0453610172 17.8044938148 17.8044938148 22.4722050542 22.1359436212 37.5898922584 38.0788655293 20.6155281281 20.8806130178 31.6227766017 31.6227766017 18.2482875909 21.400934559 17.2626765016 20.2484567313 20.0 23.0867927612 12.0830459736 12.0830459736 27.4590604355 25.0199920064 25.5538646784 36.0555127546 34.7850542619 57.3846669416 55.9016994375 
342 119.067207912 22.2036033112 22.5610283454 33.0 23.0 37.0540146273 26.9258240357 27.7848879789 21.5406592285 20.6155281281 61.0081961707 36.4965751818 36.2215405525 41.629316593 41.2310562562 11.1803398875 12.1655250606 17.691806013 17.0293863659 19.9248588452 18.7882942281 33.6005952328 33.6154726279 16.1554944214 17.0880074906 30.4630924235 30.083217913 17.2626765016 16.2788205961 16.2788205961 16.4012194669 18.4390889146 20.6155281281 9.8488578018 10.295630141 24.6981780705 22.0227155455 25.0 35.77708764 37.1214223865 56.639209034 56.8506816142 
375 123.016259088 23.3452350599 22.2036033112 32.0156211872 27.0 48.0104155366 27.4590604355 27.2029410175 20.6155281281 19.9248588452 63.0317380373 39.0512483795 38.1182371051 45.5411901469 45.3100430368 13.6014705087 14.5602197786 19.8494332413 20.5182845287 22.4722050542 21.9317121995 43.8292140016 41.8807831827 17.4642491966 17.0880074906 32.3109888428 30.8706980809 16.1245154966 16.6433169771 16.2788205961 16.4012194669 17.691806013 19.9248588452 10.8166538264 10.8166538264 23.4307490277 21.0237960416 24.0831891576 34.4818792991 37.1214223865 63.41135545 63.8905313799 
402 123.004064973 22.360679775 20.0997512422 33.0151480384 23.0 45.0444225182 29.9666481275 27.7848879789 24.6981780705 22.803508502 60.0333240792 36.4965751818 37.2155881319 42.0475920833 41.7851648316 12.1655250606 11.1803398875 16.9705627485 16.2788205961 23.3238075794 20.591260282 41.8807831827 43.0464865001 20.2484567313 18.6815416923 32.6496554346 29.6816441593 18.2482875909 19.4164878389 15.1327459504 18.8679622641 20.2484567313 22.803508502 10.0 10.0 30.0 25.0199920064 26.0768096208 39.2937654088 34.1760149813 62.2253967444 60.3075451333 
407 129.015502944 23.5372045919 22.360679775 33.0151480384 24.0 44.0 29.6816441593 29.1547594742 21.1896201004 22.1359436212 64.0078120232 38.3275357935 39.2045915678 43.8634243989 43.6577599059 13.152946438 11.1803398875 17.691806013 17.691806013 21.4709105536 21.4709105536 41.6173040934 39.4461658466 18.973665961 17.7200451467 31.7804971641 29.9666481275 17.4642491966 17.8044938148 16.2788205961 17.8044938148 17.691806013 22.1359436212 11.401754251 10.295630141 27.4590604355 25.0199920064 26.6270539114 39.8497176903 37.1618083521 63.6553218514 60.9590026165 
451 130.096118313 23.0867927612 21.2132034356 36.0138862107 26.0192236625 43.0464865001 26.0768096208 26.9258240357 21.9317121995 21.1896201004 64.0312423743 37.6563407675 37.1214223865 44.2944691807 42.7200187266 14.1421356237 12.3693168769 19.7989898732 19.2093727123 21.9317121995 20.6155281281 40.8044115262 39.8246155035 18.3575597507 18.7882942281 34.9284983931 32.2024843762 19.2353840617 16.4012194669 17.1172427686 17.4928556845 17.691806013 21.1896201004 11.1803398875 11.6619037897 27.7848879789 25.0199920064 26.6270539114 39.0512483795 36.7695526217 62.3698645181 60.3075451333 
457 122.065556157 22.2036033112 22.2036033112 37.0135110466 24.0 41.0 27.7848879789 28.6530975638 22.4722050542 23.4093998214 65.0307619516 39.6232255123 40.4474968323 46.0977222865 46.6154480832 12.3693168769 12.3693168769 20.2484567313 21.400934559 23.4093998214 23.769728648 38.275318418 37.7359245282 19.3132079158 20.1246117975 32.6496554346 34.4383507154 18.2482875909 18.6010752377 19.1049731745 18.8679622641 17.0293863659 23.4093998214 13.0 12.6491106407 25.5538646784 24.0831891576 26.4007575649 37.1214223865 36.7151195014 61.0737259384 60.440052945 
463 119.004201606 21.3775583264 20.6155281281 29.0 24.0 39.0128184063 28.0178514522 28.6530975638 19.6468827044 20.8806130178 59.0338885726 40.1123422403 40.049968789 45.5411901469 45.2216762184 12.3693168769 12.3693168769 16.9705627485 16.9705627485 18.3847763109 17.88854382 37.2155881319 38.5875627631 18.2482875909 19.6468827044 27.7848879789 28.6530975638 14.3178210633 18.6010752377 15.2970585408 18.8679622641 15.8113883008 20.8806130178 8.60232526704 9.21954445729 25.2388589282 23.0 24.6981780705 38.275318418 37.3363094052 59.4138031101 60.827625303 
478 120.104121495 22.2036033112 21.0237960416 34.0147027034 24.0208242989 40.049968789 24.1867732449 25.6124969497 20.591260282 19.6468827044 62.0322496771 37.2155881319 37.483329628 42.1544778167 42.0475920833 12.1655250606 12.0415945788 19.2093727123 18.4390889146 22.360679775 21.8403296678 36.7151195014 37.2021504755 19.4164878389 17.0880074906 35.4682957019 30.886890423 18.0277563773 16.5529453572 16.1245154966 17.2046505341 14.8660687473 19.6468827044 12.5299640861 13.0 25.6124969497 22.0907220344 23.0217288664 39.0 35.3411940941 60.207972894 57.3149195236 
483 128.015624046 24.5153013443 23.3452350599 35.0 25.0 41.0 25.8069758011 25.6124969497 18.3575597507 17.4642491966 66.0075753228 42.2965719651 42.2965719651 47.539457296 47.1699056603 13.152946438 12.1655250606 18.4390889146 16.2788205961 20.2484567313 21.0237960416 40.3112887415 40.8166632639 16.5529453572 15.2315462117 32.5729949498 30.6757233004 17.1172427686 16.4012194669 18.1107702763 16.9705627485 16.4012194669 17.4642491966 9.43398113206 9.89949493661 25.8069758011 24.0208242989 24.6981780705 39.0 39.3954312072 63.0317380373 64.4437739429 
651 124.0 22.0907220344 23.0867927612 31.0 21.0237960416 37.0135110466 27.6586333719 24.8394846967 19.4164878389 18.3847763109 65.0307619516 39.4588393139 40.1995024845 45.8802789878 45.5411901469 10.7703296143 11.401754251 18.0277563773 17.8044938148 21.9317121995 21.1896201004 36.235341864 36.8917334914 15.1327459504 15.8113883008 27.2946881279 30.8706980809 16.2788205961 18.4390889146 15.2970585408 15.6204993518 19.7989898732 18.3847763109 10.295630141 11.1803398875 24.0416305603 20.0249843945 23.4307490277 43.8292140016 40.4969134626 63.2534584035 63.6003144646 
723 130.31116606 24.1867732449 24.5153013443 36.0555127546 24.0208242989 46.0434577329 26.0768096208 27.7308492477 21.4709105536 23.3238075794 62.2012861603 40.6078810085 41.3037528561 47.0106370942 48.1040538832 12.3693168769 12.6491106407 16.2788205961 16.9705627485 20.591260282 20.8086520467 40.6078810085 39.9624824054 17.0880074906 17.88854382 32.6955654485 33.8378486314 17.2626765016 17.0293863659 19.0262975904 18.6010752377 16.2788205961 23.3238075794 8.48528137424 8.48528137424 24.6981780705 22.0907220344 25.495097568 35.7351367704 39.8120584748 60.827625303 63.7808748764 
725 116.004310265 22.360679775 21.2132034356 32.0156211872 25.0 45.0 28.6356421266 27.2946881279 24.1660919472 22.4722050542 57.0788927713 40.4474968323 39.0128184063 46.0977222865 43.0116263352 13.152946438 12.1655250606 17.691806013 16.9705627485 21.9544984001 21.0237960416 42.0119030752 38.0788655293 20.1246117975 19.3132079158 34.0147027034 31.7647603485 19.1049731745 18.8679622641 13.3416640641 16.1554944214 18.6010752377 22.4722050542 10.8166538264 10.8166538264 25.8069758011 22.0227155455 23.6008474424 36.4005494464 31.064449134 62.9364759102 56.8594759033 
729 123.016259088 21.2132034356 21.2132034356 33.0151480384 23.0 39.0 29.1547594742 28.8444102037 22.803508502 21.5870331449 64.0312423743 37.3363094052 36.3455636908 42.5440947724 41.2310562562 12.1655250606 11.1803398875 21.400934559 19.7230829233 25.9615099715 26.5706605112 40.3112887415 39.8246155035 18.0277563773 18.6815416923 30.4138126515 30.0166620396 17.2626765016 17.8044938148 16.4924225025 17.8044938148 19.1049731745 21.5870331449 13.6014705087 14.3178210633 28.6006992922 24.0 28.6006992922 39.0 37.3363094052 62.6258732474 59.816385715 
753 112.004464197 21.3775583264 20.0997512422 33.0 24.0 46.0 27.3130005675 25.9422435421 23.2594066992 22.4722050542 56.0357029045 38.2099463491 38.3275357935 43.4626276242 43.0813184571 13.152946438 11.1803398875 17.0293863659 15.5563491861 20.591260282 21.6333076528 40.2243707222 40.2243707222 20.1246117975 18.3847763109 33.1058907145 30.886890423 18.2482875909 17.4928556845 15.2970585408 16.1245154966 17.2046505341 22.4722050542 9.89949493661 9.21954445729 23.6008474424 21.0 22.2036033112 32.6955654485 29.4108823397 58.7962583844 58.0086200491 
771 120.037494142 23.0867927612 22.0907220344 35.0142828 25.0 44.0454310911 29.4108823397 28.6530975638 22.803508502 24.3515913238 66.0302960769 40.3112887415 41.3037528561 45.3100430368 46.6154480832 12.1655250606 13.152946438 20.5182845287 18.6010752377 23.4093998214 22.825424421 39.4081209905 39.9624824054 19.6468827044 20.1246117975 32.7566787083 34.885527085 16.2788205961 19.4164878389 19.1049731745 18.8679622641 16.9705627485 24.3515913238 11.1803398875 12.8062484749 23.6008474424 21.0237960416 24.7588368063 34.9857113691 36.7151195014 61.2209114601 61.400325732 
802 124.036285014 23.1948270095 23.1948270095 36.0 26.0192236625 42.0 25.9422435421 26.9258240357 22.825424421 21.9317121995 62.0 37.1214223865 38.6393581727 42.1544778167 43.8292140016 13.152946438 13.0384048104 20.6155281281 19.8494332413 22.1359436212 21.9317121995 40.3112887415 41.3400532172 17.4928556845 17.88854382 34.1760149813 33.6154726279 17.2626765016 14.4222051019 19.2353840617 17.0293863659 17.4928556845 21.9317121995 13.9283882772 13.416407865 26.6270539114 25.0 27.4590604355 35.77708764 37.0 60.605280298 61.554853586 
813 110.163514831 21.3775583264 20.0997512422 29.0172362571 23.0 47.0 27.7308492477 24.6981780705 22.8473193176 20.2484567313 54.2309874518 38.0525951809 37.2155881319 43.965895874 44.0113621693 11.7046999107 12.6491106407 20.0 19.4164878389 22.4722050542 22.4722050542 41.0487515035 41.6173040934 17.0880074906 15.8113883008 29.5465734054 28.1780056072 14.1421356237 16.1245154966 15.2970585408 15.6204993518 18.3575597507 20.2484567313 11.1803398875 12.2065556157 23.4307490277 21.0237960416 22.2036033112 30.8058436015 30.886890423 59.640590205 59.0338885726 
816 118.713941894 21.3775583264 21.2132034356 33.0605505096 21.0237960416 42.0119030752 25.9422435421 26.4196896272 21.0237960416 21.5406592285 58.0344725142 37.1214223865 37.1079506306 42.3792402008 42.4852915725 11.401754251 10.1980390272 19.4164878389 18.0277563773 23.7065391823 23.2594066992 37.7359245282 38.0131556175 18.3575597507 19.3132079158 32.3109888428 31.7647603485 16.2788205961 14.7648230602 17.7200451467 16.4012194669 17.8044938148 21.5406592285 13.0 12.6491106407 24.4131112315 22.0227155455 23.8537208838 37.7359245282 34.1760149813 63.41135545 57.2800139665 
889 122.016392341 22.0907220344 20.0997512422 34.0147027034 25.0199920064 40.0 26.9258240357 27.7848879789 22.4722050542 22.803508502 62.0322496771 37.3363094052 39.2045915678 43.8634243989 44.0113621693 13.3416640641 12.1655250606 18.4390889146 18.3847763109 22.8473193176 20.8806130178 35.8468966579 38.0131556175 17.4642491966 17.7200451467 32.2024843762 29.1547594742 19.2353840617 17.691806013 15.1327459504 18.0277563773 19.8494332413 22.803508502 10.295630141 10.7703296143 25.495097568 21.2132034356 20.591260282 40.249223595 32.2024843762 61.7170964968 58.6003412959 
910 128.565158577 24.0416305603 23.0217288664 36.3455636908 25.179356624 43.2897216438 27.3130005675 29.8328677804 21.6333076528 22.360679775 66.3701740242 40.0124980475 39.2937654088 47.1274866718 45.6508488421 13.9283882772 12.1655250606 20.2484567313 19.7989898732 19.4164878389 19.3132079158 40.718546143 41.2310562562 18.6010752377 19.6468827044 34.9284983931 33.2866339542 19.0 17.0 17.7200451467 18.4390889146 17.8044938148 22.360679775 12.2065556157 11.7046999107 27.6586333719 25.3179778023 26.4007575649 38.275318418 36.1386219992 64.3506021728 60.9590026165 
947 128.062484749 21.5870331449 21.2132034356 34.0147027034 25.0199920064 39.0128184063 28.1780056072 26.9258240357 21.5406592285 21.1896201004 61.0737259384 39.1152144312 39.4588393139 44.9444101085 44.7772263545 13.3416640641 12.1655250606 20.6155281281 19.2093727123 22.803508502 21.5406592285 39.1152144312 38.4707681233 17.88854382 17.0 31.0161248385 31.384709653 17.1172427686 16.6433169771 17.2626765016 15.0 20.6155281281 21.1896201004 12.5299640861 13.0 22.4722050542 22.0907220344 25.495097568 38.0131556175 43.382023927 64.4049687524 65.2993108693 
953 124.004032193 23.1948270095 22.2036033112 28.0178514522 22.0227155455 34.0147027034 31.9061122671 31.9061122671 24.7386337537 24.5153013443 62.0080639917 37.2155881319 37.0540146273 41.7851648316 42.0594816896 11.1803398875 11.401754251 16.2788205961 17.0293863659 22.803508502 22.803508502 38.0131556175 38.9101529167 22.5610283454 21.2132034356 33.8378486314 30.8058436015 15.5241746963 20.591260282 13.3416640641 20.591260282 17.0293863659 24.5153013443 9.8488578018 9.8488578018 27.4590604355 26.0 26.6270539114 42.5440947724 38.4707681233 63.1268564083 60.8029604542 
963 115.06954419 24.0 23.1948270095 35.0 22.0 41.0 26.2488094968 27.7848879789 21.1896201004 22.8473193176 66.1211010193 39.2937654088 38.1182371051 45.1774279923 42.3792402008 11.1803398875 11.1803398875 17.691806013 16.4012194669 21.0237960416 21.4709105536 38.0131556175 36.3593179254 18.3847763109 17.4642491966 35.3553390593 32.6955654485 18.2482875909 17.8044938148 17.2626765016 16.4012194669 14.2126704036 22.8473193176 10.295630141 11.6619037897 21.9544984001 21.0950231097 24.2074368738 28.6356421266 30.0166620396 53.9073278878 54.4058820349 
971 125.015998976 21.2132034356 20.0997512422 33.0 22.0 44.0 28.1780056072 26.0768096208 23.4093998214 20.8806130178 60.0749531835 36.3455636908 36.4965751818 41.2310562562 41.629316593 11.1803398875 11.1803398875 18.6010752377 18.6010752377 22.825424421 22.825424421 37.4432904537 38.6005181312 18.3847763109 17.0880074906 31.304951685 29.5296461205 17.2626765016 17.2046505341 16.2788205961 16.4012194669 20.0 20.8806130178 12.5299640861 12.0830459736 25.8069758011 23.0217288664 25.5538646784 37.6961536499 34.9284983931 60.1082357086 60.141499815 
1018 122.036879672 22.0227155455 21.0 33.0605505096 25.0199920064 39.0512483795 26.83281573 29.1547594742 25.079872408 25.7099202644 60.0083327547 37.3363094052 36.1247837364 43.8634243989 40.8533964316 13.3416640641 12.1655250606 20.6155281281 19.2093727123 21.5406592285 21.8403296678 38.4707681233 38.275318418 18.8679622641 18.973665961 35.3411940941 32.4499614792 19.2353840617 15.8113883008 14.8660687473 15.2643375225 20.2484567313 25.7099202644 12.5299640861 12.5299640861 27.0185121722 24.0831891576 24.1867732449 41.4849370254 30.8706980809 60.1082357086 54.6717477313 
1025 126.66885963 21.8403296678 21.0237960416 33.0605505096 24.0208242989 40.049968789 28.6356421266 27.0185121722 21.9317121995 20.3960780544 62.3939099592 39.0512483795 38.6393581727 45.2216762184 45.1884941108 12.6491106407 12.3693168769 19.2093727123 18.4390889146 18.8679622641 18.0277563773 38.4707681233 38.8329756779 17.4928556845 15.1327459504 31.3209195267 26.9258240357 18.0 17.4928556845 15.1327459504 18.3847763109 19.8494332413 20.3960780544 10.295630141 11.1803398875 29.8328677804 26.1725046566 26.83281573 42.4852915725 34.5398320783 64.0312423743 58.0517010948 
1045 122.016392341 22.2036033112 22.0907220344 33.0151480384 23.0 39.0 28.0178514522 27.4590604355 20.8806130178 22.1359436212 64.0078120232 37.2155881319 36.4965751818 43.0813184571 42.5440947724 12.3693168769 11.401754251 18.4390889146 17.8044938148 22.1359436212 22.8473193176 39.3573373083 40.8166632639 17.4642491966 17.7200451467 29.5296461205 30.886890423 15.2970585408 17.8044938148 18.4390889146 18.3847763109 18.4390889146 22.1359436212 10.295630141 10.295630141 26.6270539114 25.0199920064 26.0768096208 35.77708764 35.1140997322 60.0 58.7962583844 
1084 129.4681428 23.0867927612 22.0227155455 34.0147027034 23.0867927612 45.0998891351 25.0599281723 26.9072480941 22.825424421 19.4164878389 64.0702739186 38.2099463491 39.6232255123 43.6577599059 44.283179651 11.401754251 12.0415945788 19.7230829233 19.8494332413 27.2946881279 26.5706605112 47.0106370942 47.7074417675 20.6155281281 15.2970585408 38.6264158317 28.6530975638 19.2353840617 14.3178210633 15.5241746963 16.2788205961 16.2788205961 19.4164878389 13.416407865 12.6491106407 36.3593179254 34.1320963318 34.9284983931 37.3630833845 34.5253530033 63.41135545 61.5223536611 
1128 129.0 23.3452350599 22.360679775 35.0 25.0199920064 44.0 28.6530975638 28.0178514522 22.8473193176 19.9248588452 65.0307619516 36.4965751818 37.2155881319 44.283179651 43.0813184571 13.6014705087 12.3693168769 19.2093727123 19.1049731745 21.4709105536 20.1246117975 37.7359245282 40.0 20.591260282 18.973665961 35.8468966579 31.304951685 19.2353840617 17.4928556845 16.2788205961 18.0277563773 17.691806013 19.9248588452 11.1803398875 11.1803398875 28.6006992922 25.079872408 26.4196896272 40.4969134626 33.5410196625 61.5223536611 59.5482997238 
1398 126.099167325 22.2036033112 22.0907220344 33.0151480384 23.0 41.0 27.8028775489 26.4007575649 19.6468827044 19.9248588452 66.0302960769 38.2099463491 37.483329628 42.7200187266 42.9534631898 11.1803398875 12.1655250606 18.6010752377 19.2093727123 22.8473193176 22.8473193176 37.5898922584 40.2243707222 17.0880074906 17.4642491966 30.8706980809 32.2024843762 16.0312195419 18.0277563773 17.1172427686 17.2046505341 16.4012194669 19.9248588452 12.0830459736 13.416407865 28.6006992922 26.0768096208 26.4196896272 39.0 36.6878726557 59.5482997238 59.4138031101 
1491 115.03912378 24.1867732449 23.0867927612 33.0151480384 24.0 43.0 28.3019433962 27.4590604355 22.8473193176 22.4722050542 63.0317380373 37.3363094052 36.2215405525 43.4626276242 42.1544778167 12.3693168769 12.3693168769 19.2093727123 19.2093727123 22.8473193176 23.2594066992 39.9624824054 40.4969134626 18.973665961 18.973665961 33.5410196625 33.1209903234 17.2626765016 18.6010752377 16.4924225025 17.2046505341 16.4012194669 22.4722050542 12.0830459736 12.5299640861 24.8394846967 22.0227155455 23.0217288664 35.3411940941 32.3109888428 59.6657355607 57.3846669416 
1568 123.004064973 21.2132034356 20.0997512422 33.0 21.0 39.0128184063 27.7848879789 26.9258240357 22.1359436212 21.8403296678 61.0081961707 37.3363094052 37.6563407675 41.2310562562 41.629316593 11.0453610172 10.0498756211 17.8044938148 17.2046505341 23.769728648 22.8473193176 39.8246155035 41.1825205639 20.6155281281 19.6977156036 33.1209903234 32.2490309932 16.4924225025 17.0 17.4642491966 16.6433169771 19.1049731745 21.8403296678 13.0 13.0 29.4108823397 26.0192236625 27.7848879789 39.8120584748 38.4837628098 63.41135545 64.0312423743 
1596 125.015998976 21.0237960416 21.2132034356 34.0 23.0 36.0555127546 28.3019433962 30.0166620396 23.769728648 23.769728648 64.0312423743 37.483329628 37.3363094052 42.9534631898 42.1544778167 12.1655250606 11.1803398875 19.1049731745 17.2046505341 21.5870331449 20.6155281281 37.2155881319 38.0131556175 21.1896201004 20.8806130178 33.8378486314 31.9061122671 17.4642491966 18.8679622641 17.4642491966 19.4164878389 19.1049731745 23.769728648 11.7046999107 11.6619037897 25.2388589282 23.0217288664 26.4007575649 40.4969134626 37.6961536499 60.827625303 59.0338885726 
