Leaf
0 125.015998976 22.0227155455 23.1948270095 35.0142828 27.0 46.0108682813 27.7848879789 30.0166620396 24.3515913238 24.3515913238 64.0702739186 34.3656805549 35.1283361405 41.5932686862 41.2310562562 14.3178210633 13.3416640641 19.8494332413 20.5182845287 24.1660919472 22.8473193176 40.8044115262 40.4969134626 20.6155281281 20.6155281281 34.9857113691 34.885527085 18.4390889146 18.0277563773 17.2626765016 18.3575597507 16.2788205961 24.3515913238 12.2065556157 10.7703296143 33.5410196625 31.0161248385 33.6154726279 36.4965751818 37.6563407675 58.137767415 58.0517010948 
439 131.015266286 22.2036033112 22.0227155455 37.0135110466 24.0208242989 43.0116263352 26.4196896272 27.2029410175 21.9317121995 21.8403296678 66.0302960769 40.7921561087 40.3112887415 48.754486973 45.8802789878 13.6014705087 11.401754251 18.6010752377 19.1049731745 22.825424421 21.5406592285 47.853944456 47.4130783645 19.2093727123 17.0 36.0555127546 33.1058907145 21.0950231097 15.8113883008 16.2788205961 14.4222051019 17.2046505341 21.8403296678 11.401754251 10.7703296143 36.235341864 34.0147027034 34.4383507154 41.7731971484 36.0555127546 67.2086303982 64.8151216924 
12 125.0 22.2036033112 21.2132034356 36.0 27.0 41.0487515035 32.7566787083 29.1547594742 25.495097568 22.803508502 68.066144301 39.2045915678 39.3192065027 44.7772263545 44.7772263545 14.1421356237 13.152946438 23.4307490277 21.6333076528 25.7099202644 24.3515913238 42.1900462195 42.4852915725 20.2484567313 19.3132079158 33.1209903234 31.7647603485 17.4642491966 18.0277563773 19.4164878389 18.4390889146 21.2132034356 22.803508502 14.8660687473 15.2315462117 28.3019433962 26.0192236625 29.4108823397 39.3573373083 37.5898922584 66.2193325246 64.8999229584 
94 127.062976512 23.0867927612 22.0227155455 38.0525951809 26.0 49.0 28.6530975638 27.7848879789 24.6981780705 24.3515913238 66.0681466366 39.4588393139 37.483329628 45.1884941108 43.382023927 13.152946438 13.152946438 19.1049731745 19.1049731745 24.1867732449 23.7065391823 48.0208288142 47.5078940809 20.1246117975 20.6155281281 35.77708764 34.9857113691 19.2353840617 18.0277563773 19.6468827044 17.8044938148 18.6010752377 24.3515913238 11.6619037897 12.2065556157 31.384709653 30.0 32.2490309932 33.1058907145 33.2415402772 65.0 64.2028036771 
116 130.034610777 22.0907220344 23.1948270095 37.0 26.0 47.0106370942 28.0178514522 28.8444102037 21.8403296678 22.1359436212 69.0072459963 38.4707681233 38.3275357935 45.1884941108 44.7772263545 13.3416640641 13.3416640641 20.6155281281 20.6155281281 24.5967477525 23.2594066992 42.4381903478 42.7200187266 18.3847763109 19.3132079158 32.6496554346 33.5410196625 19.4164878389 17.691806013 18.4390889146 17.8044938148 18.4390889146 22.1359436212 13.416407865 13.416407865 30.5286750449 28.0 30.0166620396 37.6430604494 35.1140997322 62.2253967444 61.619802012 
324 126.015872016 24.1867732449 23.3452350599 35.0142828 27.0739727414 42.1070065429 29.1547594742 29.5296461205 23.769728648 23.769728648 64.0312423743 38.4707681233 37.0540146273 44.72135955 43.6577599059 14.1421356237 13.6014705087 21.2132034356 20.8086520467 20.2484567313 19.6977156036 40.8166632639 43.4165866922 18.7882942281 20.1246117975 34.9284983931 34.9284983931 18.2482875909 17.2046505341 17.1172427686 17.88854382 17.8044938148 23.769728648 11.7046999107 12.0830459736 28.8444102037 26.0192236625 26.9258240357 39.3954312072 36.2491379208 64.5368112011 63.41135545 
336 119.079805173 22.803508502 22.0 32.2490309932 27.1661554144 46.389654019 27.7308492477 26.2488094968 21.4709105536 20.6155281281 61.6603600379 38.0131556175 37.483329628 44.6430285711 43.8292140016 13.9283882772 14.1421356237 22.4722050542 21.9317121995 22.2036033112 21.8403296678 42.0475920833 42.5205832509 19.4164878389 18.6815416923 34.4818792991 32.4499614792 17.0293863659 16.1554944214 15.8113883008 16.4012194669 15.6204993518 20.6155281281 13.0384048104 13.9283882772 28.319604517 25.495097568 25.079872408 34.9284983931 31.9530906173 60.0 59.4138031101 
350 125.035994817 23.1948270095 23.0217288664 36.0138862107 24.0831891576 42.0475920833 21.400934559 20.5182845287 17.2046505341 16.6433169771 63.0713881249 39.3192065027 40.6078810085 46.6154480832 45.6946386352 13.6014705087 11.1803398875 21.6333076528 20.0 24.1660919472 23.4093998214 43.8292140016 43.0464865001 14.2126704036 13.6014705087 32.9848450049 32.5729949498 19.0262975904 14.1421356237 17.1172427686 12.7279220614 14.4222051019 16.6433169771 13.416407865 13.6014705087 30.5286750449 29.0172362571 30.886890423 36.6878726557 35.4682957019 61.7170964968 61.8465843843 
357 127.003936947 22.0907220344 23.0867927612 37.0 25.0 47.0 28.1780056072 29.1547594742 24.6981780705 24.3515913238 65.0 38.3275357935 38.6393581727 42.5440947724 43.8292140016 12.0415945788 13.0384048104 19.8494332413 19.2093727123 25.079872408 25.9422435421 43.9089968002 45.4862616622 17.88854382 18.3847763109 33.1058907145 33.5410196625 18.4390889146 15.6204993518 19.4164878389 17.691806013 18.8679622641 24.3515913238 13.0 13.416407865 31.9061122671 29.0 31.9061122671 34.5398320783 36.6878726557 61.400325732 63.7024332345 
373 129.003875911 22.360679775 22.2036033112 33.0151480384 27.0185121722 43.0116263352 30.886890423 29.1547594742 24.0416305603 23.0867927612 63.0713881249 38.0131556175 38.3275357935 43.6577599059 43.8634243989 14.3178210633 13.152946438 19.8494332413 19.7989898732 24.3515913238 24.3515913238 45.2769256907 42.9418211072 18.973665961 19.9248588452 31.304951685 32.2490309932 16.2788205961 18.0277563773 17.4642491966 18.6010752377 20.6155281281 23.0867927612 12.2065556157 11.1803398875 28.6530975638 28.0713376952 30.8058436015 36.2491379208 42.7200187266 64.8151216924 66.6033032214 
386 129.247823966 22.0907220344 21.3775583264 34.0147027034 24.0208242989 42.0475920833 28.6006992922 28.6530975638 21.5870331449 22.1359436212 65.06919394 39.6232255123 39.1152144312 44.283179651 43.6577599059 12.0415945788 12.1655250606 21.400934559 21.0950231097 22.1359436212 22.825424421 40.0 38.4707681233 18.973665961 18.3575597507 32.2490309932 32.3109888428 17.2626765016 18.6010752377 17.1172427686 16.1245154966 18.6010752377 22.1359436212 14.8660687473 15.2315462117 29.9666481275 28.1602556807 31.4006369362 39.2937654088 40.8533964316 61.619802012 60.9590026165 
390 128.035151423 21.0 21.0950231097 36.0138862107 27.0 46.0108682813 27.4590604355 26.83281573 23.769728648 23.769728648 63.0317380373 36.2215405525 37.3363094052 42.5440947724 44.283179651 13.3416640641 14.3178210633 20.8086520467 22.6715680975 28.4604989415 27.8567765544 41.6173040934 41.3400532172 18.3847763109 21.400934559 32.7566787083 37.1618083521 16.4924225025 15.8113883008 20.2237484162 15.6524758425 17.691806013 23.769728648 13.8924439894 13.416407865 28.3019433962 25.179356624 32.5576411922 33.6154726279 43.6806593357 59.0338885726 64.3506021728 
410 124.064499354 21.2132034356 21.0237960416 37.0135110466 25.0199920064 44.1021541424 29.0688837075 29.1547594742 24.3515913238 24.7386337537 65.0307619516 37.2155881319 37.8549864615 42.1544778167 43.4165866922 12.1655250606 13.0384048104 20.2484567313 21.2602916255 26.0 27.5136329844 43.8292140016 43.2666153056 20.591260282 18.7882942281 34.4383507154 33.1209903234 18.4390889146 16.1245154966 19.6468827044 16.2788205961 19.1049731745 24.7386337537 13.8924439894 13.9283882772 29.4108823397 27.0185121722 29.1547594742 35.8468966579 37.947331922 62.2012861603 63.6553218514 
411 122.102416029 21.2132034356 21.0 36.0138862107 25.0199920064 42.0475920833 26.4196896272 25.6124969497 21.5406592285 20.6155281281 65.1229606207 36.3455636908 36.4965751818 41.629316593 41.5932686862 12.1655250606 13.0384048104 20.8086520467 20.6155281281 26.4007575649 25.7099202644 40.7062648741 41.0487515035 19.4164878389 16.5529453572 34.5398320783 31.7647603485 19.2353840617 15.2643375225 17.4642491966 14.8660687473 16.4012194669 20.6155281281 13.9283882772 14.5602197786 31.4006369362 27.1661554144 28.1780056072 37.6430604494 34.7850542619 59.5482997238 58.7281874401 
466 121.066097649 21.0237960416 20.2237484162 36.0555127546 26.0 44.0 26.0768096208 26.4196896272 22.1359436212 21.1896201004 63.0713881249 37.3363094052 39.3192065027 42.9534631898 44.7772263545 13.152946438 13.152946438 18.3847763109 18.3847763109 21.9317121995 21.9317121995 40.4969134626 40.4969134626 19.6977156036 20.591260282 33.6154726279 33.5410196625 17.4642491966 16.6433169771 19.1049731745 18.3575597507 15.0 21.1896201004 11.6619037897 11.6619037897 29.1547594742 27.0185121722 29.6816441593 31.0161248385 37.0 55.4436651025 60.827625303 
467 131.015266286 25.179356624 23.3452350599 36.0138862107 26.0 46.0108682813 28.3019433962 28.3019433962 23.2594066992 21.5406592285 66.0075753228 35.5105618091 36.2215405525 42.0594816896 41.2310562562 14.1421356237 12.1655250606 19.1049731745 17.691806013 22.360679775 23.2594066992 44.9444101085 43.0464865001 17.88854382 16.5529453572 35.4682957019 31.9530906173 19.4164878389 16.2788205961 17.2626765016 15.6204993518 18.4390889146 21.5406592285 10.8166538264 11.1803398875 31.384709653 29.0172362571 29.6816441593 39.2937654088 37.1618083521 64.3506021728 63.1268564083 
488 124.004032193 21.0950231097 20.0997512422 34.0147027034 25.0 43.0 28.8444102037 29.4108823397 22.5610283454 22.2036033112 67.007462271 39.2045915678 38.3275357935 44.0113621693 43.8634243989 12.1655250606 13.152946438 20.8086520467 21.400934559 23.769728648 23.769728648 45.1774279923 45.6508488421 18.0277563773 18.4390889146 30.886890423 28.8444102037 17.2626765016 17.8044938148 17.4642491966 19.1049731745 17.8044938148 22.2036033112 14.3178210633 14.7648230602 31.384709653 29.0 31.384709653 33.8378486314 37.3363094052 61.400325732 65.4369925959 
492 122.102416029 21.3775583264 22.0227155455 34.0147027034 26.0768096208 48.0416485979 27.7848879789 26.0768096208 21.1896201004 22.4722050542 62.0725382114 38.0131556175 39.6232255123 43.0116263352 45.1774279923 12.3693168769 14.0356688476 19.2093727123 19.1049731745 20.591260282 21.6333076528 46.1410879802 45.4862616622 17.0880074906 19.2353840617 29.5465734054 34.885527085 15.1327459504 16.6433169771 19.2353840617 17.2046505341 17.0293863659 22.4722050542 11.6619037897 12.2065556157 29.5296461205 28.0178514522 31.064449134 26.4196896272 38.3275357935 59.6824932455 65.0538238692 
551 122.147451877 21.0950231097 22.0 37.0540146273 23.0867927612 44.1021541424 29.0688837075 28.8444102037 25.2982212813 24.7386337537 66.1211010193 41.3037528561 41.9761837236 46.8187996429 46.9574275275 11.401754251 12.0415945788 20.2484567313 19.2093727123 27.7308492477 27.5136329844 44.7772263545 42.1900462195 19.7230829233 19.3132079158 34.4383507154 34.1320963318 19.2353840617 16.6433169771 18.6815416923 17.0293863659 16.9705627485 24.7386337537 12.5299640861 13.416407865 29.1547594742 27.0185121722 31.064449134 31.9530906173 36.6878726557 60.0 61.619802012 
650 126.015872016 24.1867732449 23.0867927612 33.0151480384 25.0199920064 47.0425339454 29.6816441593 27.4590604355 23.4093998214 22.4722050542 64.0702739186 38.0525951809 38.4707681233 43.3243580449 44.283179651 12.3693168769 13.152946438 20.0 19.8494332413 24.5967477525 25.495097568 45.6508488421 45.4862616622 18.0277563773 19.6977156036 33.1058907145 34.885527085 15.2970585408 16.6433169771 18.4390889146 17.2046505341 15.5563491861 22.4722050542 13.0384048104 12.5299640861 34.9857113691 31.0 35.5105618091 33.8378486314 39.8120584748 61.611687203 63.6396103068 
686 117.153745139 24.0831891576 23.3452350599 32.0624390838 27.0185121722 45.0111097397 28.3019433962 29.0688837075 23.769728648 24.1660919472 60.1331855135 41.1946598481 42.0119030752 45.6946386352 46.1735855225 14.0356688476 13.152946438 19.7989898732 19.8494332413 23.4093998214 24.1660919472 42.7200187266 43.0464865001 21.1896201004 20.2484567313 35.8468966579 33.5410196625 16.4924225025 18.3575597507 16.1245154966 19.2353840617 14.2126704036 24.1660919472 12.5299640861 11.6619037897 29.6816441593 27.0 28.8444102037 33.2415402772 35.3411940941 59.6657355607 62.0080639917 
705 127.035428129 23.5372045919 21.2132034356 35.0142828 27.0185121722 48.0416485979 28.1780056072 28.6530975638 22.360679775 23.0867927612 62.0080639917 39.2045915678 39.2045915678 45.6946386352 44.3846820423 14.3178210633 13.152946438 19.8494332413 19.7989898732 22.4722050542 21.9317121995 45.2769256907 44.6542271235 18.7882942281 18.0277563773 33.2415402772 30.4138126515 19.1049731745 18.6010752377 16.2788205961 17.2046505341 17.0293863659 23.0867927612 11.6619037897 11.1803398875 30.2324329157 28.0178514522 30.0166620396 37.3363094052 33.1058907145 64.5368112011 62.6258732474 
735 126.015872016 23.1948270095 22.2036033112 33.0151480384 26.0192236625 40.0 26.2488094968 25.8069758011 18.0277563773 19.3132079158 65.0307619516 40.049968789 42.2965719651 46.4865571967 48.4664832642 13.6014705087 13.3416640641 19.2093727123 19.7989898732 23.0867927612 22.1359436212 43.0464865001 41.1460812229 15.2315462117 16.1245154966 31.0161248385 31.9530906173 16.0312195419 16.4012194669 17.0 16.6433169771 15.8113883008 19.3132079158 11.401754251 10.295630141 29.9666481275 28.1602556807 31.6227766017 35.3411940941 41.2310562562 63.6003144646 65.4369925959 
754 124.679589348 23.0217288664 23.5372045919 37.2155881319 26.0768096208 49.2544414241 25.8069758011 28.7923600978 21.5406592285 25.5538646784 62.8012738724 40.7921561087 42.1070065429 46.9574275275 48.7031826475 13.152946438 13.6014705087 21.2602916255 21.6333076528 24.6981780705 24.4131112315 48.9182992345 45.3100430368 18.3847763109 20.8086520467 34.0 37.0 18.6815416923 16.2788205961 19.0262975904 17.4642491966 14.2126704036 25.5538646784 14.3178210633 13.6014705087 30.6757233004 29.8328677804 33.3016516107 26.9258240357 38.275318418 60.141499815 63.6003144646 
766 123.101584068 22.2036033112 24.5153013443 35.0 23.0217288664 43.0116263352 26.4196896272 28.6356421266 21.9317121995 24.1867732449 60.0749531835 37.2155881319 38.8329756779 42.7200187266 44.72135955 11.401754251 12.1655250606 18.6010752377 18.4390889146 23.0867927612 25.5538646784 45.4862616622 41.1460812229 18.6815416923 21.4709105536 30.886890423 36.7695526217 15.5241746963 17.2046505341 20.3960780544 18.0277563773 14.7648230602 24.1867732449 11.1803398875 11.6619037897 26.9258240357 28.6356421266 33.3016516107 29.7321374946 42.7200187266 58.2580466545 62.9682459657 
809 123.004064973 24.0831891576 23.0867927612 34.0147027034 26.0 46.0108682813 28.3019433962 28.3019433962 23.769728648 23.4093998214 64.0078120232 39.1152144312 38.3275357935 44.3846820423 43.4626276242 14.1421356237 12.1655250606 19.8494332413 19.8494332413 23.2594066992 24.1660919472 42.7200187266 41.8807831827 17.0880074906 18.0277563773 33.1058907145 32.6496554346 17.1172427686 17.8044938148 17.2626765016 17.8044938148 18.6010752377 23.4093998214 12.2065556157 12.5299640861 28.3019433962 26.0 28.3019433962 34.7850542619 33.5410196625 60.8769250209 61.2209114601 
819 126.14277625 23.3452350599 21.0950231097 35.0570962859 23.0867927612 47.0956473573 27.7308492477 27.7848879789 23.7065391823 23.0867927612 61.0737259384 39.3192065027 39.6232255123 45.3100430368 43.8634243989 12.3693168769 11.0453610172 18.6010752377 17.691806013 24.2074368738 21.9317121995 41.6773319683 42.0119030752 19.7230829233 18.6815416923 35.4682957019 30.5286750449 19.1049731745 17.4928556845 16.4924225025 17.8044938148 18.0277563773 23.0867927612 11.6619037897 12.0830459736 30.61045573 27.2946881279 27.7308492477 38.8973006776 34.0147027034 62.2414652784 60.8769250209 
835 124.004032193 23.1948270095 22.0907220344 30.0 23.0 47.0956473573 30.0166620396 29.1547594742 24.3515913238 24.0416305603 60.0083327547 41.1946598481 41.1096095822 45.5411901469 45.5411901469 11.1803398875 12.1655250606 20.6155281281 18.8679622641 24.5967477525 23.0217288664 44.6542271235 45.6508488421 18.3847763109 19.6977156036 33.1058907145 34.0 15.2970585408 16.1245154966 15.2970585408 16.5529453572 19.8494332413 24.0416305603 12.6491106407 14.4222051019 31.064449134 27.0 30.2324329157 35.1140997322 33.5261092285 63.1268564083 60.605280298 
841 128.015624046 22.0227155455 21.0950231097 35.0142828 26.0 44.0113621693 25.8069758011 26.4196896272 21.1896201004 22.4722050542 63.0713881249 38.2099463491 39.3192065027 43.4626276242 44.7772263545 13.152946438 13.152946438 19.8494332413 19.8494332413 24.3515913238 24.1660919472 44.418464629 44.2944691807 18.3847763109 19.2353840617 33.1209903234 33.5410196625 15.5241746963 15.2643375225 20.2237484162 17.8044938148 16.2788205961 22.4722050542 12.5299640861 12.5299640861 34.0 32.0156211872 35.5105618091 35.1140997322 41.7612260356 61.8465843843 65.192024052 
855 127.19276709 22.0227155455 22.360679775 35.0142828 25.0 44.0454310911 28.0178514522 29.5296461205 22.803508502 23.4093998214 65.1229606207 36.4965751818 37.2155881319 43.382023927 43.0813184571 13.3416640641 12.3693168769 20.5182845287 18.6010752377 23.4093998214 22.825424421 42.4381903478 42.0594816896 16.7630546142 17.4642491966 30.886890423 31.384709653 17.2626765016 17.691806013 18.1107702763 17.8044938148 18.3847763109 23.4093998214 12.0830459736 12.5299640861 27.7848879789 26.0768096208 28.6006992922 37.3630833845 38.275318418 61.5223536611 62.3698645181 
862 123.259888041 23.0217288664 23.3452350599 38.0525951809 26.0192236625 47.0956473573 28.0178514522 27.7308492477 23.0867927612 23.7065391823 66.1211010193 40.7921561087 41.1946598481 46.9574275275 47.1699056603 13.152946438 13.3416640641 21.2602916255 20.8086520467 26.0 24.5967477525 41.8688428309 40.3112887415 19.6468827044 20.1246117975 33.2866339542 34.9284983931 19.6468827044 19.7989898732 19.2353840617 18.0277563773 17.0293863659 23.7065391823 13.9283882772 13.8924439894 26.9258240357 23.0867927612 27.0185121722 30.886890423 34.1320963318 60.440052945 61.2943716829 
882 128.062484749 21.0237960416 22.0 33.0151480384 27.0185121722 43.0464865001 24.4131112315 24.2074368738 20.2484567313 20.2484567313 62.0322496771 39.0512483795 39.2045915678 45.8802789878 45.3100430368 14.5602197786 13.3416640641 22.0227155455 20.6155281281 25.9615099715 27.5136329844 44.72135955 44.418464629 16.6433169771 18.0277563773 32.6955654485 35.3411940941 17.2626765016 13.6014705087 16.4924225025 12.5299640861 17.691806013 20.2484567313 12.0830459736 12.5299640861 32.7566787083 30.0 32.7566787083 37.5765884561 35.8468966579 65.4599113962 63.41135545 
885 130.061523903 22.2036033112 23.5372045919 35.0 26.0 49.040799341 26.6270539114 27.7848879789 20.2484567313 21.0237960416 64.0312423743 36.2215405525 36.3455636908 42.1544778167 43.382023927 12.3693168769 14.3178210633 17.691806013 17.691806013 19.7230829233 19.8494332413 44.2040722106 43.0464865001 18.3847763109 18.7882942281 32.2024843762 33.2415402772 16.2788205961 16.6433169771 19.2353840617 17.8044938148 17.691806013 21.0237960416 9.21954445729 9.89949493661 29.5465734054 29.2745623366 32.8024389337 33.8378486314 40.5215991787 61.5223536611 63.6396103068 
936 134.536240471 23.769728648 23.0217288664 35.1283361405 23.1948270095 45.2769256907 27.7848879789 28.4253408071 20.1246117975 21.5870331449 67.186308129 37.0540146273 38.3275357935 43.0116263352 43.9089968002 11.7046999107 12.0415945788 18.0277563773 17.691806013 21.6333076528 22.360679775 41.1460812229 41.8688428309 16.5529453572 17.7200451467 31.3209195267 32.2490309932 17.0293863659 17.2046505341 18.4390889146 18.3847763109 19.2093727123 21.5870331449 10.8166538264 11.1803398875 27.8028775489 25.079872408 28.3019433962 38.9486841883 40.8044115262 64.6374504448 65.192024052 
950 127.19276709 22.0227155455 23.1948270095 34.0587727319 27.0185121722 47.0425339454 27.0185121722 26.83281573 20.6155281281 23.7065391823 63.1981012373 39.4588393139 40.0124980475 46.5188133985 46.1735855225 14.3178210633 13.6014705087 22.0227155455 22.2036033112 26.5706605112 26.4007575649 47.1699056603 47.4130783645 19.6468827044 22.4722050542 32.4499614792 38.4837628098 17.0880074906 17.0293863659 18.4390889146 16.1554944214 15.8113883008 23.7065391823 14.3178210633 13.8924439894 35.77708764 33.0151480384 36.3593179254 33.3766385366 37.1079506306 60.141499815 63.2534584035 
1024 125.255738392 23.3452350599 22.0907220344 35.0570962859 25.0199920064 43.0116263352 29.9666481275 28.8444102037 25.079872408 22.803508502 64.1950153828 38.3275357935 37.3363094052 45.6946386352 43.4626276242 13.6014705087 12.3693168769 21.400934559 20.0 21.9317121995 21.9317121995 42.0594816896 42.7200187266 19.7230829233 18.6815416923 35.4682957019 31.384709653 20.0997512422 18.0277563773 15.5241746963 17.2046505341 22.2036033112 22.803508502 12.0830459736 12.5299640861 30.8058436015 27.0739727414 28.1780056072 41.629316593 30.0166620396 66.8430998683 59.640590205 
1078 117.0683561 21.0950231097 20.0 34.0147027034 28.0178514522 49.0102030194 26.9258240357 27.4590604355 22.1359436212 23.5372045919 63.0079360081 38.0525951809 38.2099463491 44.0113621693 43.8634243989 14.3178210633 14.1421356237 20.5182845287 19.7989898732 21.9544984001 21.4709105536 46.6476151588 46.3249392876 19.3132079158 19.9248588452 32.2490309932 32.2024843762 18.4390889146 17.8044938148 16.7630546142 17.2046505341 16.2788205961 23.5372045919 11.6619037897 12.5299640861 29.6816441593 28.0178514522 29.1547594742 29.7321374946 29.1204395571 59.816385715 57.4891294072 
1195 130.188325129 21.5870331449 23.0867927612 33.0605505096 24.0208242989 48.0416485979 27.7848879789 26.4007575649 20.2484567313 20.2484567313 63.1981012373 36.1247837364 35.5105618091 41.7851648316 41.1460812229 12.3693168769 12.1655250606 16.2788205961 17.0293863659 22.803508502 21.4709105536 47.0106370942 46.3249392876 18.3847763109 18.973665961 30.4630924235 33.1209903234 16.1245154966 17.4928556845 17.4642491966 17.8044938148 18.3847763109 20.2484567313 10.6301458127 9.43398113206 31.384709653 31.0161248385 33.1209903234 33.5261092285 37.483329628 61.7170964968 62.2414652784 
1285 126.003968191 23.0867927612 23.1948270095 34.0587727319 24.0208242989 43.0116263352 29.6816441593 30.5286750449 24.0416305603 24.0416305603 66.0681466366 37.483329628 38.2099463491 43.8634243989 44.9444101085 12.3693168769 12.6491106407 17.691806013 18.4390889146 24.1660919472 23.769728648 41.6773319683 43.0464865001 18.4390889146 18.0277563773 31.384709653 32.2024843762 17.4642491966 19.1049731745 17.1172427686 18.6010752377 19.2093727123 24.0416305603 10.295630141 9.43398113206 31.064449134 29.0172362571 30.5286750449 37.3363094052 36.6878726557 60.9590026165 60.207972894 
1300 137.13132392 25.179356624 25.079872408 35.0142828 29.0 51.0098029794 30.0 29.8328677804 22.1359436212 21.8403296678 72.0277724215 43.0 42.4264068712 49.040799341 50.5667875191 14.5602197786 15.5241746963 20.5182845287 19.7989898732 23.3238075794 23.2594066992 45.6508488421 48.6004115209 18.973665961 19.6468827044 34.4383507154 34.4818792991 17.1172427686 19.4164878389 18.2482875909 20.6155281281 16.4012194669 21.8403296678 10.6301458127 10.6301458127 32.2024843762 29.1547594742 30.8706980809 35.6931365951 35.0570962859 60.141499815 62.4819974073 
1374 121.061967603 23.0217288664 23.5372045919 36.1247837364 25.079872408 48.1663783152 28.4253408071 30.4138126515 23.5372045919 23.769728648 68.4689710745 38.0788655293 38.0525951809 44.7772263545 44.2718872424 13.152946438 12.6491106407 19.1049731745 18.6010752377 22.360679775 22.2036033112 47.8016736109 46.0977222865 18.4390889146 18.973665961 33.0151480384 31.7804971641 19.6468827044 19.8494332413 17.1172427686 19.4164878389 16.9705627485 23.769728648 11.1803398875 11.401754251 30.8706980809 28.1602556807 29.8328677804 29.2745623366 31.7804971641 59.3969696197 59.3632883186 
1473 131.003816738 21.0237960416 22.0227155455 35.0 22.0 41.0121933088 25.8069758011 25.8069758011 20.8806130178 21.1896201004 65.0 36.4965751818 36.6742416418 41.629316593 42.0475920833 11.1803398875 11.1803398875 17.8044938148 17.8044938148 24.6981780705 24.1660919472 44.72135955 46.0651712251 16.5529453572 16.1554944214 31.304951685 31.304951685 17.4642491966 14.8660687473 18.4390889146 16.2788205961 18.3847763109 21.1896201004 12.0830459736 11.1803398875 31.064449134 30.0166620396 31.9061122671 37.0 41.2310562562 61.8465843843 64.4437739429 
1619 128.0 21.0237960416 22.0907220344 34.0 28.0 47.0 25.6124969497 25.8069758011 19.6468827044 20.2484567313 65.0076918526 35.1283361405 35.1283361405 41.629316593 41.629316593 14.3178210633 14.3178210633 18.4390889146 18.4390889146 18.3575597507 18.8679622641 45.7930125674 45.2769256907 15.8113883008 17.0 29.5296461205 32.6955654485 16.1245154966 17.0293863659 18.1107702763 16.4012194669 18.4390889146 20.2484567313 9.43398113206 9.21954445729 30.0166620396 29.0172362571 32.4499614792 34.4818792991 38.0788655293 61.619802012 62.9682459657 
1620 128.015624046 23.3452350599 23.3452350599 33.0 25.0199920064 46.0108682813 29.6816441593 28.6530975638 22.1359436212 22.8473193176 63.0 39.3192065027 38.1182371051 44.7772263545 43.6577599059 13.152946438 12.3693168769 17.691806013 17.691806013 23.2594066992 23.7065391823 43.2666153056 43.0464865001 17.7200451467 18.0277563773 30.8706980809 31.7804971641 17.2626765016 18.4390889146 16.2788205961 17.2046505341 19.2093727123 22.8473193176 10.0 10.0 29.6816441593 27.0185121722 29.4108823397 38.4837628098 37.5765884561 65.2993108693 64.0312423743 
