Leaf
545 108.0 21.0 18.0277563773 30.0166620396 26.0192236625 40.049968789 26.9258240357 26.6270539114 24.0416305603 23.1948270095 59.0338885726 34.3656805549 34.0147027034 41.5932686862 37.6430604494 14.3178210633 12.1655250606 19.1049731745 18.3847763109 21.9317121995 21.5870331449 43.8292140016 42.0594816896 20.1246117975 19.4164878389 34.9857113691 29.7321374946 18.4390889146 16.6433169771 13.0 16.1245154966 16.2788205961 23.1948270095 10.8166538264 11.6619037897 32.2490309932 29.0688837075 28.231188427 37.0 21.0237960416 57.3846669416 50.2493781056 
272 112.218536793 20.0997512422 19.0 31.1448230048 25.079872408 44.1021541424 28.231188427 28.3019433962 25.632011236 24.3310501212 57.2188780037 34.0587727319 33.2415402772 39.9249295554 37.5765884561 13.3416640641 12.0415945788 18.4390889146 17.691806013 23.3238075794 22.1359436212 43.8292140016 43.2666153056 21.0950231097 20.6155281281 34.885527085 31.2409987036 17.1172427686 17.0880074906 14.8660687473 17.4928556845 20.8086520467 24.3310501212 11.401754251 9.8488578018 32.2024843762 28.1602556807 29.5465734054 33.2415402772 26.2488094968 58.412327466 54.8178802947 
63 118.270875536 21.0237960416 20.0997512422 32.0156211872 23.0 40.0124980475 29.6816441593 30.4138126515 24.5153013443 25.7099202644 62.0725382114 34.7131099154 35.0570962859 40.7062648741 39.2173431023 12.1655250606 11.1803398875 18.4390889146 17.8044938148 23.769728648 22.4722050542 42.1900462195 41.1460812229 20.6155281281 20.8806130178 32.2024843762 31.6227766017 16.7630546142 18.6010752377 16.4924225025 18.8679622641 18.3847763109 25.7099202644 11.6619037897 11.1803398875 30.0166620396 27.0185121722 29.6816441593 36.1247837364 31.3209195267 56.639209034 55.0 
146 124.257796536 21.0 20.2237484162 34.0147027034 25.079872408 47.0956473573 26.9258240357 27.7308492477 24.0416305603 23.4093998214 60.0749531835 37.1079506306 35.0 43.0464865001 39.8497176903 13.0384048104 12.3693168769 19.7989898732 19.4164878389 25.0599281723 23.2594066992 44.4072066223 44.2944691807 20.591260282 21.4709105536 35.8468966579 34.0 19.9248588452 15.0 15.8113883008 14.8660687473 17.8044938148 23.4093998214 12.0830459736 13.0384048104 31.064449134 27.0 28.0178514522 38.2099463491 30.4630924235 61.0737259384 57.4282160614 
160 119.004201606 20.0 19.0 31.0161248385 23.0217288664 40.0 27.7848879789 28.1780056072 24.7386337537 25.7099202644 58.0 33.3766385366 33.1360830516 38.9101529167 36.7695526217 12.1655250606 11.0453610172 17.691806013 16.2788205961 23.769728648 22.4722050542 44.72135955 44.72135955 20.1246117975 20.6155281281 34.1320963318 33.0151480384 17.4642491966 16.1245154966 14.8660687473 15.2315462117 19.1049731745 25.7099202644 10.8166538264 11.1803398875 32.2490309932 30.0 32.2490309932 36.2215405525 33.0605505096 58.0 54.4885309033 
196 117.720006796 19.0 18.4390889146 33.0605505096 24.0831891576 45.2769256907 27.4590604355 29.7321374946 23.3452350599 25.2982212813 58.4208866759 36.1386219992 35.0 43.0464865001 40.5215991787 13.152946438 11.7046999107 19.2093727123 16.6433169771 22.4722050542 22.2036033112 44.2040722106 43.8634243989 18.6815416923 21.0237960416 30.0 30.886890423 18.0277563773 16.9705627485 16.4924225025 16.5529453572 17.691806013 25.2982212813 9.43398113206 10.6301458127 31.7804971641 29.1547594742 32.2024843762 35.1283361405 30.6757233004 59.6657355607 56.302753041 
218 117.613774703 21.0950231097 21.0237960416 37.1214223865 23.0867927612 46.0977222865 27.3130005675 28.0178514522 25.079872408 24.5153013443 64.1950153828 35.5105618091 34.9284983931 40.249223595 38.0788655293 12.0415945788 11.0453610172 16.2788205961 15.6204993518 23.6008474424 21.9317121995 43.9089968002 42.4381903478 21.0950231097 21.1896201004 35.77708764 35.0 20.2237484162 17.4928556845 18.0277563773 17.2046505341 17.2046505341 24.5153013443 10.8166538264 10.7703296143 30.2324329157 27.0185121722 28.1780056072 33.9558536927 30.2654919008 58.7962583844 54.4885309033 
326 115.004347744 22.2036033112 21.0950231097 33.0 24.0208242989 41.0487515035 29.5296461205 29.1547594742 24.3515913238 23.769728648 62.0080639917 34.3656805549 35.2278299076 40.718546143 40.3112887415 12.3693168769 12.1655250606 18.6010752377 19.1049731745 23.2594066992 23.0867927612 41.629316593 43.2666153056 20.8806130178 20.6155281281 32.7566787083 31.6227766017 18.4390889146 20.0 15.5241746963 18.8679622641 15.8113883008 23.769728648 11.6619037897 11.7046999107 32.4499614792 30.1496268634 30.4630924235 35.3553390593 30.083217913 54.4885309033 56.639209034 
543 121.103261723 21.0950231097 20.0997512422 33.0151480384 25.0 40.0124980475 28.8444102037 28.3019433962 22.5610283454 22.5610283454 64.0078120232 35.3553390593 36.1247837364 41.1460812229 40.8533964316 13.152946438 12.1655250606 18.3847763109 17.691806013 23.4093998214 22.1359436212 40.8166632639 40.7062648741 18.973665961 19.3132079158 31.384709653 31.384709653 16.2788205961 18.0277563773 17.1172427686 18.8679622641 17.2046505341 22.5610283454 10.8166538264 11.1803398875 30.4138126515 29.0172362571 30.5286750449 35.6931365951 35.7351367704 57.2800139665 58.137767415 
669 121.202310209 22.2036033112 22.0227155455 32.14031736 24.0208242989 46.0434577329 26.83281573 27.0185121722 23.2594066992 22.5610283454 61.2943716829 36.2215405525 34.2344855372 41.2310562562 38.4837628098 12.1655250606 12.0415945788 16.9705627485 16.2788205961 26.4196896272 25.632011236 45.2769256907 43.5660418216 21.0950231097 18.6815416923 36.2491379208 33.0151480384 18.1107702763 17.4642491966 14.8660687473 15.8113883008 17.0293863659 22.5610283454 10.0 10.6301458127 33.8378486314 29.0172362571 32.7566787083 37.3363094052 30.8058436015 60.1082357086 55.4436651025 
677 118.038129433 21.0237960416 22.0907220344 31.0 26.0192236625 43.1045241245 27.7848879789 27.2946881279 24.0416305603 23.769728648 58.0 34.1320963318 33.0605505096 38.9101529167 37.6961536499 14.0356688476 12.1655250606 19.2093727123 17.0293863659 24.0416305603 23.2594066992 41.0487515035 42.0594816896 19.6977156036 20.1246117975 33.6154726279 34.885527085 16.4924225025 16.1245154966 15.5241746963 15.2315462117 16.2788205961 23.769728648 11.1803398875 10.8166538264 30.886890423 28.0178514522 31.064449134 32.5576411922 32.5576411922 55.1543289326 54.5618914628 
683 120.037494142 21.0950231097 21.0237960416 32.0156211872 24.0208242989 44.0 27.7308492477 28.3019433962 24.6981780705 23.769728648 59.0338885726 36.2215405525 36.2215405525 41.629316593 39.9249295554 13.152946438 11.0453610172 17.691806013 16.9705627485 24.1660919472 23.2594066992 41.3400532172 41.3400532172 21.0237960416 19.6468827044 34.4818792991 31.6227766017 17.2626765016 17.88854382 15.5241746963 18.0277563773 21.0950231097 23.769728648 12.2065556157 11.1803398875 31.064449134 27.0 29.6816441593 37.0 32.8937684068 60.9590026165 57.4891294072 
710 118.152443902 23.1948270095 22.0227155455 33.0151480384 26.0192236625 43.0116263352 28.0178514522 29.206163733 21.1896201004 22.360679775 67.007462271 35.0570962859 35.3553390593 41.7851648316 42.0475920833 13.6014705087 13.3416640641 20.0 20.5182845287 22.4722050542 22.8473193176 43.382023927 44.9444101085 17.0880074906 18.4390889146 31.7804971641 31.064449134 17.2626765016 17.0293863659 16.4924225025 18.4390889146 17.0293863659 22.360679775 11.6619037897 12.0830459736 33.1209903234 31.0161248385 32.2024843762 34.3656805549 28.1602556807 56.639209034 53.7587202229 
760 119.268604419 21.2132034356 21.0 35.0570962859 24.0208242989 40.049968789 28.6530975638 28.0178514522 23.0867927612 23.5372045919 65.1229606207 35.3553390593 34.5253530033 41.629316593 40.249223595 12.3693168769 12.1655250606 17.691806013 16.9705627485 22.8473193176 23.0867927612 41.1460812229 41.3400532172 20.2484567313 20.3960780544 32.2490309932 32.0156211872 18.2482875909 19.4164878389 17.7200451467 19.8494332413 17.2046505341 23.5372045919 10.8166538264 10.295630141 32.2024843762 29.0688837075 31.7647603485 39.2173431023 33.7342555869 60.440052945 55.9016994375 
773 120.104121495 22.0227155455 22.0907220344 31.0161248385 25.0199920064 39.0128184063 26.4007575649 26.9258240357 20.8806130178 22.4722050542 61.0737259384 36.3455636908 36.0138862107 42.0475920833 41.1096095822 13.152946438 12.3693168769 19.1049731745 19.2093727123 23.0867927612 23.0867927612 41.1825205639 41.5932686862 18.0277563773 18.0277563773 32.2490309932 31.7647603485 17.4642491966 17.0293863659 14.3178210633 16.1245154966 17.0293863659 22.4722050542 11.1803398875 11.1803398875 32.2490309932 29.0 30.5286750449 37.1079506306 33.8378486314 59.4642749893 57.008771255 
807 120.037494142 22.2036033112 22.0227155455 31.064449134 23.0217288664 45.0111097397 28.3019433962 28.6006992922 22.1359436212 22.5610283454 63.0713881249 37.3363094052 36.1247837364 43.4626276242 40.4969134626 12.3693168769 11.1803398875 18.3847763109 15.6204993518 25.495097568 25.495097568 43.8292140016 45.4862616622 18.3847763109 18.4390889146 32.2024843762 31.064449134 17.2626765016 17.2046505341 14.8660687473 16.4012194669 16.9705627485 22.5610283454 10.0 12.0415945788 32.2024843762 29.1547594742 29.9666481275 37.483329628 27.5136329844 58.6941223633 57.008771255 
825 116.0 23.0217288664 23.1948270095 33.0151480384 27.0 48.0104155366 27.2946881279 28.1780056072 25.079872408 24.1660919472 59.0338885726 33.1360830516 34.1320963318 38.4837628098 39.8120584748 13.152946438 14.1421356237 20.5182845287 19.8494332413 24.1660919472 23.7065391823 44.418464629 46.3249392876 18.7882942281 18.3575597507 34.885527085 34.5398320783 17.0880074906 13.6014705087 17.7200451467 13.6014705087 15.0 24.1660919472 12.5299640861 12.5299640861 30.886890423 29.0 30.886890423 28.1602556807 26.6833281283 56.2227711875 56.0802995712 
883 116.348614087 20.3960780544 20.0 32.14031736 21.0950231097 42.1070065429 28.231188427 29.1547594742 23.769728648 25.495097568 58.137767415 35.2278299076 34.7131099154 40.8533964316 38.9101529167 11.401754251 10.0498756211 19.7230829233 18.6010752377 22.4722050542 21.9317121995 44.7772263545 44.9444101085 21.4709105536 21.8403296678 33.5410196625 33.4215499341 18.2482875909 17.88854382 15.2315462117 17.0 18.0277563773 25.495097568 13.416407865 13.6014705087 32.7566787083 31.064449134 31.7804971641 35.8468966579 29.7321374946 63.2455532034 59.0338885726 
976 120.598507453 20.3960780544 21.0237960416 32.14031736 24.0831891576 44.0454310911 29.0688837075 27.0185121722 23.0867927612 22.360679775 62.5139984324 34.0587727319 33.5410196625 39.5600808897 38.4707681233 12.3693168769 12.0415945788 18.6010752377 18.3847763109 21.9544984001 21.0237960416 44.72135955 44.9444101085 18.3847763109 18.6815416923 29.9666481275 32.2024843762 17.1172427686 18.0277563773 15.8113883008 16.4012194669 19.2093727123 22.360679775 11.6619037897 12.0830459736 33.6154726279 32.0156211872 34.4383507154 33.2415402772 33.2415402772 60.2162768693 57.9827560573 
977 128.035151423 21.0950231097 20.0 32.0156211872 23.0 43.0116263352 27.4590604355 27.2029410175 21.8403296678 22.360679775 63.0317380373 36.3455636908 35.2278299076 41.629316593 39.9249295554 12.1655250606 11.1803398875 18.6010752377 19.2093727123 24.5967477525 24.6981780705 41.1825205639 41.8807831827 20.6155281281 19.9248588452 33.6154726279 32.2024843762 17.4642491966 17.4928556845 15.8113883008 16.6433169771 17.0293863659 22.360679775 12.5299640861 12.5299640861 36.3593179254 32.0624390838 34.0147027034 39.8120584748 33.9558536927 60.1082357086 58.0 
998 119.151164493 19.1049731745 19.0 32.0156211872 25.0199920064 45.0998891351 25.495097568 26.0768096208 22.4722050542 22.5610283454 57.0350769264 35.1283361405 35.2278299076 40.8533964316 40.718546143 12.3693168769 13.152946438 15.6204993518 15.8113883008 18.6010752377 19.2353840617 46.0651712251 44.9444101085 19.2353840617 18.6815416923 31.7647603485 30.0 18.2482875909 16.6433169771 14.5602197786 16.6433169771 15.6204993518 22.5610283454 7.81024967591 7.81024967591 34.0 32.0156211872 34.0147027034 33.0605505096 30.0 56.5862174032 53.7587202229 
1011 129.0 21.2132034356 21.0237960416 34.0 25.0199920064 42.0 28.6530975638 28.6530975638 23.0867927612 25.0 62.0 32.3882694814 33.2415402772 38.4707681233 37.5765884561 13.152946438 12.0415945788 19.1049731745 16.2788205961 24.0416305603 24.1660919472 41.6773319683 41.6773319683 19.7230829233 19.2353840617 34.0147027034 34.0 18.6815416923 14.4222051019 16.7630546142 13.8924439894 20.5182845287 25.0 10.295630141 12.2065556157 30.5286750449 27.0 28.3019433962 40.0249921924 34.4818792991 62.2253967444 58.0517010948 
1046 120.415945788 21.3775583264 21.0 33.1360830516 24.0831891576 41.1096095822 28.6356421266 28.6006992922 23.769728648 23.3452350599 62.2896460096 36.1247837364 35.5105618091 41.7851648316 40.249223595 12.3693168769 12.0415945788 18.4390889146 16.9705627485 24.1660919472 24.0416305603 40.249223595 40.2243707222 20.591260282 18.6815416923 34.0147027034 31.6227766017 18.2482875909 17.0 16.1554944214 15.6204993518 18.4390889146 23.3452350599 10.8166538264 11.6619037897 30.8058436015 28.0713376952 29.0688837075 38.3275357935 31.0483493925 58.0517010948 54.4518135602 
1276 127.279220614 20.3960780544 17.1172427686 34.5253530033 23.1948270095 42.1070065429 29.1204395571 28.8444102037 26.83281573 26.0192236625 58.8557558782 37.0540146273 35.1710107901 42.3792402008 39.4461658466 12.3693168769 11.0 17.88854382 19.8494332413 30.2324329157 25.079872408 41.629316593 43.0116263352 25.6124969497 22.1359436212 39.3954312072 33.2415402772 21.0237960416 19.6468827044 14.7648230602 15.2315462117 17.0293863659 26.0192236625 14.2126704036 12.1655250606 34.0587727319 30.5941170816 31.0483493925 39.2937654088 33.0605505096 58.7962583844 57.4891294072 
1421 119.268604419 21.0237960416 20.2237484162 31.064449134 23.0217288664 41.1096095822 29.1547594742 30.4630924235 26.6833281283 26.2488094968 58.2151183113 32.5576411922 33.0605505096 38.4707681233 38.275318418 12.1655250606 11.401754251 18.3847763109 17.2046505341 23.4093998214 22.360679775 43.2666153056 42.5440947724 21.1896201004 22.8473193176 35.0 34.1320963318 17.0880074906 16.6433169771 15.5241746963 18.0277563773 20.0 26.2488094968 9.8488578018 10.8166538264 31.7804971641 30.1496268634 31.064449134 35.0142828 32.3882694814 56.0802995712 53.1507290637 
