Leaf
1134 109.293183685 18.0277563773 17.0293863659 34.0587727319 28.0178514522 46.1735855225 23.8537208838 26.0 21.5870331449 24.0416305603 57.3149195236 33.3766385366 34.0147027034 39.8246155035 39.9249295554 14.1421356237 14.3178210633 21.2132034356 20.6155281281 22.4722050542 20.591260282 47.4341649025 47.0106370942 18.3847763109 18.3575597507 30.8058436015 30.0166620396 17.4642491966 16.4012194669 17.1172427686 16.1245154966 13.4536240471 24.0416305603 11.7046999107 11.6619037897 34.1760149813 33.1360830516 34.4818792991 27.0185121722 27.1661554144 55.1543289326 53.600373133 
242 123.328828747 20.0249843945 18.2482875909 32.2490309932 23.0867927612 39.1152144312 23.7065391823 24.0831891576 21.9317121995 21.0950231097 59.4138031101 33.5410196625 31.1448230048 40.718546143 36.2491379208 11.7046999107 12.1655250606 18.6010752377 17.691806013 24.5967477525 23.5372045919 43.382023927 41.1825205639 19.1049731745 16.5529453572 36.0555127546 30.8058436015 19.1049731745 12.0830459736 14.3178210633 10.8166538264 14.7648230602 21.0950231097 10.295630141 11.1803398875 34.1320963318 31.064449134 32.6955654485 41.0487515035 30.1496268634 58.7962583844 51.6623654124 
372 108.295890965 20.0997512422 19.0262975904 30.1496268634 23.0867927612 41.1096095822 25.5538646784 25.0599281723 25.0 22.1359436212 55.0817574157 32.3882694814 33.0605505096 37.1214223865 38.275318418 12.0415945788 11.401754251 16.9705627485 17.8044938148 25.2982212813 25.079872408 42.1900462195 43.382023927 19.2353840617 17.4928556845 34.6698716467 31.304951685 16.1554944214 12.5299640861 15.2970585408 13.416407865 12.7279220614 22.1359436212 11.6619037897 10.8166538264 32.2024843762 30.0166620396 31.384709653 30.4138126515 30.6757233004 54.4885309033 56.6127194189 
612 116.211014968 19.0262975904 19.1049731745 31.0161248385 25.0199920064 43.0464865001 24.2074368738 25.0599281723 18.4390889146 21.1896201004 58.137767415 29.2745623366 29.0688837075 35.3553390593 34.9284983931 13.152946438 12.3693168769 17.2046505341 15.5563491861 20.6155281281 20.591260282 42.7200187266 42.9418211072 15.5241746963 17.4642491966 26.9258240357 29.5296461205 15.5241746963 15.5563491861 16.2788205961 15.8113883008 14.8660687473 21.1896201004 8.60232526704 9.89949493661 33.5410196625 31.0161248385 33.6154726279 33.0151480384 32.2490309932 53.8144961883 53.8144961883 
690 114.354711315 19.0262975904 19.2353840617 31.1448230048 24.1867732449 41.0487515035 26.0768096208 26.9258240357 23.5372045919 23.769728648 55.3263047745 33.5410196625 33.0151480384 37.5898922584 38.275318418 12.0 12.3693168769 17.2046505341 16.4012194669 19.9248588452 22.825424421 40.8166632639 42.0594816896 20.8806130178 20.1246117975 32.6496554346 31.7647603485 15.2315462117 16.1245154966 17.2626765016 17.0 17.2046505341 23.769728648 9.8488578018 10.6301458127 32.6496554346 30.0 32.2490309932 33.2415402772 31.0483493925 54.4518135602 54.8178802947 
712 107.29864864 20.0 20.0997512422 31.1448230048 23.0867927612 41.0487515035 26.9258240357 27.7308492477 23.769728648 24.3515913238 57.2188780037 32.5576411922 33.0605505096 36.7151195014 37.3363094052 12.0 11.1803398875 16.2788205961 17.0293863659 24.3515913238 25.079872408 43.9089968002 44.283179651 20.6155281281 20.2484567313 32.0156211872 31.9061122671 16.7630546142 18.6010752377 15.1327459504 18.7882942281 15.2643375225 24.3515913238 11.1803398875 10.295630141 31.7647603485 29.0172362571 31.064449134 31.4006369362 30.3644529014 55.9732078766 56.0357029045 
717 114.039466852 21.0 20.0997512422 32.0156211872 26.0 44.0 26.6270539114 26.83281573 22.803508502 23.4093998214 59.076221951 31.1448230048 32.14031736 36.6742416418 37.5765884561 13.152946438 13.152946438 19.8494332413 19.8494332413 24.3515913238 25.079872408 45.2769256907 44.2944691807 19.3132079158 21.0237960416 33.2866339542 33.6154726279 16.7630546142 15.8113883008 16.4924225025 16.5529453572 13.4536240471 23.4093998214 13.0 13.416407865 34.5398320783 33.0605505096 35.3553390593 28.0178514522 31.0161248385 51.6236379966 53.0377224247 
762 118.207444774 19.0 18.1107702763 31.064449134 21.0237960416 43.1045241245 26.9258240357 28.231188427 23.5372045919 25.0 56.2227711875 32.9848450049 33.0605505096 38.0788655293 37.0 11.0453610172 10.1980390272 17.0293863659 17.2046505341 24.5967477525 22.825424421 40.8044115262 40.7062648741 19.6468827044 21.1896201004 30.61045573 30.8058436015 17.0880074906 17.0293863659 15.5241746963 17.88854382 17.8044938148 25.0 12.5299640861 11.6619037897 33.1209903234 29.0172362571 33.2866339542 34.0587727319 32.2490309932 53.9073278878 51.7397332811 
840 115.351636313 20.0997512422 19.1049731745 28.0713376952 25.079872408 44.0113621693 26.4196896272 26.6270539114 22.1359436212 24.3310501212 56.0802995712 32.0156211872 32.2490309932 37.947331922 37.5765884561 13.6014705087 12.1655250606 19.1049731745 16.9705627485 23.2594066992 21.9317121995 47.4236228055 48.3735464898 18.0277563773 18.4390889146 30.0166620396 30.4795013083 14.3178210633 16.1245154966 14.8660687473 16.4012194669 17.2046505341 24.3310501212 10.0 10.8166538264 37.5898922584 36.0555127546 36.7695526217 34.3656805549 30.0166620396 58.8982172905 55.9016994375 
966 106.117859006 17.0293863659 18.0 31.0 23.0 41.0 23.7065391823 25.9422435421 20.8806130178 23.769728648 54.0370243444 32.0624390838 32.5576411922 35.4682957019 37.5898922584 11.0453610172 12.0415945788 18.0277563773 19.8494332413 24.1660919472 23.4093998214 43.4165866922 42.9418211072 17.4642491966 19.2353840617 28.3019433962 31.9061122671 14.8660687473 13.0384048104 17.7200451467 14.4222051019 12.8062484749 23.769728648 13.416407865 12.6491106407 31.7804971641 31.064449134 33.6154726279 24.3515913238 34.0147027034 52.697248505 53.7587202229 
989 113.282831886 20.0 19.0262975904 31.064449134 22.0227155455 41.1096095822 25.6124969497 25.0599281723 20.3960780544 22.1359436212 59.1354377679 30.5941170816 31.1448230048 35.3553390593 35.8468966579 11.0453610172 11.1803398875 16.2788205961 17.0293863659 22.4722050542 21.9544984001 39.6610640301 40.7062648741 16.4924225025 17.0 28.8444102037 30.4138126515 15.2970585408 17.0293863659 16.0312195419 16.1245154966 16.2788205961 22.1359436212 10.295630141 10.8166538264 30.8706980809 30.0665927567 31.9061122671 28.8617393793 31.0483493925 51.6623654124 53.2634959423 
993 114.354711315 18.0277563773 19.0262975904 33.1360830516 27.0739727414 48.1663783152 26.6270539114 27.7308492477 23.1948270095 25.0 60.2992537267 29.6141857899 30.0 36.0555127546 35.4682957019 14.0356688476 13.3416640641 17.2046505341 17.691806013 22.8473193176 22.4722050542 46.3249392876 48.7647413609 19.9248588452 19.6977156036 31.2409987036 31.9061122671 18.3847763109 16.2788205961 16.4924225025 16.1245154966 15.6204993518 25.0 10.0 9.89949493661 35.77708764 34.0 35.3553390593 30.0166620396 27.1661554144 54.4518135602 54.2033209315 
1055 119.205704561 20.0997512422 19.0 33.0151480384 26.0192236625 45.0444225182 29.0688837075 26.9258240357 25.0 23.5372045919 60.1331855135 30.1496268634 30.2654919008 35.77708764 35.3553390593 13.152946438 13.0384048104 17.691806013 17.0293863659 23.7065391823 23.4093998214 43.8292140016 44.6542271235 19.6977156036 18.7882942281 32.2490309932 31.9061122671 17.7200451467 15.8113883008 17.0880074906 13.6014705087 17.0293863659 23.5372045919 10.0 10.295630141 34.4818792991 33.1360830516 34.1760149813 32.14031736 28.0 54.4518135602 52.3450093132 
1194 108.0 17.0293863659 18.0277563773 32.0156211872 23.0 41.0121933088 25.0599281723 25.5538646784 21.5870331449 21.5870331449 57.008771255 31.4006369362 30.2654919008 38.0131556175 36.2491379208 12.3693168769 11.401754251 21.0950231097 21.6333076528 26.9258240357 25.2982212813 46.0651712251 46.5188133985 17.0 17.4642491966 28.6530975638 29.1547594742 17.7200451467 13.4536240471 16.1554944214 12.8062484749 16.2788205961 21.5870331449 13.9283882772 13.9283882772 33.5410196625 33.0151480384 33.6154726279 28.2842712475 28.0713376952 54.6717477313 54.0370243444 
1219 111.072048689 18.0277563773 18.0 30.0 20.0 39.0128184063 27.2946881279 25.2388589282 23.5372045919 21.3775583264 57.0788927713 31.2569992162 31.5753068077 34.9284983931 35.77708764 10.0498756211 10.0498756211 15.6204993518 15.6204993518 21.4709105536 21.9317121995 43.8634243989 44.2944691807 18.973665961 18.0277563773 29.4108823397 29.4108823397 15.8113883008 15.8113883008 15.8113883008 15.0 15.6204993518 21.3775583264 10.295630141 10.295630141 33.1209903234 32.0624390838 34.0147027034 31.2569992162 34.0 53.9073278878 54.4518135602 
1277 114.01754251 19.0262975904 18.0 31.0 21.0 35.0 25.5538646784 25.5538646784 21.8403296678 22.5610283454 57.0 31.4006369362 31.4006369362 37.1618083521 37.5765884561 10.4403065089 11.401754251 19.7230829233 20.2484567313 25.9615099715 25.9615099715 42.5440947724 42.9534631898 18.3847763109 19.6977156036 30.5286750449 31.6227766017 15.8113883008 14.4222051019 16.7630546142 15.2643375225 16.2788205961 22.5610283454 12.6491106407 13.0 32.6496554346 32.0 33.5410196625 35.1710107901 34.5253530033 57.6281181369 56.7274184147 
1283 117.017092769 20.0249843945 19.0262975904 30.0 24.0 40.0 26.9258240357 26.4196896272 22.803508502 22.803508502 57.0 32.0156211872 32.3882694814 36.4005494464 38.0131556175 12.1655250606 12.1655250606 18.4390889146 18.4390889146 22.1359436212 22.8473193176 42.0594816896 42.0594816896 18.973665961 20.6155281281 31.064449134 32.4499614792 14.8660687473 15.2643375225 16.7630546142 16.1245154966 14.8660687473 22.803508502 11.1803398875 11.6619037897 30.4138126515 30.0166620396 32.7566787083 30.8058436015 35.2278299076 53.9073278878 55.1543289326 
1321 117.0683561 21.0950231097 20.0249843945 28.0178514522 21.0237960416 42.0119030752 26.0768096208 26.9258240357 21.1896201004 22.803508502 56.0 32.0624390838 32.3882694814 36.4005494464 36.2491379208 11.1803398875 10.0498756211 16.4012194669 16.2788205961 22.360679775 22.825424421 40.3112887415 40.4969134626 16.7630546142 18.6815416923 29.5296461205 30.2324329157 14.3178210633 15.8113883008 14.5602197786 16.6433169771 15.6204993518 22.803508502 10.295630141 10.7703296143 30.5286750449 29.0 30.886890423 33.2415402772 33.5410196625 54.5618914628 55.1724568965 
1333 113.017697729 19.0 19.0262975904 33.0151480384 26.0 42.0 22.825424421 24.1867732449 21.5406592285 23.0867927612 56.0 32.2490309932 31.1448230048 38.0131556175 36.6742416418 13.152946438 13.152946438 18.3847763109 18.3847763109 25.2982212813 25.2982212813 40.3112887415 41.3400532172 18.6010752377 17.4928556845 33.5410196625 32.2490309932 17.1172427686 14.3178210633 16.2788205961 13.8924439894 13.4536240471 23.0867927612 11.1803398875 11.1803398875 33.6154726279 31.064449134 31.7804971641 35.5105618091 28.4429253067 55.8659108939 51.6623654124 
1334 115.351636313 18.2482875909 20.0249843945 29.1547594742 24.1867732449 47.1699056603 26.4196896272 26.4007575649 20.6155281281 20.3960780544 58.2151183113 32.0624390838 32.7566787083 37.3630833845 38.0788655293 12.6491106407 12.0415945788 17.0293863659 16.4012194669 20.2484567313 21.6333076528 42.5440947724 42.0119030752 16.1554944214 17.7200451467 26.83281573 29.6816441593 14.3178210633 14.4222051019 16.1554944214 14.8660687473 14.8660687473 20.3960780544 9.89949493661 10.0 30.886890423 30.0 34.4818792991 27.892651362 35.0142828 52.6307894678 55.6057550978 
1342 117.038455219 21.0237960416 20.0997512422 30.0166620396 24.0208242989 43.1045241245 28.3019433962 28.1780056072 23.769728648 24.0416305603 58.0344725142 31.2569992162 31.064449134 36.6742416418 36.7695526217 12.1655250606 12.3693168769 17.691806013 17.0293863659 23.4093998214 22.825424421 44.1021541424 44.283179651 19.3132079158 19.3132079158 32.7566787083 31.384709653 16.1554944214 14.4222051019 15.8113883008 15.2643375225 15.6204993518 24.0416305603 10.295630141 10.0 34.9284983931 32.0624390838 34.4818792991 34.0147027034 30.0665927567 56.639209034 52.4976189936 
1350 118.152443902 20.2237484162 19.0 29.0172362571 22.0227155455 39.0128184063 25.9422435421 24.4131112315 21.5406592285 20.6155281281 55.1452627158 33.1360830516 33.2415402772 38.6264158317 38.0788655293 11.401754251 11.1803398875 18.6010752377 17.8044938148 25.079872408 24.0416305603 44.3846820423 45.6508488421 17.0880074906 15.5241746963 29.0688837075 27.4590604355 16.2788205961 16.4012194669 13.6014705087 14.2126704036 17.0293863659 20.6155281281 11.6619037897 11.1803398875 35.5105618091 33.1360830516 33.6154726279 39.6232255123 31.5753068077 60.207972894 57.4891294072 
1354 116.004310265 19.0 20.0 32.0156211872 22.0 38.0131556175 27.2029410175 27.2029410175 22.2036033112 22.360679775 64.0078120232 30.8058436015 31.1448230048 37.2155881319 35.4682957019 12.1655250606 10.1980390272 16.4012194669 17.691806013 25.079872408 22.803508502 43.8292140016 43.8634243989 18.973665961 18.0277563773 30.8058436015 31.064449134 17.7200451467 17.0293863659 15.5241746963 15.8113883008 16.4012194669 22.360679775 12.2065556157 10.4403065089 35.3411940941 34.0 36.2491379208 30.1496268634 34.0587727319 53.1507290637 55.2268050859 
1356 115.004347744 20.0249843945 20.0249843945 31.0 22.0 44.0 26.0768096208 25.5538646784 21.8403296678 22.1359436212 58.0 30.0665927567 30.8058436015 34.5398320783 36.7151195014 11.1803398875 11.1803398875 16.4012194669 17.691806013 23.7065391823 23.7065391823 45.1774279923 46.1410879802 17.0880074906 17.88854382 30.0166620396 31.7647603485 14.8660687473 13.6014705087 17.7200451467 14.2126704036 15.5563491861 22.1359436212 11.6619037897 10.295630141 31.7647603485 31.0 34.0 26.3058928759 35.0570962859 52.0096144958 55.9732078766 
1358 112.361025271 19.0 20.2237484162 29.1547594742 22.0907220344 37.2155881319 28.6006992922 29.9666481275 23.0867927612 25.0 59.4138031101 31.2569992162 32.14031736 36.2491379208 38.6264158317 11.1803398875 11.7046999107 17.691806013 16.6433169771 23.3452350599 23.7065391823 41.6773319683 43.0813184571 19.1049731745 20.2484567313 28.319604517 31.384709653 13.416407865 16.4012194669 17.2626765016 18.8679622641 16.2788205961 25.0 10.4403065089 10.8166538264 32.3109888428 32.14031736 34.1320963318 31.2569992162 37.2155881319 53.0377224247 55.9016994375 
1403 120.066648158 21.0950231097 21.0237960416 31.0 21.0 41.0121933088 25.8069758011 25.2388589282 19.9248588452 21.1896201004 60.0 33.2415402772 33.5410196625 37.6961536499 38.9101529167 10.1980390272 11.1803398875 17.2046505341 17.8044938148 24.1660919472 25.079872408 44.2944691807 42.9418211072 18.0277563773 21.4709105536 30.886890423 35.8468966579 16.7630546142 15.6204993518 15.8113883008 14.8660687473 12.8062484749 21.1896201004 11.1803398875 11.6619037897 34.0147027034 32.0624390838 34.9857113691 33.2415402772 36.0555127546 56.639209034 55.1724568965 
1418 112.218536793 19.0262975904 19.1049731745 31.064449134 25.0199920064 40.049968789 27.2946881279 26.6270539114 23.769728648 24.3310501212 59.1354377679 32.0156211872 31.4006369362 37.3363094052 37.5898922584 12.3693168769 13.152946438 19.4164878389 20.5182845287 23.769728648 23.769728648 43.382023927 42.5440947724 17.0 18.7882942281 30.4138126515 33.0151480384 15.5241746963 13.0384048104 17.0880074906 13.6014705087 16.2788205961 24.3310501212 12.0830459736 12.0830459736 32.2490309932 32.0156211872 33.1058907145 30.6757233004 33.2415402772 55.8032257132 55.1543289326 
1438 115.351636313 20.0249843945 20.0249843945 31.1448230048 29.0688837075 49.1629942131 26.9258240357 28.4253408071 22.803508502 23.0867927612 63.1268564083 29.0 28.0713376952 36.7695526217 35.3553390593 14.8660687473 15.2970585408 19.1049731745 20.0 20.0 19.6977156036 52.8015151298 51.6236379966 18.3575597507 16.7630546142 32.6496554346 30.2324329157 16.1245154966 15.6524758425 15.8113883008 14.8660687473 13.6014705087 23.0867927612 10.6301458127 9.43398113206 36.3593179254 35.0570962859 37.1618083521 30.0665927567 28.0713376952 57.8013840665 55.9016994375 
1440 128.015624046 20.0 21.0950231097 30.0166620396 23.0217288664 41.0487515035 26.6270539114 29.1547594742 22.5610283454 23.769728648 60.1331855135 33.1360830516 33.2415402772 36.7695526217 38.4837628098 11.0453610172 12.1655250606 15.5563491861 16.9705627485 23.4093998214 23.2594066992 43.4165866922 44.72135955 18.4390889146 19.9248588452 30.0 31.9061122671 14.8660687473 16.4012194669 16.4924225025 18.0277563773 16.2788205961 23.769728648 10.295630141 9.43398113206 33.5410196625 32.0156211872 34.9857113691 34.5253530033 42.0475920833 57.3149195236 60.207972894 
1457 119.067207912 20.0249843945 21.0237960416 31.064449134 24.0208242989 46.0434577329 26.9258240357 29.1547594742 22.803508502 24.7386337537 60.0 31.1448230048 30.2654919008 38.0788655293 36.6742416418 12.6491106407 12.3693168769 17.8044938148 18.3847763109 23.3238075794 23.2594066992 46.5295604965 45.7930125674 18.973665961 21.1896201004 31.064449134 33.8378486314 15.5241746963 16.6433169771 17.0880074906 16.6433169771 16.2788205961 24.7386337537 10.6301458127 8.94427191 31.384709653 30.0166620396 32.6496554346 30.5941170816 33.0605505096 57.4891294072 57.2800139665 
1469 117.209214655 19.2353840617 20.0 33.0605505096 24.0831891576 46.1735855225 25.495097568 25.2388589282 21.5406592285 21.8403296678 58.137767415 32.14031736 32.5576411922 38.0788655293 37.5898922584 12.3693168769 12.0415945788 16.4012194669 17.8044938148 21.400934559 21.0237960416 46.5295604965 44.1021541424 18.8679622641 17.4642491966 31.7804971641 31.384709653 17.2626765016 14.7648230602 16.7630546142 14.2126704036 16.2788205961 21.8403296678 10.6301458127 9.8488578018 34.885527085 34.0 38.0131556175 32.2490309932 33.0 56.639209034 54.4885309033 
1504 119.016805536 21.0237960416 21.0950231097 30.0166620396 22.0 43.1045241245 25.8069758011 25.5538646784 20.8806130178 21.5406592285 58.0344725142 32.3882694814 33.1360830516 38.9101529167 38.275318418 12.3693168769 10.4403065089 18.4390889146 17.2046505341 23.769728648 22.4722050542 43.9089968002 46.0651712251 16.1554944214 17.0 30.4138126515 31.7804971641 15.8113883008 13.4536240471 15.5241746963 13.0384048104 16.2788205961 21.5406592285 10.8166538264 10.8166538264 33.1058907145 32.0156211872 33.1209903234 33.5410196625 30.2654919008 58.0 55.3172667438 
1506 116.068945028 20.0249843945 21.0950231097 31.064449134 23.0217288664 46.0434577329 24.4131112315 26.0768096208 19.9248588452 21.1896201004 59.1354377679 31.2569992162 32.2490309932 36.2491379208 38.4837628098 11.1803398875 12.3693168769 18.6010752377 20.0 21.9317121995 23.6008474424 46.0434577329 44.72135955 18.0277563773 17.88854382 30.5286750449 32.2024843762 14.8660687473 14.4222051019 17.2626765016 15.8113883008 14.1421356237 21.1896201004 12.0830459736 11.6619037897 31.384709653 31.2569992162 35.2278299076 28.1602556807 34.5253530033 57.4891294072 58.137767415 
1548 119.067207912 20.0249843945 22.0 34.0147027034 23.0217288664 44.0454310911 26.0768096208 25.8069758011 21.8403296678 22.1359436212 63.0317380373 30.2654919008 30.8058436015 35.3411940941 36.3593179254 11.1803398875 12.0415945788 16.4012194669 17.691806013 21.9544984001 22.360679775 42.9418211072 43.2666153056 16.5529453572 16.1554944214 30.4138126515 31.7647603485 16.2788205961 15.0 18.4390889146 16.2788205961 16.2788205961 22.1359436212 11.401754251 10.295630141 31.384709653 30.0 33.6154726279 29.8328677804 34.2344855372 53.4134814443 56.5862174032 
1592 113.0 19.1049731745 20.0 29.0 19.0 37.0 28.3019433962 26.9258240357 22.360679775 23.769728648 58.0086200491 33.3766385366 33.3766385366 37.6961536499 38.0788655293 9.21954445729 10.1980390272 15.0 15.6204993518 22.8473193176 22.8473193176 42.4852915725 42.0475920833 19.6468827044 19.6977156036 29.4108823397 33.2866339542 14.5602197786 17.4928556845 15.5241746963 15.6524758425 15.5563491861 23.769728648 9.43398113206 9.43398113206 34.0147027034 33.0151480384 36.235341864 30.3644529014 35.3553390593 55.8032257132 55.9732078766 
1612 115.03912378 19.0262975904 20.2237484162 32.0156211872 24.0 47.0425339454 26.0768096208 27.2946881279 21.5870331449 22.1359436212 59.076221951 31.4006369362 32.14031736 37.1214223865 37.1618083521 12.1655250606 12.1655250606 16.9705627485 16.9705627485 21.0950231097 20.0 46.3249392876 46.5295604965 17.0880074906 18.3847763109 29.1547594742 30.4138126515 16.7630546142 14.8660687473 16.4924225025 15.8113883008 15.5563491861 22.1359436212 10.8166538264 10.0 33.6154726279 33.0605505096 34.885527085 28.0713376952 30.0166620396 54.4518135602 55.1724568965 
1626 116.0 20.0997512422 20.0997512422 30.0 24.0 43.0116263352 28.6530975638 29.5296461205 23.769728648 24.7386337537 58.0086200491 32.0624390838 32.2490309932 36.7695526217 37.5765884561 12.1655250606 12.1655250606 16.9705627485 16.9705627485 22.8473193176 24.1660919472 41.6773319683 41.3400532172 18.973665961 19.3132079158 30.5286750449 31.384709653 14.5602197786 16.1245154966 16.4924225025 16.6433169771 17.2046505341 24.7386337537 10.8166538264 10.8166538264 33.6154726279 31.0 34.4818792991 29.8328677804 32.3882694814 52.6307894678 53.7587202229 
1635 113.004424692 18.0 20.0249843945 31.0 20.0249843945 39.0128184063 23.6008474424 24.8394846967 19.4164878389 20.3960780544 61.0 30.4138126515 31.5753068077 35.3411940941 35.77708764 10.1980390272 10.0498756211 18.0277563773 17.2046505341 24.6981780705 23.2594066992 43.8292140016 44.283179651 16.1554944214 15.8113883008 28.3019433962 29.6816441593 15.2970585408 15.0 16.2788205961 16.2788205961 14.4222051019 20.3960780544 13.0 12.5299640861 32.6496554346 32.0 33.5410196625 31.1448230048 31.064449134 53.0754180389 53.1507290637 
1643 120.0 20.0249843945 20.0 35.0142828 25.0199920064 45.0111097397 27.2029410175 27.4590604355 21.3775583264 23.5372045919 66.0302960769 33.3766385366 35.3553390593 39.3573373083 39.8120584748 13.152946438 12.0415945788 16.9705627485 17.0293863659 21.4709105536 21.4709105536 47.4130783645 47.0106370942 18.3847763109 19.6977156036 31.384709653 33.2866339542 17.7200451467 15.6204993518 18.4390889146 17.2046505341 14.7648230602 23.5372045919 10.6301458127 10.0 34.885527085 33.0 34.885527085 30.0665927567 31.064449134 55.3172667438 55.9016994375 
1645 117.209214655 18.0277563773 18.1107702763 32.0624390838 20.0249843945 38.0525951809 25.0 26.4007575649 21.2132034356 23.0867927612 58.3095189485 29.8328677804 30.4138126515 34.4818792991 35.3411940941 10.0498756211 10.1980390272 16.4012194669 17.2046505341 24.3515913238 24.1660919472 42.5440947724 42.5440947724 15.5241746963 18.3575597507 27.2029410175 30.4138126515 15.8113883008 14.8660687473 17.2626765016 15.2643375225 16.2788205961 23.0867927612 12.0830459736 11.1803398875 35.8468966579 34.0587727319 36.7151195014 31.1448230048 38.0525951809 53.0754180389 55.1543289326 
1673 117.106788872 20.2237484162 20.0 32.0624390838 21.0950231097 46.1735855225 25.2388589282 25.6124969497 18.973665961 20.3960780544 62.0725382114 30.2654919008 30.8058436015 35.8468966579 35.8468966579 10.4403065089 11.0453610172 18.0277563773 17.0293863659 22.0227155455 21.9544984001 48.3011387029 45.7930125674 15.2643375225 15.8113883008 29.7321374946 29.1547594742 17.4642491966 12.7279220614 16.1554944214 13.4536240471 15.6204993518 20.3960780544 12.0830459736 13.0 33.1058907145 33.0 33.1058907145 28.1602556807 32.0624390838 56.0802995712 56.639209034 
