Leaf
625 126.063476075 22.2036033112 21.5870331449 35.0142828 24.0208242989 41.0487515035 24.6981780705 25.079872408 20.1246117975 21.0950231097 58.0775343829 33.5410196625 33.3766385366 39.3573373083 39.8120584748 12.1655250606 12.3693168769 17.0293863659 16.2788205961 21.1896201004 21.4709105536 37.2021504755 37.2155881319 15.6524758425 16.6433169771 31.0161248385 31.3209195267 17.4642491966 14.1421356237 18.2482875909 14.2126704036 17.8044938148 21.0950231097 8.94427191 10.0 26.0768096208 24.0208242989 26.4007575649 37.6961536499 38.6264158317 59.3969696197 58.7281874401 
470 110.040901487 20.2237484162 20.2237484162 32.0 22.0 37.0 26.0768096208 25.0599281723 19.9248588452 20.6155281281 58.0 37.3363094052 37.3363094052 42.1544778167 42.1544778167 11.1803398875 11.1803398875 17.691806013 16.4012194669 18.973665961 20.1246117975 36.0555127546 34.4818792991 16.4924225025 17.88854382 27.2946881279 30.8706980809 15.2970585408 17.0293863659 17.2626765016 15.8113883008 17.0293863659 20.6155281281 10.7703296143 11.1803398875 20.591260282 20.0997512422 23.4307490277 29.1547594742 36.6742416418 54.2033209315 57.4891294072 
2 124.064499354 22.0227155455 21.2132034356 31.0161248385 20.0249843945 41.0487515035 26.6270539114 27.7848879789 22.1359436212 22.1359436212 60.0749531835 36.4965751818 36.3455636908 40.3112887415 40.8533964316 10.0498756211 10.1980390272 15.5563491861 15.0 22.360679775 21.9544984001 37.4432904537 38.5875627631 19.9248588452 20.2484567313 33.2866339542 32.2490309932 15.5241746963 17.4928556845 16.2788205961 18.3575597507 17.0293863659 22.1359436212 9.8488578018 10.0 27.4590604355 24.0 26.0768096208 34.4818792991 34.1760149813 55.8659108939 57.3846669416 
41 113.004424692 21.2132034356 20.0249843945 31.0 24.0208242989 39.0128184063 25.2388589282 25.0 19.3132079158 19.6468827044 60.0083327547 33.2415402772 34.1320963318 39.3954312072 39.0 12.3693168769 12.1655250606 20.0 19.2093727123 22.4722050542 22.1359436212 38.0788655293 37.7359245282 17.0880074906 16.7630546142 29.9666481275 29.1547594742 16.2788205961 16.4012194669 15.2970585408 16.4012194669 16.9705627485 19.6468827044 12.5299640861 13.416407865 27.0185121722 24.0208242989 26.6270539114 36.4005494464 30.0166620396 56.7274184147 54.083269132 
92 116.107708616 21.0950231097 20.0 36.0138862107 26.0192236625 39.0512483795 23.8537208838 23.0217288664 19.6977156036 20.2484567313 62.0322496771 34.2344855372 34.5253530033 40.718546143 40.7062648741 13.3416640641 13.152946438 17.691806013 18.4390889146 23.4093998214 23.5372045919 38.4707681233 38.275318418 17.88854382 17.88854382 32.2024843762 32.2490309932 18.2482875909 16.4012194669 18.4390889146 15.6204993518 14.8660687473 20.2484567313 10.6301458127 9.43398113206 27.0185121722 24.0208242989 26.9258240357 32.2024843762 31.384709653 54.6443043693 55.4436651025 
112 110.040901487 21.0237960416 20.0997512422 33.0151480384 24.0 42.0119030752 26.0768096208 26.4196896272 22.1359436212 22.1359436212 60.0333240792 36.3455636908 37.2155881319 41.629316593 42.1544778167 12.1655250606 12.1655250606 19.2093727123 19.2093727123 24.3515913238 24.1660919472 41.6773319683 42.5440947724 17.7200451467 18.3847763109 30.5286750449 30.886890423 16.4924225025 17.0293863659 17.2626765016 17.2046505341 17.0293863659 22.1359436212 12.0830459736 12.5299640861 26.0768096208 25.0 26.0768096208 29.5296461205 29.5296461205 57.4282160614 58.2494635168 
120 109.01834708 19.0262975904 19.0262975904 34.0 23.0217288664 39.0 26.4196896272 26.83281573 22.803508502 24.0416305603 59.0084739677 35.5105618091 34.3656805549 41.629316593 41.629316593 11.401754251 12.6491106407 17.691806013 17.8044938148 19.6977156036 20.6155281281 39.1152144312 37.5898922584 17.7200451467 19.6977156036 28.8444102037 31.9061122671 17.4642491966 17.691806013 17.4642491966 16.6433169771 18.6010752377 24.0416305603 9.43398113206 10.0 23.8537208838 23.0217288664 25.0 28.6530975638 31.304951685 54.4058820349 54.4058820349 
145 112.071405809 19.1049731745 20.2237484162 32.0 23.0217288664 39.0512483795 24.1660919472 28.1780056072 21.9317121995 23.0867927612 55.0817574157 37.483329628 36.1247837364 42.5440947724 41.7851648316 11.1803398875 12.3693168769 15.6204993518 15.5563491861 21.1896201004 21.0237960416 38.275318418 38.4707681233 18.3847763109 19.6977156036 30.0166620396 31.7647603485 16.2788205961 16.6433169771 16.2788205961 17.0 14.7648230602 23.0867927612 8.0622577483 9.21954445729 26.4196896272 25.0199920064 26.6270539114 32.8937684068 33.2415402772 55.9016994375 55.4436651025 
155 111.018016556 20.0997512422 20.2237484162 33.0605505096 24.0 37.0 25.0599281723 25.9422435421 21.5406592285 21.5406592285 57.0788927713 34.7131099154 36.0555127546 40.7062648741 40.4969134626 12.1655250606 12.1655250606 19.2093727123 19.2093727123 20.2484567313 19.9248588452 37.2155881319 36.7151195014 20.1246117975 19.2353840617 33.1209903234 32.2024843762 18.4390889146 16.6433169771 15.1327459504 16.1554944214 15.5563491861 21.5406592285 12.0830459736 12.0830459736 25.2388589282 23.0 25.2388589282 34.7850542619 33.6154726279 55.9016994375 55.4436651025 
186 115.03912378 19.1049731745 18.2482875909 34.0 24.0 39.0 24.1867732449 23.2594066992 20.2484567313 19.6977156036 56.0 34.7131099154 34.1320963318 41.5932686862 39.9249295554 12.3693168769 12.3693168769 18.3847763109 17.0293863659 20.6155281281 20.2484567313 34.6698716467 35.2278299076 18.8679622641 19.7230829233 32.2024843762 31.304951685 18.2482875909 15.2643375225 16.2788205961 15.2315462117 14.2126704036 19.6977156036 9.43398113206 10.0 25.6124969497 21.0950231097 21.9544984001 38.6005181312 32.2024843762 57.3149195236 54.5618914628 
250 106.018866246 18.1107702763 20.0249843945 33.0151480384 21.0237960416 38.1182371051 25.0599281723 24.1867732449 20.8806130178 21.5406592285 57.0350769264 35.3553390593 35.6931365951 40.8533964316 41.1460812229 10.4403065089 11.1803398875 18.0277563773 17.8044938148 21.5406592285 23.769728648 41.1460812229 39.4461658466 16.5529453572 18.3575597507 28.1780056072 32.6496554346 16.2788205961 15.0 17.4642491966 14.4222051019 14.2126704036 21.5406592285 11.1803398875 12.5299640861 24.1867732449 24.0208242989 27.2029410175 28.6530975638 35.1140997322 56.6038867923 58.137767415 
257 112.871608476 21.5870331449 20.0 28.4429253067 21.0950231097 39.3192065027 24.6981780705 24.2074368738 21.6333076528 19.6468827044 52.7730992078 38.0131556175 35.5105618091 42.4499705536 39.8120584748 10.4403065089 11.0453610172 15.6204993518 14.8660687473 21.400934559 20.6155281281 40.718546143 38.8329756779 18.6010752377 17.4642491966 33.5261092285 29.4108823397 16.0312195419 14.8660687473 13.416407865 13.6014705087 15.8113883008 19.6468827044 8.60232526704 8.94427191 26.2488094968 24.1867732449 25.495097568 36.6878726557 29.4108823397 58.137767415 53.8144961883 
286 118.342722632 20.0997512422 19.6468827044 33.0605505096 22.0227155455 38.0525951809 25.0 25.495097568 18.6815416923 19.6977156036 59.2114853723 34.7131099154 35.2278299076 40.249223595 40.8533964316 11.1803398875 11.401754251 16.9705627485 16.4012194669 19.9248588452 20.591260282 37.4432904537 37.1214223865 16.1554944214 17.4928556845 29.0688837075 29.7321374946 16.7630546142 14.1421356237 17.2626765016 14.4222051019 16.6433169771 19.6977156036 9.48683298051 10.0 25.5538646784 23.0867927612 25.6124969497 35.1710107901 36.2491379208 55.8659108939 57.6281181369 
302 116.155068766 20.0997512422 20.2237484162 32.0156211872 23.0 40.0 25.0 24.1867732449 18.6815416923 19.6977156036 59.0338885726 36.3455636908 37.2155881319 39.8120584748 39.9249295554 12.0 11.0 16.9705627485 16.2788205961 22.1359436212 23.2594066992 38.8329756779 36.7151195014 17.0880074906 18.3575597507 29.5296461205 31.7804971641 15.5241746963 15.0 17.2626765016 15.2643375225 14.4222051019 19.6977156036 10.7703296143 11.6619037897 25.9422435421 25.079872408 28.0178514522 31.6227766017 35.8468966579 55.1724568965 57.4891294072 
320 109.041276588 20.3960780544 19.0262975904 31.0161248385 22.0227155455 38.0131556175 27.7848879789 28.6530975638 20.8806130178 24.5153013443 59.0 36.2215405525 36.3455636908 41.7851648316 41.2310562562 11.401754251 11.1803398875 18.6010752377 17.8044938148 20.6155281281 20.6155281281 40.3112887415 38.4707681233 17.7200451467 19.9248588452 28.1780056072 30.8058436015 16.1245154966 18.6010752377 15.2970585408 18.3575597507 17.2046505341 24.5153013443 11.6619037897 12.0830459736 26.4196896272 25.0199920064 27.4590604355 32.6496554346 33.6154726279 59.4053869611 57.008771255 
388 114.070153853 20.3960780544 20.0997512422 33.0605505096 24.0831891576 38.1182371051 25.5538646784 25.2388589282 19.3132079158 19.9248588452 60.0749531835 34.1320963318 34.5253530033 39.9249295554 39.3573373083 12.3693168769 12.0415945788 17.0293863659 17.0293863659 21.1896201004 22.1359436212 37.5765884561 38.0131556175 17.4642491966 17.0880074906 29.5465734054 29.5296461205 16.2788205961 15.8113883008 17.7200451467 15.5563491861 14.8660687473 19.9248588452 9.43398113206 9.8488578018 25.2388589282 24.0208242989 26.9258240357 33.6154726279 34.7850542619 55.6057550978 57.2800139665 
428 112.004464197 20.0997512422 19.1049731745 33.0 22.0227155455 39.0128184063 26.6270539114 25.0599281723 20.6155281281 21.1896201004 60.0 34.3656805549 35.5105618091 40.3112887415 40.718546143 11.401754251 11.1803398875 19.2093727123 17.2046505341 21.5406592285 20.1246117975 39.6610640301 38.0131556175 16.7630546142 17.4642491966 28.6530975638 29.5296461205 16.4924225025 16.2788205961 17.4642491966 15.6204993518 15.6204993518 21.1896201004 10.7703296143 11.6619037897 25.5538646784 24.0831891576 27.2029410175 30.6757233004 33.5261092285 54.5618914628 54.6717477313 
468 110.548631832 19.0262975904 19.2353840617 30.1496268634 21.0237960416 38.2099463491 28.0178514522 30.4630924235 24.1867732449 25.9615099715 58.5491246732 35.5105618091 37.1214223865 40.3112887415 42.3792402008 10.1980390272 11.401754251 18.4390889146 17.4928556845 23.5372045919 23.3238075794 38.4187454246 36.7695526217 20.2237484162 21.9317121995 30.4138126515 32.7566787083 14.3178210633 17.2046505341 17.2626765016 18.7882942281 17.691806013 25.9615099715 11.7046999107 12.2065556157 24.6981780705 23.769728648 30.4138126515 26.9258240357 36.4005494464 52.4976189936 56.6127194189 
474 111.04053314 19.0262975904 18.1107702763 36.0138862107 24.0 38.0 26.9258240357 26.83281573 22.5610283454 22.803508502 62.0322496771 33.5410196625 34.5253530033 39.3573373083 40.249223595 12.1655250606 12.1655250606 19.2093727123 19.2093727123 22.803508502 23.4093998214 39.4461658466 38.4707681233 17.0880074906 18.8679622641 29.1547594742 31.304951685 17.4642491966 16.2788205961 19.2353840617 15.8113883008 17.691806013 22.803508502 13.0 13.416407865 25.5538646784 25.0199920064 26.0768096208 29.1547594742 34.1760149813 53.4134814443 56.7274184147 
490 119.0 21.2132034356 20.0249843945 36.0138862107 23.0 40.0 26.9258240357 26.9258240357 21.1896201004 22.803508502 64.0078120232 34.5253530033 35.6931365951 40.718546143 42.4852915725 11.401754251 12.3693168769 17.691806013 17.0293863659 21.5406592285 21.9317121995 38.5875627631 38.5875627631 19.3132079158 18.7882942281 31.7647603485 32.2490309932 18.6815416923 17.0293863659 18.4390889146 16.4012194669 14.8660687473 22.803508502 9.43398113206 11.401754251 26.0768096208 24.0 26.0768096208 32.2800247831 35.1710107901 54.4885309033 56.5685424949 
531 113.0 20.2237484162 19.0262975904 34.0147027034 22.0227155455 38.0131556175 27.7308492477 27.7848879789 23.4093998214 23.5372045919 60.0333240792 36.4965751818 36.4965751818 42.5440947724 41.629316593 11.401754251 11.1803398875 16.2788205961 15.5563491861 20.1246117975 19.3132079158 36.7151195014 36.8917334914 19.6977156036 20.2484567313 31.7647603485 31.6227766017 18.1107702763 18.8679622641 16.2788205961 18.3575597507 17.0293863659 23.5372045919 8.60232526704 9.43398113206 27.2946881279 25.0199920064 25.495097568 33.2415402772 33.2415402772 55.1724568965 56.5862174032 
540 112.071405809 19.0262975904 19.2353840617 30.0665927567 24.0 40.0 25.8069758011 25.5538646784 20.3960780544 19.9248588452 58.0775343829 34.0587727319 36.2215405525 39.5600808897 42.1544778167 12.3693168769 12.3693168769 18.4390889146 18.4390889146 18.973665961 20.591260282 39.9624824054 38.9486841883 18.6815416923 20.1246117975 29.4108823397 31.7647603485 14.8660687473 15.8113883008 16.2788205961 16.5529453572 15.2643375225 19.9248588452 10.8166538264 10.8166538264 25.9422435421 25.079872408 27.4590604355 29.4108823397 35.4400902933 53.9073278878 58.0 
619 114.354711315 21.0237960416 20.3960780544 31.0161248385 25.0199920064 40.1123422403 28.6006992922 28.6356421266 22.360679775 23.4093998214 60.1331855135 36.2215405525 36.0555127546 41.629316593 41.4366987102 13.152946438 12.3693168769 17.691806013 17.691806013 21.5870331449 21.4709105536 36.4005494464 36.7151195014 19.2353840617 21.5406592285 30.0 32.2490309932 14.5602197786 18.6010752377 17.2626765016 19.2353840617 16.2788205961 23.4093998214 10.0 10.6301458127 25.9422435421 23.0867927612 26.4007575649 29.7321374946 35.3411940941 53.0754180389 57.6281181369 
621 116.107708616 22.0907220344 22.2036033112 32.0 24.0208242989 41.0 24.4131112315 26.0768096208 19.6977156036 20.6155281281 60.0333240792 37.3363094052 36.1247837364 42.5440947724 41.7851648316 12.1655250606 12.3693168769 18.3847763109 17.8044938148 20.2484567313 22.360679775 37.5898922584 40.2243707222 15.8113883008 16.5529453572 29.9666481275 31.384709653 16.1245154966 17.0293863659 16.1245154966 15.8113883008 15.5563491861 20.6155281281 10.295630141 12.2065556157 28.6006992922 25.079872408 26.4196896272 34.1760149813 32.3109888428 55.4436651025 57.3846669416 
623 106.38138935 20.6155281281 20.0249843945 31.1448230048 23.1948270095 39.2045915678 26.5706605112 27.7848879789 22.825424421 23.769728648 54.1479454827 37.0 37.8549864615 42.4499705536 42.9418211072 11.7046999107 12.0415945788 18.8679622641 18.3847763109 22.360679775 21.8403296678 35.77708764 36.235341864 19.7230829233 18.973665961 32.3109888428 31.064449134 16.0312195419 17.0880074906 15.5241746963 16.6433169771 15.6524758425 23.769728648 10.8166538264 11.7046999107 24.2074368738 22.0907220344 25.0599281723 28.3019433962 31.0161248385 51.6236379966 54.4518135602 
657 112.004464197 22.2036033112 20.2237484162 31.0 22.0 39.0128184063 26.9258240357 25.5538646784 21.5406592285 20.2484567313 58.0086200491 34.5253530033 34.1320963318 40.249223595 38.275318418 12.1655250606 10.1980390272 16.2788205961 14.8660687473 21.0237960416 21.5406592285 37.5898922584 38.275318418 17.0880074906 15.8113883008 30.8706980809 27.7308492477 17.2626765016 17.0293863659 14.3178210633 15.0 17.0293863659 20.2484567313 9.21954445729 9.21954445729 28.0178514522 25.079872408 25.495097568 35.7351367704 27.7848879789 56.639209034 54.4058820349 
706 117.106788872 22.0907220344 21.0237960416 34.0587727319 21.0 39.0512483795 24.6981780705 23.6008474424 21.0237960416 19.3132079158 61.1310068623 33.3766385366 32.0156211872 38.4837628098 37.5898922584 11.1803398875 10.1980390272 18.6010752377 18.0277563773 21.4709105536 22.4722050542 35.3553390593 36.4005494464 18.8679622641 18.0277563773 34.9284983931 31.384709653 18.2482875909 15.2643375225 16.7630546142 15.6204993518 15.5563491861 19.3132079158 11.7046999107 12.6491106407 26.2488094968 23.1948270095 24.1867732449 35.7351367704 32.5729949498 53.7587202229 53.0377224247 
743 111.004504413 21.0950231097 21.2132034356 32.0156211872 24.0208242989 38.0131556175 24.4131112315 25.2388589282 19.3132079158 19.3132079158 60.0 35.1283361405 35.3553390593 40.3112887415 39.3954312072 13.152946438 11.0453610172 19.4164878389 19.8494332413 20.2484567313 20.2484567313 39.4461658466 37.5898922584 16.1554944214 18.3847763109 29.9666481275 31.304951685 17.1172427686 17.0293863659 15.2970585408 16.1245154966 13.6014705087 19.3132079158 13.0 13.3416640641 26.0 26.0768096208 28.3019433962 28.4604989415 35.1710107901 53.9073278878 55.8659108939 
747 113.070774296 19.2353840617 19.2353840617 34.0147027034 22.0 39.0128184063 24.1867732449 25.9422435421 19.3132079158 21.1896201004 58.0775343829 36.3455636908 37.6563407675 42.1544778167 43.8634243989 11.401754251 11.401754251 16.2788205961 16.2788205961 18.0277563773 19.4164878389 36.8917334914 37.2155881319 18.6815416923 19.6977156036 28.3019433962 30.886890423 15.5241746963 17.2046505341 19.2353840617 18.6010752377 12.7279220614 21.1896201004 9.43398113206 8.60232526704 22.825424421 22.0907220344 26.2488094968 30.4630924235 36.6878726557 53.9073278878 56.5862174032 
820 114.280357017 21.2132034356 21.0 31.064449134 23.0 40.0124980475 26.83281573 25.2388589282 22.8473193176 22.1359436212 57.2188780037 35.0570962859 33.5410196625 40.162171256 40.249223595 11.401754251 12.3693168769 17.691806013 17.0293863659 23.769728648 24.3515913238 39.8246155035 39.9624824054 16.1245154966 16.5529453572 31.0161248385 31.7647603485 16.1245154966 14.4222051019 15.5241746963 13.6014705087 18.8679622641 22.1359436212 8.94427191 10.0 25.0 23.0217288664 24.1867732449 32.6496554346 33.8378486314 58.0086200491 58.7281874401 
828 111.04053314 21.0950231097 21.0950231097 32.0156211872 23.0 41.0121933088 25.5538646784 25.2388589282 21.5406592285 20.2484567313 59.0 38.3275357935 39.2045915678 43.4626276242 43.6577599059 12.1655250606 11.1803398875 16.2788205961 16.9705627485 21.4709105536 21.5406592285 38.275318418 36.8917334914 17.88854382 17.0880074906 32.2024843762 30.4138126515 17.2626765016 15.8113883008 15.1327459504 16.6433169771 14.8660687473 20.2484567313 10.0 10.295630141 26.0768096208 23.0 24.6981780705 31.3209195267 29.1547594742 54.4885309033 54.4058820349 
858 118.004237212 20.0997512422 21.0950231097 31.0 22.0 40.049968789 28.3019433962 26.9258240357 22.5610283454 22.1359436212 60.0083327547 33.2415402772 33.3766385366 38.6264158317 39.8120584748 10.4403065089 12.3693168769 17.691806013 16.4012194669 20.2484567313 20.2484567313 37.7359245282 39.4461658466 17.4642491966 18.3847763109 28.3019433962 31.7647603485 14.5602197786 16.4012194669 17.4642491966 16.4012194669 18.4390889146 22.1359436212 9.48683298051 11.401754251 26.4196896272 25.0199920064 28.0178514522 30.8706980809 33.5261092285 54.8178802947 55.9732078766 
884 124.004032193 22.0907220344 22.0907220344 36.0138862107 27.0 48.0 25.8069758011 26.4007575649 20.2484567313 19.9248588452 67.007462271 35.3553390593 34.2344855372 41.5932686862 39.8120584748 14.1421356237 13.152946438 21.2132034356 19.2093727123 22.360679775 22.825424421 39.4081209905 40.6078810085 15.6524758425 16.1554944214 31.384709653 30.8706980809 19.1049731745 16.9705627485 17.2626765016 16.2788205961 19.1049731745 19.9248588452 12.0830459736 12.5299640861 26.2488094968 22.0907220344 23.8537208838 33.6154726279 28.6356421266 58.0517010948 55.3172667438 
921 114.004385881 20.2237484162 20.2237484162 31.0161248385 21.0237960416 38.0 24.1867732449 26.0768096208 19.6977156036 19.9248588452 57.0 35.2278299076 35.5105618091 40.8533964316 40.3112887415 11.401754251 10.1980390272 19.4164878389 18.0277563773 20.2484567313 20.591260282 36.3593179254 36.3593179254 17.88854382 18.0277563773 30.8706980809 29.5296461205 16.2788205961 15.2643375225 15.5241746963 15.8113883008 14.1421356237 19.9248588452 11.7046999107 12.0830459736 26.0768096208 24.0208242989 27.4590604355 34.4383507154 35.4682957019 56.2227711875 57.3846669416 
929 113.039815994 18.0277563773 19.1049731745 34.0147027034 24.0208242989 40.0124980475 24.6981780705 24.1660919472 20.6155281281 21.9317121995 57.0350769264 37.2155881319 37.483329628 41.7851648316 44.283179651 11.1803398875 13.3416640641 16.9705627485 17.691806013 19.6468827044 21.9544984001 38.5875627631 39.4461658466 17.0880074906 20.0 28.3019433962 34.0147027034 15.5241746963 15.0 19.2353840617 14.7648230602 17.0293863659 21.9317121995 9.43398113206 10.6301458127 25.0599281723 24.0831891576 28.6006992922 27.4590604355 35.1140997322 54.3783044973 58.8982172905 
955 115.524889093 20.3960780544 21.0 31.2569992162 21.0950231097 40.1123422403 23.769728648 22.4722050542 21.0950231097 21.0237960416 52.4690384894 34.0147027034 33.2415402772 40.2616442784 40.8166632639 10.295630141 12.3693168769 18.3575597507 18.4390889146 23.7065391823 23.4093998214 37.1214223865 37.8021163429 17.8044938148 19.4164878389 32.5729949498 35.77708764 14.1421356237 12.3693168769 18.0277563773 11.6619037897 16.4012194669 21.0237960416 10.295630141 10.8166538264 25.495097568 23.0867927612 25.2388589282 35.0 36.7695526217 58.3095189485 58.6941223633 
970 116.0 20.0997512422 20.0997512422 35.0142828 25.0 46.0108682813 23.3238075794 23.8537208838 19.6977156036 19.3132079158 60.0083327547 35.1283361405 36.6742416418 40.8533964316 43.8292140016 12.3693168769 13.3416640641 17.691806013 18.3847763109 21.4709105536 21.0950231097 40.8044115262 40.4969134626 18.3575597507 19.4164878389 32.2024843762 34.0147027034 17.2626765016 15.2643375225 18.1107702763 15.6524758425 14.2126704036 19.3132079158 10.0 10.0 27.2946881279 26.0768096208 30.0 27.3130005675 36.8781778292 54.0370243444 58.0 
979 121.004132161 21.0950231097 21.0950231097 32.0156211872 25.0199920064 43.0464865001 24.2074368738 23.8537208838 18.0277563773 19.6977156036 60.0333240792 36.2215405525 36.1247837364 41.629316593 41.7851648316 13.152946438 12.3693168769 19.1049731745 19.2093727123 20.2484567313 21.0950231097 36.6196668472 38.8329756779 15.8113883008 15.6524758425 29.0688837075 30.4630924235 15.2970585408 15.6204993518 17.1172427686 15.6204993518 15.8113883008 19.6977156036 12.0830459736 12.2065556157 27.4590604355 25.0199920064 26.0768096208 36.4005494464 33.8378486314 57.9827560573 55.8659108939 
1091 113.004424692 18.1107702763 19.0262975904 31.0161248385 24.0208242989 41.0 26.4196896272 25.9422435421 21.5870331449 23.0867927612 56.0089278598 37.0540146273 37.3363094052 43.3243580449 43.4626276242 12.6491106407 12.3693168769 19.2093727123 18.4390889146 22.1359436212 22.360679775 37.7359245282 38.275318418 18.0277563773 20.591260282 28.3019433962 33.6154726279 14.1421356237 17.0 17.2626765016 16.5529453572 17.0293863659 23.0867927612 10.8166538264 10.8166538264 24.6981780705 23.0217288664 26.6270539114 32.4499614792 35.8468966579 58.2494635168 60.207972894 
1114 111.018016556 23.0217288664 21.0950231097 34.0147027034 25.0 41.0 23.4307490277 25.5538646784 18.7882942281 21.5406592285 62.0725382114 34.9284983931 33.0151480384 40.8166632639 36.4005494464 13.0384048104 12.0415945788 19.7989898732 17.8044938148 25.2982212813 25.2982212813 37.4432904537 36.8917334914 15.2643375225 17.0 33.2415402772 31.7804971641 18.1107702763 14.8660687473 16.2788205961 14.4222051019 14.1421356237 21.5406592285 13.0 13.8924439894 25.6124969497 22.0 25.2388589282 32.8937684068 27.2946881279 53.8144961883 52.4309069157 
1118 118.067777145 21.2132034356 21.2132034356 34.0147027034 26.0192236625 43.0 26.6270539114 27.7848879789 19.9248588452 22.1359436212 63.0713881249 36.3455636908 38.1182371051 42.9534631898 43.0813184571 13.3416640641 13.152946438 20.6155281281 19.8494332413 19.6977156036 19.2353840617 38.0131556175 37.4432904537 16.4924225025 18.0277563773 28.1780056072 30.4138126515 17.2626765016 18.3847763109 17.1172427686 18.6010752377 17.691806013 22.1359436212 12.0830459736 12.0830459736 22.2036033112 21.0237960416 23.6008474424 33.6154726279 31.9061122671 58.2580466545 57.8013840665 
1453 108.041658632 20.0249843945 20.0997512422 28.0178514522 22.0227155455 34.1320963318 26.4007575649 25.0599281723 20.3960780544 21.5406592285 56.0357029045 37.1214223865 37.1214223865 41.4366987102 42.3792402008 11.1803398875 11.401754251 17.691806013 17.2046505341 22.360679775 21.5406592285 36.8917334914 36.7695526217 17.1172427686 19.6977156036 27.2029410175 32.2490309932 12.1655250606 18.0277563773 16.0312195419 18.7882942281 14.1421356237 21.5406592285 9.8488578018 10.8166538264 26.4007575649 25.179356624 29.206163733 31.384709653 34.7850542619 54.6717477313 53.600373133 
1632 119.004201606 21.2132034356 19.1049731745 34.0 22.0 41.0121933088 26.0768096208 24.1867732449 20.2484567313 20.2484567313 60.0083327547 35.5105618091 35.5105618091 40.718546143 40.718546143 11.1803398875 11.1803398875 17.691806013 16.4012194669 19.2353840617 18.8679622641 37.2021504755 36.3593179254 14.8660687473 15.6524758425 28.231188427 28.6356421266 17.1172427686 16.9705627485 17.1172427686 15.6204993518 15.6204993518 20.2484567313 11.1803398875 11.6619037897 24.6981780705 23.0217288664 24.4131112315 35.4682957019 34.5398320783 57.9827560573 55.9016994375 
1638 106.004716876 20.0997512422 20.0997512422 32.0156211872 21.0 35.0142828 23.3238075794 23.8537208838 19.6977156036 19.3132079158 57.008771255 35.3553390593 36.4965751818 41.2310562562 42.1544778167 11.401754251 10.4403065089 18.8679622641 19.4164878389 22.4722050542 20.8806130178 34.4818792991 35.8468966579 16.1554944214 15.8113883008 29.0688837075 28.1780056072 16.2788205961 15.6204993518 16.1245154966 17.0293863659 17.4928556845 19.3132079158 12.5299640861 11.401754251 23.6008474424 21.0237960416 23.0217288664 34.9857113691 33.1209903234 57.2013985843 55.8032257132 
1642 114.109596441 19.0262975904 19.1049731745 30.0166620396 23.0217288664 38.0525951809 26.6270539114 26.0768096208 21.3775583264 20.6155281281 59.0084739677 36.3455636908 36.0555127546 41.629316593 41.1096095822 12.1655250606 11.401754251 19.1049731745 18.0277563773 21.1896201004 20.6155281281 34.4093010682 34.9857113691 18.6815416923 18.6815416923 29.4108823397 28.8444102037 16.2788205961 18.6010752377 14.1421356237 18.3575597507 18.3847763109 20.6155281281 11.1803398875 11.6619037897 23.6008474424 20.0 22.803508502 36.7695526217 34.1320963318 57.2800139665 56.6127194189 
1656 114.070153853 19.0 19.1049731745 32.0624390838 22.0227155455 38.0 26.2488094968 27.8028775489 20.0997512422 20.0997512422 66.1211010193 33.5410196625 34.2344855372 38.9101529167 39.9249295554 11.1803398875 11.401754251 17.8044938148 18.6010752377 17.88854382 18.7882942281 37.7359245282 36.7151195014 17.4642491966 17.4642491966 28.6006992922 27.4590604355 17.4642491966 18.3847763109 15.1327459504 18.6010752377 15.2643375225 20.0997512422 11.1803398875 11.1803398875 27.2946881279 25.0199920064 26.0768096208 32.9848450049 30.8706980809 54.4518135602 53.4134814443 
1665 115.01738999 20.0997512422 19.2353840617 32.0156211872 22.0227155455 41.1096095822 27.7848879789 26.83281573 22.803508502 22.1359436212 58.0086200491 35.5105618091 35.2278299076 40.718546143 40.8533964316 11.1803398875 11.401754251 15.6204993518 14.8660687473 18.7882942281 18.6010752377 39.6610640301 40.7062648741 18.6815416923 18.973665961 29.6816441593 29.1547594742 16.4924225025 17.8044938148 16.2788205961 18.0277563773 17.2046505341 22.1359436212 8.60232526704 9.21954445729 27.2946881279 25.0199920064 27.2029410175 30.6757233004 32.9848450049 55.9732078766 54.5618914628 
