Leaf
462 138.520756567 24.3310501212 23.0217288664 38.1182371051 28.0713376952 48.0936586256 32.2024843762 31.4006369362 26.9258240357 26.3058928759 71.3442359269 39.3192065027 38.3275357935 46.0977222865 43.382023927 14.3178210633 14.0356688476 21.6333076528 22.627416998 27.7848879789 25.7099202644 48.754486973 49.0917508345 21.4709105536 19.4164878389 37.1618083521 33.6005952328 21.0950231097 20.2484567313 17.7200451467 19.1049731745 21.2602916255 26.3058928759 14.4222051019 13.9283882772 38.275318418 35.2278299076 35.4682957019 42.201895692 34.7131099154 68.0147042925 63.6553218514 
135 129.0 22.0227155455 22.0227155455 36.0 28.0 49.0102030194 30.2324329157 29.0688837075 26.4764045897 26.5706605112 66.0075753228 32.2490309932 32.2490309932 37.5898922584 37.5898922584 14.0356688476 14.0356688476 19.7989898732 19.7989898732 26.9258240357 26.4007575649 44.6542271235 44.9444101085 20.6155281281 21.4709105536 36.0555127546 36.7151195014 17.7200451467 16.6433169771 19.6468827044 16.6433169771 18.3847763109 26.5706605112 12.5299640861 12.5299640861 36.6742416418 34.0147027034 37.2155881319 34.0587727319 37.1214223865 54.0370243444 54.2033209315 
17 129.015502944 22.0227155455 22.0227155455 39.0512483795 26.0 46.0 29.1547594742 28.6530975638 25.0 25.2982212813 68.0294054068 39.6232255123 37.483329628 45.6179789118 43.382023927 13.152946438 13.152946438 21.2602916255 20.0 27.8567765544 27.8567765544 49.6487663492 49.6487663492 20.2484567313 21.5406592285 34.1320963318 35.5105618091 20.3960780544 19.8494332413 19.9248588452 17.8044938148 18.3847763109 25.2982212813 13.0 13.8924439894 36.3593179254 34.0147027034 34.885527085 35.902646142 35.902646142 63.2534584035 63.8905313799 
22 129.0 22.0227155455 22.0227155455 36.0 28.0 42.0 31.9061122671 32.4499614792 26.4764045897 26.3058928759 71.0 35.5105618091 35.0570962859 42.9418211072 41.2310562562 14.3178210633 14.3178210633 23.6008474424 23.6008474424 29.8328677804 29.8328677804 46.0651712251 46.0651712251 20.6155281281 20.8806130178 34.9857113691 33.8378486314 19.6468827044 17.8044938148 17.7200451467 18.6010752377 21.2602916255 26.3058928759 16.1554944214 15.2315462117 33.2866339542 31.0 32.2490309932 41.7612260356 35.4682957019 65.9469483752 63.6003144646 
34 125.0 22.0227155455 22.0227155455 35.0 27.0 49.0102030194 30.0166620396 30.2324329157 25.9615099715 24.5153013443 67.007462271 35.2278299076 35.2278299076 41.1460812229 40.718546143 14.1421356237 13.152946438 21.2602916255 20.6155281281 27.7308492477 26.0 47.1699056603 47.5078940809 19.6977156036 18.973665961 34.4818792991 32.7566787083 18.4390889146 17.2046505341 17.4642491966 17.8044938148 19.1049731745 24.5153013443 14.7648230602 14.3178210633 34.6698716467 30.0166620396 32.7566787083 33.5410196625 30.5941170816 60.207972894 57.6281181369 
35 133.093951778 23.1948270095 23.1948270095 35.0142828 27.0185121722 48.0416485979 30.5286750449 29.1547594742 24.0416305603 23.4093998214 66.0 36.4965751818 36.0555127546 42.9418211072 41.7851648316 14.1421356237 13.3416640641 21.9317121995 20.8086520467 26.0 25.495097568 41.6173040934 43.2666153056 21.0237960416 20.591260282 35.77708764 36.2491379208 18.4390889146 17.4928556845 17.2626765016 16.5529453572 20.5182845287 23.4093998214 14.3178210633 13.8924439894 30.61045573 26.0768096208 28.3019433962 41.2310562562 34.9284983931 63.0317380373 61.8465843843 
48 128.390030766 25.0199920064 24.3310501212 36.0138862107 27.0739727414 49.040799341 32.4499614792 31.7647603485 26.9258240357 25.632011236 69.0289794217 37.8549864615 36.0138862107 43.0464865001 40.4969134626 14.0 13.152946438 21.2132034356 20.8086520467 27.5136329844 29.0688837075 48.5489443758 48.7647413609 21.5870331449 21.1896201004 36.0555127546 34.885527085 19.9248588452 20.5182845287 17.7200451467 18.0277563773 18.4390889146 25.632011236 14.3178210633 14.7648230602 35.3553390593 33.0151480384 35.5105618091 38.2099463491 31.7804971641 62.9682459657 62.9682459657 
79 134.014924542 24.0208242989 24.0 38.0131556175 29.0172362571 48.0104155366 33.0151480384 33.6005952328 26.4764045897 27.2946881279 77.0064932327 41.1946598481 41.3037528561 47.0106370942 46.0977222865 15.1327459504 14.0356688476 22.0227155455 21.9317121995 29.1547594742 28.1602556807 44.1021541424 43.2666153056 22.1359436212 22.803508502 36.8917334914 37.2021504755 20.3960780544 21.400934559 18.6815416923 20.8086520467 18.6010752377 27.2946881279 14.4222051019 14.3178210633 30.2324329157 26.0 31.064449134 35.1710107901 34.205262753 60.8769250209 60.207972894 
103 124.100765509 22.2036033112 22.0 37.0135110466 27.0739727414 47.0425339454 30.886890423 31.9061122671 25.0 27.4590604355 69.0072459963 37.2155881319 38.4707681233 44.7772263545 44.283179651 14.5602197786 13.152946438 20.5182845287 18.3847763109 27.8567765544 27.8567765544 48.7647413609 47.5078940809 22.4722050542 23.769728648 34.9857113691 36.235341864 19.4164878389 20.2484567313 18.6815416923 21.6333076528 17.691806013 27.4590604355 10.8166538264 11.401754251 34.1320963318 32.0 34.4818792991 32.5729949498 32.7566787083 61.611687203 60.3075451333 
113 135.092560861 26.1725046566 24.0831891576 34.0147027034 27.0185121722 45.0111097397 31.064449134 32.0156211872 24.6981780705 23.3452350599 71.0281634283 38.0525951809 38.3275357935 43.6577599059 44.283179651 13.3416640641 14.1421356237 20.6155281281 20.5182845287 25.495097568 24.0416305603 44.7772263545 44.418464629 22.360679775 18.4390889146 39.8120584748 32.2490309932 18.4390889146 17.88854382 16.7630546142 17.691806013 17.2046505341 23.3452350599 13.0 13.416407865 33.0151480384 30.0665927567 30.8706980809 41.9761837236 35.1710107901 64.3506021728 61.554853586 
117 131.0 22.2036033112 22.0907220344 37.0 25.0199920064 49.0 29.6816441593 29.6816441593 22.803508502 23.769728648 69.0 36.4965751818 35.5105618091 42.9534631898 43.382023927 12.3693168769 13.6014705087 21.400934559 21.6333076528 21.9544984001 23.8537208838 48.2597140481 45.6508488421 18.0277563773 18.3847763109 31.304951685 32.6496554346 18.4390889146 17.691806013 19.4164878389 17.691806013 21.2132034356 23.769728648 12.6491106407 13.416407865 30.0166620396 29.0688837075 32.2024843762 33.2415402772 36.4005494464 62.2896460096 61.7170964968 
119 136.014705087 24.0831891576 23.0 36.0 27.0 46.0108682813 32.2024843762 30.8058436015 24.5153013443 25.495097568 73.0068489938 34.1320963318 34.5253530033 39.8120584748 40.7062648741 14.1421356237 13.152946438 21.2602916255 20.6155281281 25.079872408 25.632011236 44.418464629 43.5660418216 20.8806130178 21.1896201004 34.9857113691 36.0555127546 18.4390889146 20.0 18.4390889146 19.4164878389 20.0 25.495097568 13.416407865 13.0 32.2490309932 30.0166620396 30.4138126515 35.1710107901 38.0788655293 61.554853586 62.2414652784 
184 129.096862859 24.0831891576 23.0 36.0138862107 29.0688837075 51.0392006207 31.384709653 30.5286750449 26.2488094968 26.9258240357 68.0294054068 36.0555127546 37.3363094052 42.1544778167 42.9418211072 14.3178210633 15.0332963784 21.2602916255 20.5182845287 25.0599281723 24.1660919472 47.0106370942 48.0104155366 21.0237960416 21.5406592285 37.1214223865 36.8917334914 18.4390889146 17.4928556845 18.6815416923 18.0277563773 19.2093727123 26.9258240357 12.5299640861 13.0 34.1320963318 31.064449134 33.5410196625 32.2800247831 33.3766385366 61.2209114601 61.5223536611 
236 134.059688199 25.0199920064 24.0831891576 36.0138862107 27.0 52.0096144958 30.8058436015 27.7848879789 25.0 24.1660919472 68.0 36.6742416418 37.0540146273 43.8292140016 43.0813184571 13.3416640641 14.3178210633 21.9317121995 20.0 25.0599281723 24.6981780705 46.6154480832 46.3249392876 19.6977156036 21.0950231097 37.1214223865 38.4837628098 18.6815416923 16.4012194669 18.4390889146 15.6524758425 20.0 24.1660919472 13.0 13.6014705087 33.0151480384 28.0 31.064449134 35.902646142 35.1140997322 62.2414652784 63.8905313799 
247 129.034879006 21.0950231097 21.0950231097 36.0138862107 24.0 42.0119030752 30.886890423 28.6530975638 25.7099202644 24.0416305603 65.06919394 43.4165866922 42.4264068712 48.4664832642 47.539457296 12.1655250606 12.1655250606 20.6155281281 19.4164878389 25.2982212813 26.9258240357 46.5295604965 44.72135955 20.1246117975 20.591260282 34.0 34.885527085 18.1107702763 18.3575597507 18.2482875909 17.0 21.9317121995 24.0416305603 12.5299640861 13.8924439894 31.9061122671 30.0166620396 33.2866339542 39.8246155035 41.5932686862 69.0651865993 69.6347614342 
256 126.015872016 23.0217288664 22.0227155455 35.0142828 25.0 39.0128184063 31.7647603485 32.2490309932 28.1602556807 27.6586333719 66.0075753228 37.6563407675 36.1247837364 43.382023927 41.2310562562 12.1655250606 13.152946438 19.1049731745 18.4390889146 25.0 25.9615099715 42.0475920833 42.5440947724 24.1660919472 23.0867927612 39.1152144312 35.8050275799 19.4164878389 20.1246117975 16.7630546142 19.2353840617 20.0 27.6586333719 10.7703296143 13.0384048104 33.8378486314 30.0665927567 31.7647603485 42.7551166529 36.1386219992 61.5223536611 58.7962583844 
265 134.301898721 24.3310501212 25.0199920064 36.1247837364 25.079872408 44.283179651 27.7308492477 28.0178514522 24.1867732449 23.769728648 64.1950153828 38.2099463491 37.6563407675 44.0113621693 42.9418211072 12.3693168769 13.0384048104 19.2093727123 18.3847763109 26.0 28.4604989415 47.4236228055 44.9444101085 19.7230829233 19.6977156036 36.4005494464 37.1214223865 19.2353840617 16.6433169771 18.0277563773 15.0 20.2484567313 23.769728648 10.8166538264 12.5299640861 33.8378486314 32.0156211872 34.885527085 39.8497176903 40.0249921924 64.8151216924 65.0538238692 
290 135.014814002 24.0831891576 24.0208242989 36.0 27.0185121722 52.0096144958 32.7566787083 31.9061122671 26.9258240357 26.9258240357 70.0071424927 32.3882694814 33.2415402772 39.8246155035 38.9101529167 14.3178210633 13.152946438 19.8494332413 19.7989898732 28.6530975638 25.495097568 46.872166581 47.7074417675 24.1660919472 23.4093998214 39.4461658466 38.275318418 19.9248588452 18.3575597507 18.0277563773 18.3575597507 19.1049731745 26.9258240357 12.2065556157 12.0830459736 36.7151195014 33.0 36.3593179254 38.4707681233 36.4965751818 63.6553218514 61.5223536611 
292 121.016527797 22.2036033112 20.0 36.0 26.0 44.0113621693 34.9284983931 31.304951685 30.083217913 28.6356421266 64.1248781675 36.4965751818 36.2215405525 42.4852915725 41.629316593 13.152946438 13.152946438 21.2602916255 20.0 26.5706605112 25.632011236 45.6508488421 46.5295604965 26.5706605112 24.0416305603 38.0131556175 35.4682957019 19.6468827044 22.360679775 17.7200451467 20.591260282 20.2484567313 28.6356421266 12.6491106407 13.8924439894 35.5105618091 32.0624390838 33.1058907145 38.0788655293 29.7321374946 63.0317380373 59.640590205 
307 123.405834546 21.2132034356 20.0 37.2155881319 28.0713376952 43.2897216438 31.384709653 31.384709653 27.5136329844 27.2946881279 65.2763356815 39.2045915678 37.3363094052 45.6946386352 42.4852915725 14.3178210633 14.0356688476 22.4722050542 23.3452350599 28.231188427 29.2745623366 45.6179789118 42.7200187266 24.1867732449 24.0416305603 37.5898922584 35.4682957019 21.0950231097 21.0237960416 17.0880074906 19.2353840617 19.2093727123 27.2946881279 16.1245154966 15.5241746963 32.2024843762 29.0688837075 31.7647603485 39.8497176903 32.8937684068 64.6606526413 59.0338885726 
398 127.393092434 22.0907220344 21.2132034356 35.2278299076 25.179356624 43.2897216438 31.384709653 31.6227766017 28.7923600978 29.1547594742 65.3758365147 35.2278299076 34.5253530033 41.629316593 38.4707681233 13.3416640641 12.0 20.0 18.3847763109 28.6356421266 28.6356421266 47.4236228055 44.418464629 24.1867732449 23.5372045919 38.9486841883 36.7695526217 20.3960780544 18.7882942281 17.0 18.0277563773 20.6155281281 29.1547594742 12.2065556157 13.0 33.8378486314 31.064449134 32.2024843762 40.3112887415 33.9558536927 62.2414652784 59.4642749893 
482 127.035428129 23.0217288664 21.2132034356 36.0138862107 25.0199920064 46.0108682813 27.7848879789 28.1780056072 24.6981780705 23.4093998214 63.0317380373 38.6393581727 38.2099463491 42.9418211072 42.1544778167 13.0 12.0415945788 21.400934559 21.6333076528 28.7923600978 29.1547594742 46.3249392876 45.1774279923 20.591260282 20.591260282 37.1214223865 34.4383507154 19.9248588452 15.0 17.7200451467 14.7648230602 16.9705627485 23.4093998214 16.5529453572 16.1554944214 33.5410196625 31.064449134 34.6698716467 36.4965751818 32.5729949498 62.2253967444 59.4053869611 
525 129.003875911 22.0227155455 21.0 36.0 27.0 49.0102030194 31.7647603485 29.1547594742 27.892651362 25.7099202644 66.0681466366 35.5105618091 35.1283361405 42.0594816896 40.3112887415 14.1421356237 13.152946438 20.5182845287 19.8494332413 27.3130005675 28.231188427 48.0208288142 46.6476151588 22.4722050542 21.5406592285 36.0555127546 35.2278299076 19.9248588452 18.6010752377 18.0277563773 16.6433169771 19.8494332413 25.7099202644 12.0830459736 13.416407865 36.3593179254 33.0 36.7151195014 34.3656805549 32.0156211872 59.4642749893 59.816385715 
547 122.147451877 23.0217288664 22.0907220344 35.0570962859 27.0 49.0102030194 33.6154726279 31.304951685 28.6356421266 27.2029410175 66.0075753228 36.3455636908 38.1182371051 41.5932686862 42.1544778167 14.0356688476 13.0384048104 20.5182845287 19.8494332413 24.6981780705 25.5538646784 48.8262224629 46.0651712251 24.5153013443 25.079872408 36.235341864 38.275318418 18.0277563773 21.6333076528 18.4390889146 20.6155281281 19.2093727123 27.2029410175 12.5299640861 12.5299640861 29.1547594742 29.2745623366 32.2024843762 27.892651362 33.8378486314 60.207972894 62.0080639917 
572 127.015747055 23.1948270095 21.0950231097 36.0 26.0 49.0102030194 30.0166620396 31.7647603485 24.3515913238 26.6833281283 66.0302960769 40.4474968323 40.1995024845 47.0106370942 46.2385120868 13.3416640641 13.3416640641 20.0 21.2602916255 27.2946881279 25.079872408 48.0208288142 48.3735464898 19.6977156036 21.1896201004 34.4383507154 33.2866339542 19.6468827044 17.0293863659 17.7200451467 18.0277563773 17.691806013 26.6833281283 13.6014705087 12.5299640861 34.9857113691 32.0 35.8468966579 37.1079506306 36.4005494464 64.4437739429 65.4369925959 
582 123.328828747 23.0 23.0867927612 36.0555127546 25.0199920064 44.1021541424 28.6530975638 29.5465734054 26.5706605112 27.3130005675 62.128898268 36.4005494464 36.0138862107 42.7200187266 40.162171256 13.0384048104 12.1655250606 21.2602916255 20.2484567313 28.8617393793 28.6356421266 44.6542271235 44.283179651 22.8473193176 23.769728648 38.275318418 37.7359245282 19.9248588452 18.0277563773 17.4642491966 19.6977156036 17.0293863659 27.3130005675 13.6014705087 14.7648230602 34.4383507154 32.0624390838 33.6154726279 38.1182371051 30.6757233004 60.3075451333 57.4282160614 
601 128.035151423 23.0217288664 22.0 37.0 27.0 48.0104155366 31.7647603485 32.2490309932 28.1602556807 28.6356421266 68.0 38.1182371051 38.6393581727 43.0813184571 45.1774279923 13.152946438 14.1421356237 19.8494332413 20.5182845287 28.231188427 28.7923600978 39.4081209905 39.8246155035 24.3515913238 25.0 38.0131556175 37.6430604494 18.6815416923 20.591260282 19.6468827044 22.4722050542 17.8044938148 28.6356421266 13.0384048104 13.6014705087 26.9072480941 21.0237960416 25.6124969497 33.8378486314 36.1386219992 56.639209034 58.0517010948 
640 126.063476075 23.0867927612 22.0227155455 35.0 25.0199920064 46.0108682813 30.5286750449 30.8058436015 25.0 24.3310501212 69.0072459963 36.3455636908 37.3363094052 43.4626276242 43.8634243989 12.6491106407 13.3416640641 20.0 19.8494332413 25.495097568 25.079872408 46.6476151588 44.7772263545 20.8806130178 20.3960780544 34.1320963318 32.2024843762 18.4390889146 20.0 17.4642491966 20.6155281281 17.691806013 24.3310501212 10.8166538264 11.6619037897 31.9061122671 28.0178514522 31.6227766017 35.4400902933 33.2415402772 63.2534584035 59.0338885726 
673 137.364478669 24.0208242989 24.1867732449 39.0512483795 27.0185121722 46.0977222865 32.4499614792 33.6154726279 28.6356421266 30.083217913 70.256672281 36.8781778292 37.2155881319 43.0464865001 42.5440947724 14.0356688476 13.152946438 21.2602916255 21.400934559 28.8617393793 28.6356421266 46.3249392876 46.9574275275 24.0416305603 25.9422435421 39.2045915678 41.1825205639 20.2484567313 20.0 20.6155281281 19.6977156036 19.7989898732 30.083217913 13.9283882772 14.3178210633 36.2491379208 34.0587727319 36.0555127546 38.3275357935 38.0788655293 62.9682459657 61.7170964968 
696 138.708327075 23.0867927612 23.0867927612 37.2155881319 28.0713376952 48.0936586256 30.0 29.5465734054 26.4764045897 27.3130005675 67.3646791724 31.5753068077 33.1360830516 37.7359245282 39.8120584748 14.0356688476 14.3178210633 19.7989898732 21.2602916255 25.2982212813 25.9422435421 48.6004115209 46.0977222865 21.5870331449 22.825424421 36.235341864 38.4707681233 19.2353840617 16.9705627485 20.6155281281 17.4928556845 16.2788205961 27.3130005675 13.416407865 12.5299640861 39.8497176903 37.483329628 43.2666153056 34.9284983931 43.0116263352 55.2177507691 59.4642749893 
719 127.0 22.0907220344 22.0907220344 33.0151480384 25.0 44.0 34.4818792991 33.1058907145 28.4429253067 29.1204395571 64.0078120232 36.2215405525 37.2155881319 40.3112887415 41.629316593 12.0415945788 13.0384048104 17.691806013 18.3847763109 24.6981780705 25.079872408 44.7772263545 44.7772263545 23.769728648 23.0867927612 35.0 35.2278299076 16.7630546142 20.591260282 17.4642491966 20.591260282 20.6155281281 29.1204395571 12.0830459736 12.5299640861 34.0 31.0161248385 35.5105618091 35.5105618091 36.6742416418 59.4642749893 60.207972894 
736 123.101584068 23.1948270095 23.0217288664 30.0166620396 27.0185121722 47.0956473573 30.5286750449 31.6227766017 24.0416305603 25.495097568 64.0078120232 37.0540146273 37.0135110466 41.7851648316 40.8533964316 13.152946438 14.0356688476 20.0 21.2132034356 24.1867732449 24.3515913238 46.5295604965 45.4862616622 20.8806130178 22.5610283454 33.6154726279 35.0 16.4924225025 18.8679622641 14.8660687473 19.2353840617 19.8494332413 25.495097568 13.416407865 13.9283882772 31.384709653 30.0166620396 31.304951685 34.1760149813 31.0161248385 63.41135545 61.0737259384 
752 124.326183887 25.0 25.179356624 36.1247837364 27.0185121722 51.0098029794 33.8378486314 34.885527085 28.6356421266 29.4108823397 71.2530701093 36.3455636908 38.2099463491 42.0475920833 44.7772263545 13.152946438 14.3178210633 19.1049731745 20.5182845287 26.0 27.7848879789 46.872166581 47.1699056603 24.3310501212 26.2488094968 37.6430604494 39.6610640301 18.3847763109 21.400934559 19.4164878389 23.7065391823 17.691806013 29.4108823397 11.6619037897 12.8062484749 33.5410196625 31.064449134 35.5105618091 30.2654919008 34.7131099154 57.3149195236 62.2896460096 
770 134.033577883 24.1867732449 24.0831891576 37.0135110466 26.0 49.0102030194 32.7566787083 32.4499614792 25.9615099715 25.7099202644 72.0277724215 39.2045915678 38.6393581727 43.4626276242 43.8292140016 13.0384048104 13.0384048104 19.2093727123 20.5182845287 26.83281573 27.3130005675 47.1699056603 45.7930125674 24.0416305603 25.0 36.8917334914 38.0131556175 19.4164878389 22.4722050542 18.6815416923 21.9544984001 19.1049731745 25.7099202644 13.0384048104 13.416407865 32.6496554346 31.064449134 33.2866339542 35.8468966579 41.4366987102 66.2193325246 68.6221538572 
783 134.182711256 24.0208242989 23.0867927612 41.0 29.0172362571 44.0113621693 32.7566787083 31.304951685 27.892651362 27.5136329844 72.0 44.5533388199 45.2769256907 51.4781507049 51.0783711565 14.3178210633 15.1327459504 25.0 23.6008474424 28.8617393793 29.1204395571 39.0512483795 34.6698716467 22.360679775 23.8537208838 38.9486841883 40.249223595 21.3775583264 19.4164878389 20.3960780544 17.4642491966 20.5182845287 27.5136329844 16.1554944214 17.0 25.0 20.2237484162 27.6586333719 40.8533964316 44.1021541424 63.6396103068 63.6003144646 
880 129.034879006 24.0 23.0867927612 36.0 27.0185121722 48.0416485979 30.2324329157 31.7647603485 25.9615099715 27.2029410175 68.066144301 39.4588393139 38.1182371051 45.6179789118 44.0113621693 14.1421356237 13.3416640641 20.5182845287 19.2093727123 24.1660919472 23.7065391823 45.4862616622 46.1410879802 18.973665961 21.5406592285 34.9857113691 35.8468966579 18.6815416923 17.691806013 18.6815416923 18.0277563773 19.8494332413 27.2029410175 11.6619037897 11.401754251 31.6227766017 27.0 30.8058436015 37.0 33.6154726279 64.5368112011 62.4259561401 
887 133.015036744 22.0907220344 22.2036033112 35.0142828 29.0172362571 48.0104155366 31.384709653 32.2490309932 25.7099202644 25.7099202644 67.0298440995 40.3112887415 40.0124980475 46.5188133985 45.5411901469 15.1327459504 14.3178210633 22.6715680975 22.803508502 26.9258240357 26.5706605112 47.0106370942 48.8773976394 22.4722050542 22.1359436212 35.5105618091 34.1320963318 19.6468827044 19.4164878389 16.4924225025 19.2353840617 19.2093727123 25.7099202644 14.3178210633 14.7648230602 36.0555127546 32.0624390838 32.2024843762 41.7612260356 34.4383507154 68.0147042925 67.2011904656 
896 127.015747055 23.0867927612 22.0227155455 36.0138862107 27.0185121722 45.0 30.886890423 31.064449134 26.2488094968 25.495097568 68.0294054068 38.2099463491 38.3275357935 43.4626276242 43.382023927 13.152946438 14.0356688476 18.3847763109 18.4390889146 24.6981780705 23.769728648 42.1900462195 42.7200187266 22.1359436212 22.803508502 35.5105618091 35.0 19.2353840617 21.6333076528 17.4642491966 21.0950231097 20.0 25.495097568 10.8166538264 11.401754251 34.9857113691 31.0 35.8468966579 36.1386219992 37.6563407675 58.7962583844 60.1082357086 
1060 125.195846576 25.0199920064 24.3310501212 34.0587727319 28.0178514522 48.0104155366 32.7566787083 34.5398320783 28.1602556807 30.083217913 64.28063472 39.3192065027 40.0124980475 45.1884941108 45.5411901469 14.1421356237 14.3178210633 22.0227155455 22.803508502 25.632011236 26.4007575649 48.0208288142 47.8852795753 21.3775583264 24.0416305603 35.2278299076 36.3593179254 18.0277563773 19.8494332413 17.4642491966 21.4709105536 21.0950231097 30.083217913 14.3178210633 14.7648230602 31.064449134 29.0172362571 30.2324329157 37.3363094052 33.6154726279 66.0681466366 65.7343137182 
1133 124.036285014 22.0227155455 21.0 37.0 28.0178514522 45.0444225182 29.5296461205 29.5296461205 26.2488094968 26.9258240357 65.0 44.1814440687 43.2897216438 51.2640224719 51.6236379966 14.5602197786 14.8660687473 21.9317121995 21.400934559 24.0416305603 24.1660919472 46.6476151588 46.9574275275 20.6155281281 21.9317121995 34.9857113691 36.0555127546 18.4390889146 18.0277563773 19.4164878389 18.8679622641 19.2093727123 26.9258240357 11.6619037897 13.4536240471 33.1209903234 30.0166620396 33.2866339542 34.5398320783 35.1710107901 65.0 62.0080639917 
1139 133.015036744 22.0907220344 21.0950231097 37.0135110466 28.0713376952 50.0899191455 29.1547594742 30.0166620396 24.0416305603 24.7386337537 67.0298440995 37.483329628 36.1247837364 43.8292140016 43.4626276242 14.1421356237 14.5602197786 19.8494332413 19.8494332413 22.825424421 21.9544984001 48.5489443758 50.1198563446 22.8473193176 20.2484567313 36.3593179254 32.7566787083 19.6468827044 18.8679622641 18.4390889146 18.6010752377 17.691806013 24.7386337537 10.295630141 12.0415945788 37.2155881319 33.0151480384 33.5410196625 38.3275357935 32.7566787083 64.3506021728 62.4819974073 
1236 126.063476075 20.0249843945 20.0997512422 32.0156211872 25.0199920064 45.0 30.886890423 32.2024843762 26.4764045897 27.6586333719 61.0737259384 35.5105618091 35.0142828 41.5932686862 40.162171256 13.152946438 12.3693168769 21.400934559 21.6333076528 26.5706605112 28.231188427 47.5078940809 46.0651712251 23.0867927612 21.5870331449 34.205262753 31.4006369362 18.3847763109 18.0277563773 16.1554944214 18.0277563773 18.3847763109 27.6586333719 15.2315462117 14.3178210633 35.3553390593 33.0151480384 35.5105618091 39.3192065027 33.9558536927 62.9364759102 58.412327466 
1298 130.003846097 21.0 21.0237960416 34.0147027034 24.0 43.0116263352 30.5286750449 32.2490309932 26.4764045897 27.4590604355 66.0075753228 36.3455636908 35.3553390593 41.629316593 40.718546143 12.1655250606 12.1655250606 19.4164878389 20.6155281281 25.495097568 25.2982212813 46.5295604965 45.1774279923 22.1359436212 23.769728648 35.0 34.8281495345 18.4390889146 20.2484567313 16.7630546142 20.591260282 19.1049731745 27.4590604355 13.416407865 12.6491106407 35.77708764 34.0 36.235341864 37.3363094052 36.3455636908 61.5223536611 58.7281874401 
1308 129.1394595 22.0227155455 23.1948270095 34.0147027034 24.0208242989 50.0899191455 31.6227766017 32.6496554346 25.3179778023 27.2029410175 67.1192967782 36.3455636908 36.3455636908 41.2310562562 42.9534631898 11.1803398875 13.3416640641 16.9705627485 17.691806013 23.7065391823 24.2074368738 50.7740090991 51.4295634825 24.0831891576 25.0 33.2415402772 36.6196668472 17.0 20.6155281281 20.2484567313 20.8086520467 18.4390889146 27.2029410175 9.43398113206 10.6301458127 35.4682957019 36.1247837364 38.5875627631 28.4429253067 38.0525951809 59.5482997238 62.9364759102 
1322 135.014814002 22.0227155455 23.0217288664 33.0151480384 24.0208242989 45.0111097397 33.0151480384 33.8378486314 26.1725046566 27.2946881279 71.0281634283 34.2344855372 36.3455636908 40.3112887415 41.629316593 12.3693168769 12.1655250606 18.0277563773 19.7989898732 23.7065391823 23.2594066992 46.5295604965 46.1410879802 23.3452350599 24.7386337537 34.0587727319 37.0135110466 17.0880074906 20.8086520467 17.7200451467 21.9544984001 19.1049731745 27.2946881279 13.6014705087 12.0830459736 36.2491379208 35.0142828 38.9486841883 36.0555127546 44.0113621693 58.6941223633 63.2534584035 
1644 135.092560861 22.2036033112 23.0867927612 33.0151480384 27.0185121722 53.0094331228 31.7647603485 32.4499614792 25.9615099715 25.495097568 66.0302960769 37.1214223865 37.1214223865 44.0113621693 43.4626276242 13.6014705087 14.3178210633 19.1049731745 19.1049731745 21.400934559 21.400934559 50.1198563446 51.8652099196 24.0416305603 23.3452350599 35.2278299076 34.205262753 17.4642491966 21.4709105536 16.7630546142 21.6333076528 20.8086520467 25.495097568 10.6301458127 10.6301458127 32.7566787083 31.0161248385 33.6154726279 35.5105618091 37.2155881319 63.7024332345 65.7951365984 
1651 141.0 24.1867732449 24.0831891576 35.0 27.0 49.0 32.4499614792 31.064449134 24.7386337537 25.0 70.0071424927 37.0540146273 37.483329628 41.7851648316 43.8292140016 13.152946438 14.1421356237 19.1049731745 19.7989898732 25.079872408 25.9422435421 48.3735464898 48.8773976394 20.8806130178 21.9317121995 34.4818792991 37.5898922584 16.4924225025 18.8679622641 19.4164878389 18.8679622641 18.4390889146 25.0 11.1803398875 12.2065556157 29.6816441593 29.0 32.4499614792 37.0 40.5215991787 65.9469483752 68.6804193348 
1664 136.619910701 24.1867732449 24.0 36.1247837364 25.0199920064 47.0956473573 31.384709653 30.8058436015 25.2982212813 25.7099202644 70.1783442381 37.0540146273 36.1386219992 41.4366987102 42.1900462195 12.1655250606 13.0384048104 17.2046505341 19.8494332413 27.4590604355 25.9615099715 52.2015325446 54.3783044973 21.9317121995 22.1359436212 37.1214223865 37.4432904537 17.4642491966 17.88854382 20.2484567313 18.4390889146 18.3847763109 25.7099202644 12.8062484749 11.7046999107 43.0464865001 41.3037528561 42.0594816896 35.902646142 40.049968789 64.0702739186 66.7083203206 
