Leaf
150 120.066648158 22.2036033112 22.0907220344 35.0142828 23.0217288664 46.0 28.6356421266 29.5296461205 25.079872408 25.2982212813 61.0081961707 36.3455636908 36.6742416418 42.1544778167 42.4852915725 11.401754251 12.1655250606 18.6010752377 18.4390889146 24.1867732449 22.825424421 39.6610640301 40.8044115262 21.9317121995 21.5406592285 35.3553390593 34.9857113691 17.4642491966 17.88854382 18.6815416923 18.0277563773 16.1245154966 25.2982212813 11.1803398875 11.1803398875 26.4007575649 23.0217288664 25.5538646784 33.6154726279 34.4818792991 58.137767415 60.1082357086 
65 127.003936947 22.0227155455 21.0950231097 36.0 25.0 43.0116263352 29.1547594742 30.0166620396 25.0 24.7386337537 66.0075753228 34.5253530033 34.3656805549 40.7062648741 39.8120584748 13.152946438 12.1655250606 18.4390889146 19.1049731745 26.9258240357 25.2982212813 41.3400532172 41.6773319683 20.6155281281 21.9317121995 34.9857113691 34.9857113691 18.6815416923 17.2046505341 18.6815416923 17.4928556845 19.7989898732 24.7386337537 12.0830459736 12.0830459736 29.6816441593 27.0 27.7848879789 34.7850542619 34.4818792991 58.7962583844 58.7281874401 
126 116.017240098 20.0249843945 20.0249843945 34.0 24.0208242989 39.0512483795 30.886890423 31.304951685 26.4764045897 27.6586333719 63.0079360081 35.2278299076 36.4965751818 40.3112887415 41.1460812229 12.1655250606 12.0415945788 17.8044938148 18.3847763109 25.2982212813 25.9615099715 40.249223595 39.9624824054 23.4093998214 24.6981780705 35.0 36.4005494464 17.7200451467 19.2353840617 17.7200451467 19.6977156036 17.691806013 27.6586333719 12.5299640861 12.0830459736 30.5286750449 28.0178514522 30.886890423 32.0156211872 36.6742416418 54.0370243444 57.2800139665 
209 122.200654663 21.0950231097 20.0249843945 32.0624390838 26.0192236625 42.0475920833 30.4138126515 28.8444102037 25.9615099715 25.3179778023 62.2012861603 37.0540146273 36.2215405525 41.7851648316 40.718546143 13.152946438 13.0384048104 19.8494332413 19.1049731745 26.9258240357 26.6833281283 45.6946386352 46.6476151588 24.1660919472 22.803508502 36.8917334914 34.7131099154 17.4642491966 19.3132079158 16.1554944214 18.3575597507 16.9705627485 25.3179778023 12.5299640861 13.416407865 36.6196668472 32.2490309932 32.3109888428 36.4965751818 30.5941170816 59.0338885726 58.137767415 
245 123.101584068 22.0 22.2036033112 34.1320963318 25.0199920064 44.1814440687 26.9258240357 27.2946881279 24.3515913238 22.8473193176 61.1310068623 35.2278299076 37.3363094052 40.718546143 43.4626276242 13.152946438 12.3693168769 19.1049731745 17.8044938148 26.6833281283 26.4196896272 44.4072066223 43.8634243989 23.769728648 22.825424421 38.0131556175 37.1214223865 15.8113883008 18.0277563773 19.1049731745 19.6977156036 16.2788205961 22.8473193176 11.1803398875 11.401754251 32.3109888428 31.2569992162 33.6005952328 32.7566787083 37.6563407675 59.3969696197 58.0517010948 
261 123.259888041 23.1948270095 21.0237960416 33.1360830516 22.0907220344 46.0977222865 31.304951685 32.4499614792 26.5706605112 28.1602556807 65.1229606207 35.3553390593 34.5253530033 41.2310562562 38.9101529167 11.401754251 11.0453610172 17.8044938148 16.2788205961 26.6270539114 24.6981780705 45.2769256907 42.7200187266 21.9317121995 22.360679775 36.235341864 33.9705755029 18.4390889146 18.3575597507 16.5529453572 18.6010752377 19.2093727123 28.1602556807 10.8166538264 11.6619037897 34.9857113691 31.0161248385 34.0 35.6931365951 31.5753068077 60.8769250209 55.2268050859 
363 116.004310265 20.0997512422 20.0997512422 34.0 23.0 44.0454310911 28.1780056072 26.83281573 24.0416305603 23.4093998214 59.0084739677 33.2415402772 33.7342555869 37.1618083521 38.9486841883 11.0453610172 12.0415945788 14.8660687473 17.0293863659 22.825424421 24.1660919472 47.5078940809 43.8292140016 19.3132079158 19.2353840617 31.384709653 32.6496554346 16.4924225025 16.6433169771 18.4390889146 15.8113883008 17.8044938148 23.4093998214 10.6301458127 10.295630141 30.4630924235 31.2569992162 33.8378486314 28.4429253067 36.4965751818 56.0802995712 58.6941223633 
379 120.037494142 21.0950231097 21.0 32.0156211872 23.0217288664 45.0111097397 28.1780056072 28.3019433962 24.3515913238 24.7386337537 60.0333240792 36.1247837364 36.4965751818 39.9249295554 39.8120584748 12.0415945788 11.0 19.2093727123 17.8044938148 25.495097568 25.495097568 45.1774279923 45.7930125674 22.825424421 23.2594066992 36.7151195014 37.4432904537 16.7630546142 15.8113883008 17.0880074906 16.1554944214 16.2788205961 24.7386337537 13.416407865 13.416407865 31.9061122671 29.0172362571 32.2490309932 32.0156211872 32.3882694814 58.412327466 58.0517010948 
416 115.03912378 20.0 20.0249843945 32.0156211872 22.0227155455 45.0998891351 30.0166620396 28.6530975638 26.4764045897 24.7386337537 61.0 33.3766385366 33.3766385366 39.3954312072 40.3112887415 11.401754251 11.7046999107 18.4390889146 18.0277563773 24.6981780705 25.2388589282 43.0116263352 42.9418211072 22.1359436212 22.360679775 34.205262753 35.5105618091 16.1554944214 17.0 17.7200451467 16.5529453572 17.691806013 24.7386337537 10.295630141 11.401754251 28.1780056072 26.1725046566 30.0 28.1602556807 33.7342555869 55.3172667438 57.3846669416 
425 127.015747055 23.0217288664 24.0208242989 37.0135110466 23.0 43.0116263352 31.9061122671 31.9061122671 26.6833281283 26.9258240357 71.0070419043 34.9284983931 35.5105618091 39.8246155035 40.249223595 11.0453610172 12.0415945788 16.2788205961 16.9705627485 24.6981780705 24.5967477525 43.2666153056 41.5932686862 22.803508502 22.4722050542 35.8050275799 37.7359245282 18.973665961 20.0 19.6468827044 19.4164878389 17.691806013 26.9258240357 10.295630141 10.8166538264 31.384709653 30.1496268634 33.2866339542 31.2569992162 36.4965751818 55.8659108939 57.2800139665 
502 117.017092769 20.0997512422 19.0262975904 36.0 22.0227155455 39.0512483795 29.0688837075 27.7848879789 25.0 25.495097568 63.0317380373 33.7342555869 34.7131099154 39.3573373083 39.3573373083 11.1803398875 11.0453610172 18.6010752377 17.8044938148 25.632011236 26.2488094968 44.72135955 42.4852915725 19.3132079158 18.973665961 31.384709653 31.4006369362 18.4390889146 17.8044938148 18.4390889146 18.4390889146 18.4390889146 25.495097568 12.0830459736 12.5299640861 31.7647603485 30.0166620396 32.2490309932 31.0483493925 35.1710107901 57.2013985843 58.8982172905 
611 123.016259088 23.3452350599 21.0950231097 32.0156211872 23.0217288664 45.0111097397 28.6530975638 27.2946881279 22.8473193176 23.4093998214 59.0338885726 36.3455636908 36.2215405525 41.629316593 39.9249295554 12.1655250606 11.0453610172 18.4390889146 17.0293863659 25.0599281723 24.1660919472 43.4165866922 44.1021541424 18.7882942281 20.2484567313 33.6154726279 32.7566787083 17.4642491966 15.8113883008 15.8113883008 16.1245154966 19.2093727123 23.4093998214 11.6619037897 12.5299640861 34.4093010682 30.1496268634 31.304951685 39.0512483795 31.384709653 61.554853586 59.2030404625 
741 123.065023463 21.0 21.0950231097 31.0161248385 23.0217288664 40.0124980475 30.5286750449 31.304951685 26.4764045897 26.9258240357 61.0737259384 36.4965751818 36.0555127546 41.1460812229 40.162171256 12.0415945788 11.1803398875 17.691806013 17.8044938148 25.9615099715 26.9258240357 42.9418211072 43.8292140016 21.8403296678 21.8403296678 34.205262753 33.0151480384 17.0880074906 18.0277563773 15.8113883008 18.3575597507 19.2093727123 26.9258240357 12.0830459736 12.5299640861 35.77708764 33.0 35.3553390593 36.3455636908 32.0156211872 58.0 56.4003546088 
1265 123.146254511 22.0907220344 22.0 34.0147027034 25.0 42.0119030752 29.5296461205 28.0178514522 25.2982212813 23.769728648 64.1248781675 35.2278299076 34.3656805549 41.629316593 40.718546143 13.3416640641 12.3693168769 18.4390889146 19.1049731745 24.1660919472 24.0416305603 46.0651712251 45.1774279923 21.9317121995 20.2484567313 35.8468966579 34.6698716467 17.4642491966 17.88854382 17.7200451467 17.2046505341 17.0293863659 23.769728648 11.401754251 10.295630141 34.9857113691 33.0151480384 36.235341864 33.5261092285 36.4965751818 60.0 59.5482997238 
1305 118.207444774 20.0 20.0249843945 35.0570962859 25.0199920064 42.1900462195 28.6006992922 27.2946881279 23.1948270095 24.0416305603 65.06919394 33.5410196625 34.2344855372 38.9486841883 39.3954312072 13.0384048104 12.1655250606 18.4390889146 17.0293863659 23.769728648 22.825424421 43.9089968002 46.5188133985 19.9248588452 19.2353840617 32.2024843762 33.1209903234 17.7200451467 17.8044938148 18.2482875909 16.6433169771 17.2046505341 24.0416305603 10.7703296143 11.401754251 32.2024843762 31.0161248385 31.384709653 34.7131099154 32.0156211872 59.4138031101 58.412327466 
1475 127.003936947 20.0249843945 21.0950231097 35.0 22.0 42.0119030752 27.7848879789 30.5286750449 23.769728648 24.5153013443 65.0307619516 36.6742416418 36.4965751818 41.1460812229 40.718546143 11.0453610172 11.0453610172 18.6010752377 18.6010752377 26.5706605112 26.4007575649 43.0464865001 42.9418211072 21.1896201004 21.8403296678 33.0151480384 33.0151480384 19.6468827044 19.2093727123 16.7630546142 18.8679622641 16.2788205961 24.5153013443 13.0 13.416407865 32.2024843762 31.064449134 33.6154726279 35.902646142 33.9558536927 59.4138031101 58.137767415 
1482 124.145076423 20.0249843945 20.0 33.0605505096 24.0208242989 41.0121933088 28.3019433962 29.4108823397 23.5372045919 24.1867732449 65.0307619516 33.0605505096 32.7566787083 36.7695526217 37.2155881319 12.0415945788 12.0 19.2093727123 18.4390889146 22.8473193176 22.4722050542 43.8634243989 45.2769256907 18.973665961 20.6155281281 31.064449134 32.0156211872 16.2788205961 18.0277563773 17.7200451467 19.2093727123 17.691806013 24.1867732449 13.0 13.0 32.2490309932 31.064449134 31.7804971641 33.3766385366 36.0555127546 55.9732078766 56.2227711875 
1522 124.064499354 21.2132034356 20.0997512422 34.0147027034 23.0217288664 44.0 29.6816441593 30.5286750449 22.5610283454 24.3310501212 66.0 34.3656805549 34.5253530033 40.718546143 39.8120584748 12.3693168769 11.1803398875 20.0 18.6010752377 25.079872408 24.5967477525 43.0464865001 43.0464865001 19.9248588452 20.8806130178 31.384709653 31.6227766017 17.4642491966 18.6010752377 17.7200451467 18.6010752377 19.1049731745 24.3310501212 12.0830459736 12.0830459736 31.384709653 30.0 31.384709653 35.902646142 32.5576411922 58.6941223633 55.1724568965 
1591 122.036879672 21.0 21.0950231097 33.0151480384 23.0217288664 41.1096095822 29.1547594742 30.0166620396 25.7099202644 24.7386337537 63.0317380373 33.5410196625 33.2415402772 38.9101529167 39.3954312072 11.1803398875 12.3693168769 17.691806013 17.8044938148 24.3515913238 23.2594066992 45.2769256907 45.6946386352 19.9248588452 20.2484567313 33.0151480384 32.7566787083 16.7630546142 17.2046505341 17.4642491966 18.0277563773 18.4390889146 24.7386337537 10.7703296143 10.6301458127 34.4383507154 33.0605505096 34.6698716467 34.7131099154 35.6931365951 59.4642749893 57.6281181369 
1622 120.037494142 19.0262975904 19.1049731745 35.0570962859 22.0227155455 42.0475920833 29.0688837075 29.9666481275 25.7099202644 25.7099202644 61.0737259384 35.902646142 36.3455636908 40.7062648741 41.2310562562 11.0453610172 11.1803398875 17.691806013 17.2046505341 23.769728648 23.7065391823 42.5440947724 44.2944691807 23.4093998214 23.4093998214 34.205262753 33.6005952328 18.0277563773 18.3575597507 18.4390889146 20.591260282 19.8494332413 25.7099202644 12.0830459736 11.6619037897 33.1209903234 30.0 31.384709653 35.1710107901 33.8378486314 59.5482997238 59.816385715 
1672 124.257796536 21.0950231097 21.0950231097 35.0570962859 26.0768096208 51.0881590978 27.8028775489 29.5296461205 24.3310501212 25.0 66.2721661031 34.7131099154 34.0587727319 41.6773319683 40.4969134626 14.1421356237 12.6491106407 18.4390889146 18.4390889146 23.7065391823 24.4131112315 51.6236379966 52.7730992078 20.8806130178 21.0237960416 34.8281495345 34.4818792991 18.0277563773 17.8044938148 18.4390889146 17.4928556845 18.4390889146 25.0 11.401754251 10.0 30.886890423 29.0172362571 31.064449134 31.0 31.064449134 59.3969696197 60.3075451333 
1678 124.036285014 21.0950231097 21.0950231097 32.0624390838 22.0227155455 44.1021541424 26.9258240357 28.6530975638 22.1359436212 24.0416305603 60.0 35.3553390593 34.3656805549 41.2310562562 39.3954312072 11.401754251 11.1803398875 18.0277563773 18.4390889146 21.6333076528 22.360679775 45.6508488421 43.0464865001 19.6977156036 22.4722050542 33.1209903234 34.6698716467 16.4924225025 16.1245154966 17.0880074906 17.0 16.2788205961 24.0416305603 11.6619037897 12.0830459736 32.2490309932 30.0 33.1209903234 36.4965751818 35.6931365951 60.827625303 59.4138031101 
