Leaf
214 123.016259088 22.0227155455 21.0950231097 32.0 21.0 39.0512483795 27.2029410175 25.8069758011 21.8403296678 19.9248588452 63.0079360081 35.5105618091 35.3553390593 40.718546143 39.9249295554 11.1803398875 10.1980390272 18.6010752377 18.0277563773 25.9615099715 25.495097568 41.8807831827 40.3112887415 15.8113883008 17.4642491966 30.4138126515 31.304951685 16.4924225025 15.5563491861 16.4924225025 15.0 17.691806013 19.9248588452 13.0 12.6491106407 29.9666481275 29.2745623366 32.8024389337 37.3363094052 40.162171256 61.619802012 60.440052945 
32 118.067777145 22.0227155455 21.0237960416 35.0570962859 23.0217288664 40.0124980475 27.4590604355 26.83281573 23.0867927612 24.6981780705 62.0725382114 34.7131099154 35.3553390593 39.8246155035 40.3112887415 12.0415945788 11.1803398875 17.0293863659 15.6204993518 25.2982212813 25.632011236 40.7062648741 42.5440947724 20.2484567313 20.591260282 34.1320963318 35.3553390593 18.0277563773 16.4012194669 18.4390889146 16.1245154966 16.2788205961 24.6981780705 10.295630141 10.6301458127 32.7566787083 30.0665927567 29.9666481275 32.7566787083 31.6227766017 54.5618914628 56.8506816142 
82 125.035994817 22.0907220344 23.0217288664 32.0156211872 26.0192236625 44.0113621693 29.4108823397 29.4108823397 22.5610283454 23.769728648 66.0075753228 33.0605505096 33.2415402772 39.0 38.9101529167 13.3416640641 13.152946438 22.2036033112 21.400934559 28.4604989415 28.4604989415 44.2944691807 44.418464629 19.3132079158 19.3132079158 33.1209903234 34.4818792991 16.4924225025 16.6433169771 16.7630546142 15.8113883008 18.6010752377 23.769728648 14.3178210633 13.9283882772 31.9061122671 29.0 33.2866339542 35.1710107901 35.1710107901 59.6657355607 60.3075451333 
83 120.016665509 20.0997512422 20.0 31.064449134 23.0867927612 40.049968789 27.7308492477 26.9258240357 24.3515913238 23.769728648 57.1401785086 34.2344855372 34.2344855372 40.3112887415 38.0788655293 12.3693168769 11.0453610172 20.2484567313 19.2093727123 27.3130005675 25.7099202644 45.6179789118 43.8292140016 19.6977156036 19.9248588452 32.2490309932 32.2024843762 17.4642491966 16.6433169771 15.2315462117 15.2643375225 17.0293863659 23.769728648 13.8924439894 12.3693168769 33.2866339542 31.0161248385 32.6496554346 35.902646142 33.8378486314 59.6657355607 60.0 
91 120.337026721 20.0 21.0950231097 33.0151480384 23.0217288664 46.0108682813 26.4007575649 28.1780056072 21.3775583264 24.3515913238 62.2012861603 36.6742416418 36.1247837364 42.0475920833 41.7851648316 11.1803398875 12.3693168769 20.2484567313 21.6333076528 25.495097568 25.9422435421 45.7930125674 45.6508488421 17.0880074906 19.2353840617 30.5286750449 33.5410196625 16.4924225025 15.6204993518 17.2626765016 16.1245154966 17.4928556845 24.3515913238 14.3178210633 14.3178210633 30.8706980809 30.0665927567 31.9061122671 31.4006369362 31.6227766017 58.0 59.816385715 
109 121.016527797 21.2132034356 21.2132034356 33.0 25.0 44.0 28.3019433962 29.1547594742 21.8403296678 22.803508502 63.0079360081 34.3656805549 34.1320963318 40.249223595 39.0 13.152946438 12.1655250606 20.6155281281 20.0 23.769728648 24.1660919472 43.5660418216 42.5440947724 20.2484567313 21.1896201004 32.2490309932 32.7566787083 17.7200451467 17.2046505341 16.7630546142 17.4928556845 16.2788205961 22.803508502 13.416407865 13.416407865 30.886890423 30.0166620396 31.384709653 34.7131099154 32.5729949498 57.9827560573 57.4891294072 
127 120.104121495 22.0227155455 20.2237484162 34.0147027034 24.0208242989 41.1096095822 26.6270539114 27.7308492477 22.1359436212 23.4093998214 61.1310068623 36.6742416418 36.1247837364 42.4852915725 41.7851648316 12.1655250606 12.3693168769 20.5182845287 18.8679622641 25.9615099715 25.079872408 42.1900462195 43.382023927 18.7882942281 19.7230829233 34.0 33.1058907145 17.4642491966 15.8113883008 17.2626765016 15.6524758425 16.2788205961 23.4093998214 12.6491106407 13.0384048104 29.6816441593 26.0 27.4590604355 38.3275357935 33.6154726279 62.2414652784 60.2162768693 
128 123.036579926 21.0950231097 19.0262975904 35.0142828 24.0208242989 41.1096095822 29.0688837075 26.83281573 25.2982212813 24.0416305603 60.0083327547 36.4965751818 36.3455636908 41.1460812229 41.629316593 12.0415945788 12.1655250606 18.4390889146 16.4012194669 23.0867927612 22.360679775 42.7200187266 42.9534631898 20.2484567313 18.7882942281 32.7566787083 31.384709653 17.7200451467 17.2046505341 18.4390889146 16.4012194669 18.8679622641 24.0416305603 10.7703296143 11.401754251 32.2024843762 31.0161248385 32.2490309932 36.8781778292 35.1710107901 60.827625303 58.2580466545 
156 115.06954419 21.2132034356 20.0249843945 33.0 24.0208242989 43.0116263352 29.1547594742 26.0768096208 22.803508502 21.8403296678 62.0725382114 33.2415402772 34.3656805549 38.4837628098 38.9101529167 12.1655250606 12.0415945788 17.691806013 16.9705627485 26.0 25.632011236 45.6508488421 44.2944691807 18.7882942281 19.2353840617 32.2024843762 33.1209903234 16.7630546142 14.4222051019 17.7200451467 14.4222051019 17.0293863659 21.8403296678 10.8166538264 11.6619037897 31.384709653 31.0 33.6154726279 30.083217913 32.9848450049 58.0086200491 57.6281181369 
163 123.490890352 20.0 21.2132034356 36.1247837364 25.079872408 41.1096095822 27.2029410175 27.7308492477 22.360679775 23.769728648 64.28063472 37.8549864615 38.1182371051 43.4165866922 43.6577599059 13.0384048104 12.3693168769 19.7989898732 19.4164878389 21.5870331449 22.825424421 41.6773319683 43.8292140016 20.1246117975 20.2484567313 34.1320963318 34.9284983931 17.4642491966 16.1245154966 19.0262975904 17.88854382 16.1245154966 23.769728648 12.6491106407 12.5299640861 31.7647603485 29.0172362571 29.6816441593 36.4965751818 34.4818792991 57.9827560573 58.8982172905 
188 121.264174429 23.3452350599 23.0217288664 32.14031736 21.0950231097 41.1096095822 28.231188427 28.0178514522 25.0599281723 23.0867927612 59.3043000127 37.2155881319 36.6742416418 41.7851648316 39.8120584748 11.1803398875 10.0 17.2046505341 16.2788205961 25.0599281723 24.3515913238 42.4852915725 41.3400532172 21.0950231097 19.9248588452 36.7695526217 34.1320963318 17.2626765016 16.1554944214 16.1554944214 15.8113883008 16.4012194669 23.0867927612 10.8166538264 10.7703296143 31.064449134 29.0172362571 30.886890423 36.4005494464 36.4005494464 60.605280298 59.4138031101 
216 123.036579926 22.0907220344 21.0950231097 33.0151480384 25.0 43.0464865001 29.6816441593 27.4590604355 23.769728648 21.8403296678 64.0078120232 36.2215405525 37.2155881319 41.629316593 42.1544778167 13.152946438 12.1655250606 17.0293863659 16.2788205961 21.5406592285 20.591260282 44.1021541424 43.382023927 20.2484567313 19.6977156036 33.6154726279 33.1209903234 17.7200451467 17.2046505341 16.4924225025 16.1245154966 15.6204993518 21.8403296678 10.0 10.0 31.384709653 30.1496268634 31.9061122671 33.2415402772 34.4818792991 60.8769250209 59.6657355607 
221 125.063983624 23.1948270095 22.0 35.0142828 27.0185121722 42.0119030752 28.6530975638 28.8444102037 23.769728648 24.7386337537 65.0307619516 37.2155881319 37.2155881319 43.8634243989 42.5440947724 14.3178210633 13.152946438 20.6155281281 20.5182845287 24.6981780705 23.769728648 43.0464865001 41.1825205639 19.7230829233 19.9248588452 35.8468966579 33.8378486314 19.2353840617 16.6433169771 16.4924225025 18.0277563773 18.4390889146 24.7386337537 12.5299640861 11.7046999107 32.2490309932 29.0 31.384709653 37.3630833845 35.7351367704 62.2896460096 58.8982172905 
274 123.004064973 21.0237960416 21.0950231097 34.0 25.0 42.1070065429 29.1547594742 27.2946881279 24.7386337537 23.4093998214 62.0080639917 34.2344855372 34.3656805549 38.9101529167 38.9101529167 13.0384048104 12.0415945788 20.5182845287 18.6010752377 26.9258240357 25.079872408 43.5660418216 44.283179651 19.3132079158 20.1246117975 32.7566787083 34.0 16.7630546142 15.8113883008 18.6815416923 15.8113883008 19.1049731745 23.4093998214 12.6491106407 13.416407865 32.7566787083 28.0178514522 31.6227766017 36.6742416418 35.6931365951 60.141499815 58.2580466545 
285 124.326183887 21.3775583264 21.0 34.0587727319 23.0867927612 40.0124980475 26.4007575649 25.0 22.360679775 20.8806130178 60.2992537267 36.1247837364 36.8781778292 41.4366987102 42.0594816896 11.401754251 12.0415945788 18.6010752377 17.691806013 25.079872408 23.0867927612 41.1460812229 42.1900462195 17.2046505341 17.0 32.5729949498 32.6496554346 17.1172427686 13.8924439894 17.4642491966 14.2126704036 19.4164878389 20.8806130178 10.295630141 11.6619037897 31.6227766017 29.0688837075 30.4138126515 37.5765884561 37.6430604494 61.611687203 61.554853586 
291 121.264174429 20.2237484162 21.0237960416 31.064449134 24.0831891576 40.049968789 27.2946881279 28.0178514522 22.1359436212 22.5610283454 60.0749531835 34.0147027034 34.5253530033 39.2173431023 39.3573373083 12.3693168769 12.0415945788 20.0 18.4390889146 25.2982212813 25.2982212813 42.9534631898 43.0464865001 20.1246117975 20.6155281281 32.6496554346 34.1320963318 15.1327459504 17.0880074906 16.4924225025 17.0 16.2788205961 22.5610283454 11.1803398875 12.0830459736 31.9061122671 30.0166620396 32.2490309932 35.77708764 38.3275357935 62.128898268 61.554853586 
296 121.066097649 21.0 21.0950231097 32.0156211872 25.0 41.0121933088 25.2388589282 25.9422435421 22.1359436212 22.8473193176 58.0775343829 34.1320963318 35.2278299076 38.0788655293 39.8120584748 12.0415945788 13.0384048104 20.6155281281 20.0 24.7386337537 25.079872408 43.9089968002 43.382023927 18.3847763109 20.2484567313 32.7566787083 35.3411940941 14.8660687473 13.8924439894 18.4390889146 14.7648230602 16.2788205961 22.8473193176 14.5602197786 14.7648230602 29.5296461205 29.0688837075 31.6227766017 31.0161248385 39.5600808897 57.8013840665 62.3698645181 
303 115.108644332 21.0950231097 21.0 32.0624390838 26.0192236625 43.0116263352 27.2946881279 28.6006992922 23.4093998214 23.3452350599 62.0725382114 37.0540146273 36.2215405525 42.7200187266 41.629316593 13.3416640641 13.152946438 19.2093727123 19.7989898732 24.1660919472 23.0867927612 46.0651712251 45.6508488421 17.4928556845 17.0880074906 32.6955654485 31.384709653 17.1172427686 15.2643375225 15.5241746963 15.0 17.691806013 23.3452350599 11.6619037897 12.0830459736 29.6816441593 29.0172362571 30.886890423 32.6955654485 33.5261092285 61.611687203 61.2209114601 
338 119.016805536 20.0997512422 22.0227155455 28.0713376952 23.0217288664 43.0116263352 30.0166620396 29.4108823397 24.5153013443 23.5372045919 60.1331855135 36.2215405525 35.0142828 43.0813184571 39.8497176903 12.6491106407 11.401754251 22.4722050542 21.0950231097 28.4604989415 29.1547594742 43.9089968002 42.5440947724 19.6468827044 19.6468827044 30.2324329157 32.4499614792 14.3178210633 18.3575597507 14.8660687473 16.6433169771 19.1049731745 23.5372045919 13.9283882772 14.8660687473 29.5296461205 29.0172362571 31.384709653 32.8937684068 36.4005494464 59.6657355607 60.8769250209 
430 122.016392341 22.0907220344 21.2132034356 34.0 26.0 41.0121933088 26.9258240357 25.5538646784 22.4722050542 20.6155281281 61.0081961707 36.1247837364 36.3455636908 41.2310562562 42.0475920833 13.152946438 13.152946438 22.0227155455 20.8086520467 25.7099202644 25.632011236 44.7772263545 44.283179651 18.3847763109 20.2484567313 32.6496554346 34.9284983931 15.5241746963 15.2643375225 19.4164878389 15.2643375225 17.0293863659 20.6155281281 13.9283882772 14.3178210633 28.6530975638 28.0713376952 30.8058436015 34.5398320783 38.6264158317 62.0080639917 64.2028036771 
450 125.035994817 24.1867732449 23.0217288664 34.0147027034 25.079872408 40.049968789 28.3019433962 28.8444102037 22.8473193176 24.0416305603 65.0076918526 36.2215405525 37.3363094052 43.0813184571 42.9534631898 12.6491106407 13.152946438 20.8086520467 19.8494332413 26.9258240357 27.2029410175 44.72135955 42.9418211072 18.3847763109 19.6977156036 34.0147027034 35.3553390593 16.4924225025 15.8113883008 18.6815416923 16.4012194669 16.2788205961 24.0416305603 12.0830459736 13.8924439894 28.6530975638 28.0178514522 30.5286750449 33.8378486314 37.3630833845 60.605280298 61.619802012 
562 121.593585357 20.0997512422 20.2237484162 33.2415402772 22.2036033112 41.1946598481 28.6006992922 27.8567765544 25.179356624 25.079872408 60.4069532422 34.205262753 34.0587727319 38.5875627631 39.2173431023 11.0 11.401754251 17.691806013 17.4928556845 23.769728648 25.5538646784 43.5660418216 44.7772263545 19.9248588452 20.0 33.4215499341 34.5398320783 16.5529453572 15.0 18.2482875909 14.3178210633 18.3847763109 25.079872408 11.401754251 12.2065556157 31.304951685 29.0688837075 30.2324329157 36.1247837364 33.2415402772 58.0517010948 57.8013840665 
649 126.015872016 23.0217288664 25.179356624 31.0161248385 25.0199920064 43.0 26.4007575649 28.3019433962 21.1896201004 23.2594066992 62.128898268 36.0555127546 36.2215405525 40.4969134626 42.5440947724 12.1655250606 13.3416640641 17.0293863659 19.7989898732 24.3515913238 26.0 41.3400532172 40.8166632639 17.4642491966 17.88854382 33.5410196625 35.4682957019 15.5241746963 14.4222051019 16.2788205961 15.2643375225 14.8660687473 23.2594066992 10.8166538264 10.295630141 28.1780056072 26.0768096208 30.0 35.1140997322 38.6005181312 60.9590026165 60.827625303 
656 122.016392341 24.1867732449 23.0867927612 31.0 25.0 46.0 28.0178514522 25.2388589282 21.5406592285 21.0237960416 61.0327780787 35.0570962859 35.2278299076 39.5600808897 40.718546143 12.1655250606 13.152946438 19.2093727123 19.8494332413 27.3130005675 26.9258240357 43.5660418216 43.5660418216 16.7630546142 17.4642491966 31.7804971641 33.1058907145 15.5241746963 15.6204993518 16.4924225025 15.0 16.2788205961 21.0237960416 13.0384048104 12.5299640861 31.384709653 29.0172362571 33.8378486314 31.3209195267 35.6931365951 56.8506816142 58.7281874401 
668 121.202310209 22.0227155455 23.1948270095 34.0587727319 25.0 44.0113621693 28.6006992922 26.83281573 22.5610283454 23.7065391823 63.0713881249 34.3656805549 36.2215405525 42.0475920833 43.0813184571 13.6014705087 12.6491106407 21.400934559 20.8086520467 23.4093998214 23.7065391823 43.0116263352 40.7062648741 17.0880074906 16.6433169771 31.7647603485 33.8378486314 16.7630546142 14.8660687473 18.2482875909 14.2126704036 17.691806013 23.7065391823 12.5299640861 12.5299640861 29.0688837075 27.1661554144 30.61045573 31.3209195267 37.3363094052 58.0517010948 59.6657355607 
726 119.016805536 22.0 21.0950231097 32.0 23.0217288664 43.1045241245 28.3019433962 30.0166620396 25.0 24.7386337537 62.0322496771 38.3275357935 37.2155881319 43.4626276242 42.7200187266 12.1655250606 11.401754251 19.1049731745 18.0277563773 25.2982212813 25.0599281723 42.1900462195 44.2944691807 19.6977156036 20.6155281281 34.9857113691 33.6154726279 16.4924225025 16.1245154966 16.4924225025 17.0 17.691806013 24.7386337537 12.0830459736 12.2065556157 32.2490309932 29.0 30.5286750449 37.1079506306 32.5729949498 60.827625303 58.412327466 
780 120.104121495 20.0 20.0997512422 32.0156211872 24.0208242989 41.0487515035 28.0178514522 28.1780056072 23.3452350599 24.0416305603 61.0737259384 37.3363094052 37.1214223865 42.5440947724 42.7200187266 12.1655250606 12.3693168769 19.1049731745 18.6010752377 23.0867927612 23.2594066992 41.6773319683 42.9418211072 19.4164878389 19.9248588452 30.61045573 31.064449134 15.5241746963 18.6010752377 17.2626765016 19.4164878389 17.0293863659 24.0416305603 12.0830459736 11.6619037897 30.886890423 29.0172362571 31.384709653 35.4400902933 34.4818792991 58.7962583844 59.6657355607 
790 123.0 23.0867927612 23.1948270095 35.0142828 24.0 41.0121933088 26.9258240357 27.7848879789 22.8473193176 22.8473193176 63.0 38.4707681233 37.3363094052 43.8634243989 42.5440947724 12.1655250606 12.1655250606 17.691806013 17.691806013 26.5706605112 25.2982212813 41.6773319683 42.0594816896 19.7230829233 19.2353840617 36.2491379208 34.9284983931 18.4390889146 15.2643375225 17.7200451467 14.4222051019 15.6204993518 22.8473193176 10.8166538264 10.8166538264 28.8444102037 26.0 28.0178514522 37.1079506306 35.4400902933 59.4138031101 58.137767415 
821 119.0 21.2132034356 21.0950231097 33.0 25.0199920064 42.0475920833 29.0688837075 28.1780056072 24.3515913238 24.3515913238 59.0084739677 35.2278299076 36.2215405525 40.718546143 40.3112887415 13.152946438 12.0415945788 19.2093727123 19.1049731745 24.6981780705 25.2982212813 44.7772263545 42.0594816896 20.2484567313 20.6155281281 32.2490309932 33.6154726279 17.4642491966 18.0277563773 16.4924225025 17.0 18.6010752377 24.3515913238 13.0384048104 13.0 32.2490309932 30.0166620396 33.6154726279 33.2415402772 37.0 59.0338885726 61.8465843843 
836 121.037184369 21.0 20.0997512422 35.0570962859 23.0217288664 41.0487515035 29.6816441593 29.0688837075 25.495097568 25.0 64.0702739186 36.4965751818 37.483329628 42.0475920833 43.4626276242 12.1655250606 11.401754251 18.4390889146 18.6010752377 22.4722050542 22.360679775 43.9089968002 44.283179651 21.5406592285 22.4722050542 35.2278299076 36.235341864 18.3847763109 15.8113883008 18.6815416923 15.2315462117 17.8044938148 25.0 11.6619037897 11.6619037897 31.384709653 29.0172362571 29.6816441593 34.7850542619 37.0 60.440052945 61.8465843843 
849 123.583979544 22.0 21.5870331449 32.3882694814 22.0227155455 39.0512483795 28.0178514522 28.1602556807 23.769728648 25.5538646784 56.7186036499 37.8549864615 41.0487515035 43.382023927 45.8802789878 11.1803398875 11.401754251 17.0293863659 17.8044938148 24.5153013443 25.9422435421 43.5660418216 42.1544778167 19.6468827044 21.6333076528 33.0151480384 35.4682957019 16.1554944214 16.4012194669 17.0293863659 17.7200451467 16.2788205961 25.5538646784 11.1803398875 11.6619037897 33.2415402772 32.3882694814 35.8050275799 34.9284983931 39.3954312072 59.4642749893 63.2455532034 
852 124.004032193 21.0950231097 21.0237960416 30.0 23.0217288664 37.0 27.4590604355 27.4590604355 21.8403296678 22.803508502 60.0 35.2278299076 36.1247837364 41.2310562562 40.4969134626 12.3693168769 11.1803398875 17.691806013 16.2788205961 23.769728648 23.4093998214 41.5932686862 41.1460812229 18.3847763109 18.3847763109 31.7647603485 32.2490309932 15.2970585408 16.1245154966 15.2970585408 16.1245154966 19.1049731745 22.803508502 9.43398113206 10.295630141 30.886890423 29.0172362571 31.9061122671 38.3275357935 36.6878726557 60.207972894 59.0338885726 
866 125.035994817 22.0907220344 23.0867927612 36.0 25.0199920064 42.0 28.0178514522 27.7848879789 21.8403296678 23.769728648 66.0075753228 34.3656805549 35.5105618091 40.718546143 41.5932686862 12.3693168769 13.152946438 17.691806013 17.691806013 22.4722050542 21.9317121995 42.1900462195 41.1825205639 16.7630546142 18.7882942281 30.4138126515 34.4383507154 17.2626765016 17.691806013 19.2353840617 17.8044938148 18.3847763109 23.769728648 10.0 9.43398113206 28.1780056072 27.0739727414 30.2324329157 33.2415402772 37.947331922 59.6657355607 61.619802012 
915 122.016392341 20.0 20.0249843945 37.0 24.0208242989 41.0 26.4196896272 27.7308492477 24.0416305603 25.2982212813 62.0322496771 31.2569992162 33.2415402772 37.5765884561 39.9624824054 12.3693168769 12.1655250606 21.6333076528 20.8086520467 25.2982212813 24.6981780705 41.5932686862 43.0464865001 18.3847763109 21.4709105536 31.9061122671 34.9857113691 18.0277563773 14.8660687473 20.8806130178 16.4012194669 17.4928556845 25.2982212813 14.8660687473 14.8660687473 30.5286750449 29.0 32.7566787083 31.3209195267 38.2099463491 54.2033209315 58.7281874401 
1059 128.00390619 21.2132034356 21.2132034356 33.0 22.0 39.0128184063 28.6530975638 29.0688837075 23.0867927612 24.3515913238 60.0083327547 36.2215405525 36.6742416418 41.7851648316 42.9534631898 11.401754251 11.401754251 17.691806013 16.4012194669 22.1359436212 22.360679775 41.1825205639 41.5932686862 21.5406592285 21.9317121995 33.6154726279 34.4818792991 15.5241746963 17.4642491966 18.4390889146 18.3575597507 17.0293863659 24.3515913238 9.43398113206 10.0 28.3019433962 27.0185121722 30.2324329157 37.947331922 42.4499705536 60.207972894 63.6553218514 
1069 130.061523903 20.0249843945 20.0 36.0555127546 22.0907220344 41.0121933088 23.3238075794 24.6981780705 20.6155281281 22.1359436212 61.0081961707 33.5410196625 33.9558536927 39.8120584748 38.9486841883 11.401754251 11.0453610172 18.6010752377 17.0293863659 26.0 24.6981780705 43.382023927 43.9089968002 15.8113883008 16.5529453572 31.384709653 30.886890423 19.2353840617 14.1421356237 17.7200451467 14.1421356237 19.8494332413 22.1359436212 12.0830459736 12.0830459736 34.9857113691 33.0151480384 34.4383507154 39.2937654088 36.8781778292 60.9590026165 60.827625303 
1162 132.003787824 20.0249843945 21.0 33.0151480384 22.0227155455 44.0113621693 26.6270539114 29.1547594742 21.5870331449 25.7099202644 63.0317380373 35.3553390593 35.5105618091 41.2310562562 40.718546143 11.401754251 11.1803398875 18.0277563773 18.4390889146 23.3238075794 22.360679775 42.9418211072 44.1021541424 17.88854382 20.6155281281 31.7647603485 34.6698716467 16.4924225025 14.4222051019 17.7200451467 16.6433169771 19.8494332413 25.7099202644 12.2065556157 12.0830459736 33.6154726279 31.0161248385 33.1058907145 36.3455636908 40.1123422403 57.2800139665 62.6258732474 
1240 122.102416029 21.0 22.0227155455 32.0156211872 24.0208242989 39.0512483795 28.3019433962 27.7308492477 24.7386337537 26.0 59.0338885726 36.2215405525 36.2215405525 40.3112887415 41.2310562562 12.0415945788 12.1655250606 17.691806013 18.4390889146 24.5153013443 25.079872408 42.0594816896 43.382023927 19.9248588452 21.6333076528 33.0151480384 38.0131556175 14.5602197786 17.0 18.2482875909 16.1554944214 16.2788205961 26.0 13.0 11.7046999107 32.2024843762 31.0161248385 34.1320963318 32.9848450049 40.3112887415 56.7274184147 59.3969696197 
1302 125.003999936 21.0950231097 22.0907220344 31.0 22.0227155455 40.0 27.4590604355 27.7848879789 21.8403296678 23.4093998214 60.0083327547 38.2099463491 37.3363094052 42.7200187266 43.0813184571 11.1803398875 11.401754251 17.8044938148 18.6010752377 22.8473193176 23.769728648 42.9418211072 42.9418211072 17.0880074906 17.0880074906 30.4138126515 31.304951685 14.8660687473 13.6014705087 17.7200451467 15.5563491861 15.6204993518 23.4093998214 11.1803398875 11.6619037897 31.384709653 30.0 32.2490309932 34.9284983931 36.6742416418 57.3846669416 58.7281874401 
1320 122.004098292 21.0237960416 21.0237960416 32.0156211872 24.0208242989 42.0475920833 25.0599281723 26.4196896272 22.8473193176 23.4093998214 57.0 34.1320963318 34.3656805549 39.9249295554 39.8120584748 12.3693168769 12.1655250606 17.0293863659 17.691806013 23.2594066992 23.4093998214 45.1774279923 43.4165866922 16.1245154966 17.88854382 31.7804971641 32.6496554346 15.2970585408 13.0384048104 17.4642491966 15.0 19.4164878389 23.4093998214 10.6301458127 10.295630141 30.0166620396 30.0166620396 32.7566787083 32.5729949498 39.0512483795 58.412327466 62.2414652784 
1381 125.063983624 20.0997512422 21.0237960416 34.0147027034 21.0237960416 41.0121933088 26.9258240357 29.4108823397 21.8403296678 23.3452350599 65.0 35.5105618091 35.6931365951 40.3112887415 40.249223595 10.1980390272 11.0453610172 18.6010752377 17.2046505341 24.1660919472 24.1660919472 40.249223595 41.8807831827 18.3847763109 19.6468827044 30.886890423 31.6227766017 17.2626765016 17.2046505341 17.4642491966 19.2093727123 16.9705627485 23.3452350599 11.7046999107 13.416407865 30.8058436015 28.0713376952 30.886890423 37.3363094052 35.1710107901 59.0338885726 58.7281874401 
1465 130.0 21.0237960416 21.0950231097 36.0138862107 24.0 41.0 26.0768096208 25.9422435421 22.1359436212 22.8473193176 62.0322496771 34.5253530033 35.5105618091 39.3573373083 40.249223595 12.0415945788 12.0415945788 17.8044938148 19.1049731745 25.2982212813 25.632011236 42.0594816896 42.5440947724 19.2353840617 18.8679622641 34.0 34.0147027034 18.6815416923 15.0 18.4390889146 14.4222051019 16.2788205961 22.8473193176 13.416407865 12.0830459736 30.2324329157 28.0 31.064449134 39.8497176903 40.2616442784 61.619802012 62.2414652784 
1514 125.143917151 21.0 21.2132034356 35.0570962859 21.0237960416 37.1214223865 25.2388589282 25.9422435421 22.1359436212 21.9317121995 61.1310068623 36.4005494464 36.2215405525 41.6773319683 40.4969134626 11.0453610172 10.1980390272 17.691806013 16.6433169771 26.9258240357 25.632011236 42.9418211072 44.3846820423 17.88854382 18.3575597507 33.1209903234 32.6955654485 18.6815416923 14.8660687473 17.2626765016 15.2643375225 17.0293863659 21.9317121995 11.7046999107 11.6619037897 34.4383507154 32.0 31.7647603485 39.6232255123 33.8378486314 62.2253967444 58.8217646794 
1544 123.016259088 19.0262975904 20.0997512422 32.0156211872 23.0 39.0 25.2388589282 25.5538646784 20.6155281281 21.1896201004 59.0338885726 34.3656805549 35.2278299076 39.8120584748 39.9249295554 12.1655250606 11.1803398875 16.2788205961 16.9705627485 22.1359436212 22.8473193176 42.5440947724 41.1460812229 17.4642491966 19.2353840617 30.0166620396 32.6496554346 16.7630546142 14.2126704036 16.4924225025 14.7648230602 16.2788205961 21.1896201004 10.0 10.295630141 30.8706980809 29.0688837075 31.9061122671 34.5253530033 36.6742416418 58.0 57.3149195236 
1550 125.159897731 22.360679775 20.2237484162 31.4006369362 26.0768096208 57.0350769264 28.1780056072 24.7588368063 22.8473193176 21.2132034356 62.1691241695 39.1152144312 36.8781778292 43.931765273 43.9089968002 12.6491106407 14.1421356237 17.8044938148 19.2093727123 27.6586333719 24.6981780705 52.3545604508 54.4058820349 18.7882942281 18.3847763109 32.6955654485 33.6005952328 14.0356688476 17.0880074906 18.0277563773 14.8660687473 14.2126704036 21.2132034356 12.0415945788 11.313708499 37.4432904537 33.1360830516 36.6742416418 29.6141857899 34.3656805549 61.611687203 61.0737259384 
1574 135.014814002 22.0227155455 21.0950231097 36.0 24.0 42.0 25.2388589282 26.6270539114 21.5406592285 20.8806130178 65.0076918526 35.3553390593 35.6931365951 40.718546143 41.5932686862 12.1655250606 12.1655250606 20.0 20.0 25.079872408 24.3515913238 42.0594816896 43.0464865001 16.1245154966 16.5529453572 32.6955654485 30.8706980809 18.2482875909 14.8660687473 18.2482875909 16.2788205961 18.3847763109 20.8806130178 13.416407865 13.9283882772 33.8378486314 30.0166620396 33.1209903234 40.5215991787 40.7921561087 61.619802012 62.9364759102 
1625 124.257796536 19.0 20.2237484162 33.0605505096 24.0831891576 42.1900462195 25.6124969497 25.9422435421 20.2237484162 21.5406592285 61.2045749924 37.483329628 37.1214223865 42.9534631898 43.6577599059 12.1655250606 12.6491106407 19.8494332413 20.2484567313 24.0416305603 23.7065391823 46.6476151588 47.539457296 18.0277563773 18.3575597507 30.2324329157 31.7804971641 15.5241746963 15.8113883008 18.1107702763 16.6433169771 17.8044938148 21.5406592285 13.0 11.6619037897 33.6154726279 33.1360830516 36.0555127546 34.7850542619 38.8973006776 63.8905313799 65.2150289427 
