Leaf
507 113.039815994 19.1049731745 19.0 34.0147027034 25.0199920064 47.0106370942 26.83281573 28.3019433962 23.0867927612 24.3310501212 61.0081961707 32.2490309932 32.3882694814 38.0131556175 37.1214223865 13.152946438 12.0415945788 17.0293863659 15.6204993518 19.4164878389 19.4164878389 48.5489443758 45.1774279923 19.6977156036 19.3132079158 31.384709653 31.6227766017 17.4642491966 16.6433169771 17.7200451467 16.4012194669 17.0293863659 24.3310501212 10.0 9.43398113206 35.4682957019 35.0570962859 37.1214223865 26.0192236625 30.0665927567 54.4885309033 53.8144961883 
317 106.677082825 21.3775583264 21.0237960416 31.1448230048 25.0199920064 44.0113621693 25.495097568 25.0 21.4709105536 19.9248588452 57.3149195236 34.0147027034 32.3882694814 40.4969134626 38.9101529167 13.6014705087 12.3693168769 18.4390889146 18.3847763109 21.0950231097 19.6977156036 36.7151195014 40.4598566483 19.2353840617 18.6815416923 32.6955654485 31.064449134 17.1172427686 17.0 14.8660687473 15.8113883008 15.0 19.9248588452 10.0 10.295630141 26.8700576851 22.360679775 22.360679775 31.9061122671 27.2029410175 54.918120871 53.0377224247 
21 116.017240098 20.2237484162 21.0237960416 32.0156211872 23.0217288664 41.0487515035 28.3019433962 27.2029410175 21.5870331449 21.5870331449 63.0713881249 34.1320963318 34.5253530033 38.6264158317 39.3573373083 11.1803398875 12.0415945788 19.4164878389 19.2093727123 24.6981780705 25.632011236 41.1825205639 39.9624824054 17.0880074906 17.4642491966 29.0688837075 31.7647603485 15.2970585408 15.8113883008 17.4642491966 15.6204993518 15.6204993518 21.5870331449 13.0 13.9283882772 26.9258240357 25.0 27.7848879789 30.3644529014 31.7804971641 55.4436651025 55.1724568965 
28 114.01754251 20.0997512422 20.0997512422 32.0156211872 22.0 39.0128184063 25.5538646784 27.4590604355 21.1896201004 21.5870331449 60.0 31.4006369362 30.4138126515 36.6742416418 35.77708764 11.1803398875 11.1803398875 14.1421356237 15.6204993518 21.0237960416 21.5406592285 38.0788655293 37.7359245282 18.3847763109 18.973665961 30.886890423 30.5286750449 16.2788205961 16.6433169771 16.4924225025 17.2046505341 15.5563491861 21.5870331449 8.60232526704 8.0622577483 27.7848879789 26.0 27.7848879789 31.0483493925 32.0156211872 52.4022900263 53.0377224247 
62 111.449540152 21.0950231097 21.5870331449 29.1547594742 22.0907220344 39.1152144312 28.6006992922 29.0688837075 21.3775583264 22.4722050542 59.3043000127 31.5753068077 32.0156211872 37.1214223865 37.947331922 11.1803398875 11.7046999107 17.8044938148 19.4164878389 21.1896201004 21.4709105536 38.275318418 39.3573373083 18.2482875909 19.3132079158 28.8444102037 30.8706980809 15.2315462117 16.2788205961 15.2970585408 17.0 16.2788205961 22.4722050542 12.0830459736 11.6619037897 26.83281573 24.0831891576 27.2029410175 30.3644529014 32.6955654485 54.5618914628 57.2013985843 
408 107.228727494 20.0997512422 18.0277563773 32.14031736 22.0907220344 38.0525951809 26.4196896272 26.6270539114 22.1359436212 23.1948270095 60.1331855135 35.2278299076 34.5253530033 39.9249295554 38.0131556175 11.1803398875 11.0 18.6010752377 17.0293863659 25.079872408 23.769728648 38.9486841883 37.2155881319 20.1246117975 22.1359436212 33.1209903234 33.3016516107 16.2788205961 16.5529453572 17.0880074906 17.4928556845 14.8660687473 23.1948270095 12.5299640861 12.0830459736 28.1780056072 27.0 28.6530975638 28.1602556807 30.5941170816 51.8555686499 50.2095608425 
513 114.070153853 20.0249843945 21.0950231097 37.0 27.0 44.0454310911 24.6981780705 25.495097568 21.1896201004 23.2594066992 61.0327780787 37.3363094052 37.3363094052 42.0475920833 42.4852915725 13.0384048104 14.0356688476 22.803508502 22.2036033112 24.0416305603 23.2594066992 40.6078810085 38.9486841883 15.2643375225 18.6010752377 30.4630924235 34.5398320783 18.1107702763 14.8660687473 19.1049731745 15.2643375225 16.2788205961 23.2594066992 16.4924225025 16.1554944214 24.5967477525 24.1867732449 27.8028775489 28.1780056072 36.6878726557 56.0802995712 58.7281874401 
553 113.039815994 21.0 20.0249843945 32.0156211872 27.0 42.0475920833 28.4253408071 28.0178514522 22.2036033112 22.360679775 66.0302960769 34.0587727319 35.1283361405 40.8533964316 42.5440947724 13.6014705087 14.5602197786 19.1049731745 19.7989898732 19.3132079158 17.88854382 39.6610640301 40.3112887415 18.4390889146 19.3132079158 30.8058436015 31.9061122671 15.2970585408 18.6010752377 17.1172427686 18.8679622641 17.2046505341 22.360679775 10.6301458127 10.0 24.6981780705 23.0217288664 25.8069758011 28.7923600978 32.5729949498 53.9073278878 56.7274184147 
600 113.159179919 19.2353840617 20.0997512422 31.0161248385 22.0227155455 42.0475920833 24.6981780705 24.4131112315 22.360679775 18.973665961 54.1479454827 33.2415402772 33.3766385366 39.0 38.4837628098 11.401754251 11.1803398875 17.8044938148 17.0293863659 21.0950231097 21.0237960416 38.0788655293 38.6005181312 19.4164878389 17.0880074906 32.6955654485 29.5296461205 17.4642491966 13.416407865 14.8660687473 13.6014705087 15.8113883008 18.973665961 10.295630141 10.295630141 28.0178514522 26.0768096208 27.2946881279 31.9530906173 32.5729949498 53.9073278878 55.1543289326 
617 115.004347744 21.0237960416 20.2237484162 33.0151480384 25.0199920064 43.0 26.9258240357 27.3130005675 23.0867927612 23.769728648 58.0775343829 33.2415402772 33.2415402772 38.9101529167 39.3954312072 13.152946438 12.3693168769 16.2788205961 17.691806013 21.9317121995 22.8473193176 37.0135110466 35.2278299076 18.3847763109 19.6977156036 32.2490309932 31.7647603485 17.4642491966 16.4012194669 16.2788205961 17.0 17.691806013 23.769728648 9.21954445729 9.43398113206 24.6981780705 22.0227155455 25.6124969497 31.384709653 32.3109888428 55.1724568965 52.4022900263 
839 115.156415366 20.0249843945 20.3960780544 32.0624390838 23.0217288664 41.1946598481 26.6270539114 28.1780056072 21.5870331449 22.1359436212 60.207972894 33.5410196625 34.1320963318 39.3573373083 39.5600808897 12.1655250606 11.401754251 17.691806013 17.8044938148 20.2484567313 19.4164878389 37.0135110466 37.5898922584 18.6815416923 19.6977156036 30.2324329157 31.304951685 16.7630546142 17.0293863659 16.2788205961 17.0 17.0293863659 22.1359436212 11.1803398875 10.295630141 25.495097568 24.0831891576 25.8069758011 29.7321374946 31.9530906173 53.7401153702 53.9073278878 
952 111.162043882 19.1049731745 18.1107702763 31.064449134 23.0217288664 40.049968789 26.9258240357 25.9422435421 21.5870331449 21.8403296678 57.0350769264 33.5410196625 34.0587727319 38.0131556175 38.6264158317 11.0453610172 12.1655250606 19.2093727123 19.4164878389 22.1359436212 22.360679775 36.8917334914 38.5875627631 17.7200451467 16.5529453572 28.3019433962 28.1780056072 16.4924225025 17.0293863659 15.1327459504 15.2643375225 19.1049731745 21.8403296678 12.6491106407 13.8924439894 27.2029410175 24.0 25.2388589282 36.0555127546 30.0166620396 55.9016994375 55.2177507691 
997 114.004385881 20.0249843945 20.0 33.0 24.0208242989 40.049968789 26.4196896272 26.9258240357 23.0867927612 23.769728648 60.0 32.14031736 33.5410196625 37.1618083521 38.4707681233 12.1655250606 12.0415945788 16.2788205961 17.0293863659 20.6155281281 21.5406592285 40.7062648741 39.9624824054 18.973665961 18.973665961 31.064449134 31.6227766017 16.4924225025 17.2046505341 17.4642491966 17.8044938148 17.2046505341 23.769728648 10.0 9.43398113206 28.3019433962 27.0 29.6816441593 28.4604989415 31.6227766017 52.2015325446 54.6717477313 
1028 110.072703247 19.4164878389 19.0262975904 31.0161248385 19.0 34.0 28.6356421266 27.4590604355 23.0867927612 22.360679775 58.137767415 36.6742416418 35.3553390593 41.629316593 39.5600808897 10.1980390272 9.21954445729 19.7230829233 19.2353840617 22.4722050542 22.1359436212 35.3411940941 37.2155881319 18.973665961 18.2482875909 28.6530975638 27.8028775489 17.2626765016 18.6010752377 14.5602197786 17.8044938148 19.4164878389 22.360679775 13.9283882772 13.6014705087 27.0185121722 23.1948270095 23.7065391823 40.3112887415 30.886890423 59.6657355607 55.2177507691 
1049 111.004504413 19.1049731745 19.1049731745 32.0 26.0 45.0111097397 26.83281573 26.4196896272 23.0867927612 21.8403296678 57.008771255 35.1283361405 35.1283361405 41.2310562562 41.2310562562 13.3416640641 13.3416640641 21.400934559 21.400934559 21.9317121995 21.4709105536 40.4969134626 41.8807831827 17.4642491966 18.3847763109 29.5296461205 30.0166620396 16.2788205961 15.8113883008 16.2788205961 16.6433169771 18.0277563773 21.8403296678 13.0 13.0 30.0166620396 28.0 30.0166620396 30.4630924235 27.8567765544 56.2227711875 54.8178802947 
1137 111.072048689 18.0 19.0262975904 34.0147027034 24.0208242989 42.0119030752 25.2388589282 24.6981780705 21.3775583264 20.8806130178 61.0081961707 34.5253530033 34.2344855372 40.249223595 40.3112887415 12.1655250606 12.3693168769 17.691806013 17.0293863659 21.1896201004 22.825424421 41.3400532172 41.1825205639 18.7882942281 18.3575597507 31.064449134 31.7647603485 16.7630546142 14.4222051019 18.4390889146 15.0 15.8113883008 20.8806130178 10.295630141 10.0 28.1780056072 27.0739727414 29.4108823397 27.892651362 29.4108823397 52.4976189936 53.4134814443 
1141 110.0 20.0249843945 20.0249843945 32.0 23.0 38.0131556175 28.8444102037 27.7848879789 23.3452350599 23.769728648 62.0 31.4006369362 31.2569992162 38.0131556175 37.1618083521 12.3693168769 11.401754251 20.0 19.4164878389 23.0867927612 24.3515913238 36.3593179254 35.5105618091 19.4164878389 19.9248588452 30.0 31.6227766017 16.4924225025 19.2093727123 16.4924225025 18.0277563773 17.691806013 23.769728648 12.0830459736 12.6491106407 25.5538646784 24.0208242989 26.0768096208 29.4108823397 28.7923600978 50.3289181286 50.3289181286 
1147 110.072703247 22.0907220344 22.0227155455 31.0161248385 21.0237960416 40.1123422403 25.9422435421 26.9258240357 23.2594066992 23.4093998214 57.008771255 32.14031736 32.7566787083 37.3363094052 38.4707681233 10.4403065089 11.1803398875 17.4928556845 18.4390889146 23.7065391823 24.3515913238 38.9486841883 37.4432904537 17.4642491966 18.3847763109 32.2024843762 33.1209903234 16.4924225025 15.0 15.8113883008 14.4222051019 17.4928556845 23.4093998214 11.1803398875 11.7046999107 24.4131112315 23.0 25.2388589282 29.5465734054 31.9530906173 53.600373133 54.4885309033 
1208 120.0 21.0237960416 21.0950231097 30.0 29.0172362571 53.0 25.2388589282 25.5538646784 21.1896201004 21.5406592285 57.008771255 31.0161248385 32.0 38.4837628098 37.6961536499 15.5241746963 14.3178210633 18.4390889146 18.6010752377 21.400934559 19.4164878389 48.2597140481 47.7074417675 18.7882942281 18.7882942281 33.1209903234 32.6496554346 15.8113883008 13.8924439894 15.8113883008 13.8924439894 16.9705627485 21.5406592285 10.6301458127 9.21954445729 29.1547594742 27.0185121722 30.2324329157 28.8617393793 29.6141857899 59.5482997238 58.7962583844 
1215 114.01754251 21.0237960416 22.0227155455 31.0161248385 23.0 40.0124980475 24.8394846967 23.8537208838 18.6815416923 21.0237960416 60.0333240792 30.2654919008 31.2569992162 35.3411940941 36.6742416418 11.1803398875 12.1655250606 16.2788205961 16.9705627485 22.1359436212 22.360679775 41.6773319683 41.5932686862 15.5241746963 16.5529453572 28.6530975638 32.2024843762 14.5602197786 14.8660687473 17.2626765016 15.6204993518 14.8660687473 21.0237960416 10.295630141 10.8166538264 28.1780056072 27.0739727414 30.2324329157 28.8617393793 35.3553390593 53.2634959423 55.8659108939 
1241 111.004504413 21.0950231097 20.0249843945 32.0 26.0192236625 50.0099990002 30.0166620396 28.3019433962 24.7386337537 23.5372045919 62.0322496771 31.1448230048 32.14031736 37.5765884561 37.5765884561 13.3416640641 13.152946438 17.691806013 18.4390889146 23.8537208838 22.825424421 48.3735464898 48.5489443758 22.5610283454 21.5870331449 32.8024389337 32.0156211872 16.7630546142 20.2484567313 16.7630546142 19.4164878389 16.2788205961 23.5372045919 10.6301458127 10.8166538264 26.0768096208 25.0199920064 26.4196896272 28.1602556807 24.3310501212 57.3149195236 56.0802995712 
1248 119.067207912 19.0262975904 20.0997512422 29.0688837075 26.0192236625 54.1479454827 28.3019433962 29.0688837075 23.3452350599 25.0 57.1401785086 34.0147027034 35.0570962859 39.5600808897 41.7851648316 13.3416640641 13.6014705087 17.8044938148 16.9705627485 19.2093727123 20.0 54.083269132 54.5618914628 18.1107702763 18.973665961 27.0185121722 30.5286750449 13.6014705087 17.8044938148 16.1245154966 18.8679622641 17.2046505341 25.0 9.21954445729 10.0 30.083217913 30.1496268634 31.064449134 23.1948270095 33.0 60.3075451333 62.2414652784 
1282 123.101584068 20.0997512422 22.0 33.0151480384 23.0 43.0 25.5538646784 25.0 21.1896201004 21.1896201004 61.0737259384 32.14031736 31.7804971641 37.1618083521 37.5898922584 12.1655250606 11.1803398875 16.2788205961 16.9705627485 21.4709105536 21.4709105536 41.6773319683 42.1900462195 15.6524758425 16.1554944214 29.5465734054 31.7647603485 16.2788205961 14.2126704036 17.4642491966 15.5563491861 17.691806013 21.1896201004 10.0 9.43398113206 29.6816441593 27.0 30.5286750449 31.7804971641 39.0128184063 54.5618914628 57.6281181369 
1304 103.0 19.0262975904 19.0262975904 30.0 24.0 40.0124980475 26.6270539114 27.4590604355 21.3775583264 22.360679775 60.0083327547 33.1360830516 33.1360830516 39.0 39.0 12.3693168769 12.3693168769 19.1049731745 17.8044938148 21.5406592285 20.6155281281 41.5932686862 43.4165866922 17.7200451467 17.7200451467 28.8444102037 28.8444102037 15.5241746963 16.4012194669 15.5241746963 16.4012194669 15.6204993518 22.360679775 11.1803398875 12.2065556157 25.5538646784 24.0208242989 24.5967477525 25.9615099715 26.4764045897 52.8015151298 53.9073278878 
1414 110.0 19.0262975904 19.0 31.0161248385 28.0178514522 54.0092584656 25.2388589282 24.4131112315 20.6155281281 20.6155281281 59.0 31.1448230048 31.0 38.0131556175 37.6961536499 14.3178210633 14.5602197786 18.0277563773 17.0293863659 20.5182845287 19.2093727123 49.0917508345 49.9299509313 17.4642491966 16.5529453572 30.0166620396 30.0166620396 16.7630546142 14.2126704036 15.5241746963 13.6014705087 13.8924439894 20.6155281281 9.21954445729 10.0 29.1547594742 27.0185121722 28.1780056072 24.0 22.0 53.7587202229 53.1507290637 
1667 111.072048689 19.2353840617 21.0237960416 27.0185121722 25.079872408 44.1021541424 28.1780056072 28.8444102037 22.803508502 23.5372045919 56.0357029045 31.064449134 32.2490309932 36.6878726557 37.5765884561 13.6014705087 12.1655250606 17.0293863659 17.8044938148 19.4164878389 18.7882942281 43.4165866922 41.8807831827 16.7630546142 18.973665961 27.2946881279 31.9061122671 14.5602197786 15.0 13.9283882772 14.7648230602 19.2093727123 23.5372045919 10.6301458127 8.94427191 26.6270539114 26.0 29.1547594742 23.769728648 32.7566787083 51.3127664427 57.2800139665 
