Leaf
597 114.109596441 21.3775583264 20.0997512422 29.0688837075 22.0227155455 46.0 30.4138126515 28.6530975638 24.0416305603 23.769728648 57.1401785086 36.0555127546 35.3553390593 39.2173431023 38.4837628098 11.0453610172 11.0 16.2788205961 15.5563491861 24.1867732449 23.3238075794 46.5295604965 47.5078940809 19.6468827044 20.6155281281 30.0166620396 30.8058436015 14.5602197786 17.4928556845 16.1554944214 17.2046505341 16.4012194669 23.769728648 11.401754251 10.8166538264 37.1214223865 35.0 38.4707681233 29.8328677804 30.2654919008 57.2013985843 56.8506816142 
70 120.004166594 22.2036033112 21.0950231097 29.0 22.0227155455 41.0121933088 30.8058436015 29.206163733 22.360679775 21.2132034356 65.0307619516 35.3553390593 34.0587727319 40.3112887415 39.2173431023 11.1803398875 11.401754251 18.4390889146 18.0277563773 23.2594066992 22.8473193176 41.6773319683 42.0594816896 21.5870331449 20.3960780544 32.4499614792 30.8058436015 15.8113883008 18.8679622641 14.8660687473 18.0277563773 17.2046505341 21.2132034356 11.7046999107 12.0830459736 30.5286750449 28.0178514522 29.0688837075 36.1386219992 32.5729949498 59.4138031101 58.2580466545 
253 111.0 21.3775583264 20.2237484162 28.0 23.0 43.0116263352 29.1547594742 28.3019433962 21.8403296678 21.5870331449 58.0086200491 37.0540146273 37.1214223865 41.4366987102 41.4366987102 12.1655250606 11.1803398875 19.1049731745 17.2046505341 20.591260282 19.7230829233 40.4969134626 40.8166632639 22.5610283454 21.5870331449 31.6227766017 30.8058436015 14.5602197786 20.1246117975 14.5602197786 19.2353840617 14.8660687473 21.5870331449 11.1803398875 11.6619037897 27.4590604355 24.0208242989 25.5538646784 32.8937684068 31.9530906173 58.7962583844 57.4891294072 
322 114.01754251 22.0907220344 22.2036033112 33.0605505096 24.0 41.0487515035 27.4590604355 28.3019433962 22.1359436212 22.1359436212 63.0713881249 35.2278299076 37.3363094052 40.3112887415 42.5440947724 12.1655250606 12.1655250606 18.4390889146 18.4390889146 25.2982212813 23.769728648 37.2155881319 40.4969134626 19.9248588452 19.3132079158 32.7566787083 32.6496554346 16.4924225025 18.0277563773 17.1172427686 18.8679622641 14.2126704036 22.1359436212 11.6619037897 11.6619037897 28.8444102037 26.0192236625 27.4590604355 33.5410196625 32.6955654485 56.4003546088 56.8506816142 
481 115.156415366 20.0249843945 20.2237484162 34.0587727319 24.0831891576 38.1182371051 29.1547594742 28.6356421266 24.5153013443 24.3515913238 61.0737259384 36.3455636908 36.3455636908 40.718546143 42.5440947724 12.0415945788 12.3693168769 16.9705627485 18.4390889146 22.803508502 22.4722050542 39.6610640301 39.3954312072 20.6155281281 21.9317121995 31.4006369362 33.6154726279 16.4924225025 19.4164878389 18.1107702763 20.1246117975 15.5563491861 24.3515913238 11.1803398875 9.8488578018 25.495097568 24.1867732449 26.2488094968 29.1547594742 36.4005494464 55.4436651025 57.6281181369 
494 112.071405809 21.3775583264 20.0997512422 32.0156211872 21.0237960416 41.0121933088 31.304951685 30.0166620396 25.0 24.5153013443 61.0737259384 34.5253530033 34.3656805549 38.4837628098 37.5765884561 10.0498756211 11.0 18.0277563773 17.8044938148 25.0599281723 23.4093998214 40.3112887415 39.9624824054 21.8403296678 21.5870331449 31.9061122671 31.4006369362 17.4642491966 20.2484567313 15.8113883008 18.8679622641 16.4012194669 24.5153013443 12.5299640861 13.0 28.8444102037 26.0192236625 27.2946881279 32.3109888428 31.9530906173 57.008771255 56.7274184147 
498 114.109596441 20.0 20.0997512422 35.0142828 24.0 41.0 26.9258240357 27.7848879789 23.769728648 22.803508502 63.0317380373 36.6742416418 37.2155881319 42.9418211072 41.7851648316 13.152946438 11.1803398875 19.8494332413 18.6010752377 22.1359436212 23.2594066992 43.9089968002 42.4852915725 19.6977156036 18.7882942281 33.2866339542 31.7647603485 18.6815416923 16.4012194669 17.4642491966 15.8113883008 15.8113883008 22.803508502 12.5299640861 12.0830459736 28.1780056072 27.0739727414 29.6816441593 31.2569992162 30.3644529014 55.1724568965 56.4003546088 
523 112.071405809 20.3960780544 19.0 33.1360830516 22.0907220344 42.1900462195 28.6356421266 27.4590604355 23.4093998214 23.3452350599 60.2992537267 38.3275357935 37.483329628 43.0813184571 40.718546143 11.1803398875 11.0 17.8044938148 16.2788205961 22.825424421 23.769728648 45.1774279923 41.6773319683 19.3132079158 19.6468827044 30.4138126515 30.61045573 17.1172427686 18.8679622641 16.7630546142 17.8044938148 18.0277563773 23.3452350599 10.8166538264 11.6619037897 26.9258240357 26.0 26.4196896272 31.384709653 30.8706980809 60.8029604542 58.412327466 
624 115.06954419 21.0237960416 20.3960780544 33.0605505096 23.0217288664 39.0512483795 26.4196896272 26.9258240357 23.4093998214 23.2594066992 56.1426753905 34.5253530033 35.2278299076 39.3573373083 39.9249295554 12.0415945788 11.1803398875 16.9705627485 17.0293863659 22.1359436212 21.9317121995 40.3112887415 41.5932686862 19.3132079158 19.2353840617 32.7566787083 31.7804971641 16.2788205961 17.4928556845 17.0293863659 17.88854382 14.2126704036 23.2594066992 10.7703296143 11.1803398875 34.0147027034 32.0 32.6496554346 33.9558536927 34.7850542619 57.3149195236 58.2580466545 
631 114.354711315 20.3960780544 19.0 29.1547594742 20.0997512422 36.0555127546 27.3130005675 27.2029410175 22.8473193176 22.2036033112 56.3205113613 34.1320963318 33.5410196625 39.2173431023 37.5765884561 10.4403065089 10.0498756211 19.7230829233 18.0277563773 24.6981780705 24.0416305603 39.9249295554 40.8166632639 18.8679622641 17.7200451467 32.3109888428 29.4108823397 16.1245154966 15.2315462117 13.9283882772 14.4222051019 18.6010752377 22.2036033112 12.6491106407 14.3178210633 30.0 28.1602556807 28.231188427 38.0788655293 31.0161248385 59.4053869611 56.8506816142 
660 116.348614087 20.0 21.0950231097 29.0172362571 25.0199920064 40.049968789 28.0178514522 29.0688837075 23.3452350599 25.2982212813 58.137767415 34.2344855372 34.0 39.8120584748 38.8973006776 13.152946438 12.3693168769 20.5182845287 18.0277563773 24.7386337537 24.6981780705 41.8807831827 40.718546143 20.6155281281 20.8806130178 32.0156211872 32.4499614792 15.8113883008 18.0277563773 14.5602197786 17.88854382 17.691806013 25.2982212813 11.7046999107 13.0384048104 30.4138126515 28.0713376952 30.8058436015 34.1320963318 34.5398320783 55.2268050859 57.4282160614 
672 110.22250224 20.0997512422 21.3775583264 30.0166620396 21.0237960416 43.0464865001 28.1780056072 29.5465734054 24.0416305603 24.6981780705 55.0817574157 34.2344855372 34.3656805549 37.6961536499 39.3954312072 10.0498756211 11.1803398875 14.1421356237 15.5563491861 21.0237960416 22.2036033112 40.8166632639 43.0464865001 21.5870331449 23.0867927612 31.4006369362 33.2866339542 14.8660687473 18.3575597507 16.4924225025 20.1246117975 16.1245154966 24.6981780705 8.94427191 9.43398113206 30.4138126515 29.0172362571 31.9061122671 29.2745623366 34.5253530033 50.931326313 57.2800139665 
676 113.070774296 22.0227155455 22.2036033112 33.0151480384 24.0208242989 46.0 25.2388589282 26.9258240357 21.5406592285 21.5406592285 61.0737259384 35.5105618091 35.1283361405 41.5932686862 40.4969134626 13.152946438 11.401754251 17.691806013 17.0293863659 23.7065391823 24.5967477525 43.0116263352 40.8166632639 17.4642491966 17.4642491966 32.6496554346 31.7804971641 17.2626765016 16.4012194669 16.1245154966 16.6433169771 16.2788205961 21.5406592285 10.6301458127 10.0 29.1547594742 27.0185121722 29.6816441593 31.3209195267 28.1780056072 57.3149195236 55.4707129934 
781 118.016947935 21.0950231097 21.0 34.0 25.0 42.0475920833 28.1780056072 26.9258240357 24.3515913238 24.0416305603 61.0327780787 33.2415402772 33.3766385366 39.8120584748 39.8120584748 13.3416640641 12.3693168769 17.691806013 18.3847763109 23.2594066992 24.0416305603 41.6773319683 39.9624824054 19.2353840617 19.2353840617 33.5410196625 34.4818792991 17.4642491966 15.2643375225 17.4642491966 15.2643375225 17.8044938148 24.0416305603 10.6301458127 10.295630141 30.0166620396 28.0 30.0166620396 30.6757233004 34.7850542619 56.2227711875 58.0517010948 
792 110.22250224 21.0950231097 21.3775583264 31.064449134 25.079872408 43.1856457634 29.6816441593 28.1780056072 23.5372045919 22.4722050542 60.0333240792 34.5253530033 34.0 40.7062648741 39.8497176903 13.152946438 12.6491106407 18.4390889146 17.8044938148 18.7882942281 18.0277563773 41.6173040934 42.4852915725 21.3775583264 21.1896201004 31.4006369362 32.2490309932 15.8113883008 19.4164878389 16.2788205961 19.2353840617 17.8044938148 22.4722050542 10.7703296143 11.401754251 28.1780056072 26.0192236625 26.9258240357 29.8328677804 30.083217913 55.8659108939 55.4436651025 
826 114.109596441 21.0950231097 21.0 32.0624390838 20.0249843945 39.0512483795 28.6530975638 27.4590604355 24.0416305603 23.769728648 61.1310068623 37.2155881319 36.8781778292 42.3792402008 42.0475920833 10.4403065089 10.1980390272 17.2046505341 16.4012194669 22.360679775 22.8473193176 42.4852915725 41.1825205639 20.2484567313 19.6468827044 32.7566787083 32.2024843762 16.2788205961 18.3575597507 16.7630546142 17.8044938148 19.4164878389 23.769728648 10.295630141 10.8166538264 30.0166620396 28.0 30.886890423 32.5729949498 32.2800247831 57.8013840665 56.8506816142 
1007 111.162043882 18.1107702763 18.0 34.0587727319 23.0217288664 43.0464865001 26.83281573 25.5538646784 22.803508502 22.5610283454 59.1354377679 36.1247837364 35.902646142 40.4969134626 41.1825205639 11.1803398875 12.0415945788 17.0293863659 16.9705627485 21.0237960416 22.825424421 45.1884941108 45.7930125674 19.3132079158 21.5406592285 29.6816441593 32.8024389337 16.4924225025 16.6433169771 18.973665961 17.2046505341 15.0 22.5610283454 10.295630141 11.6619037897 28.3019433962 28.0178514522 29.5296461205 26.9258240357 30.083217913 58.1807528312 58.8982172905 
1142 115.01738999 21.3775583264 20.0997512422 33.0151480384 25.0199920064 44.0454310911 29.5465734054 28.6356421266 24.6981780705 25.2982212813 57.0350769264 37.2155881319 37.2155881319 44.3846820423 43.0813184571 13.6014705087 12.3693168769 20.6155281281 19.2093727123 21.4709105536 21.9317121995 38.5875627631 39.2045915678 21.0237960416 21.9317121995 33.5410196625 34.1320963318 17.2626765016 17.88854382 16.4924225025 17.4642491966 15.8113883008 25.2982212813 11.1803398875 12.0830459736 24.2074368738 22.0907220344 23.3238075794 34.0147027034 30.8706980809 58.137767415 56.639209034 
1245 115.108644332 18.1107702763 19.0262975904 30.0665927567 22.0227155455 39.0128184063 29.0688837075 30.5286750449 24.5153013443 25.179356624 59.0338885726 35.1283361405 34.3656805549 41.4366987102 40.3112887415 11.7046999107 11.401754251 18.6010752377 17.8044938148 21.9317121995 21.5406592285 42.4852915725 42.0594816896 20.2484567313 21.3775583264 30.2324329157 30.4795013083 15.2970585408 17.88854382 15.8113883008 19.4164878389 18.4390889146 25.179356624 10.295630141 11.6619037897 29.1547594742 28.0178514522 29.9666481275 32.3109888428 33.9558536927 58.6003412959 58.7962583844 
1520 116.430236623 20.0249843945 21.5870331449 28.0713376952 29.0172362571 48.0936586256 29.6816441593 31.304951685 24.3310501212 24.0416305603 58.2151183113 33.0151480384 34.0587727319 39.9249295554 41.1096095822 14.5602197786 15.8113883008 18.6010752377 18.4390889146 16.6433169771 15.6204993518 49.0917508345 48.754486973 20.2237484162 19.9248588452 29.8328677804 30.4138126515 13.3416640641 19.7230829233 15.0332963784 20.1246117975 19.8494332413 24.0416305603 7.81024967591 7.81024967591 28.6530975638 27.0739727414 30.0 29.0688837075 31.5753068077 57.2800139665 59.2030404625 
1523 114.039466852 19.1049731745 19.2353840617 31.0161248385 23.0 40.0124980475 25.5538646784 26.4196896272 20.8806130178 20.8806130178 57.0350769264 35.3553390593 36.1247837364 40.3112887415 40.8533964316 11.1803398875 12.1655250606 17.0293863659 17.691806013 21.9317121995 20.6155281281 40.3112887415 41.1825205639 18.0277563773 18.973665961 29.1547594742 29.1547594742 16.2788205961 17.2046505341 15.1327459504 18.3575597507 15.5563491861 20.8806130178 11.1803398875 11.1803398875 27.7848879789 26.0 27.7848879789 34.5253530033 31.7804971641 55.8659108939 55.2268050859 
1601 114.280357017 22.0227155455 21.2132034356 32.0156211872 22.0 39.0128184063 25.5538646784 26.83281573 22.8473193176 22.8473193176 57.0788927713 35.6931365951 36.1247837364 41.5932686862 40.162171256 12.1655250606 10.1980390272 17.0293863659 17.0293863659 22.8473193176 21.5406592285 41.5932686862 42.9418211072 19.3132079158 20.6155281281 33.6154726279 33.1209903234 17.4642491966 17.2046505341 15.2970585408 17.4642491966 15.8113883008 22.8473193176 12.2065556157 9.48683298051 30.886890423 29.0172362571 30.4138126515 33.5410196625 32.8937684068 55.9016994375 59.2030404625 
