Leaf
954 98.0815986819 18.2482875909 16.1245154966 27.0739727414 21.0 34.0147027034 21.4709105536 21.6333076528 17.88854382 16.4924225025 49.0917508345 35.1283361405 33.1360830516 40.4969134626 38.275318418 11.401754251 10.4403065089 15.6204993518 16.2788205961 18.3575597507 17.4642491966 34.0 34.1320963318 13.9283882772 15.1327459504 25.079872408 22.2036033112 15.0332963784 15.6204993518 12.3693168769 15.6204993518 14.4222051019 16.4924225025 9.21954445729 8.0622577483 22.803508502 21.0950231097 21.0237960416 30.4138126515 26.4196896272 51.4003891036 50.0 
53 101.004950374 18.1107702763 17.0293863659 29.0172362571 21.0 37.0135110466 23.7065391823 23.7065391823 20.2484567313 20.8806130178 51.0098029794 32.2490309932 31.2569992162 37.1618083521 35.8468966579 11.1803398875 10.1980390272 14.8660687473 15.5563491861 16.1245154966 17.0 35.5105618091 34.1320963318 15.6524758425 16.5529453572 27.7308492477 27.7848879789 15.2970585408 13.6014705087 14.5602197786 13.0384048104 16.4012194669 20.8806130178 9.43398113206 8.94427191 24.6981780705 23.0 24.6981780705 28.1602556807 26.9258240357 48.8364617883 47.6340214553 
456 100.04498988 18.0277563773 16.1245154966 29.0172362571 20.0249843945 33.0 22.825424421 21.9544984001 20.2484567313 17.7200451467 51.0 29.6141857899 29.1547594742 34.0 33.6154726279 10.0498756211 10.1980390272 16.4012194669 17.2046505341 22.1359436212 22.803508502 35.77708764 36.235341864 17.0 15.6524758425 29.5296461205 25.9422435421 15.5241746963 13.0384048104 14.3178210633 13.0384048104 15.5563491861 17.7200451467 12.0830459736 12.0830459736 27.7848879789 26.0192236625 26.83281573 28.6356421266 27.5136329844 47.5078940809 49.2036584006 
675 101.123686642 19.0 18.4390889146 27.0739727414 21.0950231097 36.2215405525 22.803508502 23.769728648 18.6815416923 20.1246117975 50.3587132481 31.5753068077 31.0 35.3553390593 34.4818792991 11.0 10.1980390272 14.8660687473 15.6204993518 18.973665961 18.3575597507 33.2866339542 36.7151195014 15.8113883008 17.0 28.3019433962 28.231188427 13.6014705087 13.6014705087 14.1421356237 14.3178210633 14.1421356237 20.1246117975 10.295630141 9.43398113206 24.6981780705 22.0 23.0217288664 30.5941170816 27.892651362 48.1040538832 48.1663783152 
878 98.0459076147 18.1107702763 16.1245154966 28.0 18.0 33.0151480384 23.3238075794 23.7065391823 18.973665961 19.6468827044 51.0098029794 30.5941170816 30.2654919008 34.4383507154 33.6154726279 9.05538513814 9.05538513814 14.2126704036 14.2126704036 18.7882942281 19.3132079158 32.2490309932 31.9061122671 14.8660687473 15.8113883008 25.9422435421 24.6981780705 15.2970585408 14.8660687473 13.3416640641 14.4222051019 15.0 19.6468827044 10.295630141 9.48683298051 22.4722050542 21.0 21.9544984001 29.4108823397 27.3130005675 47.4236228055 47.5078940809 
888 103.019415646 21.0237960416 20.0997512422 31.0161248385 22.0227155455 35.0570962859 22.803508502 21.0950231097 18.3847763109 18.3575597507 56.0089278598 30.5941170816 30.1496268634 37.1214223865 36.7695526217 11.401754251 11.7046999107 17.0293863659 17.8044938148 18.973665961 18.3847763109 30.8058436015 31.9061122671 13.9283882772 14.7648230602 28.6356421266 29.1547594742 16.4924225025 14.2126704036 15.2970585408 12.8062484749 14.2126704036 18.3575597507 9.43398113206 8.94427191 23.8537208838 21.0 22.4722050542 32.5729949498 29.1547594742 49.5176736126 48.1663783152 
902 105.304320899 18.2482875909 18.0 29.0172362571 19.0262975904 34.0147027034 21.9544984001 22.2036033112 17.4642491966 18.6815416923 53.0377224247 32.0624390838 32.9848450049 35.7351367704 37.5898922584 9.21954445729 10.0498756211 15.8113883008 15.6204993518 19.6977156036 19.3132079158 33.6154726279 32.7566787083 14.7648230602 15.6524758425 26.9258240357 28.6530975638 14.1421356237 13.0384048104 15.2970585408 13.6014705087 13.4536240471 18.6815416923 10.7703296143 10.7703296143 23.3238075794 22.0227155455 24.4131112315 29.5296461205 33.2415402772 50.8035431835 50.2095608425 
920 103.0 18.2482875909 18.2482875909 28.0 19.0262975904 36.0 22.825424421 21.4709105536 18.3847763109 17.88854382 49.0102030194 30.2654919008 31.4006369362 34.5398320783 35.3411940941 9.21954445729 10.0498756211 14.8660687473 13.4536240471 18.7882942281 18.3575597507 34.1320963318 34.1320963318 15.2315462117 15.6524758425 26.4007575649 27.3130005675 14.3178210633 13.6014705087 14.3178210633 13.0384048104 15.8113883008 17.88854382 8.60232526704 9.21954445729 21.0950231097 20.0249843945 22.803508502 27.7308492477 31.9530906173 49.8196748283 51.6623654124 
934 104.07689465 18.0277563773 17.1172427686 29.0688837075 21.0237960416 34.0587727319 20.8086520467 20.2484567313 17.0880074906 16.1554944214 52.038447325 29.8328677804 30.0166620396 36.3593179254 34.4818792991 12.1655250606 9.48683298051 15.5563491861 15.6204993518 20.2484567313 18.973665961 33.0151480384 32.6496554346 14.3178210633 13.0 26.83281573 24.1660919472 16.4924225025 13.4536240471 13.152946438 12.8062484749 14.8660687473 16.1554944214 10.0 8.94427191 25.0 21.0 22.803508502 35.4682957019 29.4108823397 53.7587202229 49.7393204618 
996 104.004807581 18.1107702763 19.2353840617 29.0 19.0 35.0142828 21.0950231097 21.6333076528 17.4642491966 16.5529453572 52.0 30.8058436015 30.1496268634 36.235341864 34.1760149813 10.1980390272 9.21954445729 16.4012194669 15.8113883008 19.6977156036 18.7882942281 33.2866339542 33.6154726279 13.8924439894 13.416407865 26.9258240357 26.5706605112 16.1245154966 13.4536240471 13.152946438 12.2065556157 14.1421356237 16.5529453572 9.8488578018 10.7703296143 25.5538646784 23.0 24.1867732449 31.0483493925 27.5136329844 49.4974746831 47.5078940809 
1022 96.1873172513 16.0 16.1245154966 25.0199920064 20.0 32.0156211872 23.8537208838 24.5967477525 20.2237484162 20.6155281281 49.0917508345 28.1602556807 29.0688837075 32.6955654485 33.2415402772 10.1980390272 10.1980390272 14.8660687473 13.4536240471 18.6815416923 18.3847763109 32.7566787083 32.6496554346 18.2482875909 19.6468827044 26.1725046566 27.0185121722 12.6491106407 16.6433169771 13.3416640641 17.88854382 14.8660687473 20.6155281281 8.0622577483 7.81024967591 25.0599281723 23.0217288664 25.2388589282 27.5136329844 28.231188427 46.8614980554 47.2016948848 
1023 101.079176886 16.1245154966 16.0312195419 27.0 21.0 36.0138862107 20.591260282 20.8086520467 17.0880074906 18.4390889146 49.0102030194 26.1725046566 26.1725046566 31.304951685 30.8706980809 11.1803398875 10.1980390272 17.0293863659 16.4012194669 20.6155281281 21.1896201004 35.77708764 36.8917334914 15.0 13.8924439894 26.9258240357 26.4196896272 14.5602197786 9.43398113206 13.6014705087 10.0 13.4536240471 18.4390889146 10.295630141 10.7703296143 28.8444102037 26.0768096208 27.2946881279 30.2654919008 28.0713376952 46.6904701197 45.2769256907 
1027 105.019045892 18.0277563773 17.0 28.0 20.0 35.0 22.825424421 22.825424421 20.2484567313 20.8806130178 50.0 31.2569992162 31.2569992162 35.8468966579 35.8468966579 10.1980390272 10.1980390272 15.6204993518 15.6204993518 18.7882942281 18.3847763109 33.2866339542 32.7566787083 15.8113883008 16.1554944214 26.9258240357 27.4590604355 14.3178210633 15.0 14.3178210633 14.4222051019 15.8113883008 20.8806130178 9.43398113206 9.43398113206 25.0599281723 23.0 24.1867732449 29.4108823397 28.1602556807 49.5176736126 46.6904701197 
1038 101.044544633 19.1049731745 17.2626765016 27.0 19.0262975904 35.0142828 22.4722050542 22.360679775 18.3847763109 18.3847763109 49.0102030194 30.2654919008 31.2569992162 34.9284983931 34.5398320783 10.1980390272 9.05538513814 15.6204993518 14.2126704036 20.6155281281 20.6155281281 36.235341864 35.8468966579 16.7630546142 17.88854382 27.7848879789 28.1780056072 13.6014705087 14.4222051019 14.5602197786 13.416407865 12.8062484749 18.3847763109 10.295630141 9.8488578018 24.6981780705 23.0 24.6981780705 28.7923600978 31.384709653 50.6063237155 53.2634959423 
1042 98.1835016691 16.2788205961 16.0 26.0192236625 19.0262975904 31.0161248385 23.7065391823 20.8086520467 18.6815416923 17.4642491966 49.2544414241 30.1496268634 30.2654919008 35.1140997322 34.9284983931 9.48683298051 10.1980390272 15.6204993518 14.2126704036 19.3132079158 18.6815416923 32.6955654485 34.1320963318 16.5529453572 15.8113883008 25.9422435421 25.8069758011 14.1421356237 14.7648230602 12.3693168769 13.8924439894 15.5563491861 17.4642491966 8.54400374532 9.43398113206 26.4007575649 23.1948270095 24.5967477525 32.8937684068 29.4108823397 49.8196748283 48.9182992345 
1074 99.0807751282 17.0 16.1245154966 26.0 20.0 31.0161248385 20.8086520467 21.4709105536 17.7200451467 18.0277563773 48.0416485979 27.4590604355 27.0185121722 32.6496554346 31.0161248385 10.1980390272 10.1980390272 15.5563491861 14.2126704036 19.4164878389 19.3132079158 34.885527085 35.3411940941 13.9283882772 15.2315462117 25.5538646784 25.0599281723 13.3416640641 12.8062484749 13.3416640641 13.0384048104 15.0 18.0277563773 8.54400374532 9.43398113206 25.9422435421 24.0208242989 25.5538646784 30.8058436015 27.8567765544 49.578221025 49.4064773081 
1116 98.1835016691 16.2788205961 16.0312195419 29.0172362571 18.0277563773 32.0 22.8473193176 22.360679775 19.3132079158 19.9248588452 48.0416485979 30.2654919008 30.8058436015 33.2415402772 34.4818792991 8.0622577483 10.0 13.6014705087 14.1421356237 18.3847763109 17.4642491966 34.0 34.0 14.8660687473 15.6524758425 23.7065391823 26.4196896272 14.1421356237 15.0 15.2970585408 13.6014705087 17.0 19.9248588452 8.94427191 8.94427191 21.0950231097 20.0249843945 22.803508502 27.2029410175 32.2800247831 51.1077293567 50.2493781056 
1127 101.079176886 17.0293863659 17.0293863659 28.0178514522 21.0 38.0131556175 24.1867732449 23.7065391823 20.6155281281 20.8806130178 51.0098029794 30.4138126515 31.064449134 35.3411940941 35.4682957019 10.1980390272 11.1803398875 17.2046505341 17.8044938148 20.6155281281 20.1246117975 36.0555127546 35.8468966579 18.973665961 18.3847763109 28.6006992922 28.8444102037 14.8660687473 15.2643375225 14.5602197786 14.7648230602 14.8660687473 20.8806130178 11.7046999107 12.5299640861 23.3238075794 22.0227155455 23.0217288664 26.9258240357 26.4007575649 49.6789693935 49.2036584006 
1138 99.0050503762 18.0277563773 17.0293863659 26.0 20.0 36.0138862107 22.4722050542 22.825424421 18.973665961 19.9248588452 49.0102030194 30.1496268634 30.1496268634 34.5398320783 34.5398320783 10.1980390272 10.1980390272 14.1421356237 14.1421356237 18.3847763109 18.3575597507 35.8468966579 36.7151195014 16.7630546142 17.0880074906 27.4590604355 27.4590604355 13.3416640641 15.2643375225 13.3416640641 14.7648230602 13.6014705087 19.9248588452 8.0622577483 7.81024967591 23.8537208838 22.0 23.3238075794 27.5136329844 26.2488094968 49.040799341 49.040799341 
1143 100.498756211 16.0312195419 16.1245154966 27.0185121722 20.0249843945 32.0624390838 21.4709105536 21.400934559 18.973665961 19.2353840617 50.0899191455 25.0199920064 25.7099202644 28.231188427 29.6816441593 10.0498756211 10.0 15.0 15.5563491861 20.2484567313 20.6155281281 32.6955654485 33.8378486314 17.0 17.4642491966 27.7848879789 29.206163733 13.6014705087 12.0830459736 14.8660687473 13.0384048104 14.2126704036 19.2353840617 9.8488578018 10.7703296143 24.4131112315 23.0867927612 25.0599281723 26.6833281283 30.0665927567 42.6380112107 43.0116263352 
1145 104.043260233 18.0277563773 17.0293863659 29.0688837075 20.0249843945 37.0135110466 22.4722050542 21.4709105536 18.973665961 19.3132079158 51.0392006207 27.6586333719 28.1602556807 33.1209903234 33.6154726279 10.1980390272 10.4403065089 15.6204993518 16.4012194669 20.6155281281 21.0237960416 34.6698716467 34.9857113691 16.1554944214 16.6433169771 27.7848879789 29.0688837075 14.8660687473 12.8062484749 15.2970585408 12.5299640861 14.8660687473 19.3132079158 10.295630141 10.295630141 24.6981780705 22.0 23.8537208838 29.1204395571 26.5706605112 49.5176736126 47.6340214553 
1294 104.0 18.0277563773 18.0277563773 32.0156211872 23.0217288664 37.0135110466 23.3238075794 24.1867732449 19.9248588452 20.8806130178 56.0357029045 29.4278779391 31.2569992162 36.235341864 36.2491379208 12.3693168769 11.1803398875 17.0293863659 16.9705627485 19.3132079158 19.3132079158 34.6698716467 33.2866339542 15.2315462117 15.2315462117 27.2946881279 27.2946881279 17.4642491966 14.8660687473 15.2970585408 14.2126704036 15.5563491861 20.8806130178 10.0 8.94427191 22.2036033112 20.0249843945 22.803508502 29.4108823397 27.8567765544 48.8364617883 47.5078940809 
1319 101.004950374 18.0277563773 17.1172427686 26.0 19.0262975904 33.0151480384 24.1867732449 23.3238075794 20.8806130178 18.6815416923 50.0099990002 31.2569992162 30.1496268634 36.7695526217 36.0555127546 10.4403065089 9.8488578018 15.6204993518 15.8113883008 18.3847763109 18.3847763109 34.4818792991 34.885527085 17.0880074906 16.1554944214 28.3019433962 26.4196896272 14.3178210633 15.2643375225 12.3693168769 13.416407865 17.0293863659 18.6815416923 8.94427191 8.60232526704 23.8537208838 22.0 23.3238075794 31.0161248385 26.83281573 51.0881590978 49.6487663492 
1376 104.004807581 18.0277563773 18.1107702763 30.0 21.0 34.0 21.6333076528 21.9544984001 18.0277563773 18.3847763109 53.0094331228 32.3882694814 32.2490309932 36.2491379208 36.2491379208 10.0498756211 11.0453610172 16.2788205961 15.6204993518 18.973665961 19.3132079158 35.8468966579 34.885527085 13.416407865 14.3178210633 26.4007575649 26.4007575649 15.2970585408 12.7279220614 15.2970585408 13.4536240471 14.1421356237 18.3847763109 9.8488578018 10.295630141 23.0217288664 21.0237960416 24.2074368738 31.0161248385 31.0161248385 51.8555686499 50.6063237155 
1384 100.019998 17.1172427686 17.1172427686 30.0 19.0 35.0 22.4722050542 23.0217288664 17.7200451467 17.4642491966 55.0 31.5753068077 31.4006369362 36.6742416418 35.8468966579 10.1980390272 9.21954445729 15.8113883008 16.4012194669 20.1246117975 19.3132079158 33.6154726279 34.1320963318 15.6524758425 14.8660687473 26.83281573 25.0599281723 16.1245154966 15.0 14.1421356237 15.0 15.0 17.4642491966 10.295630141 10.7703296143 23.8537208838 22.0227155455 22.825424421 29.4108823397 27.8567765544 48.8364617883 48.9182992345 
1602 109.772492001 16.0312195419 16.1245154966 25.079872408 20.0249843945 35.0142828 21.5406592285 23.3452350599 20.6155281281 19.0 49.2544414241 24.0208242989 23.769728648 27.5136329844 28.8444102037 10.1980390272 10.0498756211 16.4012194669 15.6204993518 21.9317121995 18.973665961 35.8468966579 39.9624824054 17.0293863659 13.152946438 29.5465734054 23.4307490277 14.3178210633 10.4403065089 12.0830459736 12.0415945788 14.8660687473 19.0 11.1803398875 10.7703296143 32.4499614792 29.2745623366 28.7923600978 37.483329628 30.0665927567 52.3259018078 47.6340214553 
1604 109.073369802 20.3960780544 19.2353840617 29.0172362571 20.0249843945 41.0487515035 23.3238075794 24.4131112315 17.88854382 17.7200451467 55.0090901579 29.1547594742 29.6141857899 35.4682957019 35.77708764 10.7703296143 10.4403065089 15.6204993518 14.8660687473 17.8044938148 18.0277563773 38.0788655293 38.0131556175 15.2315462117 15.8113883008 27.8567765544 26.83281573 15.5241746963 13.4536240471 14.8660687473 13.4536240471 14.8660687473 17.7200451467 8.60232526704 8.60232526704 24.4131112315 23.0217288664 24.1867732449 27.8567765544 27.892651362 51.2249938995 50.9116882454 
1639 104.172933145 18.0 18.4390889146 26.0192236625 18.0277563773 31.064449134 23.6008474424 25.495097568 19.4164878389 20.2484567313 51.2445119013 27.4590604355 27.1661554144 31.7647603485 31.0161248385 10.0498756211 8.24621125124 14.1421356237 13.6014705087 17.7200451467 17.88854382 32.4499614792 31.7804971641 15.2970585408 18.0277563773 25.8069758011 27.2946881279 13.6014705087 14.8660687473 13.3416640641 15.6524758425 16.2788205961 20.2484567313 8.94427191 8.94427191 23.7065391823 22.0907220344 23.6008474424 30.5941170816 32.0156211872 47.4236228055 46.6904701197 
1650 109.01834708 17.1172427686 18.1107702763 33.0151480384 18.0277563773 34.0147027034 21.4709105536 18.7882942281 18.3847763109 18.0277563773 51.0098029794 33.2415402772 32.5576411922 37.5898922584 37.1618083521 9.05538513814 9.21954445729 14.8660687473 14.4222051019 18.3847763109 19.2353840617 33.2866339542 33.1209903234 15.0 15.5563491861 27.8567765544 30.3644529014 16.2788205961 11.401754251 17.1172427686 10.8166538264 14.1421356237 18.0277563773 9.8488578018 10.0 23.6008474424 21.0 23.0217288664 33.2415402772 33.6154726279 51.6623654124 52.4976189936 
