Leaf
782 103.121287812 20.2237484162 21.0950231097 31.0161248385 24.0208242989 39.0512483795 26.4007575649 27.2946881279 22.8473193176 23.4093998214 55.0090901579 36.0555127546 36.3455636908 43.3243580449 43.4626276242 13.0 12.6491106407 18.6010752377 19.1049731745 19.6977156036 20.2484567313 36.3593179254 35.2278299076 17.88854382 18.3847763109 30.8706980809 31.7647603485 16.1245154966 16.1245154966 15.2970585408 16.1245154966 17.2046505341 23.4093998214 10.0 9.43398113206 20.6155281281 18.0 21.400934559 26.0768096208 30.083217913 51.3127664427 52.4022900263 
6 111.004504413 19.2353840617 19.2353840617 30.0 22.0227155455 35.0 27.2946881279 26.4007575649 21.8403296678 22.4722050542 54.0 33.2415402772 32.2490309932 36.2491379208 36.2491379208 11.0 11.0453610172 15.6204993518 14.8660687473 19.6468827044 21.5406592285 36.3593179254 34.885527085 17.7200451467 20.1246117975 27.7848879789 31.7647603485 14.5602197786 15.8113883008 16.4924225025 15.6524758425 14.8660687473 22.4722050542 8.94427191 10.0 23.3238075794 22.0907220344 25.6124969497 30.4630924235 35.4400902933 52.6307894678 53.0754180389 
45 115.01738999 19.1049731745 20.0249843945 33.0151480384 21.0 39.0128184063 25.0599281723 25.5538646784 21.1896201004 22.1359436212 58.0086200491 33.5410196625 32.5576411922 37.5765884561 37.1214223865 10.0498756211 11.0453610172 16.4012194669 17.0293863659 21.9317121995 22.8473193176 38.0788655293 37.7359245282 20.591260282 20.1246117975 33.1209903234 33.6154726279 17.2626765016 16.5529453572 16.4924225025 15.6524758425 16.2788205961 22.1359436212 11.1803398875 11.6619037897 23.8537208838 23.0 25.2388589282 30.6757233004 33.5261092285 53.1507290637 55.1724568965 
343 111.004504413 20.0997512422 19.0262975904 33.0605505096 21.0 37.0135110466 24.1660919472 24.6981780705 22.360679775 20.8806130178 56.0802995712 35.3553390593 33.7342555869 40.3112887415 38.9101529167 11.1803398875 10.1980390272 16.4012194669 17.0293863659 19.6977156036 20.6155281281 38.4707681233 38.0788655293 16.6433169771 18.7882942281 31.384709653 31.384709653 17.2626765016 13.6014705087 16.7630546142 14.4222051019 15.8113883008 20.8806130178 10.295630141 9.8488578018 25.5538646784 24.0 26.0768096208 29.1547594742 33.8378486314 53.600373133 55.9732078766 
351 108.166538264 19.0262975904 18.2482875909 32.0 24.0208242989 45.0111097397 26.0768096208 26.4007575649 21.5870331449 22.1359436212 57.0350769264 33.3766385366 32.14031736 38.9101529167 38.0788655293 12.1655250606 12.3693168769 18.3847763109 17.8044938148 21.0237960416 22.4722050542 44.1021541424 43.4165866922 16.7630546142 17.4642491966 28.3019433962 28.1780056072 15.2970585408 16.4012194669 17.2626765016 16.4012194669 17.8044938148 22.1359436212 11.1803398875 11.401754251 26.9258240357 24.0208242989 27.2029410175 28.1602556807 29.1547594742 56.8506816142 57.4282160614 
359 108.074048689 20.0249843945 18.1107702763 30.0166620396 22.0227155455 36.0138862107 26.0768096208 25.0599281723 21.8403296678 20.8806130178 56.0089278598 35.3553390593 35.1283361405 40.3112887415 40.4969134626 11.1803398875 11.401754251 16.2788205961 17.0293863659 23.0867927612 23.0867927612 33.2866339542 34.1320963318 17.7200451467 18.0277563773 29.6816441593 28.3019433962 14.3178210633 16.6433169771 16.1245154966 18.0277563773 16.4012194669 20.8806130178 9.43398113206 9.43398113206 24.4131112315 21.0 23.6008474424 31.9530906173 33.6154726279 50.9901951359 53.1507290637 
365 106.16967552 19.4164878389 19.0262975904 32.0156211872 22.0227155455 39.0128184063 25.9422435421 24.6981780705 20.2484567313 20.8806130178 57.0788927713 35.0142828 36.1386219992 39.8497176903 42.0594816896 11.401754251 11.1803398875 17.2046505341 17.691806013 19.2353840617 18.7882942281 37.2155881319 36.8917334914 17.4642491966 18.7882942281 28.6356421266 31.384709653 16.2788205961 15.8113883008 16.4924225025 15.2643375225 15.6204993518 20.8806130178 10.8166538264 9.8488578018 23.8537208838 22.0 23.8537208838 27.7848879789 31.9530906173 53.2541078228 54.4885309033 
610 112.071405809 19.2353840617 19.0262975904 30.0 21.0 39.0128184063 26.83281573 25.5538646784 22.1359436212 21.8403296678 55.0363516233 33.0605505096 33.7342555869 37.3363094052 38.9101529167 11.1803398875 10.1980390272 17.2046505341 17.8044938148 21.0237960416 21.9317121995 37.1214223865 38.8329756779 17.88854382 16.5529453572 29.9666481275 29.5296461205 15.5241746963 13.8924439894 15.5241746963 13.6014705087 17.0293863659 21.8403296678 11.6619037897 11.7046999107 28.3019433962 27.0185121722 29.0688837075 31.3209195267 30.8058436015 51.0881590978 53.7401153702 
618 108.166538264 16.1245154966 17.2626765016 26.0192236625 19.0262975904 35.0570962859 26.0768096208 25.079872408 20.0997512422 21.1896201004 50.0399840128 33.2415402772 33.1360830516 36.4005494464 37.3363094052 9.05538513814 10.1980390272 15.5563491861 14.4222051019 19.9248588452 20.591260282 34.1320963318 35.3553390593 18.1107702763 19.3132079158 24.0831891576 28.3019433962 12.3693168769 18.0277563773 14.1421356237 17.4642491966 17.8044938148 21.1896201004 9.48683298051 10.8166538264 24.6981780705 22.0227155455 26.4007575649 33.5261092285 37.947331922 52.3450093132 56.639209034 
674 107.004672795 18.1107702763 19.1049731745 31.0 20.0249843945 36.0 25.9422435421 26.0 21.8403296678 23.769728648 53.0094331228 33.3766385366 34.5253530033 37.1618083521 37.5765884561 10.0498756211 10.0 16.6433169771 17.0293863659 22.4722050542 21.5406592285 33.2866339542 33.2866339542 19.3132079158 21.0237960416 29.6816441593 32.7566787083 15.2970585408 17.0 16.2788205961 17.4642491966 17.2046505341 23.769728648 12.0830459736 13.0 24.1867732449 22.0227155455 25.2388589282 28.7923600978 31.9530906173 48.9182992345 51.6623654124 
700 108.166538264 21.0237960416 20.3960780544 29.0688837075 21.0237960416 40.1123422403 27.4590604355 28.231188427 22.803508502 23.769728648 55.2268050859 33.5410196625 34.0587727319 37.1214223865 37.0 11.0 10.0498756211 16.9705627485 15.8113883008 21.5406592285 21.0950231097 37.4432904537 38.9486841883 18.6815416923 19.3132079158 31.064449134 30.4138126515 14.8660687473 15.8113883008 15.2970585408 17.0 16.4012194669 23.769728648 10.7703296143 11.6619037897 25.495097568 25.0199920064 25.5538646784 29.6141857899 27.2029410175 51.6623654124 51.0881590978 
708 110.004545361 20.0249843945 19.1049731745 29.0 22.0 41.0121933088 26.9258240357 27.3130005675 22.803508502 24.3515913238 54.0370243444 32.2490309932 32.14031736 37.1618083521 36.7695526217 11.1803398875 11.1803398875 15.5563491861 15.5563491861 22.360679775 21.0237960416 36.6196668472 36.8917334914 19.3132079158 19.6977156036 31.9061122671 31.384709653 15.5241746963 16.1245154966 14.5602197786 15.2315462117 16.4012194669 24.3515913238 9.43398113206 10.0 27.7848879789 25.0 27.2946881279 33.5410196625 28.8617393793 53.1507290637 50.931326313 
715 106.38138935 21.0237960416 20.6155281281 31.1448230048 24.0208242989 38.2099463491 26.0768096208 27.3130005675 22.1359436212 21.9317121995 56.3205113613 34.5253530033 36.0138862107 39.3573373083 40.162171256 12.0415945788 12.1655250606 17.691806013 17.0293863659 23.5372045919 21.9317121995 34.4093010682 36.7151195014 18.3847763109 17.88854382 32.2490309932 30.083217913 16.4924225025 15.8113883008 15.0332963784 16.5529453572 14.2126704036 21.9317121995 10.7703296143 11.401754251 25.9422435421 23.0217288664 24.4131112315 31.6227766017 29.0688837075 53.0377224247 52.2015325446 
718 112.040171367 21.0237960416 21.2132034356 30.0 21.0237960416 38.0525951809 29.1547594742 27.2946881279 24.7386337537 22.4722050542 58.0086200491 34.2344855372 33.3766385366 38.0788655293 38.0788655293 11.0453610172 10.1980390272 15.5563491861 15.6204993518 21.1896201004 21.4709105536 35.8468966579 38.5875627631 19.4164878389 19.9248588452 30.8058436015 31.384709653 14.5602197786 18.0277563773 16.4924225025 18.0277563773 17.4928556845 22.4722050542 10.295630141 10.295630141 26.9258240357 24.0208242989 26.4196896272 30.083217913 33.7342555869 50.9901951359 55.1543289326 
796 107.042047813 20.2237484162 20.2237484162 33.0 27.0 44.0 25.9422435421 25.079872408 21.5406592285 22.360679775 55.0 35.2278299076 35.0570962859 41.1460812229 39.9249295554 14.1421356237 13.152946438 19.7989898732 19.1049731745 20.6155281281 21.0237960416 38.0131556175 38.0131556175 18.3847763109 19.2353840617 30.4138126515 32.2024843762 17.1172427686 18.0277563773 16.1245154966 16.5529453572 17.2046505341 22.360679775 11.6619037897 11.6619037897 26.0768096208 24.0 26.9258240357 29.0688837075 29.5296461205 54.0370243444 55.6057550978 
844 103.121287812 19.1049731745 18.0277563773 28.0713376952 22.0907220344 42.1070065429 25.9422435421 25.5538646784 22.1359436212 21.5870331449 53.0848377599 32.0156211872 32.3882694814 37.6430604494 38.0131556175 10.7703296143 12.1655250606 16.4012194669 16.2788205961 20.2484567313 20.1246117975 38.9486841883 38.6005181312 19.3132079158 19.3132079158 30.5286750449 30.2324329157 14.3178210633 16.5529453572 14.8660687473 14.7648230602 13.6014705087 21.5870331449 9.21954445729 10.0 24.4131112315 23.0217288664 25.0599281723 26.9258240357 27.2029410175 51.4003891036 52.3450093132 
860 108.00462953 19.0262975904 19.0262975904 32.0156211872 22.0 38.0131556175 27.2946881279 25.495097568 23.769728648 23.4093998214 56.0 33.2415402772 34.5253530033 39.0 40.718546143 11.401754251 11.401754251 18.0277563773 19.2093727123 22.1359436212 21.9317121995 38.0788655293 38.9486841883 19.9248588452 20.1246117975 30.8058436015 32.7566787083 15.8113883008 16.6433169771 17.4642491966 16.1245154966 17.2046505341 23.4093998214 12.0830459736 11.7046999107 26.4196896272 25.0199920064 27.4590604355 29.0688837075 33.2415402772 53.8237865632 56.8506816142 
894 109.114618636 18.0277563773 18.1107702763 32.0624390838 24.0208242989 39.0512483795 26.4196896272 26.4007575649 22.5610283454 23.0867927612 56.0802995712 32.5576411922 33.0605505096 38.9486841883 38.275318418 13.152946438 11.401754251 18.3847763109 17.8044938148 19.9248588452 20.1246117975 38.5875627631 39.8246155035 18.973665961 19.3132079158 29.4108823397 29.6816441593 16.7630546142 16.4012194669 16.2788205961 17.4928556845 16.2788205961 23.0867927612 10.295630141 10.295630141 26.9258240357 25.0 25.5538646784 31.3209195267 26.4007575649 53.8144961883 52.4309069157 
922 112.040171367 20.0997512422 20.3960780544 31.0161248385 22.0 41.0121933088 25.2388589282 26.4007575649 19.9248588452 21.9317121995 56.1426753905 32.2490309932 33.3766385366 37.1618083521 38.4837628098 11.1803398875 11.1803398875 14.8660687473 14.8660687473 19.6977156036 20.2484567313 36.6196668472 36.8917334914 17.7200451467 19.6977156036 29.1547594742 31.304951685 14.5602197786 15.8113883008 17.2626765016 17.4928556845 15.6204993518 21.9317121995 8.60232526704 8.60232526704 25.495097568 24.0831891576 27.2029410175 27.3130005675 32.5729949498 51.8555686499 53.7587202229 
927 113.159179919 20.2237484162 19.6468827044 30.0166620396 21.0237960416 38.0525951809 25.2388589282 26.4007575649 18.973665961 20.6155281281 55.1452627158 33.3766385366 33.2415402772 38.4837628098 38.6264158317 11.1803398875 10.4403065089 17.0293863659 17.2046505341 20.6155281281 20.1246117975 33.6005952328 34.1320963318 16.4924225025 18.7882942281 27.2946881279 29.5465734054 15.8113883008 15.5563491861 15.5241746963 14.7648230602 16.9705627485 20.6155281281 11.1803398875 11.1803398875 24.4131112315 22.0 24.4131112315 37.0 34.0147027034 55.2268050859 53.9073278878 
999 114.070153853 20.0 19.0262975904 33.0151480384 21.0 36.0555127546 26.0768096208 26.4196896272 22.803508502 22.803508502 60.0333240792 31.5753068077 32.5576411922 36.235341864 36.6742416418 11.0453610172 10.0498756211 17.8044938148 17.2046505341 23.0867927612 21.5406592285 34.6698716467 35.3553390593 20.6155281281 22.4722050542 32.0156211872 33.6005952328 16.7630546142 18.6010752377 17.4642491966 19.2353840617 14.2126704036 22.803508502 13.0 12.6491106407 25.9422435421 24.0208242989 25.8069758011 29.7321374946 34.7850542619 50.9901951359 53.0754180389 
1098 100.004999875 19.1049731745 19.2353840617 32.0 24.0208242989 35.0142828 23.7065391823 25.495097568 20.6155281281 21.5406592285 54.0370243444 36.3455636908 35.1283361405 41.629316593 40.8533964316 12.1655250606 12.3693168769 18.4390889146 19.2093727123 23.0867927612 22.360679775 35.3553390593 36.7151195014 17.0 17.4642491966 29.9666481275 29.0688837075 17.1172427686 15.8113883008 15.1327459504 16.1245154966 15.6204993518 21.5406592285 12.0830459736 10.7703296143 24.8394846967 22.0907220344 21.9544984001 35.3553390593 29.6816441593 56.4003546088 54.083269132 
1109 104.043260233 19.0262975904 17.0293863659 30.0166620396 21.0237960416 36.0555127546 28.1780056072 26.4007575649 24.7386337537 23.769728648 54.0 35.5105618091 35.1283361405 40.718546143 40.162171256 11.1803398875 10.4403065089 17.691806013 16.6433169771 21.8403296678 21.9317121995 38.9486841883 39.8120584748 21.8403296678 20.2484567313 32.0156211872 30.0 15.8113883008 18.3575597507 15.5241746963 17.0 17.2046505341 23.769728648 9.8488578018 10.295630141 24.1867732449 23.0217288664 23.8537208838 31.3209195267 26.4007575649 54.5618914628 52.697248505 
1120 111.287914887 20.2237484162 20.0 30.1496268634 24.0831891576 39.1152144312 22.360679775 22.2036033112 19.7230829233 19.3132079158 53.2353266168 36.0138862107 35.6931365951 41.4849370254 41.5932686862 12.6491106407 12.1655250606 16.9705627485 15.6204993518 17.4642491966 18.7882942281 35.77708764 37.0135110466 13.9283882772 16.1554944214 26.9258240357 30.0166620396 14.0356688476 15.0 16.4924225025 14.8660687473 17.88854382 19.3132079158 7.81024967591 9.21954445729 20.5182845287 19.0262975904 20.8086520467 32.6496554346 33.1058907145 56.4358042381 57.2800139665 
1242 109.370928496 19.0262975904 19.1049731745 32.0624390838 22.0907220344 41.1946598481 26.0768096208 26.0 23.5372045919 23.769728648 56.1426753905 33.7342555869 33.1360830516 39.3573373083 39.5600808897 11.1803398875 11.7046999107 15.6204993518 15.6204993518 22.1359436212 22.4722050542 39.2045915678 38.9101529167 18.6815416923 19.7230829233 30.61045573 32.6496554346 15.8113883008 16.4012194669 17.2626765016 15.6524758425 15.6204993518 23.769728648 8.0622577483 9.89949493661 25.9422435421 24.1867732449 27.0185121722 27.892651362 29.1547594742 51.6236379966 52.4309069157 
