Leaf
1123 96.0 16.0312195419 15.0332963784 27.0185121722 19.0262975904 33.0 25.0599281723 25.0599281723 21.3775583264 21.2132034356 51.0098029794 27.2946881279 29.2745623366 31.7804971641 33.1058907145 9.21954445729 10.0498756211 15.0 14.8660687473 18.3847763109 17.4642491966 34.885527085 35.3553390593 19.6468827044 20.8806130178 27.6586333719 28.319604517 14.8660687473 16.6433169771 13.6014705087 17.4642491966 14.2126704036 21.2132034356 8.94427191 10.295630141 28.6356421266 27.0 28.1780056072 27.4590604355 25.495097568 46.7546789102 44.687805943 
857 103.17460928 22.0907220344 20.0249843945 27.0185121722 20.0 41.0121933088 26.4007575649 24.6981780705 19.9248588452 21.1896201004 56.0089278598 29.8328677804 30.0 35.8468966579 33.2415402772 11.1803398875 9.21954445729 14.8660687473 14.8660687473 19.7230829233 21.0950231097 39.1152144312 37.7359245282 18.2482875909 19.3132079158 29.6816441593 31.9061122671 14.8660687473 17.0293863659 13.6014705087 15.2315462117 13.4536240471 21.1896201004 9.21954445729 8.60232526704 26.4196896272 25.0199920064 26.9258240357 28.0713376952 24.3515913238 48.1040538832 48.4148737476 
43 100.004999875 17.0293863659 17.0 31.0161248385 22.0227155455 38.0525951809 25.495097568 25.0599281723 22.803508502 22.5610283454 54.0370243444 32.3882694814 32.2490309932 37.5765884561 36.2491379208 11.1803398875 11.0453610172 16.4012194669 16.9705627485 21.9317121995 22.1359436212 38.4707681233 37.7359245282 20.1246117975 18.7882942281 31.064449134 30.2324329157 16.4924225025 15.6524758425 15.8113883008 13.8924439894 16.9705627485 22.5610283454 10.8166538264 11.1803398875 26.6270539114 25.0199920064 26.4196896272 27.2029410175 27.2029410175 49.2036584006 49.6789693935 
177 105.076162853 18.0277563773 18.0277563773 31.0161248385 21.0237960416 37.1214223865 25.5538646784 26.83281573 23.5372045919 23.769728648 56.0802995712 30.5941170816 30.2654919008 35.3553390593 34.9284983931 11.0453610172 10.1980390272 15.5563491861 15.6204993518 22.803508502 22.360679775 37.4432904537 37.5765884561 19.3132079158 20.6155281281 31.4006369362 31.6227766017 15.8113883008 15.2643375225 16.4924225025 17.0 16.2788205961 23.769728648 10.0 8.94427191 26.4007575649 25.179356624 28.6006992922 29.4278779391 28.6356421266 50.2095608425 48.4148737476 
208 111.112555546 21.0237960416 20.0249843945 29.0172362571 23.0 35.0142828 27.7848879789 25.8069758011 24.0416305603 22.5610283454 58.137767415 31.064449134 30.2654919008 35.4682957019 35.77708764 11.1803398875 12.1655250606 16.2788205961 15.5563491861 21.8403296678 22.803508502 36.235341864 35.8468966579 18.7882942281 18.7882942281 33.1209903234 33.2866339542 15.5241746963 14.7648230602 14.8660687473 13.416407865 14.8660687473 22.5610283454 8.94427191 10.0 26.4196896272 25.0 26.4196896272 32.5576411922 33.1360830516 50.9116882454 49.6789693935 
436 107.168092266 19.4164878389 20.0249843945 30.0166620396 20.0249843945 35.0142828 25.0599281723 24.6981780705 19.3132079158 21.1896201004 55.0363516233 30.2654919008 30.5941170816 35.8468966579 35.77708764 10.4403065089 10.1980390272 15.6204993518 14.8660687473 20.6155281281 20.2484567313 38.0131556175 37.5898922584 17.4642491966 18.0277563773 28.6356421266 30.5286750449 15.5241746963 14.4222051019 15.8113883008 15.0 15.6204993518 21.1896201004 8.94427191 8.94427191 26.9258240357 26.0 27.2946881279 30.6757233004 30.5941170816 52.0096144958 50.931326313 
454 112.11155159 18.0277563773 18.2482875909 30.1496268634 22.0227155455 40.0124980475 24.6981780705 24.1660919472 20.6155281281 20.6155281281 53.1507290637 29.1547594742 31.4006369362 33.6154726279 38.0131556175 10.1980390272 12.3693168769 15.5563491861 16.2788205961 18.3847763109 20.2484567313 38.275318418 38.0788655293 17.7200451467 19.4164878389 28.0178514522 31.7804971641 13.9283882772 14.4222051019 17.1172427686 15.2315462117 15.6204993518 20.6155281281 8.94427191 10.0 25.495097568 25.179356624 27.8028775489 26.2488094968 37.483329628 49.6789693935 55.3172667438 
567 105.233074649 18.0 18.1107702763 29.0172362571 23.0217288664 39.0128184063 25.2388589282 26.4007575649 21.3775583264 23.0867927612 54.1479454827 30.2654919008 30.0665927567 34.4383507154 34.9284983931 11.0453610172 12.1655250606 16.2788205961 16.2788205961 19.9248588452 21.4709105536 36.6196668472 35.8468966579 19.9248588452 21.0237960416 30.61045573 31.9061122671 13.9283882772 15.6524758425 16.4924225025 16.5529453572 14.8660687473 23.0867927612 9.8488578018 10.8166538264 26.0 25.179356624 28.0178514522 27.0739727414 28.6356421266 46.7546789102 48.1040538832 
599 100.079968026 19.1049731745 18.0 27.0185121722 20.0249843945 36.0138862107 28.3019433962 26.4007575649 22.360679775 21.0950231097 58.137767415 30.1496268634 30.2654919008 34.5398320783 34.0147027034 10.1980390272 10.0498756211 16.6433169771 17.0293863659 22.360679775 20.8806130178 36.6742416418 37.7359245282 18.6815416923 18.2482875909 28.8444102037 27.6586333719 15.5241746963 17.2046505341 13.0 15.8113883008 14.8660687473 21.0950231097 11.1803398875 11.7046999107 28.3019433962 26.0768096208 27.3130005675 28.6356421266 25.3179778023 48.2700735446 47.4236228055 
627 108.115678789 20.0 21.0950231097 27.0185121722 21.0237960416 37.1214223865 26.4007575649 25.9422435421 21.3775583264 22.8473193176 55.0817574157 31.2569992162 31.064449134 34.9284983931 35.4682957019 10.0498756211 11.1803398875 15.0 13.4536240471 20.6155281281 21.0950231097 36.8917334914 38.0131556175 18.2482875909 18.7882942281 29.206163733 32.6496554346 13.416407865 15.0 15.8113883008 13.8924439894 14.1421356237 22.8473193176 7.61577310586 9.21954445729 26.83281573 25.0199920064 26.9258240357 27.0739727414 29.0172362571 46.6904701197 46.6690475583 
664 106.230880633 19.0262975904 19.2353840617 28.0713376952 21.0237960416 37.0540146273 26.9258240357 26.0 22.5610283454 22.8473193176 52.0864665724 28.4429253067 29.0688837075 33.1209903234 33.2415402772 11.0453610172 10.1980390272 14.8660687473 14.8660687473 21.1896201004 21.0237960416 36.8917334914 37.1214223865 19.6468827044 20.6155281281 30.0 31.384709653 14.3178210633 15.2643375225 15.5241746963 16.5529453572 16.4012194669 22.8473193176 9.43398113206 8.60232526704 29.0688837075 26.0768096208 28.8444102037 29.0172362571 30.4138126515 46.6904701197 48.8364617883 
692 100.0 18.0 18.0277563773 28.0 21.0 38.0131556175 25.9422435421 25.0599281723 23.769728648 21.8403296678 52.0096144958 29.2745623366 29.1547594742 34.4383507154 33.6154726279 11.1803398875 10.1980390272 16.2788205961 15.6204993518 21.1896201004 21.4709105536 38.5875627631 38.4707681233 18.3847763109 17.4642491966 30.2324329157 29.1547594742 14.3178210633 15.6524758425 14.3178210633 14.7648230602 16.4012194669 21.8403296678 9.8488578018 9.43398113206 29.0688837075 27.0185121722 28.1780056072 29.4278779391 23.5372045919 50.931326313 47.0106370942 
704 108.041658632 21.0950231097 20.3960780544 30.0 21.0237960416 42.0475920833 24.1867732449 25.0599281723 21.0237960416 19.6977156036 54.0092584656 33.7342555869 32.0624390838 37.5898922584 35.1140997322 11.0 10.0498756211 13.6014705087 13.4536240471 21.4709105536 21.0950231097 37.0135110466 36.3593179254 19.2353840617 18.3847763109 33.5410196625 29.9666481275 17.2626765016 16.1245154966 13.3416640641 15.2315462117 15.0 19.6977156036 8.60232526704 9.21954445729 26.9258240357 23.0217288664 25.2388589282 32.9848450049 25.9422435421 54.4885309033 50.219518118 
716 109.041276588 19.2353840617 19.0 29.0 21.0237960416 37.0135110466 25.5538646784 25.5538646784 19.9248588452 22.803508502 55.0 29.1547594742 30.4138126515 34.0147027034 34.4383507154 11.1803398875 10.0498756211 16.2788205961 14.8660687473 24.0416305603 24.6981780705 35.5105618091 34.1320963318 19.3132079158 18.3847763109 30.0166620396 31.064449134 14.8660687473 14.7648230602 15.8113883008 14.4222051019 14.8660687473 22.803508502 9.8488578018 10.295630141 27.2946881279 26.0192236625 28.3019433962 31.0483493925 30.3644529014 50.2095608425 48.8364617883 
784 108.295890965 19.2353840617 18.0 28.1602556807 21.0237960416 40.1123422403 26.0 25.5538646784 22.8473193176 22.5610283454 51.2445119013 30.0665927567 28.4429253067 34.5398320783 32.6496554346 11.1803398875 10.0498756211 15.5563491861 14.1421356237 21.0950231097 21.5406592285 37.5898922584 37.2021504755 17.4928556845 17.88854382 30.4630924235 30.5286750449 14.3178210633 13.0 15.2315462117 11.6619037897 17.4928556845 22.5610283454 8.60232526704 9.43398113206 27.2029410175 25.079872408 26.83281573 30.6757233004 29.8328677804 51.8555686499 51.6236379966 
870 104.019228992 19.0262975904 19.2353840617 32.0156211872 24.0208242989 40.049968789 26.4196896272 27.2946881279 22.803508502 21.8403296678 58.0344725142 30.2654919008 30.2654919008 35.77708764 36.6742416418 12.1655250606 12.3693168769 16.2788205961 16.9705627485 19.3132079158 19.2353840617 34.4093010682 36.0555127546 17.4642491966 19.6977156036 28.0178514522 30.886890423 15.5241746963 17.0293863659 17.2626765016 17.4928556845 16.4012194669 21.8403296678 9.43398113206 8.60232526704 22.4722050542 20.0 21.400934559 25.079872408 28.1602556807 48.2700735446 48.795491595 
892 103.17460928 18.0277563773 17.0293863659 28.0 18.0277563773 36.0138862107 25.9422435421 23.8537208838 22.803508502 21.3775583264 53.0848377599 29.2745623366 30.5941170816 32.6955654485 33.5410196625 9.05538513814 9.0 13.4536240471 12.7279220614 21.9317121995 21.9317121995 37.5765884561 38.5875627631 19.9248588452 18.973665961 30.0 29.8328677804 14.8660687473 16.1245154966 14.8660687473 15.2643375225 15.0 21.3775583264 9.43398113206 9.43398113206 29.1547594742 28.0178514522 29.0688837075 29.2745623366 31.0161248385 46.7546789102 47.6340214553 
945 105.019045892 18.0277563773 18.0277563773 29.0172362571 21.0 39.0128184063 23.3238075794 24.6981780705 19.9248588452 20.6155281281 54.0 31.1448230048 30.4138126515 35.4682957019 35.77708764 10.1980390272 11.1803398875 16.2788205961 15.6204993518 19.6977156036 19.7230829233 36.6196668472 35.8468966579 17.4642491966 18.3847763109 29.1547594742 29.6816441593 14.3178210633 14.7648230602 15.5241746963 15.2643375225 13.4536240471 20.6155281281 8.94427191 10.0 25.0599281723 24.0831891576 27.2029410175 26.0 29.8328677804 49.040799341 48.8364617883 
967 112.004464197 19.0262975904 18.0277563773 31.0 21.0 40.0 27.2946881279 24.5967477525 23.769728648 22.1359436212 55.0363516233 29.2745623366 29.6141857899 33.1058907145 34.4818792991 10.0498756211 11.0453610172 15.5563491861 14.8660687473 21.5406592285 22.825424421 35.5105618091 36.6196668472 18.0277563773 19.2353840617 29.6816441593 31.384709653 15.5241746963 15.8113883008 16.4924225025 14.7648230602 19.4164878389 22.1359436212 9.8488578018 11.401754251 24.4131112315 22.0 25.2388589282 31.6227766017 29.8328677804 51.6623654124 50.9116882454 
983 105.076162853 18.0277563773 18.0277563773 27.0 19.0262975904 40.0 22.825424421 22.803508502 20.2484567313 19.4164878389 52.038447325 24.1867732449 25.495097568 29.5465734054 30.886890423 9.48683298051 10.1980390272 13.4536240471 13.4536240471 21.9544984001 20.591260282 40.8166632639 39.8246155035 19.6977156036 16.7630546142 31.064449134 28.6006992922 14.8660687473 14.3178210633 13.9283882772 13.6014705087 12.0415945788 19.4164878389 7.81024967591 8.60232526704 26.83281573 26.0768096208 28.3019433962 25.079872408 28.0178514522 47.4236228055 46.6904701197 
1005 98.0815986819 17.0293863659 16.0312195419 28.0713376952 20.0 38.0 22.825424421 22.825424421 19.9248588452 21.5870331449 50.0399840128 26.0768096208 24.7386337537 29.5465734054 29.6816441593 10.0498756211 10.0498756211 14.1421356237 14.1421356237 20.1246117975 20.1246117975 37.2155881319 37.2155881319 15.2315462117 17.4642491966 26.4196896272 28.6006992922 13.6014705087 12.2065556157 16.1554944214 12.8062484749 13.6014705087 21.5870331449 8.60232526704 9.43398113206 29.5296461205 27.0185121722 30.0166620396 25.495097568 28.0178514522 46.2276973253 45.9673797382 
1020 105.004761797 18.0 19.1049731745 29.0 21.0237960416 36.0138862107 23.3238075794 24.1867732449 20.8806130178 20.2484567313 53.0094331228 29.2745623366 28.2842712475 33.1058907145 33.5410196625 10.0498756211 11.1803398875 14.8660687473 16.2788205961 20.2484567313 20.6155281281 34.9857113691 35.8468966579 15.8113883008 16.5529453572 27.4590604355 29.0688837075 14.5602197786 14.2126704036 15.5241746963 13.6014705087 15.0 20.2484567313 9.8488578018 10.295630141 26.83281573 25.0199920064 27.4590604355 27.892651362 33.2415402772 48.1663783152 49.578221025 
1037 105.076162853 18.0 18.1107702763 27.0185121722 24.0208242989 33.0605505096 28.6530975638 26.83281573 25.3179778023 22.803508502 53.0 32.2490309932 32.0156211872 36.6742416418 35.7351367704 12.0415945788 12.1655250606 16.6433169771 14.1421356237 20.2237484162 19.9248588452 34.4818792991 35.77708764 20.3960780544 19.6468827044 29.7321374946 28.6006992922 14.5602197786 18.8679622641 13.3416640641 17.88854382 18.0277563773 22.803508502 7.61577310586 8.60232526704 26.6270539114 24.0208242989 25.5538646784 35.902646142 28.231188427 52.3450093132 49.6487663492 
1050 110.072703247 17.0293863659 18.0 30.0 22.0 37.0135110466 25.0599281723 24.1867732449 21.5870331449 21.8403296678 54.0092584656 25.3179778023 25.3179778023 29.5296461205 30.5286750449 10.0498756211 12.0415945788 14.1421356237 15.6204993518 21.5406592285 22.1359436212 38.9486841883 37.5898922584 17.0880074906 17.4642491966 27.4590604355 29.6816441593 15.5241746963 15.0 15.5241746963 14.4222051019 16.2788205961 21.8403296678 8.0622577483 9.43398113206 28.6530975638 28.0178514522 29.6816441593 30.4138126515 32.14031736 49.5176736126 48.1040538832 
1073 103.392456205 16.0312195419 16.2788205961 29.0688837075 20.0997512422 35.2278299076 24.5967477525 25.2388589282 23.5372045919 24.0831891576 54.083269132 25.179356624 25.7099202644 29.9666481275 29.6816441593 10.1980390272 10.0 13.4536240471 13.6014705087 21.4709105536 21.5870331449 37.5765884561 35.5105618091 18.3847763109 18.2482875909 29.206163733 28.319604517 16.4924225025 15.8113883008 14.3178210633 15.6204993518 17.8044938148 24.0831891576 9.21954445729 8.94427191 29.1547594742 27.0185121722 29.0688837075 31.064449134 26.0192236625 47.3814309619 41.7731971484 
1081 100.079968026 18.0277563773 17.1172427686 27.0185121722 21.0 38.0525951809 27.2946881279 27.7308492477 23.5372045919 23.5372045919 52.038447325 30.4138126515 31.0161248385 35.77708764 34.7850542619 11.1803398875 10.1980390272 19.2093727123 17.4928556845 19.3132079158 18.8679622641 38.275318418 38.0131556175 18.4390889146 19.9248588452 27.8028775489 28.6006992922 14.8660687473 16.4012194669 13.6014705087 16.5529453572 16.4012194669 23.5372045919 11.401754251 12.0830459736 27.7308492477 26.0192236625 27.2946881279 29.2745623366 24.0416305603 50.931326313 48.0104155366 
1210 104.0 18.0 17.0293863659 29.0172362571 22.0 38.0525951809 25.5538646784 25.9422435421 22.5610283454 22.5610283454 54.0370243444 28.2842712475 29.1547594742 33.1209903234 32.6955654485 12.0415945788 10.0498756211 16.9705627485 15.6204993518 23.0867927612 21.9317121995 38.0788655293 39.8246155035 19.3132079158 20.1246117975 30.8058436015 31.064449134 16.1554944214 14.4222051019 14.8660687473 13.9283882772 14.8660687473 22.5610283454 11.1803398875 11.1803398875 32.6496554346 30.0 31.7647603485 31.0 27.0185121722 47.4236228055 44.5533388199 
1260 106.230880633 18.0277563773 19.1049731745 28.1602556807 21.0237960416 39.0512483795 25.8069758011 25.9422435421 22.2036033112 22.1359436212 55.2268050859 26.3058928759 28.1602556807 30.886890423 32.6955654485 11.0453610172 10.1980390272 14.2126704036 14.1421356237 20.8806130178 22.4722050542 40.4969134626 39.8120584748 18.4390889146 18.7882942281 29.0688837075 30.886890423 15.2315462117 15.6204993518 14.3178210633 15.2315462117 14.8660687473 22.1359436212 8.60232526704 9.21954445729 26.5706605112 26.3058928759 29.206163733 26.0192236625 31.0161248385 47.4236228055 48.0832611207 
1261 111.0 17.0 18.0 25.0199920064 21.0237960416 35.0 23.6008474424 24.2074368738 19.2353840617 19.2353840617 54.0092584656 26.0768096208 26.0768096208 30.8706980809 29.5465734054 11.1803398875 10.0498756211 17.8044938148 16.4012194669 24.3515913238 22.803508502 34.9857113691 34.4818792991 16.5529453572 16.5529453572 28.3019433962 29.1547594742 12.1655250606 13.9283882772 13.3416640641 13.416407865 13.0 19.2353840617 10.7703296143 10.7703296143 29.5296461205 27.0 29.5296461205 34.0 35.0142828 47.8016736109 47.2016948848 
1313 116.004310265 19.1049731745 20.0249843945 30.0166620396 21.0 43.0 23.8537208838 26.0768096208 18.973665961 21.8403296678 57.008771255 30.1496268634 29.6141857899 34.5398320783 35.3553390593 10.1980390272 11.1803398875 14.8660687473 15.5563491861 22.360679775 23.3238075794 39.1152144312 39.6610640301 18.3847763109 19.3132079158 30.0166620396 31.9061122671 14.8660687473 13.8924439894 17.0880074906 15.0 14.8660687473 21.8403296678 9.43398113206 10.0 24.6981780705 23.0217288664 27.2029410175 26.9258240357 34.1320963318 50.3289181286 53.9073278878 
1345 99.0 18.0277563773 17.0293863659 28.0 19.0262975904 36.0 25.5538646784 25.5538646784 21.5870331449 21.3775583264 54.0 30.4138126515 31.2569992162 35.3411940941 34.5398320783 10.1980390272 9.05538513814 15.6204993518 14.2126704036 21.9317121995 20.6155281281 39.3573373083 39.3573373083 18.0277563773 18.973665961 28.8444102037 28.6006992922 15.5241746963 15.8113883008 13.6014705087 15.6524758425 13.4536240471 21.3775583264 10.295630141 10.295630141 27.7848879789 26.0192236625 27.2946881279 28.6356421266 26.6833281283 51.0881590978 49.2036584006 
1375 105.304320899 19.1049731745 18.0 29.1547594742 21.0950231097 38.0525951809 26.4007575649 26.9258240357 23.4093998214 23.3452350599 54.1479454827 30.1496268634 29.4278779391 35.4682957019 34.0 10.4403065089 11.0453610172 15.6204993518 14.8660687473 25.079872408 24.0416305603 38.9101529167 39.1152144312 19.7230829233 19.9248588452 32.6496554346 30.61045573 16.4924225025 14.3178210633 14.7648230602 13.8924439894 15.6204993518 23.3452350599 9.21954445729 9.43398113206 29.4108823397 26.0768096208 27.3130005675 29.6141857899 25.179356624 49.8196748283 48.1040538832 
1377 106.018866246 17.0293863659 18.0277563773 28.0178514522 22.0 37.0 25.9422435421 27.7848879789 22.5610283454 23.3452350599 54.0 27.1661554144 26.1725046566 32.2024843762 31.304951685 11.1803398875 11.1803398875 14.8660687473 14.8660687473 19.6977156036 19.3132079158 36.7151195014 37.2155881319 19.6468827044 20.3960780544 28.4253408071 29.0688837075 14.5602197786 17.4928556845 14.8660687473 18.0277563773 15.8113883008 23.3452350599 8.60232526704 8.60232526704 29.6816441593 27.0185121722 28.6530975638 30.4138126515 32.14031736 48.1040538832 48.8364617883 
1388 108.074048689 18.0277563773 19.0 30.0166620396 21.0237960416 35.0570962859 25.0 23.8537208838 21.2132034356 20.8806130178 58.0086200491 29.6141857899 29.1547594742 33.6154726279 32.6955654485 11.0 10.0498756211 15.5563491861 15.6204993518 21.8403296678 21.5406592285 36.235341864 38.4707681233 18.973665961 19.3132079158 30.61045573 31.6227766017 15.8113883008 15.8113883008 15.5241746963 16.1245154966 15.0 20.8806130178 10.7703296143 11.1803398875 29.6816441593 27.0185121722 28.6530975638 32.14031736 30.1496268634 47.3814309619 48.1040538832 
1501 117.038455219 19.0 19.0262975904 28.0178514522 19.0262975904 39.1152144312 28.0178514522 26.4196896272 23.1948270095 22.803508502 57.008771255 27.4590604355 27.2946881279 31.304951685 32.2024843762 9.05538513814 10.1980390272 12.7279220614 14.1421356237 21.0237960416 20.2484567313 38.275318418 39.3573373083 19.6468827044 19.6977156036 30.61045573 31.9061122671 13.9283882772 16.1245154966 15.5241746963 15.6524758425 16.4012194669 22.803508502 8.60232526704 8.60232526704 28.6530975638 26.0768096208 28.6006992922 32.14031736 37.0540146273 50.2493781056 52.4976189936 
1513 105.019045892 18.1107702763 19.2353840617 28.0178514522 22.0 35.0 24.1867732449 26.0768096208 19.9248588452 19.6468827044 54.0 32.0624390838 31.2569992162 36.4005494464 36.2491379208 11.1803398875 11.1803398875 17.8044938148 17.8044938148 19.9248588452 20.2484567313 37.5898922584 37.1214223865 17.0880074906 17.7200451467 27.7848879789 27.7848879789 14.3178210633 15.2643375225 14.5602197786 15.8113883008 14.8660687473 19.6468827044 12.0830459736 12.0830459736 25.5538646784 25.0199920064 26.9258240357 29.7321374946 30.8058436015 51.2249938995 50.9901951359 
1518 107.018689956 19.0262975904 18.0277563773 28.0 22.0 39.0128184063 26.0768096208 25.0599281723 21.5870331449 21.8403296678 54.0 27.1661554144 27.1661554144 31.7647603485 30.8706980809 12.0415945788 10.0498756211 15.6204993518 14.1421356237 21.0237960416 19.6977156036 35.8050275799 34.9857113691 18.973665961 19.3132079158 30.2324329157 30.2324329157 14.8660687473 15.2643375225 14.8660687473 14.7648230602 14.8660687473 21.8403296678 10.0 9.43398113206 28.6530975638 26.0192236625 28.3019433962 28.0713376952 29.0 45.343136195 43.2781700168 
1542 103.019415646 18.0277563773 18.0 27.0 21.0 39.0 26.0768096208 26.9258240357 21.3775583264 23.3452350599 55.0090901579 28.0713376952 28.2842712475 32.3109888428 33.5410196625 10.1980390272 11.1803398875 15.6204993518 16.2788205961 21.9317121995 21.9317121995 39.8246155035 40.3112887415 17.7200451467 19.3132079158 28.0178514522 30.8058436015 13.9283882772 14.4222051019 14.8660687473 14.7648230602 13.4536240471 23.3452350599 10.295630141 10.295630141 29.5296461205 29.0 29.9666481275 26.1725046566 28.0178514522 46.7546789102 48.795491595 
1547 104.120122935 17.0 18.0277563773 28.0 23.0217288664 42.0119030752 23.3238075794 25.5538646784 20.6155281281 23.5372045919 53.0377224247 26.0192236625 27.2946881279 30.4630924235 32.2490309932 11.1803398875 12.0415945788 17.8044938148 17.691806013 22.360679775 21.9317121995 38.0788655293 39.4081209905 16.5529453572 17.88854382 28.3019433962 31.064449134 13.6014705087 12.5299640861 15.5241746963 13.8924439894 14.2126704036 23.5372045919 11.1803398875 12.0830459736 28.8444102037 26.0192236625 29.5296461205 26.4764045897 30.0166620396 46.8614980554 49.040799341 
1658 107.228727494 20.0249843945 20.2237484162 28.0713376952 20.0249843945 39.0512483795 25.0 27.3130005675 21.5870331449 23.769728648 54.4518135602 28.4429253067 29.1547594742 32.6496554346 33.6154726279 10.0498756211 10.1980390272 14.8660687473 15.6204993518 22.8473193176 22.360679775 35.8050275799 35.8468966579 16.7630546142 19.2353840617 30.2324329157 32.2024843762 15.2315462117 13.4536240471 14.5602197786 13.9283882772 15.5563491861 23.769728648 10.295630141 10.295630141 27.7308492477 26.0768096208 28.8444102037 28.0178514522 31.4006369362 45.4532727095 48.795491595 
1669 108.115678789 19.1049731745 19.0262975904 30.0166620396 21.0 38.0 25.0599281723 25.8069758011 21.1896201004 20.3960780544 57.0350769264 30.1496268634 29.6141857899 34.0147027034 34.0 11.0453610172 10.0498756211 16.4012194669 17.0293863659 21.4709105536 20.2484567313 34.1320963318 35.2278299076 17.0 17.7200451467 29.9666481275 28.8444102037 15.2970585408 13.8924439894 15.5241746963 16.4012194669 14.1421356237 20.3960780544 11.6619037897 10.4403065089 21.400934559 19.0262975904 21.0950231097 30.3644529014 29.2745623366 50.2095608425 48.9182992345 
