Leaf
974 123.036579926 21.0 20.0 36.0138862107 26.0 46.0108682813 28.3019433962 29.0688837075 24.7386337537 26.9258240357 64.0702739186 31.4006369362 32.3882694814 36.7151195014 37.5898922584 13.0384048104 13.0384048104 19.1049731745 17.691806013 26.0 25.079872408 48.8773976394 47.853944456 22.8473193176 23.7065391823 36.6196668472 37.4432904537 18.973665961 17.4928556845 18.6815416923 17.4642491966 17.691806013 26.9258240357 11.1803398875 11.6619037897 38.0131556175 36.0138862107 38.4707681233 33.0 34.0147027034 56.5685424949 56.639209034 
484 130.034610777 22.0 21.0 35.0142828 24.0 46.0 30.2324329157 28.6530975638 25.495097568 25.9615099715 66.0075753228 34.5253530033 35.3553390593 38.4707681233 38.9101529167 12.0 12.0 16.9705627485 16.9705627485 26.9258240357 27.7308492477 47.5078940809 46.5295604965 22.4722050542 22.8473193176 36.6196668472 36.6196668472 18.0277563773 17.4928556845 18.6815416923 18.3575597507 16.4012194669 25.9615099715 11.6619037897 12.2065556157 36.7695526217 35.0570962859 36.7151195014 34.0 37.1214223865 58.0 59.4138031101 
11 121.103261723 22.0 22.0227155455 35.0142828 22.0227155455 44.0113621693 29.6816441593 31.304951685 25.7099202644 28.1602556807 65.1229606207 30.8058436015 30.5941170816 35.8468966579 36.235341864 11.0453610172 11.1803398875 17.691806013 17.2046505341 23.769728648 25.5538646784 40.0 38.5875627631 20.3960780544 22.4722050542 32.8024389337 36.0555127546 17.0880074906 18.4390889146 19.6468827044 19.4164878389 18.0277563773 28.1602556807 11.7046999107 11.6619037897 30.8706980809 28.1602556807 31.6227766017 30.1496268634 36.3455636908 51.6623654124 54.5618914628 
61 123.004064973 21.0950231097 22.0907220344 31.0 23.0 43.0116263352 30.5286750449 32.7566787083 24.5153013443 26.4764045897 64.0312423743 33.2415402772 33.2415402772 37.1618083521 37.5765884561 11.0453610172 12.0415945788 18.6010752377 19.2093727123 26.5706605112 28.231188427 42.0594816896 42.7200187266 23.0867927612 25.0 34.4093010682 36.4005494464 16.1554944214 17.88854382 17.0880074906 20.1246117975 18.3847763109 26.4764045897 13.0 14.3178210633 28.8444102037 27.0 29.4108823397 34.4818792991 33.5261092285 57.4891294072 57.3846669416 
140 118.511602807 21.0 20.0997512422 32.2490309932 25.0199920064 44.0454310911 28.8444102037 27.8567765544 24.5153013443 26.0 58.3095189485 30.5941170816 33.0151480384 36.3593179254 37.3363094052 13.0384048104 12.1655250606 18.4390889146 17.0293863659 24.7386337537 26.4196896272 44.9444101085 44.72135955 18.973665961 22.2036033112 32.4499614792 36.6742416418 16.5529453572 14.2126704036 17.2626765016 15.5241746963 18.3847763109 26.0 11.1803398875 11.401754251 35.3411940941 32.14031736 36.0555127546 35.0 30.4138126515 55.9016994375 54.2033209315 
141 118.105884697 22.0 22.0907220344 31.064449134 25.0199920064 46.1735855225 30.8058436015 30.0166620396 25.3179778023 25.0 64.0702739186 34.2344855372 35.0570962859 38.4837628098 39.9249295554 12.0415945788 13.152946438 20.6155281281 20.8086520467 27.5136329844 25.9422435421 45.2216762184 45.6179789118 19.4164878389 20.6155281281 32.2024843762 34.4818792991 14.8660687473 17.2046505341 17.2626765016 18.3575597507 16.9705627485 25.0 13.6014705087 14.3178210633 34.0147027034 32.0624390838 34.1320963318 31.2569992162 34.3656805549 57.2800139665 57.3846669416 
166 124.402572321 20.2237484162 19.1049731745 37.0540146273 25.079872408 43.4165866922 29.1547594742 27.4590604355 25.632011236 25.3179778023 63.2850693292 33.5410196625 33.5410196625 40.249223595 38.9486841883 12.3693168769 13.0384048104 18.6010752377 19.1049731745 25.5538646784 26.4764045897 43.382023927 40.8044115262 22.4722050542 21.1896201004 35.77708764 34.0587727319 20.6155281281 16.1245154966 18.3847763109 16.4012194669 15.5563491861 25.3179778023 11.6619037897 13.0 35.2278299076 32.0624390838 35.3411940941 36.3455636908 34.1320963318 55.2268050859 54.5618914628 
183 121.066097649 21.0 20.0249843945 36.0555127546 25.0 44.0113621693 27.2946881279 26.0 25.2982212813 25.079872408 59.0338885726 29.6141857899 31.4006369362 35.5105618091 36.235341864 13.0384048104 12.0415945788 18.3847763109 17.691806013 26.2488094968 26.4007575649 45.7930125674 44.72135955 20.591260282 20.6155281281 35.8468966579 36.2491379208 18.3847763109 13.0384048104 19.6468827044 12.5299640861 18.4390889146 25.079872408 11.1803398875 11.6619037897 34.0 32.0624390838 35.5105618091 33.0605505096 34.2344855372 55.1543289326 55.9732078766 
220 117.038455219 20.0997512422 21.0237960416 33.0151480384 25.079872408 47.0956473573 27.7308492477 29.6816441593 24.3515913238 24.5153013443 61.0081961707 34.2344855372 35.2278299076 39.8120584748 38.4837628098 13.152946438 12.0 19.2093727123 18.3847763109 24.1867732449 24.1660919472 49.6487663492 47.5078940809 21.5406592285 23.0867927612 33.2866339542 35.0 18.6815416923 18.0277563773 16.1554944214 17.88854382 15.0 24.5153013443 12.5299640861 13.0 36.6742416418 35.0 37.1618083521 31.0161248385 31.1448230048 57.3846669416 58.7281874401 
289 116.038786619 21.0237960416 20.0 34.0147027034 24.0 42.0 31.304951685 31.304951685 27.892651362 28.6356421266 62.0080639917 33.3766385366 32.3882694814 38.4837628098 38.4707681233 11.1803398875 13.152946438 20.0 20.0 26.0 25.2982212813 40.8166632639 40.8166632639 22.4722050542 23.0867927612 35.2278299076 34.8281495345 17.7200451467 18.3575597507 18.0277563773 18.8679622641 18.6010752377 28.6356421266 13.6014705087 14.3178210633 33.6154726279 30.0166620396 31.7647603485 32.2800247831 32.0156211872 56.0802995712 54.5618914628 
308 119.268604419 22.0907220344 22.0907220344 34.1320963318 22.2036033112 44.1814440687 28.3019433962 29.7321374946 23.0867927612 24.0831891576 69.1809222257 33.2415402772 33.9558536927 39.0 38.0788655293 11.401754251 11.0 19.7230829233 18.4390889146 27.2946881279 26.5706605112 46.0977222865 45.4862616622 18.7882942281 19.2353840617 33.5410196625 32.6496554346 18.2482875909 17.2046505341 17.0880074906 18.3847763109 17.0293863659 24.0831891576 13.0384048104 13.9283882772 35.5105618091 33.0605505096 36.6742416418 33.5410196625 29.4278779391 57.008771255 56.0802995712 
361 122.004098292 23.0867927612 23.0 35.0 27.0185121722 48.0416485979 30.5286750449 29.6816441593 25.0 25.9615099715 67.007462271 32.14031736 33.3766385366 37.1214223865 37.5898922584 14.0356688476 13.0 19.7989898732 18.3847763109 25.495097568 26.0 46.3249392876 43.5660418216 22.4722050542 22.4722050542 36.3593179254 37.4432904537 18.0277563773 17.4928556845 18.973665961 18.0277563773 15.6204993518 25.9615099715 12.5299640861 13.0 33.5410196625 32.0156211872 34.4818792991 31.0161248385 33.2415402772 55.1724568965 55.8659108939 
400 125.063983624 23.0217288664 24.0 35.0 24.0 44.0113621693 30.0166620396 31.9061122671 28.1602556807 27.892651362 67.007462271 32.2490309932 32.7566787083 37.5765884561 38.9486841883 12.1655250606 12.1655250606 17.8044938148 19.1049731745 28.7923600978 29.7321374946 43.382023927 45.4862616622 21.1896201004 21.1896201004 36.6196668472 36.8917334914 17.7200451467 18.0277563773 18.6815416923 18.6010752377 18.6010752377 27.892651362 11.6619037897 10.7703296143 37.1214223865 35.0142828 37.5765884561 34.5253530033 36.0138862107 56.7274184147 58.137767415 
413 127.003936947 22.0 22.0 32.0 24.0 38.0131556175 28.3019433962 29.6816441593 25.0 25.7099202644 63.0079360081 33.2415402772 33.2415402772 37.5765884561 37.5765884561 12.0415945788 12.0415945788 18.0277563773 20.5182845287 29.4108823397 29.4278779391 43.8292140016 42.0475920833 21.5406592285 21.5406592285 36.0555127546 36.0555127546 17.0880074906 16.1245154966 17.0880074906 16.1245154966 17.691806013 25.7099202644 13.8924439894 13.3416640641 35.3411940941 34.0147027034 36.235341864 36.3455636908 40.3112887415 58.0 58.6941223633 
423 125.015998976 22.0907220344 21.0950231097 35.0 26.0192236625 45.0 31.7647603485 31.7647603485 26.9258240357 26.6833281283 65.0 33.5410196625 34.1320963318 38.9486841883 37.5765884561 13.0384048104 13.0 19.1049731745 18.3847763109 26.0 24.6981780705 45.7930125674 44.2944691807 22.1359436212 22.4722050542 34.6698716467 34.6698716467 18.973665961 18.6010752377 18.0277563773 17.4928556845 19.1049731745 26.6833281283 12.0830459736 12.0830459736 35.77708764 33.0151480384 35.3553390593 35.0570962859 34.3656805549 58.0 57.3149195236 
440 116.155068766 20.0 19.0 34.0147027034 24.0208242989 44.0113621693 28.0178514522 25.0599281723 23.3452350599 23.0867927612 62.0 31.7804971641 31.1448230048 37.2155881319 36.2491379208 12.0415945788 12.1655250606 19.4164878389 21.400934559 26.4007575649 27.5136329844 48.0208288142 44.283179651 18.973665961 20.1246117975 31.6227766017 33.2866339542 18.0277563773 16.2788205961 17.7200451467 15.2643375225 17.2046505341 23.0867927612 14.3178210633 13.9283882772 33.1058907145 32.0624390838 34.1320963318 31.0 32.5576411922 55.8659108939 55.4436651025 
536 119.03780912 22.0227155455 22.0227155455 37.0 25.0199920064 48.0104155366 29.5296461205 30.0166620396 26.2488094968 25.9615099715 66.0 33.7342555869 34.3656805549 41.1825205639 39.8120584748 13.3416640641 12.1655250606 19.1049731745 17.691806013 27.7308492477 25.495097568 44.4072066223 43.0464865001 22.4722050542 22.1359436212 36.0555127546 35.2278299076 20.6155281281 20.0 17.7200451467 18.8679622641 17.0293863659 25.9615099715 11.6619037897 11.6619037897 31.384709653 28.0178514522 31.064449134 32.7566787083 29.1547594742 58.6941223633 56.6127194189 
541 121.264174429 23.1948270095 21.0950231097 32.14031736 25.079872408 43.1856457634 29.5296461205 29.0688837075 24.6981780705 24.0831891576 65.3758365147 35.2278299076 34.1320963318 40.3112887415 37.5765884561 12.1655250606 13.0 16.9705627485 16.4012194669 24.6981780705 23.5372045919 48.3011387029 44.2944691807 21.0950231097 20.3960780544 37.1618083521 33.3016516107 18.4390889146 15.6524758425 15.6524758425 16.4012194669 16.2788205961 24.0831891576 10.0 10.295630141 35.8468966579 33.0151480384 34.0147027034 38.1182371051 30.2654919008 61.5223536611 54.5618914628 
580 122.0 21.0950231097 22.0 33.0151480384 26.0192236625 47.0106370942 30.886890423 31.384709653 25.7099202644 27.6586333719 64.0078120232 34.0587727319 34.3656805549 39.0 39.3573373083 13.152946438 13.0384048104 18.3847763109 17.691806013 23.2594066992 23.7065391823 46.6476151588 45.2769256907 21.8403296678 21.5870331449 33.0151480384 34.205262753 17.4642491966 20.2484567313 16.7630546142 19.4164878389 16.4012194669 27.6586333719 10.8166538264 10.8166538264 34.4383507154 32.0156211872 35.3553390593 30.0166620396 33.2415402772 55.1724568965 58.0 
681 117.209214655 22.0227155455 22.0907220344 32.0156211872 22.0227155455 38.0 28.0178514522 29.0688837075 22.803508502 25.632011236 61.1310068623 31.5753068077 31.2569992162 36.235341864 36.2491379208 11.0453610172 11.1803398875 19.2093727123 18.8679622641 25.7099202644 27.8567765544 41.1460812229 42.0594816896 19.6468827044 21.0237960416 32.4499614792 35.3553390593 16.1554944214 16.4012194669 17.7200451467 16.1245154966 14.8660687473 25.632011236 13.6014705087 13.416407865 32.6496554346 31.0 33.1209903234 33.5410196625 31.6227766017 54.5618914628 56.4003546088 
688 122.102416029 21.0 21.0237960416 32.0 24.0 45.0 30.0166620396 30.886890423 26.6833281283 26.6833281283 62.0080639917 32.3882694814 32.14031736 37.1214223865 36.2491379208 12.0415945788 12.0415945788 17.691806013 17.691806013 24.1660919472 24.5967477525 46.3249392876 43.8292140016 23.0867927612 23.0867927612 35.6089876295 35.0 18.0277563773 18.8679622641 16.1554944214 17.88854382 19.2093727123 26.6833281283 11.6619037897 11.6619037897 34.0147027034 32.0624390838 34.9857113691 35.0570962859 34.1320963318 56.8506816142 55.1724568965 
694 128.097619025 22.0227155455 21.0 33.0605505096 25.0 41.0121933088 30.4138126515 29.5296461205 27.2029410175 26.9258240357 61.0737259384 37.1214223865 35.3553390593 41.2310562562 39.8120584748 13.0384048104 12.0415945788 17.0293863659 16.2788205961 23.4093998214 24.3515913238 43.8292140016 43.4165866922 21.4709105536 21.4709105536 36.7151195014 36.3593179254 17.4642491966 16.5529453572 17.0880074906 14.3178210633 19.8494332413 26.9258240357 9.43398113206 10.8166538264 35.3553390593 32.0156211872 34.4383507154 38.2099463491 34.2344855372 59.3969696197 56.5862174032 
707 129.1394595 22.0907220344 21.0237960416 34.0147027034 24.0 44.0113621693 29.5296461205 28.6530975638 25.2982212813 26.9258240357 62.0322496771 33.1360830516 32.7566787083 37.1618083521 38.0788655293 12.0415945788 12.0415945788 20.0 20.0 26.0 26.9258240357 44.7772263545 43.9089968002 19.6977156036 20.1246117975 34.0 35.5105618091 17.7200451467 15.8113883008 18.0277563773 14.4222051019 19.2093727123 26.9258240357 14.3178210633 13.9283882772 34.4818792991 32.0 34.0 34.5253530033 36.0555127546 58.0517010948 56.639209034 
734 122.036879672 22.0227155455 21.0237960416 33.0151480384 26.0192236625 47.0106370942 29.6816441593 28.6530975638 26.6833281283 25.0 63.0079360081 33.3766385366 33.0605505096 38.4707681233 38.0788655293 13.0384048104 13.152946438 16.4012194669 17.0293863659 23.2594066992 23.7065391823 44.6542271235 43.9089968002 21.1896201004 22.360679775 35.8050275799 36.3593179254 16.7630546142 17.4928556845 17.4642491966 17.4642491966 17.0293863659 25.0 10.0 10.6301458127 32.2024843762 30.0665927567 33.2866339542 31.064449134 34.3656805549 55.1724568965 57.2800139665 
749 116.27553483 21.0950231097 21.0237960416 34.0587727319 24.0208242989 46.0434577329 28.1780056072 27.4590604355 24.3515913238 24.7386337537 62.128898268 36.2215405525 35.5105618091 42.1544778167 41.1460812229 12.3693168769 12.1655250606 18.6010752377 19.1049731745 27.7848879789 26.2488094968 45.6179789118 46.872166581 21.9544984001 22.4722050542 36.235341864 36.4005494464 18.4390889146 16.5529453572 17.0880074906 17.0 16.2788205961 24.7386337537 11.6619037897 11.1803398875 36.6196668472 31.2569992162 33.1058907145 34.7131099154 31.1448230048 59.816385715 56.5862174032 
794 122.331516789 22.0 22.2036033112 35.1283361405 26.0768096208 51.1566222497 30.5286750449 31.7804971641 26.6833281283 27.5136329844 64.28063472 34.5253530033 35.1283361405 38.9486841883 40.3112887415 13.0 13.152946438 19.7989898732 20.0 24.1660919472 25.0 46.4004310325 47.0106370942 22.803508502 24.5967477525 35.6089876295 38.0788655293 17.4642491966 18.0277563773 19.4164878389 19.6977156036 16.9705627485 27.5136329844 13.0 13.6014705087 32.2024843762 30.0665927567 33.0151480384 29.2745623366 31.5753068077 57.2800139665 57.4891294072 
795 117.0683561 22.2036033112 20.0249843945 32.0156211872 25.0 42.0 31.304951685 29.0688837075 26.2488094968 25.9615099715 59.076221951 33.0605505096 32.3882694814 38.0788655293 38.0131556175 13.152946438 12.1655250606 18.4390889146 19.1049731745 25.632011236 25.2982212813 43.9089968002 42.9418211072 23.4093998214 23.769728648 35.5105618091 35.8050275799 15.8113883008 18.3847763109 18.0277563773 17.88854382 16.4012194669 25.9615099715 12.5299640861 12.0830459736 34.4383507154 33.0151480384 36.235341864 32.5576411922 35.3553390593 56.639209034 57.3149195236 
926 122.065556157 20.0249843945 21.0 33.0151480384 25.0199920064 44.0454310911 27.7848879789 27.7848879789 23.769728648 25.0 61.0081961707 32.2490309932 32.2490309932 38.0131556175 36.6742416418 13.152946438 12.0415945788 19.2093727123 19.1049731745 26.0 26.5706605112 45.6179789118 45.7930125674 20.591260282 20.6155281281 34.4818792991 34.6698716467 18.3847763109 13.0384048104 17.88854382 13.6014705087 17.0293863659 25.0 12.5299640861 13.0 34.1320963318 32.0624390838 34.0147027034 34.5253530033 30.1496268634 58.137767415 55.9016994375 
949 125.195846576 22.0907220344 21.3775583264 31.064449134 23.0217288664 43.0464865001 34.4818792991 34.4383507154 28.4429253067 27.6586333719 63.0713881249 30.4138126515 31.1448230048 36.235341864 36.7695526217 12.1655250606 11.401754251 19.1049731745 18.0277563773 22.8473193176 22.825424421 42.7200187266 42.9418211072 27.6586333719 26.2488094968 37.5366487582 35.8050275799 16.1554944214 22.8473193176 16.4924225025 22.4722050542 18.4390889146 27.6586333719 10.7703296143 11.1803398875 33.5410196625 32.0 31.7647603485 36.6742416418 35.1140997322 60.141499815 59.6657355607 
981 123.0 21.0 21.0237960416 39.0128184063 25.0 45.0 30.4138126515 31.304951685 27.892651362 29.8328677804 67.0 33.7342555869 32.7566787083 39.4461658466 38.0788655293 13.0384048104 12.0415945788 19.1049731745 18.4390889146 28.4604989415 29.1547594742 44.418464629 43.9089968002 25.632011236 26.9258240357 38.4187454246 40.4598566483 20.8806130178 21.0950231097 20.2484567313 20.1246117975 17.0293863659 29.8328677804 12.5299640861 13.416407865 31.9061122671 28.0178514522 33.0151480384 32.3882694814 32.2490309932 55.9732078766 54.5618914628 
990 121.004132161 20.0249843945 20.0 31.0161248385 27.0185121722 43.0116263352 28.4253408071 27.7848879789 23.0867927612 24.7386337537 63.0713881249 34.0587727319 34.0587727319 40.3112887415 40.8533964316 14.3178210633 13.6014705087 19.8494332413 18.4390889146 19.3132079158 20.1246117975 47.0106370942 46.5188133985 20.6155281281 21.5406592285 32.6496554346 34.4093010682 15.8113883008 18.0277563773 16.4924225025 17.88854382 15.2643375225 24.7386337537 10.295630141 10.0 36.2491379208 35.0142828 34.885527085 32.0624390838 33.0151480384 56.5862174032 54.4518135602 
1117 125.063983624 21.0237960416 21.0237960416 32.0156211872 25.0199920064 44.0 27.7848879789 30.886890423 24.0416305603 26.6833281283 61.0327780787 33.0151480384 33.5410196625 37.3363094052 38.9486841883 12.1655250606 13.0384048104 18.6010752377 19.7989898732 26.0 24.6981780705 44.7772263545 44.7772263545 20.6155281281 23.4093998214 34.1320963318 35.8050275799 15.8113883008 15.6524758425 18.0277563773 18.3575597507 17.691806013 26.6833281283 12.5299640861 13.0 30.886890423 30.0166620396 33.6154726279 32.2800247831 37.2155881319 58.2580466545 60.1082357086 
1211 126.015872016 20.0997512422 21.0237960416 33.0 22.0 45.0 29.1547594742 29.1547594742 23.5372045919 24.7386337537 63.0 31.2569992162 31.7804971641 37.1618083521 38.4707681233 11.401754251 11.401754251 17.8044938148 17.8044938148 24.1660919472 25.5538646784 43.8292140016 46.3249392876 19.6468827044 20.2484567313 30.2324329157 33.2866339542 15.5241746963 18.0277563773 18.4390889146 18.6010752377 19.2093727123 24.7386337537 11.1803398875 11.6619037897 33.1209903234 31.0161248385 33.5410196625 33.3766385366 35.0570962859 56.639209034 59.4642749893 
1226 127.19276709 22.0227155455 22.0907220344 35.0570962859 24.0831891576 39.0512483795 28.0178514522 29.9666481275 24.7386337537 26.5706605112 64.28063472 33.3766385366 33.5410196625 38.0131556175 40.249223595 12.0415945788 12.3693168769 16.9705627485 18.4390889146 22.803508502 23.769728648 42.9418211072 44.283179651 21.8403296678 22.825424421 35.6089876295 37.5898922584 16.1554944214 17.4928556845 20.3960780544 18.3575597507 15.5563491861 26.5706605112 10.295630141 10.295630141 33.1058907145 32.0156211872 35.8468966579 34.2344855372 44.0113621693 55.8659108939 60.9590026165 
1238 119.004201606 22.0227155455 22.0 34.0 25.0199920064 40.0124980475 30.0166620396 31.064449134 25.9615099715 26.4764045897 66.0 33.2415402772 34.3656805549 38.0131556175 38.0131556175 13.0384048104 12.0 17.8044938148 19.1049731745 27.5136329844 26.6833281283 42.5440947724 44.418464629 20.2484567313 20.8806130178 34.1320963318 34.4093010682 18.6815416923 17.8044938148 16.7630546142 18.0277563773 17.691806013 26.4764045897 13.8924439894 12.6491106407 33.2866339542 30.0665927567 31.7647603485 35.4400902933 33.9558536927 58.6003412959 58.7962583844 
1252 123.0 20.0249843945 21.0237960416 35.0 25.0 46.0434577329 28.6530975638 28.6530975638 26.6833281283 26.9258240357 63.0 32.2490309932 32.5576411922 38.0131556175 38.4707681233 13.152946438 12.1655250606 19.2093727123 19.8494332413 26.9258240357 25.495097568 47.0106370942 48.7647413609 22.4722050542 22.360679775 35.6089876295 37.4432904537 17.0880074906 17.0 19.9248588452 16.6433169771 17.8044938148 26.9258240357 12.5299640861 11.7046999107 34.0 33.0 35.3553390593 31.064449134 36.0555127546 55.1724568965 57.3149195236 
1316 123.036579926 20.0 21.0237960416 37.0 24.0208242989 45.0111097397 26.4196896272 27.2946881279 24.0416305603 26.2488094968 63.0079360081 30.2654919008 32.2800247831 35.3411940941 38.8329756779 11.1803398875 13.0384048104 15.6204993518 17.8044938148 26.83281573 25.632011236 45.1774279923 45.7930125674 19.2353840617 20.591260282 33.6154726279 36.3593179254 17.7200451467 14.4222051019 20.6155281281 16.4012194669 17.0293863659 26.2488094968 11.401754251 10.295630141 36.6742416418 35.0 38.0131556175 29.2745623366 38.0131556175 54.0370243444 58.2580466545 
1373 123.101584068 19.0 20.0997512422 33.0151480384 25.0199920064 48.0 30.4138126515 31.064449134 27.4590604355 28.1602556807 64.0312423743 23.0867927612 23.769728648 28.6530975638 30.61045573 12.1655250606 13.0384048104 15.5563491861 17.2046505341 29.0688837075 26.9258240357 42.7200187266 43.8292140016 22.8473193176 21.8403296678 35.0 34.7131099154 17.4642491966 15.6524758425 18.7882942281 17.0293863659 15.6204993518 28.1602556807 10.6301458127 9.43398113206 36.7151195014 33.0151480384 35.77708764 31.2569992162 38.0788655293 48.2700735446 51.9711458407 
1395 121.016527797 19.0262975904 21.0 31.0 22.0227155455 43.0464865001 28.8444102037 27.7848879789 23.1948270095 25.0 61.0 32.0624390838 33.7342555869 36.4005494464 38.4707681233 11.1803398875 11.0453610172 17.2046505341 17.691806013 25.079872408 26.4007575649 46.5295604965 44.2944691807 21.2132034356 21.5406592285 29.7321374946 35.2278299076 15.2315462117 18.6010752377 18.0277563773 16.6433169771 16.2788205961 25.0 12.5299640861 12.0830459736 34.9284983931 35.0570962859 38.0131556175 28.0713376952 38.0131556175 52.4976189936 57.4891294072 
1417 128.0 20.0 21.0 34.0 25.0 41.0121933088 26.6270539114 26.6270539114 22.5610283454 22.803508502 64.0 31.2569992162 31.4006369362 38.4837628098 39.3573373083 12.6491106407 13.6014705087 20.8086520467 21.400934559 28.4604989415 26.9258240357 43.8292140016 45.1774279923 17.88854382 18.3575597507 32.2490309932 34.0 18.3847763109 12.7279220614 18.3847763109 12.0415945788 17.0293863659 22.803508502 12.0830459736 12.0830459736 37.1214223865 35.0142828 37.1618083521 33.0605505096 37.1214223865 53.7587202229 55.3172667438 
1485 131.015266286 21.0 22.0227155455 29.0172362571 27.0185121722 47.0425339454 28.6006992922 29.4108823397 23.3452350599 23.5372045919 63.0 32.0 30.0665927567 36.4005494464 36.6742416418 13.152946438 14.3178210633 19.8494332413 21.2602916255 26.9258240357 26.0 44.418464629 46.6476151588 18.6815416923 19.9248588452 31.6227766017 33.2866339542 13.9283882772 15.2643375225 17.0880074906 16.4012194669 17.691806013 23.5372045919 13.416407865 13.416407865 36.6742416418 35.0 37.1214223865 35.1283361405 42.1070065429 57.3149195236 60.2162768693 
1525 124.016127983 21.0237960416 21.0 34.0 24.0 44.0454310911 30.5286750449 30.5286750449 27.4590604355 26.4764045897 66.0 31.4006369362 31.4006369362 37.1214223865 37.1214223865 12.1655250606 12.1655250606 18.3847763109 17.0293863659 26.5706605112 25.495097568 45.6508488421 47.4130783645 22.1359436212 21.1896201004 35.6089876295 34.4093010682 18.0277563773 18.0277563773 18.0277563773 17.2046505341 19.1049731745 26.4764045897 11.1803398875 11.401754251 33.6154726279 30.0 32.7566787083 34.1320963318 35.1283361405 57.3149195236 58.7281874401 
1538 121.926207191 22.0907220344 22.360679775 31.2569992162 26.0768096208 44.283179651 31.4006369362 32.3109888428 27.1661554144 27.8567765544 62.6498204307 33.2415402772 35.0142828 38.0131556175 40.4969134626 13.0384048104 13.3416640641 19.1049731745 19.2093727123 26.4764045897 26.4196896272 44.821869662 43.0813184571 21.0950231097 23.2594066992 33.2415402772 36.235341864 15.6524758425 18.4390889146 17.2626765016 19.3132079158 18.3847763109 27.8567765544 11.7046999107 12.2065556157 32.5729949498 31.5753068077 35.6089876295 28.0 37.3363094052 53.1507290637 55.9732078766 
1570 128.0 22.0227155455 22.0 32.0 26.0 45.0 28.0178514522 27.4590604355 22.803508502 24.0416305603 63.0 30.1496268634 30.1496268634 36.6742416418 36.6742416418 13.3416640641 13.3416640641 19.2093727123 20.5182845287 25.079872408 24.6981780705 44.418464629 43.9089968002 19.6977156036 20.1246117975 34.4818792991 35.8468966579 15.8113883008 14.7648230602 17.7200451467 15.2643375225 18.3847763109 24.0416305603 12.2065556157 11.1803398875 34.1320963318 31.0 34.1320963318 33.3766385366 38.1182371051 55.9016994375 57.3149195236 
1607 119.03780912 20.0249843945 20.0 34.0 23.0 42.0119030752 28.6006992922 28.8444102037 24.1867732449 24.3310501212 67.007462271 32.5576411922 32.3882694814 38.4707681233 37.5765884561 12.1655250606 11.1803398875 18.4390889146 17.8044938148 25.632011236 25.079872408 44.7772263545 44.72135955 20.2484567313 21.1896201004 33.6005952328 33.6005952328 17.4642491966 18.0277563773 17.4642491966 18.8679622641 17.2046505341 24.3310501212 12.5299640861 11.1803398875 35.77708764 33.0 35.77708764 34.1320963318 33.3766385366 57.2800139665 57.4891294072 
1615 124.064499354 19.1049731745 20.0 33.0 23.0867927612 42.0475920833 27.2946881279 28.1780056072 22.803508502 25.9615099715 59.0084739677 32.0624390838 34.9284983931 37.3363094052 40.3112887415 11.401754251 12.0415945788 18.0277563773 18.3847763109 24.1660919472 23.769728648 45.6179789118 44.7772263545 19.3132079158 20.6155281281 30.5286750449 33.8378486314 15.5241746963 16.1245154966 18.4390889146 18.0277563773 18.4390889146 25.9615099715 12.2065556157 10.7703296143 32.2490309932 32.0156211872 35.8468966579 33.8378486314 41.4366987102 59.4053869611 63.6553218514 
1679 131.015266286 20.0249843945 21.0 34.0147027034 23.0 43.0 27.7848879789 27.7848879789 23.769728648 25.0 62.0080639917 30.1496268634 32.0156211872 34.9284983931 38.5875627631 11.1803398875 12.1655250606 17.8044938148 18.4390889146 25.079872408 25.079872408 43.382023927 45.7930125674 20.6155281281 20.1246117975 33.2866339542 34.9857113691 15.8113883008 15.6524758425 19.4164878389 17.2046505341 16.9705627485 25.0 12.0830459736 12.0830459736 34.4818792991 33.0605505096 35.3411940941 34.5253530033 42.0119030752 56.639209034 61.400325732 
