Leaf
1349 114.354711315 19.0262975904 19.1049731745 29.0688837075 26.0192236625 46.0434577329 28.4253408071 29.1547594742 23.0217288664 23.3452350599 62.2012861603 33.0605505096 34.0147027034 36.7695526217 39.0 12.0415945788 14.1421356237 19.8494332413 20.6155281281 22.4722050542 23.3238075794 46.1410879802 47.8852795753 18.1107702763 19.6977156036 28.319604517 31.384709653 13.9283882772 17.0293863659 16.2788205961 17.0 15.0 23.3452350599 13.0 13.8924439894 36.2491379208 34.0147027034 36.7151195014 27.0739727414 34.1320963318 53.2634959423 58.7281874401 
148 131.461020839 22.0 21.2132034356 36.1247837364 30.1496268634 53.4602656185 28.4253408071 26.83281573 22.360679775 22.8473193176 66.1891229735 33.5410196625 33.0 39.9624824054 39.9249295554 15.0332963784 15.5241746963 22.803508502 20.8086520467 25.2982212813 25.0 51.6139516023 54.1294744109 15.8113883008 17.8044938148 30.886890423 33.8378486314 17.0880074906 14.2126704036 20.2237484162 14.2126704036 18.6010752377 22.8473193176 12.6491106407 13.4536240471 37.5765884561 36.0555127546 37.2155881319 35.0 35.1283361405 61.7170964968 63.1268564083 
181 128.471786786 21.0950231097 22.0 33.0151480384 25.079872408 46.1735855225 27.2946881279 28.8444102037 23.4093998214 24.7386337537 62.0080639917 32.0156211872 34.205262753 36.6878726557 40.4969134626 12.3693168769 13.0384048104 20.2484567313 20.5182845287 26.9258240357 29.1547594742 44.283179651 45.0 18.3847763109 20.2484567313 31.7647603485 34.6698716467 15.8113883008 14.4222051019 18.973665961 17.0293863659 15.8113883008 24.7386337537 13.416407865 13.9283882772 35.3553390593 33.0151480384 36.6742416418 31.7804971641 41.0487515035 56.4003546088 61.2943716829 
251 125.035994817 21.0237960416 20.0249843945 31.0 24.0 45.0111097397 28.3019433962 28.3019433962 23.769728648 23.5372045919 61.0 35.2278299076 35.1283361405 39.3954312072 39.0 12.0415945788 12.0415945788 19.4164878389 20.6155281281 22.825424421 23.2594066992 47.8852795753 46.5295604965 17.88854382 18.0277563773 32.6496554346 30.5286750449 16.4924225025 14.4222051019 15.5241746963 15.8113883008 19.1049731745 23.5372045919 15.2315462117 14.5602197786 36.6742416418 34.0147027034 38.4707681233 36.3455636908 35.3553390593 62.2896460096 60.9590026165 
260 122.036879672 24.1867732449 23.1948270095 37.0540146273 26.0 50.0 26.0768096208 26.9258240357 21.4709105536 21.9317121995 65.06919394 35.5105618091 37.3363094052 42.4852915725 43.8634243989 13.3416640641 13.3416640641 18.3847763109 18.3847763109 23.8537208838 22.825424421 45.7930125674 46.872166581 16.1245154966 15.6524758425 33.8378486314 31.9530906173 19.4164878389 14.8660687473 18.1107702763 16.2788205961 14.1421356237 21.9317121995 10.8166538264 10.6301458127 33.0151480384 28.0713376952 30.886890423 31.7804971641 32.0156211872 58.8982172905 60.9590026165 
382 122.016392341 22.2036033112 21.0950231097 34.0587727319 26.0192236625 45.0998891351 27.4590604355 28.3019433962 21.1896201004 22.803508502 64.0078120232 36.1247837364 35.3553390593 41.2310562562 40.249223595 13.152946438 13.0384048104 20.6155281281 19.8494332413 24.1660919472 25.632011236 46.9574275275 45.7930125674 18.3847763109 19.6977156036 32.2024843762 33.1209903234 17.2626765016 17.2046505341 17.7200451467 15.8113883008 15.0 22.803508502 12.5299640861 13.416407865 33.6154726279 32.0156211872 34.4383507154 33.7342555869 34.205262753 59.6657355607 62.3698645181 
522 124.036285014 23.1948270095 23.0217288664 37.0135110466 25.0199920064 51.0881590978 26.9258240357 25.8069758011 21.9317121995 21.5406592285 66.0681466366 36.4965751818 36.4965751818 42.9534631898 42.4852915725 12.3693168769 13.152946438 18.4390889146 18.3847763109 23.6008474424 24.1867732449 53.3385414124 49.244289009 17.88854382 18.3847763109 33.6154726279 34.0 19.6468827044 15.5563491861 18.973665961 15.5563491861 14.8660687473 21.5406592285 10.8166538264 12.2065556157 38.4837628098 37.0540146273 38.9486841883 34.1320963318 33.2415402772 63.7024332345 59.4642749893 
576 127.003936947 21.0950231097 21.0950231097 34.0147027034 25.0 47.0106370942 25.5538646784 26.0768096208 21.5406592285 21.1896201004 61.0081961707 31.4006369362 32.2490309932 37.5898922584 37.5765884561 13.152946438 12.1655250606 17.691806013 16.9705627485 25.495097568 26.4007575649 45.2769256907 44.9444101085 17.88854382 17.0 32.2024843762 31.7804971641 17.7200451467 14.2126704036 17.4642491966 14.2126704036 16.9705627485 21.1896201004 11.401754251 10.8166538264 35.5105618091 32.0156211872 34.4818792991 37.8549864615 34.205262753 61.554853586 59.5482997238 
592 122.200654663 21.2132034356 20.3960780544 30.0 22.0227155455 38.0131556175 28.6356421266 30.0166620396 24.6981780705 22.5610283454 57.0 36.2215405525 37.2155881319 40.8533964316 40.8533964316 11.1803398875 11.0453610172 17.2046505341 17.691806013 24.1660919472 22.803508502 44.3846820423 45.1774279923 20.6155281281 20.8806130178 33.1209903234 30.5286750449 16.4924225025 17.0 14.5602197786 17.88854382 17.2046505341 22.5610283454 12.5299640861 11.401754251 34.1320963318 32.0624390838 31.7804971641 38.275318418 36.8781778292 63.0079360081 61.554853586 
637 115.03912378 21.2132034356 22.0227155455 31.0161248385 27.0185121722 49.0102030194 28.6530975638 29.1547594742 23.0867927612 25.0 60.0083327547 35.0142828 35.1283361405 41.4366987102 41.629316593 13.6014705087 14.3178210633 20.6155281281 20.5182845287 22.825424421 22.825424421 45.6508488421 47.4341649025 21.1896201004 21.8403296678 32.7566787083 34.4093010682 16.7630546142 17.4928556845 16.1554944214 17.4928556845 17.0293863659 25.0 11.6619037897 12.5299640861 32.4499614792 29.0688837075 32.6496554346 28.7923600978 28.6356421266 58.2494635168 58.8982172905 
720 123.146254511 20.0997512422 21.0950231097 34.0587727319 24.1867732449 42.1900462195 26.83281573 26.0768096208 23.4093998214 25.0 60.1331855135 34.0587727319 35.902646142 38.275318418 39.9624824054 11.1803398875 13.0384048104 19.7230829233 19.7989898732 26.4007575649 25.9615099715 45.1884941108 43.5660418216 19.2353840617 19.3132079158 32.6496554346 34.4093010682 17.2626765016 16.1245154966 17.7200451467 16.4012194669 15.0 25.0 14.3178210633 14.8660687473 36.235341864 34.0147027034 37.5765884561 31.2569992162 38.0525951809 54.8178802947 58.7962583844 
832 119.004201606 20.0249843945 20.0997512422 32.0156211872 23.0867927612 47.2652091924 26.0768096208 27.2946881279 21.8403296678 23.0867927612 59.076221951 37.2155881319 36.3455636908 41.7851648316 43.4626276242 11.1803398875 12.6491106407 20.6155281281 20.591260282 23.769728648 24.2074368738 47.4130783645 53.2353266168 19.9248588452 20.6155281281 31.6227766017 32.7566787083 15.8113883008 16.6433169771 17.4642491966 17.4928556845 17.2046505341 23.0867927612 13.3416640641 15.2643375225 34.4383507154 32.0156211872 32.2024843762 32.9848450049 33.0605505096 63.2534584035 62.9682459657 
859 127.0 22.0907220344 21.0237960416 32.0 25.0 51.0 28.3019433962 28.0178514522 23.0867927612 22.5610283454 63.0079360081 34.3656805549 34.0587727319 39.3573373083 37.6961536499 13.0384048104 12.0415945788 18.3847763109 17.691806013 24.4131112315 23.3238075794 49.9299509313 48.3735464898 19.6977156036 18.6815416923 34.0 31.064449134 17.7200451467 15.8113883008 15.8113883008 16.4012194669 18.3847763109 22.5610283454 13.0384048104 11.6619037897 36.235341864 33.0 35.3553390593 34.0587727319 30.4138126515 61.5223536611 58.2580466545 
1003 120.016665509 20.0 21.0 35.0142828 24.0 46.0434577329 27.4590604355 28.6530975638 23.5372045919 25.9615099715 64.0702739186 37.483329628 38.3275357935 42.9534631898 43.4626276242 12.1655250606 12.1655250606 17.691806013 17.691806013 22.825424421 24.5967477525 49.193495505 48.3735464898 20.1246117975 20.1246117975 34.1320963318 34.9857113691 18.4390889146 16.6433169771 17.2626765016 17.0 18.4390889146 25.9615099715 10.8166538264 11.6619037897 34.4818792991 32.0 34.0 30.4138126515 29.1204395571 58.6003412959 60.0 
1054 122.004098292 20.0249843945 20.0 35.0 27.0185121722 44.1021541424 27.7308492477 26.4196896272 25.2982212813 24.0416305603 60.0333240792 36.3455636908 35.1283361405 42.9534631898 42.5440947724 13.3416640641 14.5602197786 19.2093727123 17.691806013 21.8403296678 21.9544984001 43.9089968002 46.5295604965 19.6977156036 19.6977156036 32.7566787083 33.2866339542 17.4642491966 16.6433169771 18.4390889146 17.2046505341 19.4164878389 24.0416305603 7.61577310586 10.6301458127 33.6154726279 30.0166620396 30.886890423 35.6931365951 31.4006369362 60.141499815 56.7274184147 
1067 123.101584068 20.0997512422 21.0 35.0142828 24.0208242989 44.0454310911 26.4196896272 26.0768096208 22.1359436212 23.0867927612 62.0322496771 38.3275357935 38.4707681233 44.3846820423 43.8634243989 12.3693168769 12.1655250606 20.2484567313 20.6155281281 23.7065391823 23.769728648 45.1774279923 44.418464629 19.6977156036 19.6977156036 32.2490309932 34.1320963318 18.4390889146 17.2046505341 17.7200451467 15.8113883008 17.0293863659 23.0867927612 13.416407865 13.0 35.3553390593 33.0 35.77708764 31.7804971641 35.1710107901 60.7453701939 61.619802012 
1077 125.143917151 21.0950231097 21.0 37.0540146273 26.1725046566 48.0936586256 28.6530975638 27.2029410175 24.0416305603 22.5610283454 67.186308129 32.14031736 33.9558536927 39.0 40.4969134626 12.6491106407 14.0356688476 17.8044938148 18.6010752377 22.4722050542 21.4709105536 46.0651712251 46.6154480832 20.1246117975 21.0237960416 34.0 35.5105618091 18.6815416923 15.8113883008 20.2484567313 15.6204993518 16.2788205961 22.5610283454 10.6301458127 10.295630141 28.0178514522 27.0 31.064449134 28.7923600978 36.2215405525 56.8594759033 61.619802012 
1122 119.004201606 23.0217288664 22.0 32.0 23.0 45.0 27.8028775489 27.2029410175 21.8403296678 22.803508502 65.0 34.3656805549 34.2344855372 39.8120584748 39.0 12.1655250606 11.1803398875 16.9705627485 16.2788205961 23.7065391823 23.7065391823 45.6508488421 46.1410879802 17.0880074906 17.0880074906 32.6496554346 32.2490309932 16.2788205961 16.4012194669 16.2788205961 16.4012194669 16.4012194669 22.803508502 10.0 10.0 34.4818792991 32.0156211872 33.5410196625 34.7131099154 27.2029410175 60.207972894 56.6127194189 
1222 125.035994817 18.1107702763 19.0 33.0151480384 25.0199920064 46.0977222865 25.8069758011 26.4196896272 23.1948270095 23.769728648 61.0737259384 31.2569992162 31.2569992162 36.6742416418 38.0131556175 12.1655250606 13.3416640641 20.6155281281 20.8086520467 27.8567765544 26.4007575649 46.5295604965 50.1198563446 18.0277563773 20.2484567313 30.61045573 34.4818792991 15.8113883008 15.0 18.4390889146 14.7648230602 15.6204993518 23.769728648 13.9283882772 13.416407865 42.4852915725 39.0 42.9418211072 34.2344855372 41.0121933088 57.4891294072 61.554853586 
1227 122.147451877 20.0 19.0262975904 33.0151480384 24.0 47.0 28.8444102037 29.0688837075 24.3310501212 25.7099202644 62.0725382114 32.5576411922 33.1360830516 38.9486841883 37.6961536499 13.152946438 11.1803398875 18.4390889146 18.4390889146 24.6981780705 23.2594066992 49.244289009 48.7647413609 18.973665961 19.3132079158 31.6227766017 31.064449134 17.7200451467 17.0293863659 16.4924225025 16.6433169771 19.1049731745 25.7099202644 12.8062484749 10.7703296143 37.1214223865 35.0142828 36.6742416418 37.0540146273 30.1496268634 59.5482997238 56.8506816142 
1257 126.015872016 20.0997512422 22.0227155455 34.0147027034 24.0 43.0116263352 25.8069758011 25.2388589282 19.6468827044 21.5406592285 63.0079360081 34.2344855372 35.5105618091 39.3954312072 41.1460812229 12.1655250606 12.1655250606 17.8044938148 19.1049731745 24.6981780705 24.1660919472 45.6508488421 46.0651712251 16.5529453572 18.0277563773 29.9666481275 34.9284983931 15.5241746963 13.6014705087 19.2353840617 15.0 15.8113883008 21.5406592285 11.6619037897 11.1803398875 34.0147027034 33.0151480384 36.7151195014 31.9530906173 40.1123422403 61.400325732 61.5223536611 
1352 117.038455219 20.0249843945 21.0950231097 33.0151480384 25.0 44.0 28.0178514522 28.6530975638 22.360679775 24.0416305603 63.0713881249 31.2569992162 32.2490309932 36.6742416418 38.0131556175 12.1655250606 13.152946438 18.4390889146 19.1049731745 26.5706605112 26.9258240357 45.6508488421 45.6508488421 19.9248588452 19.3132079158 31.6227766017 32.2490309932 17.0880074906 16.4012194669 17.7200451467 16.4012194669 16.2788205961 24.0416305603 12.5299640861 12.5299640861 33.1209903234 32.0156211872 34.9857113691 31.0483493925 34.7131099154 57.008771255 59.5482997238 
1396 122.331516789 22.0907220344 22.0227155455 32.0624390838 24.0831891576 42.1900462195 28.6530975638 28.0178514522 24.3515913238 24.7386337537 62.128898268 37.0540146273 37.483329628 42.3792402008 42.0475920833 12.3693168769 12.0415945788 17.2046505341 18.4390889146 23.7065391823 24.0416305603 48.1040538832 48.0208288142 18.3575597507 19.6977156036 34.0147027034 35.5105618091 16.1245154966 15.6524758425 16.4924225025 16.1245154966 18.3847763109 24.7386337537 11.401754251 10.7703296143 35.5105618091 34.1320963318 34.9284983931 35.1710107901 36.2215405525 61.0327780787 61.5223536611 
1434 128.140547837 22.0227155455 22.0 32.0624390838 28.0 46.0108682813 26.9258240357 29.206163733 23.4093998214 23.3452350599 64.0312423743 34.0147027034 32.14031736 39.9249295554 38.9101529167 14.3178210633 14.3178210633 21.400934559 22.6715680975 26.4007575649 25.9615099715 47.4130783645 47.5078940809 20.591260282 18.4390889146 36.235341864 31.6227766017 17.4642491966 15.6524758425 16.1554944214 16.2788205961 18.3847763109 23.3452350599 13.8924439894 13.9283882772 38.0788655293 35.0142828 38.0131556175 35.5105618091 33.1360830516 60.3075451333 58.0517010948 
1443 123.036579926 22.0227155455 21.0 32.0156211872 27.0 47.0106370942 27.0185121722 25.8069758011 22.5610283454 21.8403296678 64.0078120232 29.2745623366 30.0166620396 35.8468966579 34.9284983931 14.1421356237 13.152946438 17.8044938148 17.0293863659 24.6981780705 24.5967477525 49.3963561409 47.853944456 17.88854382 17.0 34.4818792991 32.6496554346 16.4924225025 14.4222051019 16.2788205961 14.4222051019 13.9283882772 21.8403296678 9.21954445729 8.60232526704 42.1544778167 40.049968789 42.0594816896 36.2215405525 33.0151480384 57.4891294072 53.0754180389 
1500 128.140547837 20.0249843945 20.0249843945 32.0624390838 25.0199920064 42.0119030752 25.2388589282 26.4007575649 20.8806130178 22.360679775 62.0322496771 34.0147027034 33.5410196625 38.6264158317 38.4707681233 13.152946438 12.0415945788 19.2093727123 19.1049731745 21.0237960416 20.6155281281 46.6154480832 48.3735464898 16.1245154966 17.4642491966 30.8706980809 31.9061122671 16.1245154966 14.4222051019 16.4924225025 15.0 17.0293863659 22.360679775 12.5299640861 12.6491106407 36.3593179254 34.0587727319 36.2491379208 37.6563407675 39.0512483795 60.440052945 62.9682459657 
1559 125.035994817 19.0262975904 20.0 35.0142828 25.0 44.0 26.0768096208 27.7848879789 23.5372045919 24.7386337537 63.0713881249 32.14031736 33.7342555869 36.2491379208 39.4461658466 12.0415945788 13.0384048104 17.691806013 16.9705627485 23.4093998214 24.5967477525 45.6508488421 45.6508488421 18.3575597507 19.7230829233 32.7566787083 34.4818792991 17.7200451467 13.6014705087 18.4390889146 15.2643375225 15.0 24.7386337537 10.295630141 10.8166538264 34.4383507154 33.0151480384 35.3553390593 32.0156211872 40.0124980475 54.4518135602 59.0338885726 
1564 128.015624046 19.0 20.0 33.0151480384 26.0192236625 45.0111097397 25.2388589282 25.0 21.5870331449 20.6155281281 62.0322496771 26.1725046566 26.3058928759 32.2490309932 31.9061122671 13.152946438 13.0384048104 17.691806013 18.4390889146 22.825424421 21.5406592285 43.4165866922 44.1021541424 19.4164878389 20.2484567313 34.0 35.3553390593 16.4924225025 13.0 17.7200451467 13.416407865 14.8660687473 20.6155281281 11.6619037897 11.1803398875 38.0131556175 36.0555127546 37.6961536499 35.1283361405 40.6078810085 52.6307894678 56.0802995712 
1566 123.101584068 19.0262975904 19.1049731745 33.0605505096 25.079872408 41.3037528561 26.0768096208 26.83281573 23.5372045919 23.0867927612 59.1354377679 33.2415402772 33.2415402772 37.5765884561 39.8120584748 12.0415945788 13.3416640641 17.691806013 19.8494332413 24.0416305603 21.9317121995 43.9089968002 47.0106370942 19.3132079158 19.7230829233 32.2024843762 32.6496554346 15.2315462117 13.8924439894 19.4164878389 15.8113883008 16.2788205961 23.0867927612 12.5299640861 11.6619037897 36.2491379208 35.0142828 37.1214223865 33.2415402772 39.0512483795 55.8659108939 57.3149195236 
1677 130.13838788 22.2036033112 21.0237960416 35.0570962859 23.0217288664 44.0454310911 26.4196896272 25.2388589282 21.9317121995 21.1896201004 62.128898268 32.3882694814 31.7804971641 38.9101529167 37.5898922584 12.3693168769 11.1803398875 20.0 18.6010752377 25.9422435421 25.632011236 45.1884941108 46.3249392876 18.0277563773 17.88854382 34.1760149813 32.6496554346 19.4164878389 14.2126704036 17.0880074906 12.8062484749 18.3847763109 21.1896201004 12.0830459736 12.0830459736 35.8050275799 32.2490309932 33.2415402772 41.9761837236 32.5576411922 63.7024332345 60.141499815 
