Leaf
1290 121.037184369 21.0 20.0249843945 34.0 25.0 38.0131556175 25.5538646784 25.8069758011 23.4093998214 22.5610283454 62.0080639917 27.2946881279 27.4590604355 33.1209903234 34.1320963318 12.1655250606 13.152946438 20.0 20.6155281281 28.8617393793 29.6141857899 36.7151195014 36.8917334914 18.8679622641 17.4928556845 34.885527085 33.1209903234 18.0277563773 12.2065556157 18.0277563773 12.0415945788 13.6014705087 22.5610283454 13.6014705087 13.9283882772 33.1209903234 30.0166620396 31.304951685 36.1247837364 37.2155881319 51.7397332811 53.4134814443 
157 110.004545361 19.0 18.0 31.0161248385 21.0237960416 39.0128184063 25.0599281723 25.0599281723 23.0867927612 22.803508502 55.0090901579 32.7566787083 32.14031736 36.7151195014 35.4682957019 11.0 10.0498756211 16.4012194669 17.8044938148 26.9258240357 26.2488094968 48.3011387029 47.1699056603 19.2353840617 19.7230829233 32.7566787083 32.7566787083 18.0277563773 13.6014705087 14.8660687473 12.6491106407 12.0415945788 22.803508502 12.5299640861 11.7046999107 40.4969134626 40.0124980475 41.2310562562 33.2415402772 31.1448230048 54.4885309033 51.0881590978 
106 109.041276588 20.0 19.0 35.0142828 23.0 38.0131556175 26.4196896272 25.0599281723 24.0416305603 23.0867927612 60.0333240792 33.7342555869 32.3882694814 38.9486841883 36.6742416418 12.0415945788 11.0453610172 20.0 19.4164878389 25.2982212813 25.9615099715 39.8246155035 38.9486841883 19.6977156036 19.2353840617 33.2866339542 32.7566787083 18.4390889146 17.2046505341 17.7200451467 14.4222051019 16.2788205961 23.0867927612 13.9283882772 13.9283882772 28.6530975638 28.0 28.6530975638 30.8058436015 29.5465734054 52.4022900263 53.600373133 
170 109.370928496 18.1107702763 18.0277563773 30.2654919008 25.079872408 39.2045915678 24.6981780705 24.3515913238 23.5372045919 24.1660919472 51.3517283059 29.2745623366 31.0161248385 34.4818792991 36.4005494464 13.0384048104 12.3693168769 20.5182845287 20.2484567313 23.5372045919 22.8473193176 41.0487515035 41.2310562562 17.4642491966 18.6010752377 30.8058436015 32.2024843762 15.6524758425 11.401754251 16.2788205961 13.0 14.1421356237 24.1660919472 12.6491106407 12.5299640861 30.8706980809 29.0688837075 31.064449134 28.1602556807 32.3882694814 50.9116882454 51.8555686499 
225 117.038455219 20.0249843945 20.0 33.0 25.0199920064 40.0 25.5538646784 27.7848879789 24.0416305603 24.7386337537 60.0333240792 29.1547594742 30.4138126515 34.0147027034 36.3593179254 11.1803398875 14.0356688476 19.4164878389 20.5182845287 27.2029410175 25.9615099715 43.8292140016 43.8292140016 19.2353840617 20.6155281281 34.1320963318 33.8378486314 16.7630546142 13.8924439894 17.7200451467 16.6433169771 14.8660687473 24.7386337537 14.3178210633 13.9283882772 28.1780056072 28.0713376952 31.064449134 29.0688837075 37.0135110466 50.9901951359 55.3172667438 
417 125.063983624 22.0227155455 22.0907220344 33.0605505096 24.0208242989 42.0475920833 25.2388589282 24.6981780705 21.5406592285 21.0237960416 60.0333240792 30.4138126515 31.2569992162 35.3553390593 36.6742416418 12.0415945788 12.1655250606 17.691806013 17.0293863659 25.2982212813 25.079872408 41.8807831827 41.5932686862 17.4928556845 17.2046505341 34.0147027034 34.1760149813 16.7630546142 12.2065556157 17.2626765016 13.0384048104 15.6204993518 21.0237960416 10.295630141 11.401754251 32.2024843762 30.0665927567 32.4499614792 36.2215405525 38.2099463491 57.3846669416 55.9016994375 
558 120.104121495 19.0262975904 20.0249843945 32.0156211872 23.0 39.0512483795 26.6270539114 26.83281573 23.3452350599 24.3515913238 59.076221951 30.4138126515 31.2569992162 35.3553390593 35.3411940941 12.0415945788 11.0453610172 17.691806013 15.6204993518 23.5372045919 23.7065391823 42.1900462195 41.629316593 18.3847763109 21.6333076528 31.6227766017 36.235341864 15.8113883008 14.4222051019 17.4642491966 14.8660687473 18.4390889146 24.3515913238 10.7703296143 11.1803398875 31.7804971641 30.0665927567 32.7566787083 37.0135110466 36.0555127546 55.6057550978 53.7401153702 
585 119.104995697 20.0 21.0950231097 31.0 25.0 44.0113621693 26.6270539114 25.9422435421 22.5610283454 22.8473193176 58.0086200491 30.2654919008 30.0665927567 35.3553390593 34.0147027034 13.0384048104 12.0415945788 17.0293863659 16.2788205961 25.2982212813 25.495097568 45.1774279923 47.0106370942 17.0880074906 18.7882942281 30.5286750449 32.6496554346 15.8113883008 14.2126704036 16.7630546142 14.4222051019 17.691806013 22.8473193176 10.8166538264 10.8166538264 39.3954312072 37.0 38.9101529167 34.0147027034 33.0151480384 54.4518135602 55.8659108939 
626 118.0 20.0 20.0 29.0 21.0 34.0 26.6270539114 27.2029410175 22.5610283454 22.360679775 60.0 29.4278779391 29.1547594742 34.0 32.6955654485 11.0453610172 10.0498756211 15.5563491861 14.8660687473 22.803508502 23.0867927612 37.1214223865 37.1214223865 17.88854382 17.4642491966 32.2490309932 31.384709653 15.5241746963 13.8924439894 14.5602197786 13.8924439894 17.2046505341 22.360679775 10.295630141 10.295630141 33.5410196625 31.0161248385 32.2024843762 38.0131556175 34.0 51.4003891036 47.5078940809 
665 112.071405809 21.0237960416 20.0249843945 32.0 22.0227155455 37.0135110466 26.4196896272 24.1660919472 23.4093998214 23.2594066992 55.0090901579 32.7566787083 31.1448230048 38.4707681233 36.7695526217 11.1803398875 11.401754251 19.4164878389 20.2484567313 27.2029410175 26.9258240357 40.3112887415 39.8120584748 17.4928556845 17.4928556845 33.1058907145 32.2024843762 16.7630546142 12.2065556157 16.7630546142 12.2065556157 17.691806013 23.2594066992 13.6014705087 12.6491106407 30.8706980809 29.0172362571 30.0166620396 32.5576411922 31.3209195267 55.1724568965 53.4134814443 
732 120.037494142 21.0 19.0 34.0147027034 22.0 38.0131556175 24.1867732449 25.0599281723 22.8473193176 23.0867927612 58.0344725142 34.7131099154 35.3553390593 40.7062648741 39.9249295554 12.1655250606 10.1980390272 20.2484567313 20.2484567313 28.1602556807 27.2029410175 41.1825205639 41.1460812229 18.3575597507 18.7882942281 34.0 31.9061122671 18.6815416923 14.2126704036 16.4924225025 15.2643375225 14.2126704036 23.0867927612 15.2315462117 13.9283882772 35.3553390593 31.0 33.5410196625 37.0540146273 32.3882694814 55.1724568965 53.9073278878 
900 122.036879672 20.0249843945 20.0249843945 31.0161248385 24.0208242989 47.0425339454 26.6270539114 27.7848879789 23.5372045919 23.769728648 60.0749531835 27.2946881279 27.1661554144 32.2490309932 32.6496554346 12.0415945788 12.1655250606 16.9705627485 17.691806013 26.0 26.4196896272 41.400483089 41.3400532172 20.6155281281 20.6155281281 34.4093010682 33.2866339542 17.0880074906 15.2643375225 15.8113883008 15.6524758425 16.9705627485 23.769728648 10.8166538264 10.8166538264 32.6496554346 30.0665927567 34.1320963318 34.0 33.0 52.8015151298 51.7397332811 
901 119.03780912 18.0 19.0 34.0 23.0 37.0135110466 25.0599281723 26.4196896272 22.803508502 23.769728648 59.0084739677 31.1448230048 32.0156211872 35.8468966579 38.5875627631 11.1803398875 12.1655250606 17.8044938148 18.4390889146 24.0416305603 25.0 41.1460812229 40.7062648741 19.2353840617 20.1246117975 31.9061122671 33.2866339542 17.0880074906 13.0384048104 18.973665961 15.0 16.4012194669 23.769728648 12.0830459736 11.7046999107 34.0147027034 33.0 35.77708764 32.5576411922 39.1152144312 54.5618914628 56.639209034 
906 121.004132161 20.0997512422 19.0262975904 34.0147027034 25.0 46.0 25.9422435421 24.1660919472 22.4722050542 22.8473193176 56.0 28.4429253067 29.2745623366 34.4818792991 35.3553390593 12.1655250606 13.152946438 17.691806013 16.9705627485 23.2594066992 23.7065391823 40.4969134626 41.6173040934 17.88854382 17.4928556845 31.304951685 31.304951685 18.0277563773 13.4536240471 17.7200451467 12.8062484749 18.6010752377 22.8473193176 9.43398113206 10.0 29.6816441593 26.0 30.2324329157 33.7342555869 34.5253530033 55.8659108939 56.5862174032 
912 119.0 20.0249843945 19.0 34.0 23.0217288664 40.0124980475 26.0768096208 24.1867732449 21.8403296678 22.1359436212 60.0083327547 33.3766385366 32.5576411922 38.4837628098 39.3573373083 11.1803398875 12.3693168769 18.3847763109 17.2046505341 23.0867927612 24.1660919472 39.8246155035 41.6773319683 17.0 18.4390889146 31.304951685 34.0147027034 15.5241746963 13.0384048104 19.4164878389 12.2065556157 16.4012194669 22.1359436212 10.4403065089 11.401754251 30.5286750449 28.0178514522 30.0166620396 31.7804971641 34.3656805549 53.1507290637 55.1543289326 
913 112.01785572 16.0 17.0 32.0156211872 22.0227155455 37.0540146273 23.2594066992 23.7065391823 21.8403296678 21.8403296678 53.0094331228 28.4429253067 28.4429253067 32.6496554346 34.4818792991 10.0498756211 12.1655250606 16.2788205961 17.0293863659 25.2982212813 24.0416305603 39.3573373083 41.5932686862 18.0277563773 18.6010752377 30.0166620396 31.7647603485 15.8113883008 11.1803398875 17.4642491966 12.5299640861 14.8660687473 21.8403296678 9.8488578018 10.295630141 34.4383507154 32.0 34.0 32.5576411922 34.0587727319 53.1507290637 52.3259018078 
984 129.062000604 21.0237960416 22.0 33.0151480384 26.0768096208 45.0111097397 25.8069758011 26.4007575649 20.8806130178 21.8403296678 64.0078120232 30.1496268634 31.2569992162 35.77708764 35.3553390593 13.152946438 13.0 20.0 19.7989898732 25.079872408 23.769728648 41.3400532172 41.0487515035 17.4928556845 19.2353840617 33.1058907145 35.3553390593 18.4390889146 14.2126704036 15.8113883008 13.416407865 18.0277563773 21.8403296678 13.0 13.9283882772 31.9061122671 29.0 32.2490309932 34.5253530033 35.2278299076 55.1543289326 55.9732078766 
1197 125.099960032 19.0 19.1049731745 33.0151480384 23.0217288664 35.0570962859 25.9422435421 27.4590604355 24.0416305603 25.3179778023 60.0083327547 30.2654919008 30.5941170816 36.6742416418 36.235341864 12.3693168769 11.1803398875 17.0293863659 16.9705627485 24.0416305603 24.5153013443 41.629316593 40.249223595 20.8086520467 21.0237960416 35.3553390593 35.0 17.4642491966 13.9283882772 16.7630546142 15.6524758425 19.1049731745 25.3179778023 10.295630141 9.8488578018 31.9061122671 29.0 31.384709653 40.1995024845 37.2155881319 56.5685424949 54.4518135602 
1214 112.01785572 20.0249843945 19.0262975904 28.0178514522 24.0 37.0 26.6270539114 25.8069758011 21.5870331449 20.3960780544 58.0 29.0172362571 30.1496268634 33.6154726279 35.3411940941 12.1655250606 12.1655250606 15.6204993518 18.4390889146 23.4093998214 22.5610283454 41.1460812229 41.5932686862 16.7630546142 17.4642491966 29.1547594742 30.0166620396 14.3178210633 12.8062484749 15.8113883008 13.6014705087 14.8660687473 20.3960780544 10.8166538264 9.48683298051 32.6496554346 31.0 33.5410196625 31.4006369362 34.0147027034 52.4976189936 53.0377224247 
1228 118.0 20.0249843945 19.1049731745 33.0151480384 22.0227155455 42.0119030752 25.2388589282 26.0768096208 20.8806130178 20.6155281281 61.0 32.7566787083 30.2654919008 36.7151195014 34.4383507154 11.0 11.0453610172 17.691806013 17.2046505341 24.1867732449 22.4722050542 39.9624824054 40.8166632639 17.88854382 18.0277563773 31.7647603485 29.1547594742 18.2482875909 16.4012194669 15.5241746963 15.8113883008 18.4390889146 20.6155281281 13.0 13.416407865 35.3553390593 32.0624390838 32.6955654485 36.3455636908 28.8617393793 56.639209034 52.4976189936 
1254 117.106788872 21.0237960416 21.0 29.0688837075 21.0237960416 41.0121933088 28.1780056072 29.1547594742 25.2982212813 25.7099202644 57.0350769264 31.1448230048 30.4138126515 35.8468966579 34.4383507154 11.1803398875 10.0498756211 16.6433169771 17.691806013 27.3130005675 26.5706605112 41.6773319683 40.3112887415 18.3847763109 19.6468827044 32.2490309932 32.2024843762 16.7630546142 15.0 14.7648230602 14.4222051019 18.3575597507 25.7099202644 12.2065556157 10.7703296143 30.0166620396 29.0172362571 31.9061122671 32.5729949498 34.9284983931 56.0802995712 55.9016994375 
1255 114.738833879 20.2237484162 19.2353840617 30.2654919008 22.2036033112 44.1814440687 27.2946881279 27.0185121722 22.1359436212 24.0831891576 60.4069532422 27.0185121722 26.9258240357 31.384709653 30.8058436015 11.1803398875 11.0453610172 15.8113883008 16.4012194669 26.9258240357 25.2982212813 43.382023927 43.0116263352 17.4642491966 18.4390889146 29.9666481275 31.1448230048 16.2788205961 15.8113883008 15.6524758425 14.8660687473 16.2788205961 24.0831891576 10.8166538264 10.7703296143 33.6154726279 32.0624390838 34.5398320783 30.0166620396 31.4006369362 50.2493781056 50.8035431835 
1262 125.0 21.0237960416 22.0 32.0 24.0 43.0116263352 27.7848879789 29.1547594742 24.0416305603 25.9615099715 61.0081961707 30.2654919008 30.2654919008 35.77708764 35.77708764 12.1655250606 12.1655250606 17.0293863659 18.3847763109 22.360679775 22.8473193176 43.0464865001 41.6773319683 18.3847763109 18.7882942281 32.2490309932 34.4818792991 16.7630546142 15.0 16.7630546142 14.4222051019 16.2788205961 25.9615099715 11.6619037897 11.1803398875 34.4383507154 32.0156211872 35.3553390593 33.2415402772 37.1214223865 55.8659108939 56.639209034 
1271 115.06954419 19.0262975904 18.0 30.0665927567 22.0227155455 43.0116263352 25.2388589282 25.8069758011 20.6155281281 21.2132034356 59.0338885726 29.1547594742 28.4429253067 34.0147027034 33.1209903234 11.1803398875 11.0453610172 17.0293863659 16.2788205961 22.825424421 22.360679775 42.9418211072 43.5660418216 18.3847763109 18.973665961 30.5286750449 30.0 15.5241746963 15.2643375225 16.1554944214 15.0 15.6204993518 21.2132034356 11.1803398875 11.1803398875 34.4818792991 33.0151480384 34.0147027034 33.3766385366 31.064449134 54.4885309033 53.7587202229 
1288 117.273185341 19.1049731745 18.0277563773 31.0161248385 24.0208242989 43.1856457634 25.8069758011 25.495097568 23.3452350599 23.0867927612 57.0788927713 29.6141857899 29.0172362571 35.5105618091 33.2415402772 13.0384048104 11.1803398875 18.3847763109 17.8044938148 26.2488094968 24.5967477525 43.2666153056 44.283179651 18.3847763109 18.3575597507 32.2024843762 30.886890423 17.0880074906 14.2126704036 15.8113883008 12.5299640861 17.0293863659 23.0867927612 12.0830459736 11.6619037897 36.2491379208 33.0151480384 34.885527085 35.0 31.064449134 56.0802995712 53.1507290637 
1297 122.065556157 20.0997512422 20.0 32.0156211872 23.0217288664 42.0475920833 26.4007575649 25.2388589282 23.3452350599 21.8403296678 62.0080639917 30.5941170816 30.1496268634 36.7151195014 35.8468966579 12.1655250606 11.401754251 17.691806013 17.8044938148 26.9258240357 25.632011236 42.7200187266 42.4852915725 18.973665961 18.7882942281 32.8024389337 32.7566787083 16.7630546142 16.4012194669 16.4924225025 15.2643375225 15.0 21.8403296678 11.6619037897 11.1803398875 33.1209903234 31.0161248385 32.7566787083 34.0147027034 32.2490309932 53.1507290637 52.4022900263 
1310 118.342722632 20.0249843945 20.2237484162 29.0688837075 22.0227155455 39.1152144312 24.2074368738 26.83281573 20.6155281281 22.4722050542 56.4358042381 29.6141857899 30.0166620396 34.4818792991 34.1760149813 11.0453610172 11.1803398875 16.2788205961 17.0293863659 25.0 24.1660919472 40.2243707222 39.3954312072 17.4642491966 18.3575597507 31.9061122671 31.7804971641 14.8660687473 13.0384048104 15.2970585408 14.3178210633 15.0 22.4722050542 10.7703296143 10.295630141 31.7804971641 29.1547594742 32.4499614792 34.0587727319 35.5105618091 53.9073278878 53.8144961883 
1317 122.065556157 20.0997512422 20.0249843945 31.0 22.0227155455 41.0121933088 26.4196896272 25.8069758011 22.1359436212 22.5610283454 59.0338885726 30.2654919008 31.4006369362 35.3411940941 35.77708764 11.1803398875 11.0453610172 16.4012194669 16.9705627485 23.7065391823 22.4722050542 43.382023927 43.9089968002 18.3847763109 18.0277563773 30.886890423 31.6227766017 16.4924225025 15.8113883008 15.5241746963 15.8113883008 17.0293863659 22.5610283454 12.2065556157 10.7703296143 34.1320963318 31.0161248385 33.1209903234 35.5105618091 36.0555127546 56.7274184147 55.9016994375 
1397 118.422970745 17.1172427686 17.0293863659 32.0624390838 22.0227155455 36.0555127546 24.1660919472 26.0768096208 21.1896201004 23.1948270095 56.0357029045 32.0624390838 32.0156211872 37.3363094052 38.0788655293 11.401754251 11.1803398875 20.591260282 20.8086520467 24.3515913238 24.7386337537 40.162171256 42.7200187266 16.6433169771 17.0880074906 28.6356421266 28.6006992922 16.4924225025 12.2065556157 17.0880074906 14.1421356237 15.6204993518 23.1948270095 15.2315462117 14.5602197786 34.6698716467 33.2415402772 34.1760149813 36.4005494464 35.0570962859 55.0 55.9732078766 
1401 114.629839047 19.1049731745 18.1107702763 30.2654919008 21.0950231097 42.2965719651 24.1660919472 22.2036033112 21.9317121995 20.6155281281 53.600373133 29.2745623366 27.4590604355 34.4383507154 30.886890423 11.1803398875 10.0 16.4012194669 15.5563491861 22.2036033112 22.4722050542 43.382023927 41.0487515035 17.4928556845 17.0880074906 30.8706980809 30.0 17.1172427686 15.2643375225 14.3178210633 12.2065556157 17.8044938148 20.6155281281 11.1803398875 11.401754251 31.6227766017 29.1547594742 30.083217913 35.2278299076 28.0713376952 55.8659108939 50.931326313 
1437 119.016805536 19.0262975904 19.0262975904 30.0166620396 24.0 40.0124980475 26.9258240357 25.5538646784 22.5610283454 21.8403296678 57.0350769264 29.1547594742 28.1602556807 34.4383507154 33.5410196625 12.1655250606 12.1655250606 16.2788205961 16.2788205961 22.8473193176 23.0867927612 41.6773319683 39.8246155035 19.2353840617 19.2353840617 32.2490309932 32.2490309932 15.8113883008 13.416407865 16.1554944214 12.5299640861 15.2643375225 21.8403296678 9.43398113206 8.94427191 34.0147027034 32.0156211872 33.5410196625 34.1320963318 33.0151480384 51.2249938995 49.6789693935 
1447 122.494897853 22.0227155455 20.0997512422 35.1283361405 24.0831891576 40.1123422403 26.4007575649 25.8069758011 25.495097568 23.5372045919 61.2943716829 32.2490309932 31.7804971641 38.4837628098 37.2155881319 12.3693168769 12.0415945788 17.0293863659 17.0293863659 25.079872408 24.7386337537 38.0131556175 38.6005181312 17.8044938148 17.4928556845 35.4682957019 33.6154726279 18.1107702763 13.8924439894 17.7200451467 12.8062484749 17.8044938148 23.5372045919 10.0 10.295630141 33.8378486314 30.1496268634 32.6955654485 39.6232255123 33.0605505096 55.8659108939 51.8555686499 
1452 118.067777145 19.0262975904 19.0 31.0161248385 22.0227155455 38.0525951809 27.7848879789 26.6270539114 23.5372045919 22.360679775 60.0749531835 29.1547594742 29.6141857899 34.0147027034 34.4818792991 11.1803398875 11.0453610172 17.8044938148 17.0293863659 22.8473193176 23.0867927612 40.249223595 39.4461658466 18.0277563773 17.7200451467 29.6816441593 29.4108823397 16.4924225025 16.4012194669 15.8113883008 15.6204993518 17.0293863659 22.360679775 12.5299640861 11.7046999107 33.1209903234 31.0161248385 33.5410196625 34.0587727319 34.0587727319 51.6236379966 51.6623654124 
1456 120.0 19.0262975904 20.0249843945 31.0 22.0 42.0 27.2946881279 28.6530975638 23.769728648 24.7386337537 58.0086200491 28.2842712475 28.4429253067 33.5410196625 34.0 11.1803398875 11.1803398875 18.6010752377 18.6010752377 24.6981780705 25.495097568 41.6773319683 41.6773319683 21.0237960416 21.0237960416 33.2866339542 34.1320963318 15.6524758425 13.0 18.3847763109 14.4222051019 16.2788205961 24.7386337537 13.0 13.0 34.9284983931 34.0147027034 36.235341864 32.0156211872 34.0 51.6623654124 51.7397332811 
1467 118.038129433 20.0 20.0 32.0 23.0 40.0 25.5538646784 26.6270539114 23.0867927612 22.5610283454 60.0 29.4278779391 29.2745623366 34.4818792991 33.5410196625 12.0415945788 11.0453610172 15.6204993518 17.691806013 26.9258240357 25.9615099715 43.382023927 44.2944691807 19.7230829233 19.6977156036 34.4818792991 33.2866339542 17.7200451467 13.8924439894 15.8113883008 14.7648230602 16.4012194669 22.5610283454 12.2065556157 10.4403065089 33.6154726279 31.0161248385 33.5410196625 33.9558536927 33.2415402772 57.6281181369 56.639209034 
1483 115.0 20.0 21.0 30.0166620396 21.0237960416 38.0131556175 27.4590604355 27.4590604355 23.5372045919 23.769728648 60.0083327547 30.4138126515 30.2654919008 34.0 34.0147027034 11.0 10.0498756211 16.2788205961 16.4012194669 26.2488094968 26.5706605112 41.1460812229 42.9418211072 19.6468827044 20.8806130178 31.4006369362 33.6005952328 16.1554944214 16.4012194669 15.8113883008 17.4928556845 16.2788205961 23.769728648 12.0830459736 11.1803398875 33.2866339542 30.0665927567 31.304951685 36.1247837364 32.0156211872 53.7401153702 51.6236379966 
1498 121.066097649 20.0 20.0249843945 32.0156211872 24.0208242989 45.0998891351 23.0217288664 23.7065391823 20.2484567313 21.9317121995 56.0802995712 30.4138126515 30.1496268634 36.235341864 36.2491379208 12.1655250606 12.3693168769 19.1049731745 18.6010752377 24.3515913238 24.6981780705 43.2666153056 44.2944691807 17.0 18.8679622641 31.7647603485 33.5410196625 16.1554944214 11.401754251 17.7200451467 13.0384048104 16.2788205961 21.9317121995 12.0830459736 12.2065556157 32.6496554346 31.064449134 33.2866339542 32.14031736 31.064449134 53.7587202229 52.3450093132 
1499 118.0 20.0249843945 22.0227155455 31.0 26.0 42.0 28.6006992922 25.0 22.2036033112 22.1359436212 63.0713881249 31.0161248385 31.5753068077 35.1140997322 38.0788655293 13.152946438 13.152946438 20.5182845287 19.2093727123 22.1359436212 22.8473193176 40.8166632639 40.8166632639 17.2626765016 18.8679622641 28.0178514522 36.235341864 12.3693168769 16.6433169771 19.2353840617 15.8113883008 13.6014705087 22.1359436212 12.6491106407 13.0 32.2024843762 31.0161248385 34.4818792991 26.0768096208 40.1123422403 47.4236228055 54.6443043693 
1519 122.016392341 20.0997512422 21.0 34.0 24.0208242989 41.0 26.9258240357 25.2388589282 21.8403296678 22.1359436212 62.0322496771 32.2490309932 33.5410196625 36.6742416418 37.5898922584 12.0415945788 12.0 17.691806013 15.5563491861 25.0 25.079872408 41.6773319683 41.1825205639 19.3132079158 19.4164878389 31.384709653 35.77708764 15.5241746963 16.1245154966 19.4164878389 14.4222051019 16.2788205961 22.1359436212 11.1803398875 10.8166538264 33.1058907145 32.0156211872 35.8468966579 32.5576411922 36.1247837364 55.1724568965 54.4518135602 
1562 120.016665509 19.0262975904 19.0262975904 32.0156211872 23.0 41.0 26.0768096208 25.5538646784 23.5372045919 23.769728648 59.0084739677 29.1547594742 28.6356421266 34.0147027034 34.9857113691 11.1803398875 12.1655250606 17.0293863659 17.691806013 22.8473193176 22.8473193176 42.9418211072 43.4165866922 18.3847763109 20.591260282 31.6227766017 34.6698716467 15.8113883008 14.4222051019 18.0277563773 13.8924439894 16.2788205961 23.769728648 11.6619037897 10.8166538264 31.384709653 29.0 32.2490309932 31.4006369362 36.0138862107 53.9073278878 55.9016994375 
1588 123.016259088 20.0997512422 20.0249843945 33.0 26.0 42.0119030752 22.0227155455 24.6981780705 19.9248588452 21.1896201004 60.1331855135 30.0665927567 30.4138126515 35.3411940941 36.7151195014 13.152946438 13.152946438 18.3847763109 18.3847763109 24.3515913238 23.4093998214 42.5440947724 43.4165866922 15.8113883008 17.8044938148 32.6496554346 33.6154726279 17.4642491966 12.0415945788 16.4924225025 11.1803398875 16.1245154966 21.1896201004 11.1803398875 11.6619037897 34.885527085 32.0 34.4383507154 36.0555127546 34.0147027034 55.9016994375 55.1724568965 
1589 123.016259088 20.0249843945 20.0 31.0161248385 22.0227155455 38.0525951809 26.0768096208 26.6270539114 21.8403296678 22.5610283454 60.0083327547 28.2842712475 28.4429253067 34.4383507154 34.0 11.401754251 11.1803398875 16.6433169771 18.3847763109 24.5967477525 23.5372045919 42.0475920833 41.1825205639 18.7882942281 19.3132079158 32.2490309932 32.4499614792 16.4924225025 15.2643375225 15.8113883008 15.2643375225 16.2788205961 22.5610283454 12.0415945788 10.4403065089 33.1209903234 32.0156211872 33.5410196625 34.3656805549 38.3275357935 54.4885309033 57.3149195236 
1603 117.038455219 20.0249843945 19.1049731745 28.0 23.0217288664 44.0454310911 25.2388589282 25.9422435421 20.8806130178 22.1359436212 54.0370243444 29.0688837075 28.1602556807 32.6955654485 33.5410196625 11.0453610172 12.1655250606 15.5563491861 16.9705627485 23.2594066992 22.825424421 41.6173040934 41.1825205639 16.1554944214 17.88854382 29.5296461205 30.4138126515 13.6014705087 13.0384048104 15.5241746963 13.8924439894 15.5563491861 22.1359436212 10.295630141 10.8166538264 34.0147027034 32.0624390838 34.9857113691 31.1448230048 35.1283361405 53.0754180389 53.7587202229 
1617 118.016947935 21.0 21.0237960416 28.0178514522 22.0227155455 38.0525951809 24.2074368738 23.8537208838 19.9248588452 20.6155281281 56.0357029045 32.2490309932 32.0624390838 37.1618083521 37.3363094052 11.1803398875 11.401754251 18.6010752377 19.4164878389 27.2029410175 26.2488094968 39.9624824054 39.8120584748 15.8113883008 15.2643375225 30.0166620396 31.384709653 14.5602197786 14.2126704036 14.3178210633 11.6619037897 15.6204993518 20.6155281281 13.0 12.0830459736 30.886890423 28.0178514522 31.064449134 34.205262753 35.1710107901 56.639209034 55.4436651025 
1629 118.004237212 19.0 20.0997512422 28.0 26.0192236625 40.0124980475 26.9258240357 28.8444102037 23.5372045919 22.360679775 58.0086200491 31.0161248385 30.0166620396 36.7695526217 36.7695526217 13.3416640641 13.6014705087 20.0 22.0227155455 21.9317121995 22.5610283454 42.5440947724 40.7062648741 18.0277563773 18.973665961 30.2324329157 30.5286750449 14.5602197786 15.2643375225 14.5602197786 16.1245154966 18.4390889146 22.360679775 13.416407865 12.3693168769 32.2024843762 31.0161248385 32.6496554346 32.2490309932 32.14031736 54.4518135602 52.3259018078 
1654 106.004716876 18.1107702763 18.0277563773 27.0185121722 18.0277563773 24.1867732449 24.5967477525 23.3238075794 21.1896201004 21.8403296678 50.0899191455 39.2045915678 39.3192065027 42.0594816896 41.4366987102 9.05538513814 9.0 21.5406592285 21.4709105536 29.4278779391 31.0161248385 31.0483493925 31.384709653 17.88854382 18.3847763109 29.5296461205 30.8058436015 14.1421356237 15.2315462117 13.3416640641 15.2315462117 13.4536240471 21.8403296678 17.4642491966 18.1107702763 34.1320963318 33.2415402772 34.7850542619 41.5932686862 36.3593179254 54.6443043693 56.0357029045 
1657 122.004098292 18.0 18.0 32.0156211872 21.0237960416 36.0 24.1867732449 25.5538646784 21.8403296678 22.5610283454 57.0350769264 29.4278779391 29.6141857899 34.4383507154 36.235341864 10.1980390272 11.401754251 17.2046505341 18.6010752377 24.0416305603 25.2982212813 38.9101529167 39.8246155035 19.2353840617 19.7230829233 31.9061122671 32.7566787083 15.8113883008 13.416407865 17.4642491966 14.7648230602 15.6204993518 22.5610283454 11.1803398875 11.1803398875 31.384709653 29.0 31.384709653 36.6742416418 36.6742416418 54.4885309033 55.8659108939 
1666 116.004310265 18.1107702763 17.1172427686 28.0 22.0 38.0 23.7065391823 24.5967477525 20.2484567313 20.8806130178 50.0099990002 32.14031736 32.14031736 36.7695526217 36.7695526217 11.1803398875 11.1803398875 17.0293863659 17.0293863659 22.4722050542 22.4722050542 41.6773319683 39.8120584748 17.4928556845 17.0 29.9666481275 28.1780056072 14.3178210633 13.0 14.3178210633 13.416407865 15.5563491861 20.8806130178 11.1803398875 11.1803398875 31.304951685 30.0665927567 31.9061122671 35.5105618091 36.8781778292 56.5685424949 55.9016994375 
