Leaf
199 118.016947935 20.0249843945 20.0 32.0 24.0 36.0138862107 29.1547594742 26.83281573 24.5153013443 25.2982212813 59.0084739677 23.1948270095 23.5372045919 29.1547594742 30.2324329157 12.1655250606 12.1655250606 16.9705627485 16.9705627485 26.3058928759 28.1602556807 40.249223595 39.3573373083 21.8403296678 21.9317121995 32.8024389337 35.2278299076 17.0 15.8113883008 18.7882942281 14.4222051019 14.8660687473 25.2982212813 9.8488578018 10.295630141 31.7804971641 31.0161248385 33.1058907145 32.0 37.0540146273 49.5176736126 52.8015151298 
178 114.01754251 20.0997512422 20.0 29.0 21.0 39.0512483795 25.5538646784 25.5538646784 21.1896201004 23.0867927612 55.0 27.4590604355 27.1661554144 31.384709653 29.9666481275 11.0 10.0 15.5563491861 14.8660687473 21.9317121995 23.769728648 40.7062648741 39.4461658466 17.0 18.3575597507 30.8706980809 33.1209903234 15.8113883008 12.2065556157 14.8660687473 12.0830459736 15.6204993518 23.0867927612 10.7703296143 11.1803398875 33.1209903234 31.0161248385 32.6955654485 36.2215405525 29.0 50.0 48.1040538832 
244 117.426572802 19.1049731745 19.1049731745 33.0151480384 25.079872408 45.2769256907 28.6356421266 27.4590604355 25.0 25.3179778023 60.1331855135 29.1547594742 30.4138126515 33.5410196625 34.1320963318 12.0415945788 13.0384048104 15.5563491861 16.6433169771 25.0599281723 26.2488094968 45.2769256907 40.4969134626 20.591260282 21.0237960416 33.1209903234 35.0 18.4390889146 16.1245154966 15.8113883008 15.2315462117 17.0293863659 25.3179778023 10.6301458127 10.7703296143 33.5410196625 33.0151480384 36.235341864 33.1360830516 34.0 55.8659108939 51.8555686499 
264 112.160599142 19.0262975904 19.0262975904 30.0166620396 22.0227155455 35.1283361405 30.0166620396 29.6816441593 25.3179778023 26.1725046566 61.0327780787 31.1448230048 31.4006369362 35.8468966579 35.77708764 11.1803398875 11.0453610172 15.5563491861 14.8660687473 22.1359436212 23.769728648 40.718546143 38.4707681233 22.360679775 24.5153013443 31.1448230048 34.6554469023 15.8113883008 20.2484567313 16.1554944214 20.591260282 17.8044938148 26.1725046566 8.60232526704 9.43398113206 32.6496554346 31.0 34.885527085 34.1320963318 34.0 52.3450093132 49.5176736126 
418 110.163514831 19.0 19.1049731745 32.0624390838 21.0 39.0128184063 26.4196896272 28.231188427 23.769728648 25.2982212813 56.2227711875 29.6141857899 31.4006369362 34.0 35.77708764 10.0498756211 11.0453610172 17.0293863659 16.4012194669 26.2488094968 26.0 41.3400532172 39.8120584748 20.2484567313 21.4709105536 32.2024843762 33.6154726279 16.5529453572 14.4222051019 17.7200451467 15.6524758425 15.6204993518 25.2982212813 11.1803398875 11.6619037897 29.5465734054 29.0688837075 31.9061122671 28.0178514522 33.1360830516 49.5176736126 50.931326313 
1326 106.117859006 17.0 17.2626765016 29.0172362571 21.0237960416 35.0570962859 26.4196896272 26.4007575649 23.3452350599 21.8403296678 53.0377224247 29.4278779391 29.1547594742 33.5410196625 34.0147027034 10.0498756211 11.1803398875 14.8660687473 14.8660687473 21.8403296678 21.5406592285 39.8246155035 40.3112887415 20.8806130178 21.5406592285 30.4795013083 30.2324329157 14.8660687473 17.0 15.5241746963 17.4642491966 14.2126704036 21.8403296678 8.94427191 8.60232526704 33.1058907145 31.0161248385 32.2490309932 29.4278779391 31.5753068077 51.0881590978 51.2249938995 
1455 123.004064973 20.0249843945 20.0249843945 29.0 21.0237960416 39.0128184063 26.9258240357 27.4590604355 22.803508502 22.5610283454 58.0 27.2946881279 28.2842712475 31.7647603485 31.304951685 11.0453610172 10.0 17.0293863659 15.6204993518 24.3515913238 23.2594066992 42.5440947724 42.0475920833 18.973665961 19.9248588452 31.064449134 31.6227766017 16.1554944214 15.0 15.2315462117 15.2643375225 17.0293863659 22.5610283454 11.7046999107 12.0830459736 37.6961536499 36.0555127546 37.5765884561 35.3553390593 34.5253530033 50.6063237155 48.4148737476 
1472 114.0 20.0 21.0237960416 26.0 21.0 40.0124980475 30.5286750449 31.064449134 26.3058928759 25.3179778023 59.0 26.0192236625 26.3058928759 29.1547594742 30.886890423 10.0498756211 11.0453610172 14.8660687473 14.1421356237 23.4093998214 23.7065391823 40.8166632639 40.7062648741 23.3452350599 23.5372045919 33.2415402772 34.0587727319 13.8924439894 17.88854382 15.6524758425 18.3575597507 17.0293863659 25.3179778023 8.94427191 9.21954445729 33.1058907145 31.0161248385 34.0 30.2654919008 34.5253530033 46.8614980554 47.8016736109 
1576 115.0 19.0262975904 20.0 33.0 22.0 40.0124980475 28.0178514522 28.3019433962 24.1867732449 24.5153013443 64.0078120232 28.4429253067 28.6356421266 33.1209903234 33.6154726279 11.0453610172 11.0453610172 16.2788205961 16.2788205961 24.3515913238 26.0 40.8166632639 38.9486841883 20.6155281281 22.1359436212 31.8904374382 34.205262753 17.0880074906 17.8044938148 18.0277563773 18.0277563773 15.5563491861 24.5153013443 11.6619037897 11.1803398875 31.7647603485 29.0688837075 33.8378486314 32.0156211872 36.0138862107 50.2095608425 50.9901951359 
1584 125.143917151 20.0249843945 19.1049731745 34.0587727319 25.0 38.0131556175 29.5465734054 28.3019433962 27.2029410175 26.3058928759 61.2045749924 27.1661554144 25.7099202644 32.2490309932 31.6227766017 13.0384048104 12.0415945788 16.9705627485 17.691806013 25.2982212813 25.495097568 41.1460812229 41.1825205639 21.4709105536 21.1896201004 34.9857113691 34.0587727319 17.7200451467 15.6524758425 18.3847763109 16.4012194669 19.2093727123 26.3058928759 10.8166538264 11.1803398875 35.3553390593 33.0151480384 34.9284983931 38.0131556175 36.0555127546 53.8144961883 52.6307894678 
1640 115.004347744 18.0277563773 18.0277563773 29.0172362571 22.0 36.0138862107 26.9258240357 27.2946881279 22.360679775 23.5372045919 56.0357029045 26.0768096208 27.4590604355 29.9666481275 32.2490309932 11.0453610172 11.0453610172 17.8044938148 17.8044938148 21.8403296678 21.5406592285 40.249223595 41.1460812229 18.973665961 20.2484567313 29.4108823397 30.8058436015 13.9283882772 14.7648230602 16.4924225025 17.4928556845 16.2788205961 23.5372045919 12.6491106407 12.6491106407 35.3411940941 34.0147027034 35.77708764 34.0587727319 38.0 50.9116882454 53.9073278878 
1670 119.104995697 20.0249843945 19.1049731745 31.0161248385 25.0199920064 46.0434577329 27.7848879789 27.2029410175 23.769728648 24.1867732449 61.0737259384 28.1602556807 28.1602556807 34.0 32.6496554346 13.152946438 12.0415945788 17.691806013 17.691806013 23.3238075794 22.8473193176 47.0106370942 45.2769256907 19.3132079158 18.973665961 31.9061122671 32.0156211872 18.0277563773 15.6204993518 15.6524758425 13.6014705087 16.9705627485 24.1867732449 12.2065556157 11.1803398875 36.235341864 34.0 37.1214223865 33.0605505096 33.2415402772 53.7587202229 51.7397332811 
1676 118.038129433 20.0997512422 21.0950231097 33.0 20.0 41.0 27.7308492477 28.1780056072 24.3515913238 24.3515913238 58.0 28.4429253067 29.1204395571 33.5410196625 34.9857113691 10.1980390272 10.1980390272 14.2126704036 15.5563491861 22.360679775 22.825424421 39.3573373083 41.8807831827 20.2484567313 19.3132079158 31.9061122671 32.2490309932 15.5241746963 17.0 18.4390889146 17.8044938148 18.3575597507 24.3515913238 10.0 8.94427191 30.886890423 29.0172362571 32.6496554346 31.7804971641 35.0142828 53.1507290637 55.3172667438 
