Leaf
598 125.015998976 22.0227155455 21.0 31.0161248385 23.0217288664 39.0128184063 27.7848879789 28.0178514522 24.3515913238 23.5372045919 61.0327780787 33.1360830516 33.3766385366 37.1618083521 36.6742416418 12.0415945788 11.0 17.0293863659 16.9705627485 24.6981780705 24.0416305603 40.7062648741 40.3112887415 20.2484567313 20.8806130178 34.1320963318 33.6005952328 16.4924225025 17.4928556845 15.8113883008 17.4928556845 16.4012194669 23.5372045919 11.6619037897 11.7046999107 30.886890423 29.0 30.886890423 36.0555127546 37.0540146273 53.8144961883 54.6717477313 
151 111.072048689 20.0249843945 20.0997512422 32.0624390838 24.0208242989 41.1096095822 26.9258240357 25.9422435421 22.803508502 22.4722050542 58.0344725142 34.5253530033 35.0570962859 39.3573373083 39.5600808897 12.0415945788 12.1655250606 17.691806013 18.4390889146 24.7386337537 24.5967477525 40.8044115262 39.8120584748 18.0277563773 18.3575597507 30.5286750449 32.2024843762 16.7630546142 15.6204993518 16.2788205961 14.7648230602 17.0293863659 22.4722050542 11.6619037897 12.2065556157 27.7308492477 26.3058928759 30.4795013083 30.6757233004 33.8378486314 55.9732078766 55.0 
227 112.445542375 21.0 21.0950231097 32.14031736 22.0227155455 43.0464865001 23.8537208838 25.495097568 21.5406592285 23.2594066992 56.3205113613 34.9284983931 36.0555127546 39.4461658466 38.8973006776 12.0 10.0498756211 15.6204993518 14.8660687473 22.8473193176 23.3238075794 41.8807831827 42.0594816896 19.6977156036 19.7230829233 34.1320963318 34.4383507154 18.0277563773 15.0 15.2970585408 14.8660687473 12.7279220614 23.2594066992 10.295630141 10.0 30.8706980809 29.0688837075 30.5286750449 31.0161248385 31.3209195267 52.4022900263 56.0802995712 
230 115.108644332 22.0 22.0907220344 30.0665927567 23.0217288664 42.0475920833 27.2029410175 27.2946881279 22.803508502 23.769728648 59.1354377679 33.3766385366 34.0587727319 38.4837628098 39.5600808897 11.1803398875 12.3693168769 17.691806013 17.8044938148 24.3515913238 24.5967477525 41.8807831827 41.5932686862 17.7200451467 18.7882942281 31.9061122671 33.5410196625 15.8113883008 15.6204993518 15.2970585408 15.6524758425 17.691806013 23.769728648 10.295630141 11.401754251 31.304951685 29.0688837075 32.4499614792 31.2569992162 33.5410196625 53.7401153702 54.5618914628 
271 113.745329574 20.2237484162 19.1049731745 33.2415402772 23.1948270095 41.4366987102 26.9258240357 27.4590604355 24.1660919472 25.3179778023 58.3095189485 33.0605505096 32.9848450049 38.6264158317 37.2155881319 12.3693168769 11.0 17.2046505341 17.0293863659 24.1867732449 24.7386337537 42.5440947724 40.8044115262 21.4709105536 21.8403296678 34.0 33.9705755029 17.2626765016 17.4642491966 17.4642491966 17.2046505341 18.0277563773 25.3179778023 11.401754251 11.7046999107 31.4006369362 29.1547594742 31.7804971641 34.4818792991 30.5941170816 56.4003546088 54.4518135602 
313 108.226614102 19.1049731745 18.0277563773 30.0665927567 20.2237484162 36.2215405525 25.079872408 24.6981780705 22.8473193176 22.5610283454 53.1507290637 34.1320963318 35.6931365951 39.2173431023 38.9101529167 10.4403065089 10.0 17.4928556845 16.2788205961 25.079872408 24.7386337537 41.4366987102 41.3400532172 17.2046505341 17.88854382 31.384709653 31.064449134 16.1245154966 13.416407865 14.5602197786 13.416407865 16.4012194669 22.5610283454 10.8166538264 11.7046999107 31.6227766017 29.1547594742 29.9666481275 33.8378486314 30.6757233004 56.302753041 55.4436651025 
334 117.004273426 21.0237960416 20.0997512422 33.0 21.0 39.0 25.8069758011 26.0768096208 20.8806130178 20.8806130178 62.0080639917 32.7566787083 32.3882694814 38.4707681233 37.1618083521 11.1803398875 10.1980390272 16.2788205961 15.6204993518 19.2353840617 19.2353840617 39.9624824054 38.4707681233 18.7882942281 20.1246117975 33.1209903234 33.1209903234 17.7200451467 15.0 16.7630546142 14.7648230602 15.0 20.8806130178 10.295630141 10.295630141 28.1780056072 27.0185121722 28.3019433962 32.5576411922 32.7566787083 54.4518135602 52.3450093132 
341 117.004273426 21.0950231097 19.0 32.0624390838 24.0208242989 41.0 27.2946881279 27.4590604355 23.4093998214 23.3452350599 60.0749531835 34.2344855372 33.2415402772 39.8120584748 37.1618083521 13.152946438 11.0453610172 16.9705627485 16.2788205961 24.1660919472 22.1359436212 38.275318418 37.7359245282 20.591260282 19.6468827044 34.885527085 30.61045573 18.4390889146 16.1245154966 15.2315462117 15.8113883008 16.9705627485 23.3452350599 10.0 9.8488578018 28.8444102037 26.0192236625 27.7848879789 35.5105618091 29.4108823397 54.5618914628 51.0881590978 
356 111.287914887 20.2237484162 19.0 32.0624390838 23.0217288664 39.0512483795 28.1780056072 28.3019433962 23.0867927612 24.3310501212 60.0749531835 35.1283361405 34.5253530033 40.4969134626 40.249223595 11.401754251 12.1655250606 17.8044938148 17.691806013 22.8473193176 23.0867927612 40.718546143 41.3400532172 19.3132079158 18.4390889146 30.886890423 29.206163733 16.4924225025 16.6433169771 17.0880074906 16.9705627485 15.6204993518 24.3310501212 10.8166538264 9.8488578018 28.8444102037 27.0739727414 28.1780056072 32.5729949498 29.6141857899 55.6057550978 53.0754180389 
380 116.017240098 19.1049731745 20.0997512422 33.0 25.0199920064 44.0 24.1867732449 25.9422435421 20.2484567313 22.4722050542 57.0350769264 33.2415402772 34.2344855372 39.8120584748 39.3954312072 13.3416640641 12.1655250606 18.3847763109 16.9705627485 21.5406592285 21.9544984001 42.7200187266 41.6773319683 17.0 19.7230829233 29.9666481275 33.5410196625 16.4924225025 13.6014705087 17.4642491966 14.7648230602 17.8044938148 22.4722050542 10.8166538264 10.8166538264 28.6530975638 28.0713376952 31.064449134 31.3209195267 34.7131099154 55.9732078766 57.2800139665 
435 113.004424692 19.0262975904 18.0277563773 31.0161248385 23.0 42.0119030752 25.0599281723 26.83281573 22.1359436212 23.769728648 55.0090901579 30.2654919008 29.2745623366 35.3411940941 34.885527085 11.1803398875 12.1655250606 17.8044938148 18.4390889146 23.2594066992 23.769728648 40.4969134626 38.5875627631 16.5529453572 18.3847763109 29.5296461205 29.6816441593 15.5241746963 13.6014705087 16.7630546142 15.0 18.6010752377 23.769728648 11.1803398875 11.6619037897 29.9666481275 28.0713376952 31.384709653 30.5941170816 30.5941170816 53.7587202229 52.3450093132 
443 112.01785572 20.0 19.0262975904 32.0156211872 24.0 40.0 27.4590604355 27.7848879789 23.5372045919 23.5372045919 61.0327780787 34.2344855372 35.2278299076 39.3954312072 40.3112887415 12.1655250606 12.1655250606 18.4390889146 18.4390889146 22.4722050542 22.4722050542 42.5440947724 41.5932686862 19.6468827044 18.973665961 31.4006369362 30.2324329157 15.5241746963 18.0277563773 17.2626765016 18.6010752377 15.5563491861 23.5372045919 11.6619037897 10.7703296143 29.0688837075 28.0713376952 31.064449134 29.1204395571 32.2800247831 54.8178802947 56.2227711875 
491 110.163514831 18.2482875909 18.0277563773 32.0624390838 22.0907220344 44.0454310911 26.83281573 25.0 21.8403296678 21.2132034356 59.3043000127 33.1360830516 33.7342555869 37.6961536499 37.5898922584 11.1803398875 11.0 17.8044938148 16.2788205961 21.9544984001 21.9544984001 42.9418211072 43.2666153056 17.88854382 18.3847763109 29.0688837075 30.8058436015 16.2788205961 15.2643375225 16.7630546142 15.0 16.9705627485 21.2132034356 11.1803398875 12.5299640861 30.0166620396 28.0178514522 29.9666481275 27.2029410175 29.6141857899 54.4058820349 56.5862174032 
497 110.040901487 19.2353840617 18.0 32.0 20.0249843945 34.0587727319 24.5967477525 23.3238075794 20.6155281281 20.8806130178 55.0363516233 33.3766385366 34.7131099154 37.1618083521 38.0131556175 10.0498756211 10.0 16.4012194669 15.6204993518 23.4093998214 23.769728648 41.2310562562 40.249223595 19.2353840617 18.7882942281 31.304951685 31.064449134 17.2626765016 16.1245154966 15.2970585408 15.6524758425 14.8660687473 20.8806130178 11.1803398875 12.0830459736 29.1547594742 28.0178514522 28.1780056072 32.8937684068 34.1760149813 56.6127194189 57.6281181369 
512 113.070774296 19.0262975904 18.0277563773 36.0138862107 23.0217288664 37.0135110466 26.9258240357 28.0178514522 22.5610283454 24.0831891576 66.0075753228 30.083217913 31.4006369362 36.3593179254 36.235341864 11.1803398875 12.0415945788 20.0 18.6010752377 24.0416305603 24.0416305603 40.249223595 39.8246155035 19.6977156036 18.973665961 31.9061122671 30.61045573 19.6468827044 17.0293863659 17.4642491966 17.8044938148 16.4012194669 24.0831891576 13.0 13.0 28.6530975638 27.0 28.6530975638 33.2415402772 31.6227766017 53.0377224247 55.4436651025 
537 115.004347744 21.0237960416 20.0 31.0161248385 22.0 39.0128184063 28.0178514522 26.6270539114 22.5610283454 22.5610283454 62.0322496771 34.3656805549 33.2415402772 38.4837628098 37.1618083521 11.0453610172 11.0453610172 16.9705627485 15.6204993518 21.0237960416 21.5406592285 41.1825205639 39.8246155035 19.3132079158 19.9248588452 32.7566787083 32.2024843762 16.2788205961 17.4928556845 15.5241746963 17.4928556845 16.4012194669 22.5610283454 9.8488578018 11.1803398875 31.7647603485 29.0 31.304951685 36.1247837364 31.5753068077 55.9016994375 53.8144961883 
563 121.004132161 22.0227155455 22.0 31.0161248385 23.0217288664 40.1123422403 27.2946881279 27.4590604355 24.6981780705 24.0416305603 59.0338885726 32.14031736 32.3882694814 37.1618083521 36.6742416418 12.1655250606 11.0453610172 17.0293863659 16.9705627485 22.360679775 23.0867927612 39.8246155035 38.275318418 18.3847763109 19.9248588452 33.1209903234 33.8378486314 16.4924225025 15.8113883008 15.8113883008 16.6433169771 17.2046505341 24.0416305603 10.8166538264 10.7703296143 29.4108823397 27.0185121722 29.5296461205 33.5410196625 34.7131099154 52.3450093132 55.1724568965 
638 115.01738999 20.2237484162 20.0997512422 30.0 20.0249843945 34.0147027034 26.0 25.495097568 23.2594066992 22.8473193176 51.0098029794 32.3882694814 33.3766385366 37.1618083521 37.1618083521 10.1980390272 10.0498756211 17.2046505341 16.4012194669 23.4093998214 22.803508502 37.1618083521 38.0788655293 19.2353840617 18.0277563773 32.2024843762 30.0166620396 16.4924225025 14.7648230602 14.5602197786 15.2643375225 16.1245154966 22.8473193176 10.7703296143 11.7046999107 31.384709653 29.0688837075 29.9666481275 35.6931365951 34.205262753 53.0754180389 54.4885309033 
653 116.068945028 22.2036033112 21.0950231097 31.0161248385 22.0 42.0119030752 28.0178514522 27.4590604355 20.8806130178 21.8403296678 62.0080639917 31.5753068077 32.14031736 37.5898922584 36.4005494464 12.1655250606 10.1980390272 17.0293863659 17.0293863659 23.2594066992 22.360679775 39.6610640301 39.4461658466 18.0277563773 17.4642491966 31.304951685 31.304951685 16.4924225025 16.4012194669 15.2970585408 15.2643375225 15.0 21.8403296678 11.6619037897 9.8488578018 28.1780056072 27.0185121722 28.3019433962 30.8058436015 30.3644529014 53.7401153702 53.1507290637 
903 115.004347744 19.0262975904 19.0 32.0 25.0 43.0 25.9422435421 24.1867732449 23.0867927612 22.1359436212 56.0357029045 34.3656805549 34.0587727319 40.718546143 39.9249295554 12.3693168769 13.3416640641 19.2093727123 19.8494332413 22.360679775 21.5406592285 43.0464865001 42.5440947724 20.1246117975 18.973665961 32.7566787083 30.8058436015 17.2626765016 17.0 15.2970585408 17.4928556845 19.2093727123 22.1359436212 11.1803398875 12.0830459736 31.384709653 29.0 30.886890423 33.5410196625 29.6141857899 56.5862174032 53.9073278878 
1080 116.348614087 19.0262975904 19.0262975904 32.0624390838 24.0208242989 40.1123422403 27.2029410175 26.4007575649 23.1948270095 24.3515913238 59.1354377679 33.5410196625 34.0587727319 39.3573373083 39.5600808897 12.1655250606 12.3693168769 16.9705627485 17.691806013 21.1896201004 20.1246117975 40.2243707222 39.8120584748 19.6468827044 21.0237960416 31.2409987036 33.2866339542 16.1554944214 16.4012194669 17.4642491966 17.0 15.6204993518 24.3515913238 10.295630141 10.295630141 31.7804971641 29.1547594742 33.0151480384 30.2654919008 32.9848450049 52.3259018078 53.4134814443 
1191 117.017092769 19.0262975904 19.0262975904 31.0 19.0 38.0131556175 26.0768096208 26.83281573 21.5870331449 24.0416305603 57.0350769264 31.4006369362 31.7804971641 36.2491379208 36.6742416418 10.1980390272 9.21954445729 15.8113883008 16.4012194669 21.0237960416 22.360679775 40.249223595 40.3112887415 16.1554944214 19.4164878389 28.6530975638 33.5410196625 14.5602197786 13.6014705087 17.4642491966 13.416407865 18.3847763109 24.0416305603 11.6619037897 10.7703296143 29.1547594742 28.0 31.384709653 29.6141857899 36.4965751818 50.4479930225 56.5685424949 
1203 114.0 20.0 20.0 29.0172362571 20.0249843945 38.0 27.2946881279 28.8444102037 25.0 24.3310501212 58.0086200491 32.7566787083 32.0624390838 37.5898922584 35.7351367704 11.0453610172 9.21954445729 18.0277563773 18.8679622641 25.632011236 26.5706605112 41.1825205639 40.249223595 20.6155281281 18.6815416923 33.8378486314 30.8058436015 17.0880074906 15.2643375225 13.9283882772 15.2643375225 15.5563491861 24.3310501212 13.416407865 12.6491106407 31.064449134 27.0 29.1547594742 35.6931365951 31.7804971641 56.639209034 53.2634959423 
1224 116.068945028 20.0 21.2132034356 30.0166620396 22.0227155455 38.1182371051 26.4007575649 25.5538646784 21.3775583264 20.6155281281 59.0338885726 32.2490309932 32.2490309932 36.2491379208 37.1618083521 11.0453610172 11.1803398875 15.5563491861 16.2788205961 22.1359436212 21.0237960416 39.9624824054 40.718546143 16.4924225025 17.4642491966 28.8444102037 30.8706980809 14.5602197786 15.6204993518 16.2788205961 15.8113883008 16.2788205961 20.6155281281 9.8488578018 10.295630141 29.5296461205 28.0713376952 31.6227766017 31.0483493925 39.2045915678 53.1507290637 55.8659108939 
1270 115.01738999 18.1107702763 19.1049731745 31.0 24.0208242989 40.0 26.4196896272 26.83281573 21.5870331449 23.0867927612 56.0089278598 32.14031736 33.2415402772 38.0788655293 38.4837628098 12.3693168769 12.1655250606 18.4390889146 17.691806013 24.3515913238 23.4093998214 39.6610640301 37.5898922584 18.3847763109 20.1246117975 29.1547594742 32.2490309932 15.8113883008 14.4222051019 16.7630546142 14.7648230602 16.2788205961 23.0867927612 10.295630141 11.1803398875 28.6356421266 27.0739727414 30.2324329157 30.3644529014 36.1386219992 55.2268050859 55.1724568965 
1295 114.01754251 19.1049731745 20.0997512422 33.0151480384 21.0 39.0 25.5538646784 26.4196896272 20.8806130178 22.1359436212 59.0 32.3882694814 31.7804971641 37.5765884561 37.1214223865 11.1803398875 10.1980390272 16.2788205961 15.6204993518 20.6155281281 21.4709105536 37.7359245282 37.2155881319 18.0277563773 21.0237960416 29.1547594742 33.6154726279 15.2970585408 16.6433169771 18.4390889146 17.4928556845 14.8660687473 22.1359436212 10.295630141 10.295630141 26.4196896272 25.0199920064 28.3019433962 31.3209195267 33.3766385366 53.0754180389 52.3450093132 
1338 117.0683561 20.0249843945 20.0249843945 34.0147027034 24.0208242989 38.0525951809 25.2388589282 27.2029410175 20.8806130178 21.3775583264 64.0 31.4006369362 31.4006369362 38.0131556175 37.1214223865 12.3693168769 12.1655250606 17.8044938148 18.3847763109 22.4722050542 22.803508502 41.5932686862 39.8246155035 17.4928556845 18.7882942281 32.2024843762 32.2490309932 17.4642491966 13.6014705087 17.7200451467 15.0 13.8924439894 21.3775583264 10.295630141 10.7703296143 29.9666481275 29.0172362571 32.2490309932 32.0156211872 32.3882694814 56.0802995712 53.0754180389 
1344 113.070774296 19.0262975904 18.1107702763 32.0156211872 20.0 38.0525951809 27.4590604355 26.4196896272 22.360679775 21.5870331449 60.0083327547 33.9558536927 34.2344855372 40.249223595 39.5600808897 10.4403065089 10.4403065089 20.2484567313 19.2353840617 25.0 24.5967477525 39.4461658466 40.249223595 19.6468827044 19.3132079158 30.0 29.6816441593 16.7630546142 17.8044938148 16.4924225025 16.6433169771 16.2788205961 21.5870331449 13.3416640641 14.3178210633 28.1780056072 27.0185121722 28.6530975638 32.9848450049 30.8058436015 55.1724568965 53.9073278878 
1407 120.337026721 18.2482875909 20.0249843945 32.14031736 20.0997512422 37.0 28.6356421266 29.1547594742 23.769728648 24.5153013443 59.1354377679 31.2569992162 31.0483493925 35.8468966579 34.9857113691 10.1980390272 10.0 18.3575597507 17.8044938148 23.769728648 21.5406592285 40.249223595 40.7062648741 21.0237960416 21.1896201004 31.384709653 33.0151480384 16.4924225025 16.5529453572 17.4642491966 15.8113883008 16.9705627485 24.5153013443 13.0 12.6491106407 29.5296461205 29.0 32.2490309932 33.8378486314 39.0512483795 56.8506816142 55.9732078766 
1439 110.0 18.0277563773 18.0277563773 32.0156211872 24.0 41.0 25.5538646784 25.9422435421 21.5870331449 22.803508502 57.0350769264 34.1320963318 35.3553390593 39.0 40.718546143 12.1655250606 12.1655250606 16.2788205961 17.691806013 20.6155281281 21.0237960416 38.9486841883 40.4969134626 19.3132079158 19.6977156036 30.2324329157 31.064449134 15.8113883008 15.2643375225 17.4642491966 16.6433169771 14.1421356237 22.803508502 10.8166538264 10.295630141 30.4138126515 29.0 31.7647603485 26.6833281283 30.1496268634 49.040799341 51.6236379966 
1454 116.430236623 20.2237484162 21.0237960416 33.1360830516 23.0867927612 42.1900462195 26.4007575649 25.8069758011 22.8473193176 22.803508502 59.3043000127 34.0587727319 33.9558536927 40.162171256 40.3112887415 11.7046999107 12.1655250606 20.591260282 20.6155281281 23.7065391823 24.3515913238 42.0475920833 41.6173040934 17.4928556845 17.4928556845 31.384709653 34.0 16.4924225025 13.0384048104 18.3847763109 11.313708499 16.2788205961 22.803508502 13.416407865 13.0 29.6816441593 28.0713376952 30.8706980809 29.7321374946 31.2569992162 55.2177507691 55.1724568965 
1495 114.01754251 20.0 21.0237960416 34.0 24.0 43.0 24.4131112315 25.2388589282 20.8806130178 21.1896201004 62.0080639917 32.3882694814 32.3882694814 38.9101529167 38.9101529167 12.3693168769 12.3693168769 17.0293863659 18.3847763109 23.2594066992 22.8473193176 41.6773319683 42.1900462195 17.88854382 19.7230829233 32.2490309932 34.885527085 17.2626765016 15.8113883008 17.2626765016 15.6524758425 14.2126704036 21.1896201004 10.8166538264 10.295630141 31.304951685 30.0 31.304951685 28.6356421266 30.4138126515 53.1507290637 54.4518135602 
1507 118.105884697 20.2237484162 21.0237960416 31.0161248385 24.0208242989 41.0121933088 25.5538646784 26.4007575649 20.2484567313 20.6155281281 60.0333240792 30.0665927567 30.4138126515 35.8468966579 36.235341864 12.3693168769 12.1655250606 16.4012194669 18.4390889146 22.825424421 20.8806130178 38.0788655293 38.8329756779 17.88854382 17.7200451467 30.8706980809 30.5286750449 16.2788205961 15.2643375225 15.5241746963 16.4012194669 16.2788205961 20.6155281281 10.6301458127 9.8488578018 27.2029410175 25.0199920064 28.3019433962 33.2415402772 34.5253530033 53.0754180389 54.4885309033 
1558 114.157785543 19.0262975904 20.3960780544 30.0166620396 22.0227155455 39.1152144312 24.1867732449 25.079872408 21.1896201004 21.4709105536 52.0864665724 35.3553390593 35.1283361405 40.3112887415 40.4969134626 11.1803398875 11.401754251 16.2788205961 15.6204993518 22.803508502 22.825424421 39.9624824054 41.1460812229 17.4642491966 18.3575597507 30.0166620396 31.384709653 14.5602197786 13.8924439894 16.2788205961 14.7648230602 17.2046505341 21.4709105536 9.43398113206 9.21954445729 29.9666481275 29.0688837075 31.384709653 30.083217913 34.9284983931 53.1507290637 57.3846669416 
1573 114.109596441 19.0 20.0997512422 33.0151480384 24.0831891576 38.0131556175 25.2388589282 24.6981780705 21.5870331449 20.2484567313 60.0083327547 34.9284983931 33.0151480384 39.4461658466 37.3363094052 12.0 12.1655250606 17.691806013 19.2093727123 23.0867927612 24.0416305603 41.3400532172 39.3954312072 19.2353840617 17.0 32.7566787083 30.8706980809 17.4642491966 15.2643375225 16.2788205961 14.4222051019 12.2065556157 20.2484567313 13.0 12.0830459736 31.7804971641 30.1496268634 33.0151480384 32.7566787083 35.4400902933 55.9016994375 54.8178802947 
1594 116.017240098 19.0262975904 20.0 32.0156211872 21.0 37.0135110466 27.4590604355 26.6270539114 22.360679775 22.5610283454 62.0322496771 32.3882694814 31.5753068077 37.1618083521 37.1214223865 10.1980390272 11.1803398875 17.2046505341 17.8044938148 25.2982212813 24.3515913238 38.4707681233 39.8246155035 18.0277563773 17.7200451467 29.6816441593 30.2324329157 16.2788205961 17.2046505341 16.4924225025 17.0293863659 16.2788205961 22.5610283454 12.0830459736 12.5299640861 30.886890423 29.0 30.4138126515 33.9558536927 32.3882694814 53.8144961883 53.0377224247 
1655 115.351636313 19.2353840617 19.0 29.1547594742 22.0227155455 35.1283361405 26.9258240357 27.8028775489 20.6155281281 22.0907220344 60.1331855135 32.0156211872 30.5941170816 37.0 36.235341864 11.401754251 11.1803398875 17.2046505341 17.691806013 22.4722050542 23.5372045919 37.5765884561 36.3593179254 18.0277563773 19.4164878389 28.6530975638 29.8328677804 14.3178210633 16.1245154966 16.1554944214 17.0293863659 15.6204993518 22.0907220344 10.8166538264 9.8488578018 28.0178514522 26.0192236625 29.5296461205 34.1760149813 38.3275357935 54.2033209315 55.3172667438 
