Leaf
1527 123.259888041 20.0 21.0950231097 31.1448230048 21.0237960416 40.049968789 28.0178514522 30.4138126515 23.3452350599 25.9615099715 61.400325732 33.3766385366 35.3553390593 37.5765884561 39.9249295554 11.0453610172 10.1980390272 17.8044938148 18.0277563773 26.2488094968 26.4007575649 44.9444101085 43.0813184571 19.4164878389 20.2484567313 30.61045573 32.7566787083 16.5529453572 16.2788205961 16.4924225025 17.4928556845 16.2788205961 25.9615099715 13.416407865 12.5299640861 33.2415402772 32.3882694814 35.8050275799 32.14031736 41.3037528561 55.8659108939 58.6941223633 
46 115.004347744 21.2132034356 21.0237960416 32.0156211872 23.0217288664 42.0 31.064449134 30.2324329157 23.3452350599 24.3310501212 66.0302960769 35.5105618091 35.1283361405 42.0475920833 39.5600808897 12.3693168769 11.1803398875 20.2484567313 20.0 27.3130005675 25.2982212813 46.5295604965 45.6179789118 19.6468827044 18.2482875909 30.5286750449 29.4108823397 18.4390889146 19.8494332413 14.8660687473 17.0293863659 17.0293863659 24.3310501212 14.7648230602 13.6014705087 31.7647603485 30.0166620396 32.2490309932 32.9848450049 29.4108823397 60.440052945 58.2494635168 
100 115.06954419 21.2132034356 21.0950231097 34.0147027034 23.0217288664 42.0119030752 27.7848879789 27.4590604355 22.1359436212 21.8403296678 63.0317380373 35.3553390593 35.5105618091 40.718546143 39.8120584748 12.1655250606 11.0453610172 17.0293863659 16.9705627485 26.9258240357 24.6981780705 44.2944691807 45.1774279923 21.0237960416 18.973665961 34.0 31.384709653 18.4390889146 17.4928556845 16.7630546142 16.4012194669 16.2788205961 21.8403296678 11.401754251 10.8166538264 34.0 32.0 32.6496554346 33.5261092285 33.7342555869 59.816385715 58.7962583844 
206 126.47924731 21.0237960416 19.1049731745 37.1214223865 22.0907220344 42.0475920833 29.6816441593 29.5465734054 26.4764045897 25.9615099715 65.192024052 35.1140997322 34.1320963318 40.0 37.3363094052 12.0415945788 10.0498756211 16.9705627485 17.2046505341 25.495097568 24.6981780705 43.0116263352 40.718546143 22.1359436212 21.0237960416 35.6089876295 32.7566787083 21.1896201004 19.1049731745 17.4642491966 17.0 19.1049731745 25.9615099715 13.0 12.0830459736 33.5410196625 30.0166620396 31.384709653 39.0 34.4818792991 59.4053869611 56.2227711875 
344 119.0 22.0907220344 22.0227155455 32.0156211872 23.0 43.1045241245 29.1547594742 29.6816441593 24.0416305603 24.7386337537 63.0079360081 32.3882694814 31.2569992162 38.0131556175 36.2491379208 12.1655250606 11.1803398875 17.8044938148 18.4390889146 25.0599281723 26.2488094968 42.0594816896 41.0487515035 18.7882942281 18.973665961 33.5410196625 32.7566787083 17.4642491966 15.8113883008 15.8113883008 15.8113883008 19.1049731745 24.7386337537 11.6619037897 11.1803398875 31.384709653 29.0172362571 31.7647603485 33.3766385366 32.0156211872 55.1724568965 55.9016994375 
376 121.037184369 22.0 21.0950231097 35.0 24.0831891576 41.1946598481 26.6270539114 26.83281573 23.0867927612 23.769728648 62.0322496771 34.3656805549 32.5576411922 38.9101529167 39.3573373083 12.0415945788 12.3693168769 22.2036033112 22.825424421 27.892651362 26.9258240357 38.0131556175 39.8246155035 18.3575597507 19.4164878389 34.885527085 34.9284983931 16.7630546142 13.0384048104 19.6468827044 13.6014705087 16.2788205961 23.769728648 15.8113883008 16.1554944214 30.4138126515 27.0185121722 29.6816441593 33.2415402772 33.2415402772 55.8659108939 55.3172667438 
473 117.0 20.2237484162 20.0997512422 31.0 25.0199920064 41.0121933088 31.7647603485 31.7647603485 25.495097568 26.4764045897 61.0 35.1283361405 36.1247837364 40.8533964316 41.2310562562 12.3693168769 13.152946438 18.4390889146 18.3847763109 23.4093998214 23.4093998214 45.6508488421 43.382023927 21.5406592285 21.9317121995 32.7566787083 34.1320963318 16.7630546142 17.0 15.8113883008 16.1554944214 17.691806013 26.4764045897 10.8166538264 11.6619037897 29.9666481275 29.0688837075 30.5286750449 31.0483493925 34.4818792991 59.0338885726 59.6657355607 
546 118.004237212 22.0227155455 20.0249843945 34.0 24.0208242989 40.1123422403 28.6530975638 28.3019433962 25.2982212813 23.5372045919 63.0079360081 33.7342555869 34.1320963318 39.8246155035 38.0788655293 12.1655250606 12.0415945788 17.8044938148 18.3847763109 25.079872408 25.7099202644 43.8292140016 41.1825205639 20.591260282 19.3132079158 36.235341864 31.9061122671 19.4164878389 16.6433169771 15.5241746963 16.1245154966 18.3847763109 23.5372045919 12.2065556157 11.7046999107 30.5286750449 28.0 30.5286750449 36.6742416418 33.2415402772 59.4642749893 57.8013840665 
593 121.148668998 23.0217288664 22.0907220344 33.0605505096 26.0 43.0116263352 28.8444102037 28.6356421266 24.0416305603 26.0 61.1310068623 34.2344855372 36.1247837364 38.9101529167 40.3112887415 13.0384048104 13.0384048104 18.3847763109 18.3847763109 24.3515913238 23.769728648 42.7200187266 42.0594816896 18.973665961 20.591260282 33.6154726279 35.77708764 16.7630546142 16.4012194669 17.2626765016 16.5529453572 18.4390889146 26.0 12.0830459736 12.5299640861 31.304951685 29.0688837075 31.6227766017 33.7342555869 34.4818792991 58.0 57.4891294072 
639 120.004166594 20.0997512422 21.0237960416 30.0166620396 23.0 41.0121933088 28.1780056072 28.6530975638 24.0416305603 25.0 57.008771255 34.1320963318 33.2415402772 37.6961536499 37.5765884561 11.0453610172 12.0415945788 16.2788205961 16.9705627485 21.9317121995 22.8473193176 44.72135955 44.2944691807 20.2484567313 20.2484567313 31.9061122671 33.2866339542 15.5241746963 17.0 15.8113883008 16.1245154966 17.0293863659 25.0 10.8166538264 10.8166538264 34.0 32.0 34.0 34.3656805549 34.3656805549 57.3846669416 57.3149195236 
663 114.437756007 21.0 20.2237484162 34.1320963318 22.0227155455 38.0525951809 30.5286750449 30.8706980809 26.4764045897 25.9615099715 63.1981012373 35.902646142 37.2155881319 40.7062648741 41.7851648316 11.0453610172 11.1803398875 19.2093727123 18.8679622641 24.0416305603 23.769728648 41.1825205639 42.0475920833 21.5870331449 21.1896201004 33.4215499341 31.9061122671 18.0277563773 19.2093727123 17.2626765016 19.7230829233 19.2093727123 25.9615099715 12.6491106407 13.0 32.2024843762 30.0166620396 31.384709653 33.9558536927 31.7804971641 57.3846669416 57.6888204074 
713 119.004201606 21.0 19.1049731745 33.0 22.0 39.0128184063 27.2946881279 27.7308492477 25.2982212813 24.0416305603 58.0086200491 34.7131099154 34.2344855372 40.249223595 39.0 11.1803398875 11.1803398875 17.0293863659 17.0293863659 26.5706605112 25.2982212813 42.0594816896 42.4852915725 18.973665961 19.6468827044 32.4499614792 29.4108823397 17.4642491966 17.8044938148 16.4924225025 18.6010752377 19.2353840617 24.0416305603 11.6619037897 11.1803398875 33.5410196625 31.0 31.7647603485 35.1283361405 31.4006369362 55.8659108939 53.1507290637 
738 119.151164493 21.0237960416 20.3960780544 32.0624390838 22.0 39.0512483795 30.0166620396 29.9666481275 25.7099202644 24.0416305603 60.0749531835 34.7131099154 36.1247837364 40.249223595 40.4969134626 11.1803398875 11.1803398875 20.0 18.8679622641 24.3515913238 22.8473193176 40.8166632639 41.1460812229 20.8806130178 21.5406592285 33.0151480384 32.2490309932 17.0880074906 17.2046505341 16.4924225025 17.88854382 17.691806013 24.0416305603 13.6014705087 13.0 28.6530975638 27.0185121722 28.3019433962 36.6742416418 32.8937684068 58.0 57.008771255 
775 111.018016556 19.4164878389 19.0262975904 32.14031736 22.2036033112 43.1856457634 29.1204395571 29.1547594742 26.4007575649 26.3058928759 55.3263047745 36.0138862107 37.1079506306 40.8044115262 41.1825205639 11.401754251 11.0 18.6010752377 16.2788205961 24.1867732449 23.769728648 42.3792402008 46.2276973253 21.9544984001 21.3775583264 33.5410196625 31.8276609257 18.1107702763 18.3847763109 14.8660687473 18.8679622641 18.7882942281 26.3058928759 11.1803398875 12.0830459736 32.8024389337 30.5941170816 30.6757233004 34.885527085 27.5136329844 60.5392434707 58.7962583844 
873 119.067207912 22.0227155455 21.0237960416 33.0 24.0 44.0 27.2029410175 26.6270539114 21.8403296678 21.8403296678 64.0 36.1247837364 36.4965751818 40.8533964316 42.0475920833 12.1655250606 12.1655250606 18.3847763109 17.0293863659 24.3515913238 25.9422435421 42.5440947724 43.5660418216 19.9248588452 20.6155281281 33.2866339542 34.1320963318 15.5241746963 17.4928556845 18.4390889146 18.0277563773 14.8660687473 21.8403296678 10.295630141 12.0415945788 31.7647603485 30.0 32.2490309932 31.6227766017 30.5941170816 57.6281181369 55.2268050859 
893 117.153745139 21.0950231097 21.0 31.0161248385 23.0217288664 45.0444225182 31.304951685 29.6816441593 26.9258240357 25.495097568 61.1310068623 33.2415402772 33.2415402772 38.4837628098 37.1618083521 12.1655250606 11.0453610172 17.8044938148 17.691806013 23.3238075794 23.2594066992 43.0464865001 41.8807831827 21.5406592285 20.6155281281 34.1320963318 32.8024389337 18.0277563773 16.6433169771 15.6524758425 15.8113883008 18.6010752377 25.495097568 11.6619037897 11.1803398875 31.9061122671 29.0172362571 31.304951685 33.2415402772 29.8328677804 58.137767415 55.2268050859 
895 121.148668998 21.0950231097 21.0237960416 30.0166620396 25.0199920064 45.0444225182 29.9666481275 30.886890423 26.2488094968 26.6833281283 58.0086200491 36.0555127546 36.1247837364 42.7200187266 41.7851648316 13.6014705087 12.3693168769 19.2093727123 19.1049731745 22.360679775 23.2594066992 44.2944691807 44.1021541424 21.1896201004 21.8403296678 33.2866339542 33.6005952328 15.2970585408 18.7882942281 15.5241746963 19.2353840617 21.0950231097 26.6833281283 10.8166538264 9.8488578018 30.5286750449 29.0172362571 30.886890423 35.1710107901 33.3766385366 60.207972894 57.2800139665 
982 117.209214655 20.0249843945 20.0249843945 36.0138862107 25.079872408 43.0116263352 25.5538646784 25.8069758011 22.1359436212 22.5610283454 64.0312423743 32.3882694814 33.5410196625 40.249223595 39.3573373083 13.6014705087 12.1655250606 20.0 19.1049731745 26.5706605112 25.632011236 45.6179789118 46.1410879802 18.3575597507 18.7882942281 32.6496554346 33.2866339542 19.2353840617 16.4012194669 17.4642491966 15.8113883008 15.0 22.5610283454 11.6619037897 11.1803398875 34.1320963318 32.0156211872 33.5410196625 32.9848450049 28.2842712475 57.8013840665 54.6717477313 
1033 120.149906367 22.0 21.2132034356 34.0587727319 22.0227155455 42.0475920833 27.2029410175 26.83281573 22.803508502 22.8473193176 62.128898268 32.9848450049 33.2415402772 38.0788655293 38.0788655293 11.0453610172 11.1803398875 17.691806013 17.2046505341 24.6981780705 24.5967477525 42.1900462195 42.9418211072 16.7630546142 17.88854382 31.384709653 31.7804971641 17.7200451467 16.2788205961 17.2626765016 15.8113883008 19.1049731745 22.8473193176 10.7703296143 11.6619037897 31.384709653 29.0 30.0166620396 36.8781778292 31.9530906173 59.3969696197 57.8013840665 
1070 120.066648158 21.0237960416 21.0950231097 34.0147027034 24.0 42.0 27.7848879789 27.7308492477 24.0416305603 24.6981780705 60.0333240792 37.6563407675 38.1182371051 43.8292140016 42.3792402008 13.152946438 11.1803398875 18.3847763109 17.0293863659 21.9317121995 21.9317121995 44.418464629 42.4852915725 19.3132079158 21.1896201004 32.7566787083 33.2866339542 18.4390889146 17.8044938148 16.2788205961 19.2353840617 19.2093727123 24.6981780705 10.295630141 10.295630141 30.886890423 29.0172362571 30.0166620396 36.6742416418 31.384709653 60.811183182 58.0086200491 
1106 113.070774296 19.0 19.0 32.0156211872 24.0 41.0 27.2946881279 28.6530975638 24.7386337537 25.495097568 59.0 37.1214223865 36.3455636908 41.7851648316 41.629316593 12.1655250606 12.1655250606 16.9705627485 16.9705627485 23.4093998214 23.769728648 43.8292140016 44.2944691807 21.5406592285 21.1896201004 33.6005952328 32.8024389337 16.2788205961 18.7882942281 16.4924225025 18.3575597507 18.4390889146 25.495097568 10.295630141 10.8166538264 34.4383507154 32.0156211872 34.4818792991 30.6757233004 31.5753068077 58.2494635168 56.0802995712 
1311 121.004132161 22.0907220344 21.0950231097 31.0 23.0 42.0119030752 29.1547594742 29.4108823397 24.0416305603 22.360679775 63.0079360081 32.2490309932 32.2490309932 37.1618083521 37.5765884561 11.1803398875 12.1655250606 17.0293863659 17.691806013 22.360679775 22.8473193176 44.283179651 45.2769256907 20.8806130178 19.6468827044 33.2866339542 31.064449134 15.5241746963 18.3575597507 16.4924225025 18.6010752377 17.691806013 22.360679775 10.295630141 10.8166538264 33.6154726279 32.0624390838 32.6955654485 36.2215405525 33.2415402772 57.2800139665 57.9827560573 
1312 117.0683561 20.0249843945 22.0907220344 33.0151480384 27.0185121722 51.0098029794 26.0768096208 28.1780056072 21.8403296678 24.6981780705 60.1331855135 32.14031736 34.1320963318 38.0131556175 38.4837628098 14.1421356237 13.0384048104 17.691806013 19.2093727123 24.5967477525 23.8537208838 46.0434577329 46.3249392876 18.0277563773 20.6155281281 30.5286750449 34.4818792991 17.7200451467 16.2788205961 16.4924225025 17.0 15.6204993518 24.6981780705 12.0415945788 10.295630141 30.4138126515 28.0713376952 30.8058436015 27.4590604355 32.2490309932 55.9732078766 57.2800139665 
1390 121.016527797 21.0950231097 21.0950231097 33.0151480384 24.0208242989 44.0113621693 27.7848879789 27.4590604355 23.0867927612 21.8403296678 62.0322496771 30.2654919008 30.4138126515 36.6742416418 36.235341864 12.3693168769 12.1655250606 18.4390889146 17.691806013 23.2594066992 23.2594066992 44.72135955 45.7930125674 18.0277563773 17.7200451467 30.886890423 30.0166620396 17.4642491966 17.0293863659 16.7630546142 16.2788205961 17.8044938148 21.8403296678 10.8166538264 10.295630141 32.4499614792 29.0172362571 32.2490309932 36.6742416418 33.2415402772 59.5482997238 58.0 
1445 122.200654663 21.2132034356 22.0 35.0570962859 25.0199920064 44.0454310911 27.7308492477 28.8444102037 23.769728648 24.7386337537 63.0713881249 34.1320963318 33.7342555869 39.9249295554 40.3112887415 12.3693168769 13.152946438 17.691806013 17.691806013 23.2594066992 23.769728648 42.4852915725 43.8292140016 18.3575597507 17.7200451467 32.6955654485 31.9061122671 17.1172427686 16.1245154966 18.4390889146 18.3847763109 19.4164878389 24.7386337537 10.8166538264 10.8166538264 29.8328677804 27.1661554144 28.1780056072 35.1140997322 33.7342555869 58.412327466 58.6941223633 
1663 120.598507453 20.0 21.3775583264 32.0624390838 24.0208242989 45.0998891351 26.4007575649 28.1602556807 21.3775583264 26.4196896272 56.5685424949 34.3656805549 35.1283361405 39.8120584748 40.8533964316 12.1655250606 12.3693168769 16.4012194669 15.5563491861 17.4642491966 19.7989898732 44.6542271235 44.72135955 18.0277563773 24.2074368738 31.064449134 39.0 15.2315462117 13.6014705087 18.4390889146 15.2970585408 13.6014705087 26.4196896272 8.0622577483 9.89949493661 30.083217913 31.2569992162 33.8378486314 29.6141857899 35.6931365951 55.8659108939 59.4642749893 
