Leaf
565 104.388696706 18.0277563773 19.2353840617 30.1496268634 23.0867927612 46.0977222865 24.4131112315 26.9258240357 21.3775583264 23.769728648 54.5893762558 30.4138126515 31.064449134 34.0 35.8468966579 11.0 12.1655250606 14.8660687473 16.9705627485 22.360679775 23.0217288664 41.400483089 41.6773319683 18.6815416923 19.2353840617 29.8328677804 31.304951685 15.6524758425 14.2126704036 16.4924225025 14.7648230602 13.4536240471 23.769728648 10.8166538264 10.0 30.4630924235 28.0713376952 31.064449134 25.079872408 27.1661554144 50.2095608425 49.578221025 
13 111.004504413 21.0 20.0 31.0 23.0 45.0111097397 29.6816441593 29.1547594742 25.495097568 25.495097568 62.0 31.4006369362 31.1448230048 36.235341864 34.9284983931 12.0415945788 11.0453610172 18.4390889146 17.8044938148 26.83281573 25.079872408 45.7930125674 45.1774279923 20.8806130178 19.9248588452 33.6005952328 32.2024843762 16.7630546142 18.0277563773 15.8113883008 16.6433169771 16.2788205961 25.495097568 13.416407865 12.0830459736 34.4383507154 33.0 33.5410196625 27.0739727414 24.1867732449 53.0754180389 50.0 
131 111.04053314 21.0 20.0997512422 30.0166620396 22.0227155455 40.0124980475 27.4590604355 28.1780056072 23.769728648 24.0416305603 58.0775343829 30.2654919008 30.2654919008 34.4383507154 35.3411940941 11.0453610172 11.1803398875 17.0293863659 17.8044938148 23.0867927612 24.5967477525 39.6610640301 38.4707681233 18.973665961 20.6155281281 32.4499614792 32.7566787083 15.2315462117 14.4222051019 16.7630546142 16.1245154966 15.6204993518 24.0416305603 11.1803398875 11.6619037897 30.8706980809 29.1547594742 33.0151480384 29.2745623366 32.14031736 50.2095608425 48.795491595 
210 107.018689956 19.0 18.0 30.0 22.0 40.0 26.83281573 26.4196896272 25.0 23.5372045919 55.0090901579 32.0624390838 32.5576411922 35.4682957019 37.1214223865 11.0453610172 11.0453610172 17.8044938148 17.8044938148 25.632011236 25.632011236 43.382023927 44.2944691807 19.3132079158 19.3132079158 31.6227766017 30.8058436015 14.8660687473 14.7648230602 16.7630546142 15.8113883008 18.0277563773 23.5372045919 13.0 13.416407865 31.384709653 30.0166620396 32.2024843762 26.4764045897 30.0665927567 50.8035431835 53.8144961883 
254 110.453610172 19.0262975904 18.1107702763 31.1448230048 25.079872408 45.0998891351 27.2029410175 27.7308492477 23.1948270095 23.769728648 59.3043000127 29.6141857899 30.0 34.6698716467 34.1760149813 13.0 12.1655250606 16.4012194669 16.9705627485 20.1246117975 20.2484567313 42.201895692 42.0594816896 18.973665961 19.2353840617 31.4006369362 30.886890423 16.5529453572 14.2126704036 16.4924225025 14.7648230602 14.4222051019 23.769728648 10.8166538264 10.0 28.6530975638 26.0192236625 27.4590604355 29.0172362571 27.4590604355 51.7397332811 51.0881590978 
267 106.018866246 19.0 20.0249843945 33.0 23.0217288664 41.0 25.9422435421 27.2946881279 24.0416305603 24.0416305603 58.0086200491 30.2654919008 31.5753068077 34.885527085 35.3553390593 12.0415945788 11.0 16.9705627485 15.5563491861 23.769728648 22.8473193176 38.275318418 37.7359245282 19.6977156036 19.6977156036 32.4499614792 32.7566787083 16.7630546142 15.2643375225 17.7200451467 15.8113883008 15.0 24.0416305603 10.8166538264 10.295630141 26.0768096208 24.0 26.4196896272 26.4764045897 29.1547594742 48.1040538832 49.5176736126 
294 111.449540152 21.2132034356 20.0249843945 30.2654919008 24.0831891576 43.1045241245 28.231188427 27.4590604355 25.079872408 24.5153013443 56.4358042381 32.14031736 30.1496268634 38.0788655293 34.4383507154 12.3693168769 12.0415945788 17.8044938148 17.691806013 24.1867732449 23.0867927612 39.8246155035 40.0 21.9544984001 20.8806130178 35.77708764 33.4215499341 17.2626765016 17.0880074906 14.7648230602 14.7648230602 14.2126704036 24.5153013443 11.401754251 11.1803398875 28.4253408071 25.179356624 26.83281573 33.3766385366 27.2946881279 52.3259018078 50.2095608425 
634 109.073369802 21.2132034356 20.0 30.0166620396 22.0907220344 41.1946598481 25.9422435421 25.5538646784 21.9317121995 23.0867927612 55.0363516233 34.1320963318 35.3553390593 38.6264158317 38.4837628098 11.1803398875 11.0 16.4012194669 16.2788205961 22.360679775 23.769728648 42.9534631898 41.8807831827 17.4642491966 17.0880074906 30.8706980809 30.5286750449 16.2788205961 15.8113883008 14.5602197786 14.4222051019 14.4222051019 23.0867927612 10.8166538264 11.1803398875 32.7566787083 30.0665927567 32.2024843762 31.4006369362 28.1602556807 54.0370243444 54.0370243444 
685 105.0428484 19.0262975904 18.1107702763 29.0172362571 23.0 38.0 25.9422435421 25.495097568 23.0867927612 22.1359436212 52.0096144958 33.2415402772 34.0587727319 38.4837628098 38.275318418 12.1655250606 11.1803398875 17.8044938148 18.4390889146 22.1359436212 22.4722050542 39.4461658466 38.4707681233 18.3847763109 19.2353840617 30.5286750449 30.886890423 15.8113883008 14.4222051019 14.5602197786 13.9283882772 14.2126704036 22.1359436212 11.6619037897 11.1803398875 28.6356421266 28.0713376952 30.5286750449 28.6356421266 28.1602556807 50.9901951359 50.6063237155 
687 112.071405809 20.3960780544 22.0907220344 34.0147027034 24.0208242989 48.0416485979 25.495097568 26.4196896272 21.0237960416 22.8473193176 58.0086200491 31.064449134 32.0156211872 35.4682957019 38.275318418 11.1803398875 13.0384048104 17.0293863659 17.691806013 23.3238075794 24.1867732449 42.7200187266 42.201895692 17.88854382 17.88854382 30.4630924235 33.1058907145 16.4924225025 14.4222051019 18.6815416923 14.8660687473 13.6014705087 22.8473193176 12.2065556157 11.6619037897 26.9258240357 26.0192236625 30.2324329157 24.0416305603 32.0624390838 50.6063237155 53.9073278878 
689 111.112555546 21.0 21.0237960416 30.0 24.0 42.0 24.4131112315 24.6981780705 21.1896201004 21.5406592285 57.008771255 32.2490309932 32.0624390838 38.0131556175 36.4005494464 13.152946438 11.1803398875 18.3847763109 17.0293863659 24.0416305603 25.495097568 41.1825205639 42.1900462195 17.88854382 19.2353840617 33.1209903234 34.0 15.8113883008 13.0384048104 15.8113883008 13.416407865 14.1421356237 21.5406592285 11.1803398875 11.1803398875 29.5296461205 28.0 30.4138126515 29.2745623366 26.6833281283 51.6623654124 53.2634959423 
834 107.042047813 21.0237960416 20.0997512422 30.0166620396 22.0227155455 42.0119030752 27.4590604355 27.7848879789 22.803508502 22.803508502 59.0338885726 32.3882694814 32.14031736 37.5765884561 37.6961536499 11.1803398875 11.401754251 17.0293863659 17.8044938148 22.8473193176 23.7065391823 40.8166632639 41.6773319683 19.9248588452 20.2484567313 32.4499614792 31.9061122671 16.1554944214 15.8113883008 15.8113883008 16.1245154966 14.8660687473 22.803508502 10.295630141 10.8166538264 28.6530975638 27.0 27.7848879789 28.4429253067 26.2488094968 51.6623654124 52.0096144958 
848 111.287914887 19.1049731745 19.0 33.1360830516 23.0867927612 44.0454310911 27.7308492477 28.6530975638 24.0416305603 25.495097568 59.076221951 31.2569992162 30.5941170816 35.3411940941 34.1320963318 11.0453610172 12.0415945788 16.2788205961 15.6204993518 23.3238075794 21.9317121995 38.9486841883 40.6078810085 20.591260282 21.1896201004 33.1209903234 32.8024389337 18.4390889146 16.1245154966 16.5529453572 15.2643375225 17.8044938148 25.495097568 11.1803398875 11.6619037897 31.6227766017 28.1602556807 30.8706980809 28.6356421266 28.0178514522 49.6789693935 49.578221025 
854 112.218536793 19.0262975904 19.0262975904 31.064449134 23.0867927612 40.1995024845 26.83281573 28.3019433962 24.0416305603 25.3179778023 58.0344725142 31.064449134 31.5753068077 36.4005494464 36.7151195014 11.401754251 12.0415945788 16.6433169771 18.4390889146 23.2594066992 24.0416305603 41.1460812229 39.6610640301 21.0237960416 21.1896201004 33.2866339542 33.4215499341 16.4924225025 16.5529453572 16.1554944214 16.1245154966 17.0293863659 25.3179778023 11.401754251 10.7703296143 30.5286750449 29.0172362571 32.2024843762 32.5576411922 30.2654919008 53.1507290637 52.3259018078 
872 108.295890965 20.0997512422 18.0277563773 30.0166620396 19.1049731745 39.0512483795 26.83281573 26.9258240357 23.4093998214 24.3310501212 56.0357029045 30.2654919008 31.7804971641 34.5398320783 35.3553390593 9.21954445729 10.0 16.1245154966 16.2788205961 25.0599281723 23.4093998214 39.8246155035 38.5875627631 18.0277563773 18.973665961 30.0166620396 30.61045573 15.8113883008 15.0 16.1554944214 15.0 18.8679622641 24.3310501212 11.6619037897 12.0830459736 26.9258240357 26.0 27.7848879789 28.4604989415 30.4138126515 52.0096144958 50.9116882454 
940 111.072048689 20.0 19.1049731745 29.0 22.0227155455 44.0113621693 26.6270539114 25.9422435421 22.5610283454 22.1359436212 56.0089278598 34.2344855372 33.1360830516 39.0 38.6264158317 11.1803398875 11.401754251 16.2788205961 17.0293863659 21.4709105536 22.4722050542 45.2769256907 45.1774279923 16.7630546142 17.4642491966 29.6816441593 29.5296461205 14.5602197786 15.0 15.5241746963 14.4222051019 16.2788205961 22.1359436212 10.295630141 10.0 29.5296461205 28.0178514522 30.5286750449 27.5136329844 29.4108823397 57.2013985843 58.0086200491 
1043 110.072703247 20.0 19.0262975904 30.0665927567 24.0208242989 45.0444225182 25.8069758011 24.6981780705 21.5870331449 20.8806130178 58.0344725142 30.2654919008 31.064449134 34.885527085 35.8468966579 12.0415945788 12.1655250606 16.9705627485 17.691806013 21.9317121995 22.4722050542 44.9444101085 45.1774279923 17.4642491966 18.3847763109 29.4108823397 30.5286750449 16.1554944214 15.5563491861 15.5241746963 15.2643375225 12.8062484749 20.8806130178 11.1803398875 12.2065556157 29.9666481275 29.0688837075 31.064449134 26.3058928759 27.4590604355 53.1507290637 53.4134814443 
1234 115.004347744 19.1049731745 19.0262975904 33.0151480384 23.0217288664 44.0 27.4590604355 28.3019433962 21.3775583264 23.3452350599 63.0 30.4138126515 30.4138126515 37.1214223865 35.77708764 12.3693168769 11.1803398875 17.8044938148 17.691806013 23.7065391823 22.360679775 39.2045915678 36.8917334914 17.7200451467 18.6815416923 28.3019433962 29.4108823397 17.2626765016 18.4390889146 16.4924225025 17.8044938148 17.0293863659 23.3452350599 11.6619037897 10.7703296143 29.9666481275 28.0713376952 32.2490309932 30.2654919008 30.2654919008 51.7397332811 50.2095608425 
1237 108.226614102 18.0 18.1107702763 32.0624390838 22.0227155455 43.2897216438 26.6270539114 27.2946881279 22.2036033112 22.5610283454 60.1331855135 31.5753068077 32.2490309932 36.235341864 37.1618083521 11.0453610172 11.1803398875 18.4390889146 18.0277563773 24.3515913238 23.0217288664 43.2666153056 45.1884941108 19.2353840617 19.3132079158 28.319604517 29.6816441593 15.2315462117 17.0293863659 18.4390889146 17.8044938148 15.5563491861 22.5610283454 12.6491106407 13.0384048104 31.0161248385 30.1496268634 32.4499614792 26.6833281283 29.6141857899 54.5618914628 55.0 
1250 108.018516931 19.0262975904 19.0 29.0172362571 22.0907220344 38.0131556175 27.2946881279 28.8444102037 23.769728648 24.1867732449 58.0086200491 32.2490309932 33.1360830516 38.0788655293 36.7695526217 11.401754251 11.0453610172 16.4012194669 16.2788205961 22.360679775 19.9248588452 40.3112887415 38.4707681233 18.973665961 20.3960780544 30.2324329157 30.4795013083 16.7630546142 16.4012194669 14.3178210633 16.6433169771 17.0293863659 24.1867732449 10.0 8.94427191 29.9666481275 29.0 30.8706980809 27.4590604355 28.4429253067 50.9901951359 50.3289181286 
1291 113.216606556 19.0262975904 20.0997512422 31.064449134 22.0907220344 43.1856457634 27.2029410175 26.9258240357 23.1948270095 21.8403296678 61.0737259384 31.2569992162 31.4006369362 34.4383507154 36.6742416418 11.0 11.1803398875 18.4390889146 18.8679622641 25.2982212813 25.5538646784 38.8329756779 41.6773319683 20.3960780544 20.6155281281 31.1448230048 32.7566787083 14.3178210633 16.6433169771 18.4390889146 18.0277563773 16.9705627485 21.8403296678 13.9283882772 12.5299640861 31.7647603485 29.0172362571 32.4499614792 29.1204395571 32.7566787083 51.7397332811 54.5618914628 
1355 110.040901487 19.1049731745 19.0262975904 32.0156211872 25.0 45.0111097397 27.2946881279 27.7848879789 22.803508502 23.5372045919 59.0084739677 29.1547594742 28.2842712475 34.4383507154 34.4818792991 12.1655250606 13.152946438 15.6204993518 16.4012194669 21.0950231097 21.0237960416 42.5440947724 43.2666153056 19.3132079158 19.6468827044 30.5286750449 30.0 16.4924225025 16.6433169771 16.7630546142 17.8044938148 15.8113883008 23.5372045919 9.21954445729 9.21954445729 29.1547594742 27.0185121722 30.0166620396 28.1602556807 26.0192236625 51.6623654124 49.5176736126 
1380 104.043260233 18.1107702763 18.0277563773 32.0 25.0199920064 42.0475920833 25.079872408 26.4007575649 22.4722050542 24.0416305603 53.0094331228 31.1448230048 32.2490309932 36.6742416418 36.6742416418 13.152946438 12.0415945788 19.1049731745 17.691806013 21.5406592285 22.8473193176 41.3400532172 38.5875627631 18.7882942281 20.1246117975 30.0166620396 31.9061122671 16.7630546142 14.4222051019 16.7630546142 14.7648230602 16.1245154966 24.0416305603 11.6619037897 12.0830459736 27.7308492477 27.0739727414 30.2324329157 28.4429253067 30.6757233004 52.3450093132 53.2634959423 
1402 111.004504413 20.0249843945 20.0 29.0172362571 24.0 42.0 25.0599281723 25.0599281723 22.4722050542 23.4093998214 53.0094331228 28.4429253067 29.0 35.8468966579 33.8378486314 13.3416640641 11.401754251 16.9705627485 16.9705627485 22.360679775 21.5406592285 44.1021541424 41.1460812229 19.2353840617 19.2353840617 33.1209903234 33.6154726279 18.3847763109 12.8062484749 13.416407865 11.401754251 15.5563491861 23.4093998214 10.6301458127 10.0 30.4138126515 29.0688837075 29.6816441593 31.0161248385 27.1661554144 51.7397332811 47.5078940809 
1433 112.004464197 20.0 19.0262975904 30.0166620396 24.0 41.0 26.0768096208 26.9258240357 22.803508502 22.5610283454 58.0 30.1496268634 29.1547594742 36.2491379208 35.3411940941 12.3693168769 12.3693168769 16.2788205961 17.691806013 23.769728648 23.4093998214 42.1900462195 40.7062648741 18.0277563773 20.6155281281 31.064449134 32.4499614792 15.5241746963 15.8113883008 15.8113883008 15.6524758425 15.6204993518 22.5610283454 9.21954445729 9.43398113206 30.8706980809 30.0665927567 32.2490309932 28.1602556807 31.0161248385 50.931326313 50.2095608425 
1477 108.00462953 19.1049731745 18.1107702763 31.0 20.0249843945 38.0 26.83281573 28.6530975638 23.0867927612 23.3452350599 57.008771255 30.5941170816 31.4006369362 35.77708764 35.3411940941 10.1980390272 10.0498756211 17.4928556845 17.8044938148 25.079872408 23.4093998214 40.3112887415 39.3573373083 18.3847763109 18.6815416923 30.0166620396 28.0178514522 17.7200451467 15.6204993518 14.8660687473 15.8113883008 17.2046505341 23.3452350599 12.0830459736 12.6491106407 29.0688837075 28.0178514522 30.0166620396 31.5753068077 27.6586333719 53.7587202229 49.8196748283 
1510 115.01738999 21.0237960416 20.0249843945 29.0 21.0237960416 43.0116263352 25.8069758011 26.6270539114 20.8806130178 21.5870331449 59.0084739677 30.4138126515 29.1547594742 35.77708764 34.5398320783 11.1803398875 10.4403065089 15.5563491861 15.6204993518 20.591260282 21.6333076528 41.0487515035 40.3112887415 16.4924225025 18.973665961 29.1547594742 31.064449134 15.5241746963 16.2788205961 14.5602197786 16.1245154966 16.9705627485 21.5870331449 9.43398113206 10.0 29.0688837075 27.0739727414 29.6816441593 30.4138126515 28.6356421266 53.7401153702 51.7397332811 
1536 109.004587059 18.0277563773 19.0 31.064449134 26.0 45.0 25.9422435421 26.0768096208 22.803508502 22.5610283454 57.0788927713 31.064449134 29.1547594742 37.1618083521 35.77708764 13.3416640641 13.3416640641 17.691806013 17.691806013 21.4709105536 21.0237960416 42.7200187266 42.1900462195 18.7882942281 19.3132079158 30.5286750449 31.6227766017 16.2788205961 16.1245154966 15.8113883008 15.2643375225 15.5563491861 22.5610283454 10.0 10.0 30.0166620396 29.0 30.0166620396 30.2654919008 29.2745623366 53.0377224247 51.6236379966 
1585 117.004273426 20.0 18.0277563773 29.0172362571 21.0 41.0 27.7848879789 29.1547594742 24.7386337537 24.1867732449 58.0 32.3882694814 31.1448230048 37.5765884561 35.4682957019 11.1803398875 10.1980390272 17.0293863659 16.4012194669 26.4007575649 25.632011236 41.6773319683 41.1825205639 20.2484567313 20.6155281281 33.0151480384 29.8328677804 17.7200451467 17.2046505341 13.416407865 15.6524758425 17.691806013 24.1867732449 11.1803398875 11.1803398875 31.7647603485 29.0 30.886890423 34.0147027034 30.0665927567 52.4976189936 50.2095608425 
