Leaf
1534 130.003846097 21.0237960416 20.0997512422 35.0142828 22.0 39.0128184063 28.3019433962 26.9258240357 23.769728648 21.8403296678 64.0 32.5576411922 33.7342555869 39.3573373083 39.8120584748 12.3693168769 10.4403065089 18.4390889146 17.2046505341 24.3515913238 23.769728648 36.3593179254 37.7359245282 19.3132079158 18.3847763109 32.7566787083 30.886890423 17.7200451467 16.4012194669 18.4390889146 17.0293863659 19.8494332413 21.8403296678 11.1803398875 11.1803398875 29.4108823397 25.0199920064 26.6270539114 38.8329756779 37.1079506306 55.9016994375 55.1724568965 
333 115.06954419 19.0262975904 19.4164878389 33.0605505096 22.0227155455 38.0131556175 28.6530975638 29.1547594742 24.5153013443 24.3515913238 58.137767415 38.4707681233 39.3192065027 43.4626276242 44.9444101085 11.1803398875 11.401754251 16.2788205961 17.0293863659 20.2484567313 21.0237960416 39.4461658466 39.3573373083 19.4164878389 19.6977156036 29.206163733 30.4138126515 16.7630546142 18.4390889146 17.2626765016 17.4928556845 18.0277563773 24.3515913238 10.295630141 10.295630141 29.5296461205 28.0713376952 30.8058436015 33.6154726279 38.275318418 57.008771255 58.8982172905 
504 109.658560997 21.0237960416 19.2353840617 31.1448230048 24.0831891576 35.2278299076 28.3019433962 28.231188427 25.7099202644 24.3515913238 57.2188780037 32.9848450049 33.0151480384 39.4461658466 38.6005181312 12.1655250606 12.6491106407 17.691806013 17.8044938148 24.3310501212 23.0867927612 37.2021504755 36.4005494464 20.2484567313 19.6977156036 34.4093010682 30.886890423 17.0880074906 15.8113883008 15.2970585408 16.5529453572 17.691806013 24.3515913238 9.8488578018 10.0 25.0599281723 23.0867927612 24.2074368738 34.5253530033 30.5286750449 54.6717477313 52.8393792545 
121 119.03780912 19.0262975904 19.0 33.0151480384 23.0867927612 39.0512483795 25.5538646784 26.9258240357 21.8403296678 23.5372045919 60.0 35.1283361405 36.6742416418 40.4969134626 41.5932686862 11.401754251 12.0415945788 18.6010752377 17.691806013 23.4093998214 23.4093998214 41.5932686862 40.3112887415 18.3847763109 21.0237960416 30.5286750449 33.8378486314 16.1245154966 17.4928556845 17.2626765016 17.88854382 17.691806013 23.5372045919 11.1803398875 12.5299640861 27.4590604355 26.0 29.4108823397 32.6955654485 37.947331922 58.0086200491 59.5482997238 
175 114.070153853 20.0 18.1107702763 33.0151480384 23.0217288664 36.0138862107 25.5538646784 25.9422435421 23.0867927612 21.8403296678 58.0344725142 35.6931365951 35.1283361405 39.8246155035 38.6264158317 12.0 11.0453610172 17.691806013 16.4012194669 20.8806130178 21.1896201004 39.4461658466 38.4837628098 20.6155281281 20.6155281281 33.8378486314 31.064449134 17.4642491966 17.4928556845 16.2788205961 17.88854382 14.8660687473 21.8403296678 10.7703296143 10.8166538264 29.1547594742 26.0 27.4590604355 35.6931365951 31.9530906173 56.5685424949 53.0094331228 
311 116.068945028 22.0907220344 22.2036033112 30.0166620396 25.0 40.1123422403 29.4108823397 27.7848879789 22.5610283454 22.4722050542 61.0081961707 35.0570962859 36.1247837364 39.5600808897 41.2310562562 12.1655250606 13.152946438 19.1049731745 17.0293863659 21.8403296678 20.1246117975 36.6196668472 38.0788655293 18.6815416923 20.2484567313 31.384709653 33.1209903234 15.5241746963 17.2046505341 15.2970585408 17.88854382 18.4390889146 22.4722050542 10.4403065089 11.401754251 27.4590604355 24.0 25.2388589282 37.0 30.6757233004 57.9827560573 52.4976189936 
325 114.004385881 22.0907220344 20.2237484162 34.0587727319 27.0185121722 40.0 27.7848879789 27.2946881279 23.4093998214 22.1359436212 61.0327780787 33.1360830516 34.2344855372 39.3954312072 42.0475920833 13.3416640641 14.5602197786 19.8494332413 21.2602916255 22.1359436212 22.803508502 36.7151195014 38.8329756779 19.9248588452 19.6977156036 32.7566787083 31.7647603485 16.7630546142 17.2046505341 18.2482875909 18.0277563773 15.8113883008 22.1359436212 11.1803398875 12.0830459736 28.0178514522 26.0768096208 27.2946881279 35.1140997322 34.7850542619 55.2268050859 57.2800139665 
327 114.214710086 21.0237960416 20.0 34.0147027034 22.0227155455 39.0128184063 27.3130005675 27.2946881279 26.0 25.0 58.0344725142 36.3455636908 36.6742416418 39.3954312072 39.3573373083 11.0 11.0453610172 15.5563491861 14.8660687473 24.1660919472 23.0867927612 38.0131556175 39.6610640301 19.2353840617 19.3132079158 34.0 32.4499614792 18.4390889146 15.8113883008 16.7630546142 15.8113883008 19.7230829233 25.0 10.295630141 10.295630141 30.8058436015 27.1661554144 28.231188427 34.7850542619 30.8058436015 55.4436651025 54.4518135602 
362 115.004347744 21.2132034356 21.0950231097 29.0 25.0199920064 43.0 29.5296461205 28.6530975638 24.0416305603 24.0416305603 57.008771255 37.0540146273 38.0525951809 42.7200187266 42.3792402008 13.3416640641 12.1655250606 18.4390889146 18.3847763109 23.769728648 22.8473193176 39.6610640301 39.1152144312 22.1359436212 23.4093998214 33.2866339542 35.2278299076 14.5602197786 18.3847763109 15.5241746963 19.3132079158 17.0293863659 24.0416305603 10.8166538264 10.295630141 25.5538646784 24.0208242989 27.2029410175 32.3109888428 35.7351367704 57.3846669416 58.0 
511 116.017240098 21.2132034356 20.2237484162 32.0 21.0237960416 40.0124980475 27.2946881279 28.1780056072 22.4722050542 23.0867927612 58.0086200491 33.7342555869 34.2344855372 39.3573373083 37.6961536499 11.1803398875 10.0498756211 16.4012194669 16.2788205961 23.2594066992 22.8473193176 37.7359245282 36.8917334914 17.88854382 18.3847763109 31.7804971641 30.4138126515 17.4642491966 15.0 15.5241746963 15.2643375225 16.2788205961 23.0867927612 10.295630141 11.1803398875 25.2388589282 23.0 25.8069758011 34.205262753 32.8937684068 55.1543289326 53.8144961883 
526 113.004424692 21.2132034356 20.0997512422 31.064449134 23.0217288664 38.0 26.83281573 27.7848879789 22.8473193176 22.803508502 57.0350769264 34.3656805549 33.1360830516 39.8120584748 36.7695526217 12.1655250606 11.0453610172 18.4390889146 17.0293863659 21.9317121995 19.9248588452 41.1825205639 40.249223595 19.2353840617 18.6815416923 33.1058907145 29.6816441593 17.2626765016 16.1245154966 14.8660687473 15.8113883008 16.4012194669 22.803508502 11.1803398875 11.1803398875 30.5286750449 28.0 29.1547594742 35.6931365951 33.5261092285 56.5862174032 55.4436651025 
581 118.152443902 22.2036033112 20.0 30.1496268634 23.0217288664 36.1247837364 29.5465734054 29.6816441593 26.0 25.3179778023 58.2151183113 35.0570962859 33.3766385366 41.4366987102 39.3954312072 12.6491106407 11.401754251 18.0277563773 19.1049731745 22.360679775 22.2036033112 41.2310562562 40.3112887415 19.6977156036 19.4164878389 33.5410196625 30.61045573 16.1245154966 17.88854382 14.8660687473 17.2046505341 21.4709105536 25.3179778023 11.401754251 10.1980390272 29.4108823397 27.0739727414 29.0688837075 36.6878726557 35.4400902933 58.412327466 58.7962583844 
661 111.162043882 20.0997512422 19.0262975904 31.1448230048 24.0831891576 39.1152144312 26.9258240357 26.4196896272 25.079872408 24.7386337537 54.2309874518 35.0142828 34.5253530033 40.162171256 39.3573373083 12.3693168769 12.0415945788 17.691806013 16.2788205961 22.4722050542 23.0867927612 38.4707681233 37.4432904537 19.2353840617 20.2484567313 32.6496554346 32.8024389337 16.1245154966 16.5529453572 15.8113883008 16.1245154966 17.0 24.7386337537 9.43398113206 10.295630141 28.3019433962 26.0192236625 28.6530975638 32.2800247831 31.0483493925 53.9073278878 52.3450093132 
759 123.101584068 23.0867927612 21.2132034356 32.0156211872 22.0 40.0 27.7848879789 28.231188427 23.769728648 25.079872408 57.0788927713 33.7342555869 34.1320963318 38.9486841883 37.3363094052 12.0415945788 10.0498756211 18.4390889146 17.2046505341 23.769728648 23.769728648 38.9486841883 39.9624824054 17.4642491966 17.88854382 33.1058907145 31.7804971641 17.4642491966 15.6204993518 15.2970585408 14.7648230602 20.0 25.079872408 12.5299640861 12.0830459736 31.064449134 27.0739727414 28.1780056072 39.0512483795 33.1058907145 59.3969696197 58.412327466 
772 113.004424692 21.2132034356 22.2036033112 33.0151480384 22.0 38.0 27.2946881279 27.2946881279 22.4722050542 22.8473193176 59.0084739677 33.3766385366 34.5253530033 36.6742416418 38.0131556175 11.0 11.0 16.2788205961 16.2788205961 23.4093998214 23.4093998214 38.4707681233 39.4461658466 20.2484567313 20.2484567313 32.2490309932 33.1209903234 17.4642491966 18.0277563773 16.2788205961 18.3575597507 14.4222051019 22.8473193176 11.1803398875 10.7703296143 28.8444102037 26.0192236625 27.7848879789 32.5729949498 35.4400902933 54.0370243444 57.3149195236 
786 114.214710086 21.0950231097 22.2036033112 33.0151480384 26.0 42.0475920833 28.3019433962 28.1780056072 22.803508502 23.769728648 61.0327780787 36.3455636908 37.0540146273 42.0475920833 41.7851648316 13.152946438 13.152946438 21.2602916255 20.0 25.0 23.769728648 39.1152144312 40.8166632639 19.9248588452 20.6155281281 31.9061122671 34.0 17.4642491966 18.6010752377 16.2788205961 17.88854382 16.9705627485 23.769728648 13.6014705087 13.8924439894 27.7848879789 25.0 26.0768096208 32.8937684068 32.2024843762 57.3846669416 58.412327466 
867 115.0 20.0249843945 20.0997512422 31.0 23.0 40.0124980475 26.83281573 27.7308492477 24.3515913238 24.3515913238 55.0090901579 33.3766385366 33.1360830516 39.8120584748 38.6264158317 12.3693168769 11.401754251 17.0293863659 17.691806013 23.769728648 22.4722050542 38.5875627631 39.4461658466 21.0237960416 20.6155281281 34.1320963318 32.7566787083 16.7630546142 15.6524758425 15.8113883008 15.6524758425 18.0277563773 24.3515913238 10.8166538264 8.94427191 29.1547594742 27.0 27.7848879789 33.2415402772 30.083217913 56.0802995712 54.0370243444 
874 118.038129433 21.0950231097 19.1049731745 32.0 24.0 40.0 26.4196896272 26.4007575649 22.4722050542 23.4093998214 56.0089278598 33.5410196625 33.0605505096 39.3573373083 37.6961536499 12.1655250606 12.1655250606 18.3847763109 17.0293863659 24.3515913238 24.3515913238 37.4432904537 36.3593179254 18.7882942281 18.7882942281 32.6496554346 30.886890423 17.2626765016 16.6433169771 15.2970585408 15.6524758425 17.691806013 23.4093998214 10.7703296143 11.6619037897 28.8444102037 26.0 27.7848879789 38.8329756779 31.7804971641 56.7274184147 54.0370243444 
935 122.036879672 20.0 19.0262975904 34.0 25.0 37.0135110466 26.4196896272 27.3130005675 24.0416305603 25.2982212813 58.0344725142 33.3766385366 33.2415402772 39.3573373083 38.4837628098 13.152946438 12.1655250606 19.1049731745 18.4390889146 24.5153013443 24.0416305603 39.3573373083 40.7062648741 19.6977156036 20.1246117975 33.2866339542 32.7566787083 17.7200451467 15.8113883008 17.7200451467 15.2643375225 19.2093727123 25.2982212813 12.0830459736 12.0830459736 31.6227766017 28.0178514522 30.0166620396 38.8329756779 34.9284983931 56.5862174032 55.9732078766 
1029 114.0 21.0950231097 21.0237960416 33.0151480384 22.0227155455 37.0135110466 29.0688837075 29.0688837075 25.2982212813 26.2488094968 59.0084739677 35.3553390593 35.5105618091 40.3112887415 39.8120584748 11.1803398875 11.0453610172 17.0293863659 16.2788205961 21.1896201004 21.5406592285 37.1214223865 37.7359245282 20.2484567313 19.9248588452 32.7566787083 32.4499614792 17.2626765016 18.8679622641 16.4924225025 18.0277563773 18.3575597507 26.2488094968 10.295630141 9.8488578018 26.9258240357 25.0199920064 26.4196896272 31.384709653 32.3109888428 54.2033209315 55.3172667438 
1035 117.0 22.0227155455 21.0237960416 34.0147027034 25.0 40.049968789 29.1547594742 28.1780056072 25.0 25.2982212813 62.0080639917 35.3553390593 36.2215405525 41.1460812229 41.2310562562 13.152946438 12.1655250606 19.7989898732 17.8044938148 25.7099202644 24.6981780705 39.8246155035 42.5440947724 19.6977156036 20.591260282 34.4818792991 35.3553390593 18.0277563773 15.0 17.7200451467 14.7648230602 16.9705627485 25.2982212813 10.7703296143 11.6619037897 29.1547594742 27.0185121722 27.7848879789 32.9848450049 29.4278779391 55.2268050859 52.4022900263 
1061 121.148668998 21.0 20.0997512422 34.0147027034 22.0227155455 39.0512483795 26.0768096208 25.9422435421 23.0867927612 22.4722050542 60.0333240792 35.1710107901 34.1320963318 40.8166632639 38.275318418 12.0415945788 10.1980390272 18.3847763109 16.6433169771 26.2488094968 25.632011236 39.4461658466 40.7062648741 17.88854382 18.7882942281 33.1209903234 31.7647603485 18.6815416923 14.8660687473 16.4924225025 15.2643375225 18.3847763109 22.4722050542 11.1803398875 11.6619037897 30.2324329157 26.0192236625 26.9258240357 41.7731971484 31.304951685 60.8769250209 56.8594759033 
1064 114.01754251 21.0950231097 21.0237960416 31.0 23.0 40.0124980475 27.2946881279 26.0768096208 23.4093998214 22.1359436212 58.0344725142 32.3882694814 32.14031736 38.4837628098 38.0788655293 11.401754251 12.3693168769 16.9705627485 16.2788205961 21.0237960416 21.5406592285 37.4432904537 35.5105618091 21.0237960416 18.6815416923 34.4818792991 31.064449134 16.4924225025 16.5529453572 15.5241746963 17.2046505341 17.691806013 22.1359436212 8.0622577483 9.43398113206 27.4590604355 24.0 26.6270539114 34.5253530033 31.3209195267 53.8144961883 50.2493781056 
1087 112.01785572 19.0262975904 19.0 30.0 21.0237960416 38.0131556175 28.6530975638 27.7848879789 24.5153013443 24.5153013443 58.0086200491 34.0587727319 35.6931365951 38.275318418 39.8120584748 11.1803398875 10.0498756211 14.8660687473 14.8660687473 22.8473193176 22.4722050542 41.1460812229 41.1825205639 20.3960780544 20.3960780544 29.8328677804 30.4795013083 14.5602197786 18.8679622641 16.4924225025 20.0 18.8679622641 24.5153013443 10.0 9.8488578018 33.1209903234 32.0 33.5410196625 31.6227766017 35.6931365951 54.4058820349 57.2800139665 
1105 116.017240098 20.0997512422 20.0249843945 33.0151480384 23.0217288664 41.0121933088 28.6530975638 29.5296461205 23.769728648 25.7099202644 61.0 32.2490309932 32.5576411922 37.5765884561 37.1214223865 12.1655250606 11.0453610172 17.0293863659 16.9705627485 23.769728648 23.769728648 40.8166632639 39.4461658466 21.8403296678 23.0867927612 32.2024843762 34.205262753 16.4924225025 19.7230829233 17.7200451467 19.7230829233 17.2046505341 25.7099202644 11.6619037897 10.7703296143 26.9258240357 26.0192236625 28.8444102037 30.3644529014 35.6931365951 53.9073278878 55.8659108939 
1307 116.0 19.0262975904 19.1049731745 31.0161248385 22.0 36.0138862107 25.2388589282 26.4196896272 20.6155281281 21.8403296678 58.0086200491 34.2344855372 33.3766385366 38.0788655293 37.5765884561 11.0453610172 11.0453610172 18.0277563773 19.2093727123 22.1359436212 23.0867927612 38.4837628098 39.4461658466 18.7882942281 18.3847763109 31.384709653 30.0166620396 15.2970585408 15.6524758425 16.4924225025 15.8113883008 16.2788205961 21.8403296678 13.0 13.3416640641 28.8444102037 27.0185121722 29.1547594742 37.947331922 35.7351367704 57.4891294072 57.3846669416 
1315 117.153745139 19.0262975904 19.0 31.0161248385 21.0237960416 38.0525951809 26.4007575649 27.2946881279 24.3515913238 24.7386337537 55.0090901579 32.14031736 32.7566787083 36.7695526217 37.1214223865 11.1803398875 10.0498756211 16.4012194669 16.2788205961 23.769728648 24.3515913238 41.1825205639 38.4707681233 18.7882942281 18.973665961 31.384709653 30.8058436015 16.4924225025 15.2643375225 15.8113883008 15.8113883008 19.7230829233 24.7386337537 10.8166538264 10.4403065089 28.6530975638 28.0178514522 30.0166620396 32.7566787083 35.2278299076 54.4885309033 53.0754180389 
1362 119.104995697 20.0997512422 20.0 31.0 23.0 37.0135110466 26.9258240357 26.0768096208 21.8403296678 22.803508502 59.0084739677 33.1360830516 33.3766385366 38.0788655293 38.4837628098 12.1655250606 11.1803398875 16.2788205961 16.9705627485 21.5406592285 21.8403296678 39.8120584748 40.3112887415 16.7630546142 17.0880074906 28.6530975638 30.5286750449 15.2970585408 16.4012194669 16.2788205961 16.4012194669 16.2788205961 22.803508502 10.295630141 9.8488578018 30.0 27.0739727414 28.1780056072 36.6878726557 37.483329628 56.8506816142 57.3149195236 
1366 123.101584068 21.0 21.0950231097 33.0605505096 23.0217288664 41.0121933088 27.7848879789 29.0688837075 25.0 25.2982212813 60.1331855135 32.7566787083 33.1360830516 38.0788655293 37.6961536499 12.0415945788 11.1803398875 18.4390889146 18.6010752377 25.2982212813 26.0 41.3400532172 40.7062648741 19.2353840617 20.591260282 34.4818792991 34.885527085 18.973665961 14.2126704036 15.5241746963 14.8660687473 19.1049731745 25.2982212813 13.0 13.0 28.1780056072 27.0739727414 29.4108823397 36.3455636908 32.0156211872 57.3846669416 53.9073278878 
1368 123.016259088 23.3452350599 22.0907220344 32.0156211872 21.0 40.0124980475 29.6816441593 28.0178514522 22.1359436212 21.8403296678 64.0702739186 33.5410196625 32.3882694814 38.0131556175 36.2491379208 11.0453610172 10.0498756211 16.2788205961 15.6204993518 21.9317121995 21.4709105536 36.8917334914 37.7359245282 18.0277563773 18.6815416923 31.7804971641 31.384709653 17.4642491966 17.0293863659 15.8113883008 16.4012194669 18.3847763109 21.8403296678 9.8488578018 10.295630141 26.6270539114 24.0208242989 24.1867732449 35.4400902933 32.9848450049 55.8659108939 53.7587202229 
1386 118.004237212 21.0950231097 20.2237484162 33.0 23.0 41.0487515035 28.1780056072 29.5296461205 24.3515913238 23.769728648 60.0083327547 33.5410196625 33.2415402772 39.3573373083 38.0788655293 12.1655250606 11.1803398875 19.1049731745 17.2046505341 21.0237960416 19.2353840617 37.8021163429 36.7151195014 23.3238075794 19.9248588452 37.5898922584 30.5286750449 17.7200451467 15.8113883008 16.7630546142 17.2046505341 19.8494332413 23.769728648 11.7046999107 11.1803398875 26.0768096208 23.0217288664 25.8069758011 37.6430604494 33.8378486314 59.4642749893 54.5618914628 
1404 116.0 20.0249843945 20.0 35.0 22.0 35.0142828 27.2946881279 27.2946881279 24.0416305603 25.0 61.0 34.5253530033 34.7131099154 39.8120584748 40.249223595 11.1803398875 11.1803398875 17.8044938148 17.8044938148 25.0 25.7099202644 38.9101529167 38.4707681233 18.3847763109 18.3847763109 31.384709653 31.9061122671 17.4642491966 16.4012194669 18.4390889146 17.0293863659 17.2046505341 25.0 11.1803398875 10.7703296143 27.2029410175 24.0208242989 26.0768096208 34.4818792991 35.1710107901 55.4436651025 55.2268050859 
1419 117.038455219 20.0249843945 20.0 32.0156211872 22.0227155455 37.0540146273 26.6270539114 27.4590604355 21.5870331449 23.5372045919 62.0 32.3882694814 32.3882694814 37.5765884561 36.6742416418 11.1803398875 11.0453610172 18.0277563773 18.4390889146 24.3515913238 25.0 39.3954312072 39.9624824054 17.0880074906 18.973665961 30.0166620396 31.6227766017 17.2626765016 17.0293863659 15.5241746963 16.6433169771 16.9705627485 23.5372045919 12.0830459736 12.6491106407 29.6816441593 28.0713376952 29.9666481275 36.4005494464 33.7342555869 56.7274184147 55.8659108939 
1476 117.273185341 21.0237960416 22.2036033112 31.1448230048 22.0227155455 38.1182371051 31.064449134 29.0688837075 25.3179778023 24.6981780705 61.0737259384 33.2415402772 35.3553390593 37.1618083521 40.3112887415 11.0453610172 11.1803398875 14.8660687473 15.5563491861 22.803508502 22.360679775 36.8917334914 38.4707681233 21.0950231097 19.6977156036 30.4795013083 33.5410196625 13.9283882772 19.4164878389 18.1107702763 18.8679622641 17.8044938148 24.6981780705 9.43398113206 8.60232526704 25.0599281723 24.0831891576 27.8028775489 31.9530906173 39.2937654088 53.8144961883 58.6941223633 
1532 119.0 19.1049731745 20.0997512422 31.0 23.0 40.0124980475 27.2946881279 26.4196896272 22.803508502 22.1359436212 57.008771255 33.3766385366 33.1360830516 39.8120584748 38.6264158317 12.3693168769 11.401754251 16.9705627485 16.2788205961 21.0237960416 21.5406592285 40.3112887415 39.4461658466 21.1896201004 21.1896201004 31.6227766017 32.4499614792 17.0880074906 16.6433169771 16.1554944214 16.1245154966 16.2788205961 22.1359436212 10.0 10.0 29.6816441593 27.0185121722 28.6530975638 33.7342555869 32.9848450049 55.1724568965 54.4885309033 
1606 121.066097649 20.0249843945 21.0 34.0587727319 23.0217288664 42.0119030752 28.1780056072 30.5286750449 25.0 26.4764045897 63.0079360081 32.2490309932 31.7804971641 38.4837628098 37.5898922584 12.3693168769 11.1803398875 18.6010752377 18.4390889146 26.0 25.632011236 37.7359245282 38.0131556175 18.7882942281 20.6155281281 32.2490309932 34.6698716467 17.7200451467 15.0 18.3847763109 15.0 17.691806013 26.4764045897 12.5299640861 12.0830459736 27.0185121722 23.0217288664 26.6270539114 32.5729949498 35.5105618091 53.1507290637 54.5618914628 
1616 122.016392341 19.0262975904 18.0 32.0 22.0 33.0151480384 28.8444102037 28.8444102037 23.1948270095 24.0831891576 64.0 33.3766385366 33.3766385366 37.5765884561 37.5765884561 11.0453610172 11.0453610172 18.6010752377 18.6010752377 24.5153013443 25.7099202644 39.0 39.3573373083 20.8806130178 19.9248588452 31.4006369362 30.61045573 17.4642491966 19.4164878389 15.5241746963 17.4928556845 18.0277563773 24.0831891576 12.6491106407 13.9283882772 30.886890423 29.0172362571 29.9666481275 39.6232255123 35.6931365951 57.2800139665 55.8659108939 
1637 118.067777145 20.0249843945 21.0 32.0156211872 24.0 41.0121933088 26.4196896272 28.8444102037 23.0867927612 24.5153013443 61.0 31.2569992162 30.2654919008 38.4837628098 37.5765884561 12.6491106407 12.6491106407 17.8044938148 19.1049731745 22.360679775 22.1359436212 41.1825205639 40.8166632639 17.0 18.0277563773 31.304951685 31.9061122671 17.2626765016 15.0 15.5241746963 15.8113883008 18.4390889146 24.5153013443 10.0 10.295630141 27.4590604355 26.0192236625 28.3019433962 33.2415402772 35.5105618091 56.639209034 55.8659108939 
