Leaf
42 117.0 23.0867927612 22.0227155455 37.0 26.0192236625 48.0416485979 30.5286750449 29.1547594742 25.0 25.0 68.0073525437 37.1214223865 38.8329756779 42.1544778167 44.2944691807 13.152946438 13.0384048104 17.691806013 17.0293863659 22.825424421 23.7065391823 43.2666153056 41.6173040934 22.5610283454 23.0867927612 34.4093010682 35.8050275799 17.7200451467 20.8086520467 20.6155281281 21.400934559 17.2046505341 25.0 10.6301458127 11.401754251 20.6155281281 19.0262975904 22.627416998 25.9422435421 29.5465734054 55.8032257132 56.0802995712 
19 120.0 21.0950231097 21.0237960416 32.0156211872 25.0199920064 40.0 31.304951685 31.304951685 26.9258240357 27.892651362 60.0083327547 35.2278299076 35.1283361405 41.2310562562 40.3112887415 12.3693168769 13.152946438 20.6155281281 19.2093727123 23.0867927612 22.4722050542 41.6773319683 40.7062648741 24.0416305603 22.803508502 35.0 34.205262753 16.7630546142 20.1246117975 17.0880074906 18.8679622641 18.8679622641 27.892651362 12.0830459736 12.5299640861 27.7848879789 27.0185121722 29.6816441593 34.4818792991 37.1079506306 58.0517010948 58.7281874401 
29 119.004201606 21.0950231097 20.0 36.0138862107 27.0 49.0102030194 28.6356421266 27.7308492477 25.632011236 26.2488094968 60.0333240792 36.3455636908 35.2278299076 42.4852915725 40.718546143 14.1421356237 13.152946438 21.400934559 22.0227155455 28.1780056072 27.5136329844 42.4381903478 42.201895692 21.0950231097 20.591260282 35.77708764 34.9857113691 19.6468827044 15.2643375225 18.0277563773 13.8924439894 19.8494332413 26.2488094968 14.4222051019 14.3178210633 26.9072480941 21.0237960416 25.6124969497 31.0161248385 28.6356421266 57.6281181369 56.4003546088 
54 119.03780912 22.2036033112 22.0227155455 36.0 24.0208242989 47.0425339454 33.1209903234 32.2490309932 26.6833281283 27.6586333719 68.0073525437 34.3656805549 35.6931365951 40.718546143 41.5932686862 12.3693168769 12.1655250606 20.2484567313 20.6155281281 27.2946881279 26.9258240357 42.5440947724 43.6004587132 24.5153013443 24.5153013443 34.205262753 35.4682957019 18.0277563773 21.6333076528 19.9248588452 22.803508502 17.8044938148 27.6586333719 13.0384048104 13.0 30.0 26.0768096208 29.1547594742 30.083217913 32.0156211872 56.6127194189 58.0 
55 119.03780912 21.0237960416 21.0237960416 35.0570962859 24.0208242989 42.1070065429 30.2324329157 31.064449134 24.3310501212 25.3179778023 69.0072459963 36.2215405525 35.6931365951 42.1544778167 41.5932686862 12.3693168769 12.1655250606 21.6333076528 20.8086520467 23.4093998214 26.0 40.7062648741 40.2243707222 19.6468827044 22.4722050542 31.6227766017 35.2278299076 16.2788205961 19.4164878389 19.6468827044 19.4164878389 17.0293863659 25.3179778023 13.0 14.3178210633 28.8444102037 27.0185121722 29.5296461205 34.5398320783 34.5398320783 58.412327466 60.207972894 
73 122.102416029 23.0217288664 22.0227155455 37.0135110466 26.0192236625 46.0434577329 27.7848879789 28.1780056072 24.6981780705 25.632011236 64.0 36.8781778292 36.1247837364 43.4165866922 40.3112887415 13.152946438 13.0384048104 19.8494332413 19.1049731745 24.5967477525 24.6981780705 44.1021541424 41.3400532172 19.6977156036 22.360679775 35.3553390593 37.2155881319 20.2237484162 19.2093727123 17.4642491966 17.4642491966 17.691806013 25.632011236 12.5299640861 13.416407865 28.8444102037 27.0 29.1547594742 31.7804971641 30.8706980809 56.5862174032 57.8013840665 
159 127.062976512 23.0217288664 22.0 37.0540146273 25.0199920064 49.0102030194 28.3019433962 28.0178514522 24.3515913238 23.769728648 68.066144301 39.2045915678 38.8329756779 43.4626276242 42.9418211072 13.0384048104 12.0 18.3847763109 16.9705627485 24.1867732449 24.1867732449 44.6542271235 43.2666153056 21.0237960416 22.1359436212 36.7151195014 35.8050275799 19.4164878389 18.0277563773 18.973665961 18.6010752377 16.9705627485 23.769728648 11.6619037897 13.0384048104 33.2866339542 28.0 32.7566787083 34.3656805549 33.2415402772 58.6941223633 56.5685424949 
179 121.498971189 21.3775583264 20.0249843945 33.1360830516 23.0867927612 42.1070065429 32.3109888428 28.8444102037 27.5136329844 25.3179778023 61.6603600379 40.1123422403 39.6232255123 45.2216762184 44.283179651 11.401754251 12.0415945788 19.7230829233 19.8494332413 24.1867732449 23.0867927612 41.629316593 43.0116263352 23.2594066992 21.5870331449 35.3553390593 33.3016516107 18.2482875909 19.6977156036 16.1554944214 18.0277563773 19.4164878389 25.3179778023 13.0384048104 13.0 30.0 27.1661554144 27.3130005675 37.6961536499 31.3209195267 61.400325732 58.6941223633 
312 129.096862859 22.2036033112 23.1948270095 36.0138862107 28.0178514522 48.0 30.4138126515 31.9061122671 25.2982212813 24.7386337537 67.007462271 35.1283361405 35.3553390593 40.718546143 42.4852915725 14.1421356237 14.3178210633 20.5182845287 21.2602916255 25.079872408 26.0 44.1021541424 44.1021541424 24.1660919472 22.4722050542 37.2155881319 35.8468966579 18.973665961 17.88854382 18.6815416923 18.8679622641 16.9705627485 24.7386337537 12.5299640861 12.0830459736 28.3019433962 26.0 28.8444102037 34.4818792991 36.4965751818 61.554853586 60.141499815 
346 122.004098292 22.360679775 22.2036033112 36.0 25.0199920064 38.0131556175 28.6530975638 26.9258240357 22.4722050542 21.5406592285 64.0312423743 38.3275357935 39.4588393139 44.3846820423 45.1884941108 12.3693168769 13.152946438 20.8086520467 20.6155281281 25.2982212813 24.5153013443 34.1320963318 34.4093010682 19.6977156036 19.6977156036 33.1058907145 33.5410196625 17.1172427686 18.3575597507 19.1049731745 19.4164878389 16.9705627485 21.5406592285 12.0830459736 13.0 22.6715680975 20.0249843945 21.400934559 36.7151195014 40.3112887415 56.8506816142 59.4138031101 
421 119.205704561 20.0997512422 21.2132034356 33.0605505096 27.0739727414 42.0475920833 28.8444102037 28.6356421266 22.360679775 24.6981780705 61.1310068623 38.1182371051 38.1182371051 43.0813184571 45.3100430368 13.152946438 14.5602197786 20.5182845287 21.400934559 23.3452350599 25.495097568 41.3400532172 42.0594816896 19.4164878389 20.591260282 29.4108823397 34.4383507154 15.5241746963 18.6010752377 18.1107702763 17.88854382 17.0293863659 24.6981780705 12.6491106407 13.8924439894 26.4196896272 26.0768096208 29.4108823397 31.384709653 41.4366987102 58.8217646794 65.8559033041 
544 125.063983624 23.0 22.0 34.0 25.0199920064 43.0116263352 32.7566787083 32.6496554346 28.6356421266 29.8328677804 66.0075753228 36.4965751818 35.1283361405 40.7062648741 39.0 13.0 12.0415945788 19.8494332413 20.0 28.1602556807 28.7923600978 42.4381903478 40.7062648741 25.0 25.632011236 38.4187454246 39.2045915678 18.0277563773 20.591260282 18.0277563773 19.6977156036 21.2602916255 29.8328677804 14.3178210633 14.3178210633 30.886890423 27.0739727414 32.2024843762 35.2278299076 32.9848450049 57.3149195236 54.8178802947 
652 125.003999936 23.1948270095 22.2036033112 33.0151480384 23.0217288664 44.0113621693 30.8706980809 30.8706980809 26.9258240357 26.5706605112 59.0084739677 38.3275357935 36.3455636908 43.0813184571 42.5440947724 11.1803398875 12.3693168769 17.8044938148 19.2093727123 23.2594066992 23.7065391823 37.4432904537 39.4081209905 21.5406592285 21.9317121995 35.3553390593 35.3553390593 15.8113883008 16.5529453572 18.973665961 16.6433169771 18.8679622641 26.5706605112 11.6619037897 11.6619037897 25.2388589282 23.0 25.8069758011 34.5398320783 34.5398320783 57.3149195236 58.7281874401 
680 120.266371027 21.0 21.2132034356 33.0605505096 26.0192236625 44.0454310911 28.8444102037 30.4630924235 24.5153013443 26.5706605112 61.2943716829 38.2099463491 39.1152144312 42.5440947724 44.0113621693 13.0384048104 13.152946438 19.7989898732 19.2093727123 23.769728648 25.0599281723 44.1021541424 43.8292140016 20.6155281281 22.8473193176 32.8024389337 34.9857113691 16.4924225025 19.4164878389 17.1172427686 20.6155281281 17.0293863659 26.5706605112 12.6491106407 13.6014705087 31.384709653 31.1448230048 33.2866339542 30.8058436015 35.4400902933 57.3149195236 60.3075451333 
709 126.396202475 23.0 23.1948270095 33.1360830516 24.0831891576 44.1021541424 30.8058436015 31.7647603485 25.495097568 26.2488094968 66.2721661031 37.483329628 38.1182371051 41.1460812229 42.7200187266 12.0 12.1655250606 16.2788205961 17.691806013 25.632011236 25.495097568 42.8018691181 41.1460812229 24.0416305603 22.8473193176 37.8021163429 36.7151195014 16.1554944214 18.7882942281 18.2482875909 20.1246117975 18.3847763109 26.2488094968 11.1803398875 10.8166538264 29.0688837075 26.1725046566 30.61045573 32.3882694814 37.6430604494 57.3149195236 59.6657355607 
744 119.419428905 22.0907220344 22.2036033112 35.0570962859 25.0199920064 41.0121933088 31.064449134 29.9666481275 24.5153013443 25.632011236 65.06919394 38.8329756779 39.0512483795 45.1774279923 44.2718872424 13.152946438 12.3693168769 19.8494332413 20.0 25.0 25.632011236 41.0487515035 39.3573373083 21.5870331449 21.9317121995 33.0151480384 35.3553390593 18.6815416923 20.6155281281 17.2626765016 18.7882942281 17.691806013 25.632011236 12.0830459736 12.0830459736 29.0688837075 27.0739727414 30.2324329157 36.8781778292 34.885527085 60.141499815 59.640590205 
751 120.066648158 21.0950231097 21.2132034356 31.0161248385 23.0 39.0 31.064449134 30.0166620396 24.3310501212 23.769728648 63.0079360081 36.2215405525 37.2155881319 40.8533964316 42.1544778167 11.1803398875 12.1655250606 17.691806013 17.0293863659 23.0867927612 23.769728648 39.4461658466 38.9486841883 22.360679775 23.0867927612 32.0156211872 33.8378486314 15.5241746963 21.0950231097 16.2788205961 21.0237960416 18.3847763109 23.769728648 10.295630141 10.8166538264 27.2946881279 26.0192236625 28.8444102037 33.2415402772 37.6961536499 57.4891294072 60.3075451333 
764 125.0 24.0831891576 23.0217288664 35.0 29.0 51.0392006207 32.4499614792 31.064449134 25.7099202644 25.7099202644 70.0071424927 40.049968789 40.1995024845 45.8802789878 47.0106370942 14.3178210633 15.2970585408 19.7989898732 20.5182845287 21.0950231097 22.825424421 49.3963561409 47.1699056603 23.5372045919 24.0416305603 35.8050275799 37.2021504755 18.4390889146 23.0217288664 17.4642491966 21.4709105536 16.9705627485 25.7099202644 11.401754251 12.2065556157 32.6496554346 31.064449134 34.6698716467 31.7804971641 34.4818792991 61.7170964968 63.1268564083 
827 125.143917151 21.0950231097 22.0227155455 33.0605505096 23.0217288664 41.0121933088 31.304951685 31.9061122671 26.9258240357 28.4429253067 64.0702739186 39.2045915678 38.4707681233 44.598206242 43.8634243989 11.401754251 12.1655250606 20.2484567313 20.0 25.079872408 24.3515913238 40.3112887415 39.9624824054 23.0867927612 23.3452350599 34.4093010682 35.3836120259 17.2626765016 21.4709105536 16.7630546142 21.6333076528 20.8086520467 28.4429253067 13.0 13.0 30.0 25.0199920064 28.0178514522 38.8973006776 35.4400902933 60.9590026165 56.639209034 
924 122.004098292 22.2036033112 21.2132034356 34.0 24.0 44.0113621693 30.886890423 30.886890423 25.0 24.7386337537 64.0 39.2045915678 39.4588393139 45.8802789878 46.6154480832 12.6491106407 12.6491106407 19.2093727123 19.2093727123 22.360679775 23.2594066992 42.0594816896 43.2666153056 21.5870331449 22.803508502 32.4499614792 33.0151480384 16.7630546142 19.4164878389 18.6815416923 20.8086520467 18.6010752377 24.7386337537 11.401754251 10.8166538264 28.6006992922 27.0185121722 29.1547594742 35.3411940941 35.4682957019 60.0 62.3698645181 
1085 119.104995697 21.2132034356 20.0249843945 33.0605505096 25.0199920064 41.0487515035 32.6955654485 31.7647603485 28.1602556807 27.4590604355 61.1310068623 39.1152144312 38.3275357935 44.598206242 43.8634243989 12.3693168769 13.152946438 19.4164878389 20.5182845287 25.079872408 24.7386337537 39.8246155035 39.6610640301 22.1359436212 22.360679775 33.2866339542 31.8904374382 17.2626765016 20.591260282 16.7630546142 20.8086520467 23.3238075794 27.4590604355 12.5299640861 12.6491106407 25.8069758011 23.0217288664 23.8537208838 36.6742416418 33.2866339542 62.0080639917 60.0 
1125 120.203993278 21.0237960416 20.0997512422 36.0555127546 26.0192236625 43.0464865001 30.5286750449 30.8706980809 25.495097568 26.9258240357 65.1229606207 35.5105618091 36.2215405525 40.7062648741 41.629316593 13.0384048104 13.152946438 17.691806013 18.3847763109 21.5406592285 21.0237960416 42.201895692 40.249223595 21.3775583264 22.803508502 32.0156211872 32.8024389337 18.973665961 20.5182845287 18.4390889146 21.6333076528 20.6155281281 26.9258240357 10.295630141 10.8166538264 27.2946881279 25.079872408 27.0185121722 32.0156211872 34.5398320783 57.9827560573 57.008771255 
1161 119.268604419 22.360679775 22.0907220344 32.14031736 25.079872408 45.0998891351 29.9666481275 31.384709653 24.6981780705 25.7099202644 61.0737259384 39.0 38.6393581727 44.6430285711 44.72135955 12.6491106407 13.152946438 19.4164878389 19.7989898732 24.1867732449 23.4093998214 39.6610640301 37.8021163429 20.2484567313 21.5870331449 32.6496554346 33.0151480384 16.2788205961 18.3575597507 17.0880074906 18.6010752377 17.2046505341 25.7099202644 11.401754251 11.6619037897 22.0227155455 20.0 23.6008474424 31.064449134 33.6154726279 58.0086200491 58.0 
1263 126.14277625 22.2036033112 22.0 37.0 25.0199920064 43.0 30.886890423 27.4590604355 25.0 24.0416305603 67.1192967782 35.2278299076 36.8781778292 42.1544778167 44.2944691807 12.6491106407 13.3416640641 19.2093727123 19.1049731745 22.8473193176 21.9317121995 37.7359245282 39.4081209905 21.5406592285 21.4709105536 34.4818792991 37.2155881319 18.4390889146 18.8679622641 19.4164878389 17.4928556845 18.3847763109 24.0416305603 10.295630141 10.295630141 25.6124969497 23.0217288664 26.0768096208 36.235341864 37.3630833845 59.0338885726 60.141499815 
1281 125.003999936 23.0217288664 22.0907220344 32.0 26.0 53.0 29.4108823397 31.064449134 23.769728648 24.5153013443 66.0302960769 38.1182371051 38.1182371051 44.9444101085 44.9444101085 13.6014705087 13.6014705087 19.1049731745 19.1049731745 25.8069758011 24.1867732449 48.5489443758 49.0917508345 18.973665961 19.9248588452 33.6154726279 32.7566787083 16.4924225025 17.2046505341 16.4924225025 18.0277563773 17.0293863659 24.5153013443 12.0415945788 10.8166538264 28.6006992922 25.0199920064 27.7848879789 30.8058436015 27.892651362 60.9590026165 61.0737259384 
1336 115.004347744 21.0950231097 21.0950231097 35.0 26.0 44.0113621693 31.7647603485 29.1547594742 26.6833281283 23.769728648 65.06919394 36.2215405525 36.3455636908 42.5440947724 42.9534631898 13.3416640641 13.3416640641 18.4390889146 19.7989898732 21.4709105536 21.5406592285 40.3112887415 41.6173040934 21.8403296678 20.6155281281 33.0151480384 31.6227766017 18.4390889146 20.8086520467 17.4642491966 20.0 18.6010752377 23.769728648 10.8166538264 10.295630141 27.0185121722 24.0831891576 26.4196896272 33.6154726279 31.9530906173 57.6281181369 58.7962583844 
1549 132.034086508 22.360679775 22.0907220344 32.0624390838 27.0739727414 47.0106370942 29.0688837075 30.2324329157 23.769728648 23.5372045919 62.0725382114 38.2099463491 38.0131556175 45.6946386352 42.3792402008 14.5602197786 13.152946438 19.8494332413 19.1049731745 22.4722050542 19.6977156036 41.0487515035 40.8044115262 21.0237960416 21.5870331449 34.4383507154 33.0151480384 19.2353840617 18.8679622641 13.9283882772 17.88854382 19.8494332413 23.5372045919 11.401754251 10.295630141 30.2324329157 26.0192236625 28.3019433962 40.8044115262 33.8378486314 64.3506021728 58.0 
1560 121.066097649 22.0907220344 23.1948270095 34.0 25.0 44.0113621693 28.3019433962 29.1547594742 23.0867927612 23.4093998214 64.0078120232 36.1247837364 36.4965751818 42.1544778167 42.9534631898 13.3416640641 12.3693168769 18.3847763109 17.691806013 21.9317121995 21.4709105536 40.8166632639 42.7200187266 19.9248588452 20.6155281281 32.7566787083 34.885527085 16.2788205961 18.8679622641 18.2482875909 18.8679622641 16.4012194669 23.4093998214 10.8166538264 9.43398113206 29.6816441593 28.0178514522 30.4138126515 31.0483493925 38.8329756779 53.8144961883 62.9682459657 
1577 128.00390619 22.0907220344 22.2036033112 36.0138862107 26.0192236625 54.0370243444 30.5286750449 30.886890423 24.7386337537 25.0 67.0 37.3363094052 37.3363094052 44.7772263545 43.8634243989 13.6014705087 13.3416640641 19.8494332413 19.1049731745 21.9317121995 21.400934559 49.9299509313 48.2597140481 19.9248588452 20.8806130178 32.7566787083 32.7566787083 18.4390889146 19.2093727123 18.6815416923 19.2093727123 19.7989898732 25.0 11.401754251 10.8166538264 32.2490309932 31.0 34.0 32.0624390838 33.0605505096 59.4138031101 60.141499815 
1581 120.066648158 21.2132034356 22.0907220344 32.0156211872 25.0199920064 45.0 30.0166620396 29.1547594742 23.769728648 24.0416305603 62.0322496771 39.0128184063 37.483329628 42.0594816896 43.382023927 12.0415945788 13.152946438 17.691806013 17.691806013 21.0237960416 22.825424421 42.1900462195 42.7200187266 19.2353840617 19.9248588452 28.8444102037 32.7566787083 14.3178210633 19.4164878389 18.4390889146 19.2093727123 18.6010752377 24.0416305603 10.295630141 10.8166538264 27.4590604355 25.0 28.0178514522 31.304951685 36.1386219992 59.4053869611 60.1082357086 
