Leaf
385 119.067207912 22.0227155455 23.0867927612 34.0147027034 25.0 42.0 30.0166620396 30.8706980809 25.9615099715 27.8567765544 62.0725382114 38.2099463491 39.3192065027 42.5440947724 43.4626276242 13.0384048104 12.0415945788 22.2036033112 21.6333076528 26.9258240357 27.8567765544 40.2243707222 38.0788655293 20.8806130178 22.4722050542 33.8378486314 36.3593179254 16.7630546142 18.0277563773 18.4390889146 19.7230829233 18.0277563773 27.8567765544 15.8113883008 16.1554944214 28.1780056072 26.1725046566 31.4006369362 30.4630924235 39.5600808897 56.2227711875 60.9590026165 
129 132.015150646 22.0 22.0227155455 35.0142828 25.0 41.0121933088 31.384709653 33.1209903234 27.6586333719 28.6356421266 67.0671305484 35.2278299076 36.4965751818 41.2310562562 43.382023927 12.3693168769 13.3416640641 19.4164878389 21.2602916255 28.1602556807 29.1204395571 45.6179789118 45.1774279923 23.0867927612 24.6981780705 36.4005494464 38.0131556175 18.0277563773 18.8679622641 18.6815416923 20.1246117975 19.2093727123 28.6356421266 12.5299640861 13.0 33.1209903234 31.0161248385 34.6698716467 36.1386219992 45.7055795281 61.2209114601 66.4830805544 
14 134.182711256 23.0 23.1948270095 37.0135110466 27.0 43.1045241245 29.6816441593 32.6496554346 25.9615099715 27.2029410175 68.1835757349 36.8781778292 37.0540146273 43.9089968002 41.7851648316 14.1421356237 13.152946438 22.803508502 22.2036033112 29.8328677804 27.5136329844 41.0487515035 42.0594816896 22.360679775 21.9317121995 38.5875627631 36.235341864 20.6155281281 18.0277563773 17.4642491966 17.88854382 19.8494332413 27.2029410175 16.1554944214 15.2315462117 31.064449134 27.0185121722 31.4006369362 44.9110231458 39.2173431023 64.5368112011 61.8465843843 
3 132.015150646 23.0867927612 23.1948270095 35.0 24.0 43.0 27.7848879789 28.6530975638 23.769728648 23.769728648 63.0079360081 34.5253530033 34.3656805549 39.3573373083 38.9101529167 12.0415945788 12.0415945788 19.2093727123 19.2093727123 26.9258240357 26.5706605112 43.0464865001 42.5440947724 19.2353840617 20.591260282 35.3411940941 36.2491379208 18.4390889146 15.8113883008 17.4642491966 15.6524758425 17.691806013 23.769728648 13.416407865 13.416407865 32.2490309932 30.0 31.384709653 38.3275357935 38.6264158317 62.2414652784 63.1268564083 
7 129.034879006 24.0 21.0950231097 37.0 29.0 42.0 27.2029410175 27.2946881279 23.4093998214 23.4093998214 66.0302960769 36.3455636908 36.1247837364 42.9418211072 41.629316593 15.1327459504 14.1421356237 23.3452350599 21.400934559 26.6833281283 26.9258240357 39.1152144312 39.1152144312 22.4722050542 23.8537208838 40.7062648741 38.4707681233 19.6468827044 15.6524758425 18.6815416923 15.8113883008 18.6010752377 23.4093998214 13.0 13.8924439894 28.4253408071 24.0208242989 26.4007575649 42.4499705536 38.0788655293 61.554853586 59.5482997238 
23 126.003968191 23.0217288664 22.0 34.0 24.0208242989 45.0 29.1547594742 29.6816441593 25.2982212813 25.7099202644 65.0 38.4707681233 39.2045915678 43.8634243989 43.0813184571 12.1655250606 12.0415945788 21.6333076528 20.8086520467 27.7308492477 25.632011236 41.6773319683 43.2666153056 20.6155281281 19.9248588452 35.8468966579 33.8378486314 18.4390889146 18.0277563773 16.4924225025 18.0277563773 17.691806013 25.7099202644 15.2315462117 15.2315462117 28.4253408071 23.0867927612 26.0768096208 35.8468966579 31.304951685 62.0080639917 60.8029604542 
36 131.015266286 24.0831891576 23.0867927612 34.0 26.0 41.0121933088 30.8058436015 31.4006369362 23.769728648 23.3452350599 71.0 35.5105618091 35.0570962859 41.5932686862 39.9249295554 13.152946438 13.152946438 22.2036033112 22.2036033112 27.5136329844 27.6586333719 41.6773319683 40.3112887415 22.1359436212 20.6155281281 36.3593179254 33.2866339542 19.6468827044 20.0 15.8113883008 18.0277563773 18.6010752377 23.3452350599 14.8660687473 14.8660687473 33.8378486314 29.0172362571 30.0166620396 43.4165866922 36.0555127546 61.619802012 58.137767415 
44 117.0 21.0950231097 21.0237960416 32.0156211872 25.0199920064 45.0111097397 32.2490309932 32.2490309932 26.4764045897 27.4590604355 64.0078120232 34.1320963318 36.2215405525 40.8533964316 42.5440947724 12.6491106407 13.3416640641 22.4722050542 22.2036033112 28.4604989415 29.1547594742 46.0651712251 46.6476151588 21.2132034356 20.6155281281 30.61045573 32.2024843762 16.7630546142 20.6155281281 16.4924225025 19.4164878389 18.6010752377 27.4590604355 14.3178210633 14.3178210633 32.7566787083 31.0 33.1209903234 31.0161248385 32.5729949498 59.076221951 61.8465843843 
47 125.0 22.0907220344 22.0907220344 31.0 24.0 44.0 27.2029410175 26.6270539114 20.8806130178 21.1896201004 62.0 39.1152144312 39.2045915678 44.598206242 44.9444101085 12.3693168769 12.3693168769 21.400934559 20.2484567313 21.9317121995 22.825424421 43.9089968002 43.9089968002 17.0880074906 17.0 31.304951685 32.6955654485 15.2970585408 15.8113883008 16.2788205961 14.4222051019 17.691806013 21.1896201004 13.0 13.416407865 32.7566787083 30.0 32.7566787083 35.8468966579 38.275318418 62.8012738724 63.8905313799 
49 124.100765509 22.0 21.0950231097 35.0142828 29.0172362571 41.0121933088 31.2409987036 31.9061122671 24.0831891576 25.3179778023 72.1110255093 37.1214223865 37.1214223865 42.5440947724 43.8634243989 14.1421356237 15.2970585408 24.4131112315 25.8069758011 27.4590604355 27.892651362 43.4165866922 43.8292140016 21.3775583264 21.5406592285 33.4215499341 34.1320963318 16.7630546142 20.0 19.4164878389 19.4164878389 16.6433169771 25.3179778023 17.0880074906 17.0880074906 30.4138126515 30.0166620396 32.2490309932 34.0147027034 35.8468966579 61.400325732 63.6003144646 
59 130.003846097 23.0867927612 22.0227155455 35.0 27.0 44.0 30.5286750449 30.5286750449 25.0 25.7099202644 67.0 36.2215405525 36.2215405525 42.0475920833 41.629316593 14.1421356237 13.152946438 19.8494332413 17.691806013 24.3515913238 24.6981780705 44.9444101085 42.9418211072 20.6155281281 22.1359436212 33.2866339542 35.2278299076 18.4390889146 20.6155281281 17.4642491966 19.7230829233 19.2093727123 25.7099202644 10.295630141 11.401754251 34.4818792991 31.0161248385 34.1320963318 38.6393581727 39.0512483795 62.2253967444 60.8769250209 
64 132.185475753 22.0 22.0907220344 37.0540146273 26.0768096208 45.1774279923 30.0 31.384709653 24.3310501212 25.7099202644 71.1758385971 37.6563407675 37.2155881319 43.8292140016 44.3846820423 13.152946438 13.6014705087 22.0227155455 22.4722050542 27.2029410175 26.4007575649 43.0116263352 43.8292140016 22.4722050542 23.2594066992 36.6196668472 37.2155881319 18.6815416923 18.8679622641 19.2353840617 20.1246117975 18.0277563773 25.7099202644 13.9283882772 13.8924439894 30.4138126515 27.0739727414 30.0 36.1386219992 35.4682957019 62.2253967444 61.400325732 
69 132.003787824 23.0867927612 23.0217288664 36.0 29.0 43.0116263352 29.6816441593 29.4108823397 24.0416305603 23.769728648 69.0072459963 36.1247837364 36.2215405525 42.0475920833 42.0475920833 15.1327459504 14.1421356237 23.6008474424 24.2074368738 28.1602556807 28.6356421266 43.0464865001 41.6773319683 20.6155281281 20.2484567313 35.3553390593 34.9857113691 18.6815416923 17.2046505341 18.6815416923 17.8044938148 19.7989898732 23.769728648 16.1554944214 15.8113883008 31.064449134 28.0 31.064449134 40.162171256 39.2173431023 64.4437739429 62.3698645181 
87 127.0 23.0867927612 23.0217288664 38.0 26.0 43.0116263352 31.7647603485 30.4138126515 27.2029410175 27.5136329844 67.007462271 40.6078810085 40.3112887415 46.5188133985 45.6946386352 13.152946438 13.152946438 24.4131112315 23.3238075794 28.8617393793 28.7923600978 41.3400532172 41.6773319683 22.8473193176 21.9317121995 37.2155881319 37.2155881319 20.6155281281 19.4164878389 18.6815416923 17.4928556845 18.4390889146 27.5136329844 16.4924225025 17.4642491966 30.2324329157 26.0 30.0 39.5600808897 36.7695526217 63.7808748764 60.605280298 
89 124.004032193 24.0831891576 23.0217288664 34.0147027034 27.0185121722 42.0119030752 31.9061122671 31.9061122671 25.9615099715 26.6833281283 68.0073525437 34.1320963318 34.2344855372 39.3954312072 39.3573373083 13.152946438 14.0356688476 19.8494332413 19.7989898732 25.2982212813 25.0 42.9418211072 43.0464865001 22.1359436212 21.8403296678 36.3593179254 35.2278299076 17.7200451467 18.8679622641 18.0277563773 18.6010752377 19.1049731745 26.6833281283 13.0 13.416407865 34.9857113691 31.0161248385 34.9857113691 35.1710107901 36.1386219992 59.0338885726 58.8982172905 
90 130.034610777 24.0831891576 24.0 33.0151480384 25.0 43.0 31.384709653 31.064449134 26.2488094968 26.9258240357 66.0302960769 39.1152144312 38.3275357935 43.6577599059 43.8634243989 12.1655250606 13.152946438 19.8494332413 19.2093727123 25.2982212813 26.0 42.7200187266 41.1825205639 21.1896201004 22.1359436212 35.8468966579 37.4432904537 16.4924225025 18.3575597507 17.7200451467 18.8679622641 20.0 26.9258240357 12.0830459736 13.0384048104 30.5286750449 28.0713376952 32.2024843762 38.0788655293 38.275318418 63.2534584035 61.0737259384 
115 129.034879006 22.0907220344 21.0950231097 37.0 27.0 44.0113621693 25.8069758011 26.6270539114 20.2484567313 20.8806130178 67.007462271 37.6563407675 37.1214223865 45.1774279923 43.0813184571 14.3178210633 13.3416640641 19.7989898732 19.1049731745 24.6981780705 25.2982212813 47.5078940809 44.72135955 17.4642491966 17.0880074906 32.2024843762 30.4138126515 20.0997512422 19.1049731745 17.1172427686 17.8044938148 17.8044938148 20.8806130178 11.401754251 11.401754251 32.7566787083 29.0172362571 31.6227766017 38.0788655293 36.6742416418 65.192024052 64.0702739186 
130 117.209214655 22.0 22.0907220344 33.0151480384 25.0199920064 42.0475920833 28.3019433962 29.5296461205 25.0 25.2982212813 62.0725382114 38.6393581727 38.0131556175 44.72135955 43.0116263352 13.152946438 12.3693168769 20.5182845287 19.4164878389 25.9615099715 26.0 45.6508488421 46.5188133985 19.3132079158 19.3132079158 34.1320963318 33.1209903234 17.4642491966 17.2046505341 16.2788205961 17.4928556845 18.4390889146 25.2982212813 13.0 13.0384048104 36.6742416418 34.0 35.3553390593 35.902646142 32.3109888428 62.3698645181 60.7453701939 
152 129.653384067 22.0227155455 23.5372045919 38.2099463491 26.0768096208 44.283179651 27.2029410175 29.1547594742 23.769728648 25.0599281723 65.6201188661 36.4965751818 38.4707681233 42.0475920833 46.5188133985 12.1655250606 14.5602197786 20.5182845287 20.8086520467 26.3058928759 26.9258240357 42.4381903478 44.72135955 18.0277563773 22.6715680975 33.2866339542 39.8497176903 16.7630546142 15.6204993518 22.0227155455 17.4642491966 16.2788205961 25.0599281723 12.3693168769 13.0384048104 31.7804971641 30.2654919008 34.8281495345 33.8378486314 46.5725240888 59.5482997238 67.8969807871 
153 120.266371027 23.0 23.3452350599 33.1360830516 26.0768096208 45.0444225182 30.0 30.0166620396 24.5153013443 23.4093998214 66.1891229735 36.4965751818 37.0135110466 42.4852915725 43.3243580449 13.152946438 13.6014705087 21.2602916255 21.6333076528 26.2488094968 27.3130005675 46.872166581 45.1884941108 19.9248588452 21.0237960416 34.6698716467 35.3411940941 17.4642491966 15.6204993518 17.4642491966 17.0 16.4012194669 23.4093998214 13.416407865 13.8924439894 31.7647603485 29.1547594742 32.2024843762 33.7342555869 34.1760149813 60.8769250209 61.0327780787 
201 128.097619025 23.0867927612 22.2036033112 34.0147027034 25.0199920064 43.0116263352 25.5538646784 28.6356421266 22.360679775 25.079872408 59.2114853723 36.4965751818 36.1247837364 42.4852915725 41.7851648316 13.152946438 12.3693168769 19.2093727123 20.6155281281 24.1660919472 25.2982212813 43.0464865001 41.6773319683 19.2353840617 19.2353840617 35.3411940941 34.0147027034 17.4642491966 15.2643375225 17.2626765016 16.1245154966 16.2788205961 25.079872408 13.0384048104 12.6491106407 30.5286750449 28.0 29.6816441593 38.3275357935 40.8533964316 62.2414652784 64.4437739429 
226 126.019839708 19.1049731745 21.2132034356 31.064449134 24.0831891576 43.1045241245 29.206163733 30.6757233004 25.0199920064 28.231188427 59.5399025864 36.1386219992 35.0570962859 42.5440947724 40.2616442784 12.1655250606 12.6491106407 23.3452350599 20.6155281281 29.0688837075 32.7566787083 48.5489443758 47.1699056603 22.2036033112 25.5538646784 32.5576411922 38.9486841883 15.6524758425 18.6010752377 17.7200451467 17.4642491966 17.2046505341 28.231188427 14.0356688476 15.8113883008 39.5600808897 38.3275357935 40.8166632639 38.3275357935 34.2344855372 60.0 57.008771255 
284 130.015383705 23.0217288664 24.0831891576 39.0 25.0199920064 45.0 28.3019433962 28.6530975638 24.3515913238 25.079872408 68.0073525437 35.2278299076 37.3630833845 40.3112887415 43.5660418216 12.1655250606 13.0384048104 19.2093727123 19.1049731745 27.2029410175 27.7308492477 44.9444101085 43.4165866922 19.6977156036 23.8537208838 35.3553390593 41.1460812229 17.7200451467 15.8113883008 22.5610283454 17.4928556845 17.8044938148 25.079872408 12.0830459736 13.416407865 33.1058907145 31.1448230048 36.8917334914 30.083217913 41.3037528561 59.4053869611 62.2414652784 
293 131.244047484 22.0907220344 22.0227155455 37.0540146273 24.0208242989 45.0111097397 29.5296461205 30.5286750449 25.2982212813 25.7099202644 67.0298440995 39.2045915678 39.0512483795 44.0113621693 44.2944691807 12.1655250606 12.0415945788 19.7230829233 21.2602916255 27.7308492477 26.5706605112 40.8166632639 41.6173040934 20.591260282 21.9317121995 35.77708764 36.3593179254 18.2482875909 17.0 19.6468827044 18.0277563773 18.3847763109 25.7099202644 14.7648230602 14.8660687473 31.2409987036 25.0 30.61045573 38.9101529167 41.2310562562 62.4259561401 62.2414652784 
445 119.268604419 22.0227155455 21.0237960416 33.0605505096 25.0199920064 42.1070065429 30.8058436015 31.384709653 26.3058928759 26.4764045897 67.1192967782 37.483329628 38.0525951809 42.4852915725 42.3792402008 13.0384048104 12.1655250606 19.8494332413 20.0 25.2982212813 23.769728648 46.6154480832 43.6577599059 23.5372045919 24.0416305603 36.1247837364 35.6089876295 18.0277563773 20.8086520467 16.4924225025 21.0237960416 17.2046505341 26.4764045897 13.416407865 13.0 33.2415402772 31.4006369362 34.4093010682 34.0587727319 33.7342555869 59.4642749893 55.8032257132 
479 131.061054475 23.0867927612 24.0 36.0555127546 26.0192236625 44.0454310911 30.886890423 31.6227766017 26.2488094968 26.6833281283 69.0651865993 39.3192065027 38.3275357935 45.3100430368 44.283179651 12.3693168769 14.1421356237 20.8086520467 21.2602916255 27.8567765544 28.1602556807 43.9089968002 42.1900462195 23.769728648 24.3515913238 37.7359245282 39.4081209905 19.2353840617 21.4709105536 17.7200451467 20.1246117975 18.4390889146 26.6833281283 13.0384048104 13.416407865 30.2324329157 27.0185121722 31.6227766017 37.6430604494 36.4005494464 61.7170964968 60.207972894 
486 128.249756335 24.0831891576 22.0227155455 36.0555127546 28.0178514522 46.0108682813 33.1209903234 30.2324329157 28.1602556807 26.4764045897 69.2603782837 41.0 40.7921561087 45.2216762184 46.5295604965 14.1421356237 14.0356688476 22.0227155455 21.2602916255 29.4108823397 29.4108823397 42.1900462195 42.4381903478 23.769728648 23.4093998214 38.5875627631 37.8021163429 17.4642491966 19.6977156036 19.9248588452 19.4164878389 19.1049731745 26.4764045897 13.416407865 14.3178210633 29.206163733 24.0208242989 28.8444102037 33.5261092285 35.5105618091 58.2580466545 58.6941223633 
566 124.064499354 21.0237960416 21.0237960416 35.0142828 25.0 41.0 30.0166620396 30.4138126515 25.7099202644 26.9258240357 64.0312423743 37.3363094052 38.3275357935 43.4626276242 44.7772263545 12.3693168769 13.3416640641 22.4722050542 23.0217288664 27.892651362 28.4604989415 41.0487515035 38.4707681233 20.2484567313 21.0237960416 33.2866339542 34.9857113691 16.7630546142 16.6433169771 19.4164878389 18.0277563773 18.4390889146 26.9258240357 14.8660687473 15.2315462117 29.1547594742 26.1725046566 31.2409987036 33.6154726279 40.8533964316 58.412327466 61.0737259384 
670 125.099960032 23.0867927612 23.0217288664 35.0142828 28.0178514522 47.0106370942 31.304951685 29.9666481275 27.5136329844 27.8567765544 62.0322496771 35.1283361405 35.2278299076 40.718546143 40.249223595 14.1421356237 14.0356688476 20.5182845287 19.7989898732 27.8567765544 27.5136329844 43.0464865001 43.8292140016 23.2594066992 23.7065391823 38.0788655293 39.4461658466 17.7200451467 17.4642491966 18.973665961 16.5529453572 17.8044938148 27.8567765544 12.0830459736 13.416407865 34.1320963318 31.064449134 33.5410196625 34.7850542619 34.7131099154 60.3075451333 59.3969696197 
777 121.004132161 24.0831891576 24.1867732449 39.0 26.0 39.0 28.6530975638 29.5296461205 25.079872408 25.079872408 67.007462271 34.9284983931 34.3656805549 41.6773319683 40.249223595 13.152946438 13.152946438 18.3847763109 18.3847763109 28.6356421266 28.8617393793 38.5875627631 38.0788655293 20.1246117975 20.1246117975 36.6742416418 36.2491379208 20.2237484162 18.6010752377 19.2353840617 18.0277563773 17.2046505341 25.079872408 10.295630141 11.6619037897 31.064449134 27.0 29.6816441593 39.2173431023 37.1618083521 60.207972894 59.0338885726 
787 126.099167325 22.360679775 21.0950231097 33.0 24.0208242989 47.0106370942 32.2024843762 29.5296461205 26.2488094968 25.0 61.0737259384 36.1247837364 37.483329628 41.7851648316 42.9534631898 12.3693168769 12.1655250606 19.4164878389 19.8494332413 25.9422435421 25.495097568 45.2769256907 44.9444101085 21.1896201004 21.5406592285 33.1209903234 34.1320963318 16.4924225025 18.3575597507 17.4642491966 18.3575597507 19.4164878389 25.0 12.2065556157 12.0830459736 31.064449134 30.0 32.2490309932 35.3411940941 36.6878726557 62.8012738724 63.7024332345 
830 125.195846576 21.3775583264 21.0237960416 36.1247837364 23.0867927612 44.1814440687 30.4138126515 30.5286750449 24.0416305603 25.495097568 66.1211010193 37.3363094052 36.8781778292 44.0113621693 42.9418211072 11.7046999107 12.1655250606 20.2484567313 19.2093727123 25.495097568 26.9258240357 46.0977222865 45.4862616622 19.3132079158 20.6155281281 31.304951685 32.2024843762 18.2482875909 18.6010752377 18.973665961 19.1049731745 19.2093727123 25.495097568 12.5299640861 13.416407865 32.2024843762 29.0688837075 31.7647603485 37.947331922 35.1710107901 63.6003144646 62.2896460096 
877 129.313572374 22.360679775 22.0227155455 35.0142828 25.0199920064 41.0121933088 28.6530975638 28.6006992922 22.4722050542 22.5610283454 66.0681466366 37.0540146273 37.8549864615 42.7200187266 43.8292140016 13.3416640641 12.1655250606 18.4390889146 18.3847763109 24.6981780705 24.0416305603 43.382023927 43.9089968002 20.1246117975 20.2484567313 34.0147027034 34.1320963318 18.4390889146 16.6433169771 17.7200451467 17.2046505341 17.691806013 22.5610283454 11.401754251 11.1803398875 32.7566787083 31.0161248385 33.1209903234 37.6961536499 38.8329756779 62.8012738724 61.5223536611 
886 126.015872016 21.0237960416 21.0237960416 36.0138862107 28.0 55.0090901579 30.5286750449 28.6530975638 25.495097568 25.0 66.0 33.2415402772 34.2344855372 41.1460812229 42.0475920833 14.5602197786 14.5602197786 19.7989898732 19.7989898732 23.8537208838 25.2388589282 55.5697759578 54.2033209315 22.5610283454 22.4722050542 33.4215499341 35.2278299076 18.0277563773 20.0 19.6468827044 19.4164878389 17.0293863659 25.0 11.401754251 11.401754251 37.5765884561 36.0138862107 38.0131556175 28.0713376952 29.1547594742 61.8465843843 62.4819974073 
911 128.390030766 22.0 22.360679775 34.1320963318 24.0208242989 43.0464865001 30.8058436015 32.6496554346 25.3179778023 25.9615099715 67.3646791724 34.9284983931 36.0555127546 40.3112887415 40.4969134626 12.0415945788 12.1655250606 19.1049731745 18.6010752377 24.3515913238 24.5967477525 45.2769256907 45.6179789118 22.5610283454 23.769728648 34.8281495345 35.8468966579 18.3847763109 19.2093727123 17.4642491966 19.6977156036 19.2093727123 25.9615099715 11.7046999107 12.5299640861 34.0 31.0161248385 31.9061122671 39.2045915678 36.6878726557 61.554853586 61.8465843843 
1017 133.0 23.0 24.0208242989 35.0 25.0199920064 46.0 30.886890423 31.7647603485 28.1602556807 28.4604989415 65.0076918526 38.3275357935 39.3192065027 43.4626276242 43.8634243989 12.1655250606 13.0384048104 18.4390889146 18.3847763109 27.3130005675 26.0 41.6173040934 40.4969134626 20.8806130178 22.1359436212 35.2278299076 36.8917334914 18.6815416923 19.2093727123 17.7200451467 18.8679622641 20.2484567313 28.4604989415 11.6619037897 11.6619037897 30.5286750449 26.0768096208 32.2024843762 36.8781778292 39.8120584748 59.3969696197 60.827625303 
1032 126.099167325 22.0907220344 21.0 33.0605505096 26.0768096208 48.0104155366 30.4138126515 29.6816441593 26.2488094968 25.495097568 63.1268564083 35.0570962859 35.3553390593 40.8533964316 40.249223595 13.3416640641 13.0384048104 22.0227155455 19.2093727123 26.83281573 25.079872408 42.1900462195 43.6004587132 21.1896201004 21.5870331449 34.1320963318 33.4215499341 17.4642491966 18.8679622641 17.0880074906 18.6010752377 20.8086520467 25.495097568 13.0 13.416407865 32.4499614792 29.0688837075 31.7647603485 34.7850542619 32.2800247831 59.5482997238 58.7281874401 
1066 131.003816738 24.0831891576 24.0831891576 35.0142828 22.0227155455 45.0111097397 28.8444102037 27.4590604355 23.4093998214 22.8473193176 66.0 36.8781778292 36.3455636908 41.5932686862 41.2310562562 11.0453610172 11.1803398875 19.2093727123 18.8679622641 27.3130005675 27.7308492477 44.6542271235 42.9418211072 24.5967477525 22.360679775 40.3112887415 38.4707681233 19.9248588452 17.88854382 16.7630546142 16.1554944214 17.0293863659 22.8473193176 13.0 13.416407865 33.1209903234 30.0665927567 33.0151480384 38.6005181312 36.6878726557 64.3816744113 59.6657355607 
1097 133.184083133 23.0217288664 22.2036033112 35.0570962859 26.0192236625 46.0977222865 30.2324329157 31.7647603485 24.7386337537 25.9615099715 67.186308129 36.3455636908 37.2155881319 42.0475920833 43.4626276242 13.152946438 13.3416640641 20.5182845287 20.0 25.2982212813 25.0599281723 46.6154480832 45.1884941108 21.1896201004 21.0237960416 35.5105618091 34.885527085 18.0277563773 17.2046505341 18.4390889146 17.4928556845 18.4390889146 25.9615099715 13.0 13.0384048104 32.2024843762 31.2569992162 35.0 39.2937654088 39.5600808897 65.7647321898 65.0 
1100 133.135269557 22.360679775 22.0 36.0555127546 27.0739727414 45.0444225182 30.4138126515 29.1547594742 24.3515913238 25.9615099715 65.1229606207 36.1247837364 36.4965751818 42.1544778167 42.0594816896 13.3416640641 14.0356688476 19.8494332413 19.1049731745 25.079872408 24.3515913238 46.0651712251 45.7930125674 20.1246117975 21.0237960416 34.0147027034 36.3593179254 18.4390889146 16.6433169771 18.973665961 15.8113883008 19.8494332413 25.9615099715 11.6619037897 13.0384048104 30.8058436015 29.0172362571 31.384709653 37.5765884561 38.8973006776 65.2150289427 65.8559033041 
1108 126.321019629 22.2036033112 21.0 33.1360830516 24.0831891576 44.1021541424 29.5296461205 30.61045573 24.3515913238 24.0831891576 66.1891229735 38.1182371051 37.483329628 43.6577599059 42.0475920833 12.3693168769 12.0415945788 18.6010752377 18.3847763109 25.0599281723 24.3515913238 46.0977222865 46.3249392876 21.9317121995 21.5870331449 35.3553390593 33.4215499341 18.2482875909 19.2353840617 16.1554944214 18.0277563773 17.691806013 24.0831891576 11.6619037897 12.5299640861 33.8378486314 31.1448230048 31.384709653 34.7850542619 31.7804971641 61.611687203 60.141499815 
1140 132.0 24.1867732449 22.0907220344 35.0 26.0 50.0099990002 29.4108823397 29.4108823397 22.1359436212 22.5610283454 69.0 37.3363094052 37.2155881319 45.1884941108 44.0113621693 14.5602197786 12.6491106407 20.5182845287 19.2093727123 24.1867732449 23.3238075794 49.9299509313 48.7647413609 19.3132079158 20.2484567313 34.4383507154 33.6154726279 18.4390889146 17.8044938148 17.4642491966 18.0277563773 17.0293863659 22.5610283454 11.6619037897 11.6619037897 34.9857113691 32.0 33.6154726279 37.6430604494 35.4400902933 68.0147042925 64.0312423743 
1176 134.0 20.0249843945 20.0997512422 35.0 23.0217288664 43.0464865001 26.9258240357 27.7848879789 22.803508502 22.803508502 63.0079360081 36.6742416418 35.3553390593 41.5932686862 40.3112887415 12.0415945788 11.1803398875 18.4390889146 18.6010752377 24.6981780705 24.5967477525 43.0464865001 44.2944691807 20.1246117975 20.1246117975 33.6154726279 33.1209903234 18.4390889146 16.6433169771 17.4642491966 16.1245154966 18.6010752377 22.803508502 13.416407865 13.416407865 34.0 31.0 33.6154726279 40.4474968323 35.6931365951 62.2896460096 58.7962583844 
1206 129.015502944 21.0237960416 21.0950231097 33.0 23.0 39.0128184063 28.3019433962 29.1547594742 23.769728648 23.769728648 63.0079360081 37.3363094052 37.3363094052 42.5440947724 42.1544778167 12.1655250606 11.1803398875 19.2093727123 18.6010752377 25.2982212813 24.3515913238 44.72135955 45.1884941108 19.3132079158 18.973665961 32.7566787083 31.384709653 16.4924225025 16.6433169771 17.4642491966 17.8044938148 19.8494332413 23.769728648 12.5299640861 13.0 34.4818792991 32.0 34.4818792991 41.0 39.2937654088 63.7024332345 63.2534584035 
1318 129.015502944 24.1867732449 23.1948270095 34.0147027034 26.0192236625 51.0392006207 28.6530975638 30.886890423 24.1660919472 25.2982212813 63.0079360081 38.1182371051 38.3275357935 44.0113621693 43.8634243989 13.3416640641 13.152946438 18.4390889146 19.1049731745 23.6008474424 22.825424421 45.7930125674 45.8039299624 18.3847763109 20.6155281281 34.0147027034 34.885527085 17.7200451467 15.6204993518 18.0277563773 15.8113883008 19.2093727123 25.2982212813 12.0415945788 10.8166538264 30.8058436015 28.0178514522 31.384709653 33.8378486314 34.205262753 61.0737259384 62.2414652784 
1371 132.0 23.0217288664 23.0217288664 35.0 25.0 42.0119030752 31.384709653 30.0166620396 26.9258240357 26.2488094968 66.0075753228 36.2215405525 36.4965751818 42.5440947724 42.9534631898 13.3416640641 12.3693168769 21.400934559 20.8086520467 27.892651362 27.8567765544 44.2944691807 45.1774279923 19.3132079158 20.591260282 34.4818792991 37.1214223865 16.4924225025 16.6433169771 19.4164878389 16.6433169771 19.8494332413 26.2488094968 13.0 13.416407865 33.2866339542 30.0 32.7566787083 37.6430604494 41.7731971484 61.8465843843 64.3506021728 
1502 132.136293273 23.0867927612 24.3310501212 35.0570962859 26.0192236625 44.0454310911 28.6530975638 29.9666481275 24.6981780705 25.495097568 62.128898268 38.4707681233 39.1152144312 44.283179651 44.9444101085 13.152946438 13.3416640641 18.4390889146 17.691806013 23.0867927612 23.7065391823 43.0116263352 41.5932686862 21.9544984001 21.0950231097 38.0131556175 37.6961536499 18.973665961 14.7648230602 17.4642491966 15.2315462117 17.691806013 25.495097568 8.94427191 10.6301458127 30.4630924235 29.2745623366 32.8024389337 36.1386219992 37.947331922 61.5223536611 60.3075451333 
