599446
613700
620447
607328
589814
615997
618218
587458
610642
589814
615072
592834
615475
610642
614883
602928
621562
634078
601643
603838
605127
598357
590716
638974
635020
606639
634464
609348
623793
619333
613961
593985
638974
610457
589816
611051
587460
590716
622865
595074
607330
609535
596166
622674
612154
599450
618216
622590
635205
635020
602743
612853
605127
621560
590716
595015
599635
589575
605127
610453
602928
605127
636717
618405
595078
615997
626610
598960
602739
618218
612154
615997
628269
632215
610457
591991
605127
605127
625098
607330
603840
598293
605127
612154
590661
604914
634464
623793
587458
605127
595078
595078
633895
605127
617027
638974
591806
599450
610455
618805
602926
612154
608246
609945
636717
610457
636717
612637
595078
611485
617106
592893
600546
605127
637462
612154
617023
598357
595261
611559
605127
621475
635205
594170
600544
637275
603838
602743
596106
589633
604940
604868
606226
612154
611746
638974
612853
602739
605127
618218
630514
629393
592836
602743
617069
636150
632215
597261
627150
619516
617694
595078
597259
597202
612154
618138
632952
594170
612154
618405
602928
599450
630705
600544
595078
608244
639481
609348
599450
596355
605127
618405
629578
603342
607071
608173
634464
604027
618405
609945
638974
612668
591804
624827
607143
618218
599450
604440
618220
609945
591750
617291
605127
621747
625098
603773
638974
602673
614804
612595
599450
591991
604027
603840
602743
635020
607145
604872
588490
587458
605127
612154
587462
588545
603771
590720
589575
595015
625098
610384
605127
626213
605127
601578
605127
611746
627150
601578
614885
615997
637462
617025
612591
605127
622592
588547
606226
604940
587458
630705
601641
590716
622907
598353
612668
624913
601576
596166
632215
590716
609945
605127
622590
587458
612154
605127
610378
597448
635205
588536
603838
621475
620447
599450
604942
620447
623793
623793
607740
610642
597448
636146
625098
638407
590659
609945
588732
635205
615997
601647
604916
604940
605127
625098
607330
587641
596168
629391
621747
610642
597448
600524
601641
625098
611563
625098
596164
622674
590716
596168
618405
599450
603842
607143
638974
635020
614806
625098
601641
610642
589629
621562
598291
605127
624913
609348
612589
604440
604440
612853
596353
588587
613963
600731
605127
613260
592836
638974
603840
605127
629395
587458
621558
625098
633891
593981
605125
603769
588543
589575
599450
602671
587643
619250
605125
615961
605127
600546
623978
600731
622861
617106
611529
615475
587458
621477
605127
587641
595015
605127
610638
610642
601643
604027
638974
599637
609276
587456
632215
598355
638974
630518
605127
596168
606639
607071
609350
632215
589631
605127
637462
590718
597448
609535
599633
635205
591989
588732
638974
635205
600482
637462
596108
587458
621560
638974
610457
595076
610382
635205
622865
597448
609945
599450
638974
615997
602743
640668
608244
631550
635016
620363
626610
590718
596166
630518
636050
597444
596164
632765
590661
623837
605127
609348
589629
593983
601622
596168
607141
612154
612154
622676
615913
599450
629397
607328
612591
587458
605127
609945
605127
624911
617106
596166
605127
638974
595074
594172
621747
623793
604440
635203
617027
599450
636717
606226
609945
601643
615997
615997
597198
629580
626217
607330
632215
634464
598355
607740
634464
602928
599450
608246
617108
624913
618805
605127
605127
592893
605127
607073
590714
634464
625098
615919
638974
602671
615475
631548
631640
610457
636717
587458
608173
602785
613260
609945
635205
612154
591804
596168
593983
598538
606230
604440
594170
600544
595074
610378
638974
607145
603817
620447
605127
621558
609945
612154
620447
612154
612154
622861
598289
626610
635590
588728
591748
621560
612154
622676
623795
612154
605972
617025
603773
599635
614885
628182
605127
599450
620447
590716
621560
594168
609945
601643
622592
635590
623259
606226
612853
602743
614885
632215
599635
608246
597448
608248
618218
614883
609945
609945
605127
612154
612154
599635
601576
605127
608244
630705
638974
613963
597263
638974
622590
590661
637462
595259
638974
621560
588490
605127
615072
600482
614806
603773
588488
625941
605127
612154
618405
609945
620445
628849
602928
619333
593925
595061
589673
638974
629580
622674
601622
605127
634464
594170
598291
605127
638974
608246
609945
597448
599450
595074
612154
623259
601641
638590
610457
601641
603342
594170
638407
598540
609537
602743
604440
620447
600546
605127
588488
609945
637462
590718
607740
587458
612666
599450
604023
606639
601576
605127
598542
624869
609945
612154
599450
597448
605127
606039
601622
611746
626610
605127
612154
610457
628849
626610
615919
624913
618805
599450
587458
629393
596168
600544
605127
612668
604440
602928
613780
624913
604938
602928
618805
598335
627108
605125
602741
618218
605127
593923
611485
599450
625098
600544
602741
598355
628182
607143
615997
618218
630514
615997
612154
605127
604440
623793
589814
612154
621558
620447
636717
602928
628182
595072
599450
605125
610642
612154
589816
623706
609278
617023
587458
612154
625098
604440
635590
638974
612154
598357
618403
599635
591989
624911
599450
612637
615072
618405
628458
588545
595072
599450
638974
593969
617694
598538
618405
624375
588543
635020
597261
596168
609945
638590
607145
634464
638409
603884
606639
603342
597444
596166
629349
589631
598291
589629
613776
606639
628182
602743
614806
605127
638974
605127
635205
605127
589575
608246
611557
612154
604916
607145
612853
600524
595078
604870
609945
610380
605127
605125
606014
601643
618405
612154
615997
617029
597446
611559
605127
590716
602675
610642
600524
599450
623837
638407
636146
593927
607330
612154
624911
596164
603773
588543
596168
625989
628269
596104
589814
638974
623793
603342
589627
629393
590716
622676
596168
637462
593927
615997
638974
611561
599450
638974
609945
589816
600480
603773
621477
590716
620449
589573
613776
591804
632215
620447
609350
587456
615919
595072
599450
605127
612154
636717
605127
618218
638974
605970
617104
599635
612154
612154
588545
600524
624911
631642
615997
596108
612154
592893
600544
590244
605972
609945
609945
637462
634464
637462
629578
624375
628849
591806
610382
587456
617027
629397
635590
620447
598353
592895
588547
593983
617027
638974
598357
612154
597261
603838
624375
615999
605127
620447
589631
599387
604440
619252
596168
606226
589814
597444
600544
595078
609945
607740
609945
613776
600546
610382
597259
623795
613963
629393
599450
625098
612670
600480
602743
605127
627060
592834
615961
630516
587462
596166
618218
611559
605127
589673
599448
620447
626610
632763
627106
633841
599429
597259
609945
607073
626610
599450
623795
605127
604868
636717
588543
596168
624913
612154
617108
612154
610455
600544
621558
590720
607740
607740
618405
607071
605127
602743
605127
637176
607145
599633
618405
609350
603771
613776
632215
605127
590714
618405
592891
612666
620361
607073
612855
618216
599635
615993
603769
610455
621030
634080
598357
613696
633797
635205
613744
618405
621475
606639
607330
636146
631644
599450
605127
635020
615959
605127
599387
620630
599450
606226
596104
624913
637275
591993
601576
623259
606014
587458
601576
631546
602743
620447
609348
640668
620449
605127
599450
599450
626610
610642
602739
618405
610642
610426
622680
638407
607740
592834
596168
614806
599450
612154
618218
607330
602743
607117
608173
617694
623837
593985
611559
618218
612154
631550
590901
589631
588543
629580
599637
589631
610455
604440
605127
593969
638974
597448
608177
620447
602924
601578
596106
617029
638974
597448
599450
605127
598540
638974
605127
606226
638974
598540
625098
610642
595076
634464
590659
609280
622676
626610
606639
613961
605127
607145
597444
604938
602739
612154
612154
602743
600544
596168
599448
599450
622674
612154
615993
628269
605127
602673
605127
602675
607071
599429
596150
598538
607071
627108
613772
636717
602741
597259
605127
609276
626032
593927
637462
637462
637462
622676
608246
634464
604440
622863
612154
609945
612154
609945
609945
593983
604440
593983
638974
605127
610380
609945
627150
607328
625943
638974
605970
605125
596168
593078
610642
612851
609537
601643
600548
618405
638974
599635
606639
632763
605127
608244
635205
593985
612593
602741
613746
638409
590244
605127
623259
631829
630518
620447
612154
598355
618405
612154
638974
589814
623754
595261
609945
619252
638407
604025
590718
604938
588490
599450
609945
622592
625098
607328
596104
609535
605127
629622
599635
591750
611049
612154
593983
609945
617108
599450
590716
621558
602743
632215
597448
605127
607330
605127
605127
597198
600546
599450
604916
603838
625098
592834
590718
612154
601641
594170
608173
602743
589575
634925
624825
601574
622590
596106
598538
597200
593927
612851
626028
609535
615993
620445
603773
627062
635205
614885
601828
600482
596353
588728
589627
609945
607328
638405
612591
605970
600480
602743
607328
597198
632952
625943
636331
605127
611746
638407
635205
638974
635205
635205
637462
605127
596104
631640
613776
612154
604023
618405
618218
605127
625098
589575
615995
625098
635205
624375
607330
638974
638974
599385
588488
620447
618218
588732
591806
638974
609350
605127
605127
614885
630516
607071
632672
610455
599450
602928
622674
612154
605125
621030
620447
630425
623259
590903
621558
599450
636717
592838
602741
625098
605127
625098
605127
638974
638974
595078
605127
591748
599637
591989
591746
605972
628275
607330
594172
599637
622674
604914
635590
619516
638974
612154
623793
632674
612593
602928
605127
602928
635590
604916
605127
601641
612154
621745
612591
625941
612154
612154
591806
605968
615999
620445
613961
615913
599431
595074
602743
610457
605127
612591
606228
615993
613961
618184
635590
629391
599450
609945
621560
599385
609945
610640
611529
607145
600524
598293
609945
605127
589631
590716
617106
621475
588728
617694
641235
599450
638407
597448
589812
610380
599448
636331
590659
602928
613961
590659
612637
611529
612154
618403
593927
628849
606226
618805
597259
599450
618805
607143
602785
637462
607145
609945
632215
602743
638974
618264
589633
599450
607073
628182
605972
612154
638974
593969
612853
618405
610640
625941
589627
615961
603342
605127
610426
604916
612154
598538
607328
608246
595076
612154
596168
606639
590661
612853
635205
634464
623978
621560
599450
613963
590716
636717
625098
626032
613963
604872
617027
610642
605127
623795
599450
599450
609945
598351
596108
620447
620447
613963
597259
597444
598335
621477
621030
595017
595017
595259
630516
636717
599450
617293
606226
599450
597444
617025
612154
624375
599450
625945
610378
599637
604872
608244
607141
598293
591989
613774
638974
613961
606039
621747
587462
599637
598538
588543
596150
607141
603817
607330
589814
597444
609945
617291
595013
638974
589573
609945
591806
590663
596168
607071
589814
599633
599633
624869
602928
600544
601641
625943
612154
626610
625098
607330
618805
637277
595074
609945
635205
635205
604440
603342
623793
608246
615475
596166
613776
589629
604440
636717
623795
637462
598357
591804
617108
615997
593925
595078
597196
589575
588730
605127
589575
621560
592838
594170
592834
628456
598540
630701
590901
636717
624913
622674
638974
612591
600480
595261
611746
630514
623795
623259
620447
620443
611487
605127
634464
631548
606639
617027
618220
635205
607330
626030
605127
599633
638974
622863
589814
626213
597448
588534
591989
612154
603840
623259
600733
607143
631825
593080
609945
612591
609350
631548
589575
594172
638974
609348
614806
621030
624913
589631
606639
610382
599450
622861
590659
605968
607141
599450
628454
609348
595259
600546
625098
605127
612851
597448
621747
623793
613963
612154
612154
604025
592897
612154
599450
612637
620632
613698
615997
599637
603840
625098
609535
587458
620447
598293
629397
592891
599635
634464
619516
607330
635205
593925
618405
607145
602743
607145
620447
587458
599450
597867
596353
638974
591794
620447
599450
612154
616182
589631
615070
623795
595013
633841
618805
604440
602928
602928
610642
636717
601641
591748
636146
595076
587462
638974
638407
631827
636717
605125
638974
617104
612595
620407
623259
609945
587643
619516
589631
615070
635205
638407
610642
605127
624909
599635
612855
624823
593925
638974
608429
595076
636717
587645
619296
596775
612154
601578
609276
600480
638974
607073
634078
609945
638974
612637
602741
602743
612591
610642
605127
618218
635205
617110
614808
587645
609533
618220
635205
592836
590244
606014
612154
605968
615997
619333
624913
600548
589631
627150
630703
605127
619248
590716
590718
612154
620363
612154
595074
638407
603840
635020
602743
599450
599385
589816
605127
599450
636717
589631
637275
589575
621747
620447
609350
609945
599429
599450
627062
591804
609945
623980
605127
606226
629397
617108
621558
602743
599450
608429
599383
625098
608173
621558
629395
596775
589629
610642
614885
587458
622590
605127
592897
594172
606043
612154
638974
605127
609945
595015
634464
612154
631550
605127
635205
615997
614885
612154
598337
629391
634464
605127
602743
588728
612154
610457
607330
613696
609945
600546
602741
599450
605127
601574
605127
619248
626219
609350
589575
612154
604938
624913
588490
596168
606039
609350
612154
606224
596168
631829
607145
638974
615072
602739
614883
605127
612154
607141
607740
635590
612154
603769
626217
595078
600524
596166
605127
590716
636050
592891
599450
637462
587458
620447
596168
623978
626030
593925
618216
632215
638974
604942
609945
612672
587458
632215
638974
590716
596353
601641
635205
607145
595078
621562
612154
637462
620361
601643
590720
618138
598355
636717
620447
612154
607145
615961
615915
605127
634464
634464
602743
605127
607330
602928
637462
613696
627335
602739
617027
623837
638974
590718
638974
613746
619296
603773
625098
596152
618218
599450
593080
601641
618216
605127
600480
622863
615997
636717
599450
611746
590901
602743
635590
599450
612154
595261
596168
638974
611559
620447
614806
635205
609280
594170
618218
617025
587641
592893
638974
623795
600482
606228
605125
589814
636717
611485
609945
620447
618218
609945
602928
612593
620447
615917
596106
607330
623793
610642
622674
602743
622865
606043
602743
620445
636717
612154
623706
607073
613776
610642
610457
613963
597448
601643
617027
610457
621475
605127
634464
588732
630516
591802
604025
638974
609945
588732
593927
618140
599450
615997
611746
607330
605127
609945
600480
638974
605127
605127
602673
603773
589814
589814
620447
616584
638974
589575
624823
607330
589575
605127
606639
598351
605127
636717
619518
596150
618405
594172
607330
619516
605127
601622
622594
607328
638974
615997
614806
589627
601641
593080
629580
636717
636717
607143
596353
610378
591806
606018
605970
600480
611746
602926
595072
596168
593973
598351
598960
609945
622592
596168
607145
598351
604938
609945
620365
607145
616039
613961
613963
620361
623259
615997
622678
607330
601643
630703
598540
635205
605127
596104
592893
623978
636717
591989
599450
611049
625098
599450
632952
607740
609945
599450
602924
602741
600478
591748
591804
601578
614808
602741
620447
634923
615997
588543
599450
633795
598293
589812
612591
625098
598357
588732
600480
608244
625094
603844
615997
589633
638409
600524
602928
612154
605127
605127
605127
628180
634464
625098
605123
632765
614883
623708
606639
599387
606039
602743
620634
612154
605127
597446
612154
636717
634464
619329
638974
610642
631546
590244
602743
605127
609945
615995
611529
602928
621562
600480
638974
617027
590244
612154
604025
612855
592891
639538
618805
638974
638974
618405
637462
633895
596351
612154
597867
601576
609276
605968
605127
597265
599450
632215
638974
618218
596106
615997
605127
612154
617150
612154
596166
617023
593080
601643
590716
632952
620447
621558
597259
605127
625098
609945
605127
612154
613780
621030
589631
608219
597198
603773
622638
603815
609945
622676
618405
599450
599450
621030
589814
603815
604872
596150
626028
593082
627152
607328
588728
623837
601828
587458
599635
599450
618182
615999
609945
608429
602926
627152
600544
599450
628180
603769
622674
621558
640668
618220
618405
618218
637462
621030
612154
587641
628456
614810
615913
605970
624913
609945
587458
624375
595074
627106
602739
635590
609535
604938
635205
612154
607141
607145
594168
599450
607143
601641
614883
605127
612154
610453
589577
602743
610453
613260
605127
605127
637462
605127
616039
628849
605127
599450
605127
638974
599450
630518
605127
607330
615917
625098
624913
616039
605125
599448
605127
621558
591748
628182
597448
618405
603342
618405
606224
590720
608175
618216
596355
612154
611746
603838
618405
613961
596106
601643
625098
599448
593927
615997
610457
618218
608246
638974
597259
604938
590244
628849
599450
601643
619331
605127
590663
634464
620363
632952
598584
611561
587458
597261
597448
609278
588492
633893
615997
612855
589631
597196
604025
603838
595015
638974
608244
617104
613963
595076
617104
599450
609945
621558
607330
607145
605127
602926
591804
602741
597867
619331
617694
638974
610642
596168
624911
621560
610642
588728
590716
620447
612593
638974
615915
641235
619248
604914
608244
598584
599494
599450
594170
621747
603844
612591
609352
620447
608246
595072
615997
621558
614885
601641
598540
612154
599450
596108
640668
609348
597261
609945
598355
589627
599450
607145
621562
595072
630516
616584
612154
598339
609945
593987
600546
605127
636717
590903
628849
587645
609945
588545
599450
635020
636333
607330
605127
601872
634464
618405
599450
635205
610457
602675
592891
625098
609278
589573
596106
596166
596164
602743
612154
587458
612154
596168
632215
599446
599450
609945
620447
626219
610642
612154
615997
587458
605127
613774
632952
638974
611563
618403
615475
621560
602928
623795
612154
591993
609539
598353
599450
603838
636717
612154
596166
618805
603342
599637
605127
606226
599635
612154
602743
602743
629305
629397
602743
590659
638974
605127
597198
623793
601578
601578
602743
609945
601578
621475
621560
605127
614808
607145
588732
607145
629580
588492
607145
605127
623708
637462
606014
621558
612154
621747
615961
602928
612154
609945
599450
618218
623793
630703
605127
590716
602743
636717
603840
588492
607330
640668
599450
620363
599450
634464
609945
624913
624911
605127
618218
616224
599450
607143
587458
606639
612668
597448
638407
628182
612154
627062
609945
599450
591804
635205
621558
638974
589631
599450
621030
629303
617694
609945
620445
607740
619331
609945
593985
612154
590716
620447
609945
609945
612668
588541
638974
609945
624913
599450
612154
612853
596164
602743
600482
600546
625098
638974
612154
593925
603342
612154
638974
601641
604440
612154
624375
612668
593927
596164
618218
607145
599450
609945
596168
638974
599454
612668
597200
605123
601828
592893
602739
601578
623978
609945
605127
609945
609352
637462
593983
620447
599385
612154
612154
622676
593985
595072
609945
612154
601622
612154
590716
601643
596168
612154
601643
593983
631638
623793
609945
599450
608246
612154
638974
638974
636717
609350
604940
605970
636146
612154
604440
613776
600544
609945
612154
609945
625098
625098
620447
591993
635205
609945
600478
603838
618405
612154
626030
599450
599450
621560
607145
622638
603773
635205
612668
599450
612154
612154
590718
624913
600731
611485
630518
625098
593969
613961
629303
624871
608429
609945
607071
617108
607328
604872
608175
602671
635205
602675
613963
604440
612154
610453
612670
621477
618403
611609
617027
602928
609945
599450
605127
612154
623795
589631
592891
599450
628184
625098
635020
615997
622590
599450
602743
610642
605127
605125
611487
621745
607073
612154
603342
604870
618405
623710
634078
590716
596166
633891
613698
605127
591330
618405
600544
593969
619518
607073
607145
631827
588490
635205
619516
587458
617027
587456
602743
595013
594172
609945
599450
621475
638974
602928
593078
636717
638974
588488
638974
617108
624823
612154
620447
638974
589631
607330
609945
612154
587458
612154
596166
632215
602739
618405
637275
606039
600544
593078
599450
605125
588545
626030
597444
610457
593923
589814
594172
635205
593080
610380
614808
618405
599450
612154
614806
601643
600546
615997
636052
613776
604023
605127
591991
618136
591989
597444
607143
593923
615068
613963
605127
590718
638974
638974
599450
612154
607326
607073
638974
602739
597446
604940
610640
607328
626030
607145
609945
610384
590901
611559
611746
612851
605125
602743
631546
596104
633895
599637
600727
589573
607330
605127
612154
595076
636146
604914
587458
609945
602739
626610
638974
604440
600546
595074
600544
617106
607330
619518
617069
612154
601643
599450
592893
602745
623978
589631
599450
635205
609352
602739
635020
609945
612154
611561
607145
605127
637462
609945
610382
591750
635205
599448
602928
612154
607145
618405
632952
610642
612154
624913
591806
624913
609276
598293
612154
612154
589673
620447
593925
599450
605127
597448
605127
621477
590716
602743
609945
638974
623793
606639
609348
600480
602743
605127
610642
602928
599450
605127
609945
635205
588536
606039
588730
591794
597261
615995
589673
588732
605972
620447
599633
604027
627062
612154
620447
604938
632952
621030
623259
607740
591989
587460
621030
591802
588543
615917
599450
598540
612154
587458
604440
630423
618403
627150
