3.71299982071
3.15600013733
3.04600000381
3.01600003242
3.13700008392
3.47499990463
7.46300005913
3.47200012207
3.40499997139
3.22600007057
3.29500007629
3.27699995041
3.26300001144
3.02400016785
3.00100016594
3.17600011826
2.94099998474
3.17499995232
3.30200004578
3.5039999485
3.91300010681
3.48399996758
3.77399992943
3.54600000381
4.45300006866
3.91799998283
4.63100004196
3.86500000954
4.50600004196
3.89400005341
4.43099999428
3.96199989319
4.3259999752
5.37700009346
5.34200000763
6.16900014877
4.70399999619
5.44400000572
4.57999992371
3.57300019264
3.79999995232
3.18400001526
3.28399991989
5.2009999752
4.84699988365
4.93300008774
5.59500002861
6.85099983215
5.14800000191
4.72099995613
4.46900010109
5.16400003433
5.90899991989
5.49799990654
5.24099993706
5.7650001049
4.33000016212
4.08499979973
4.16799998283
4.07899999619
4.04699993134
4.18499994278
4.06700015068
4.08099985123
4.29600000381
4.15199995041
4.07100009918
4.11199998856
4.18499994278
4.33800005913
4.03600001335
4.40400004387
4.1289999485
4.07100009918
4.00300002098
4.01499986649
4.07399988174
4.04800009727
3.97899985313
3.93400001526
4.32100009918
3.96399998665
3.93700003624
3.84599995613
3.93099999428
3.92000007629
3.90200018883
3.85199999809
4.11400008202
3.94800019264
3.85599994659
3.882999897
3.85500001907
4.20299983025
3.90000009537
6.18700003624
6.04699993134
4.99699997902
4.0490000248
4.25300002098
4.00999999046
3.992000103
4.05000019073
4.14800000191
4.09999990463
4.15799999237
4.0490000248
4.06699991226
4.03500008583
4.03500008583
4.09899997711
4.16999983788
4.53099989891
4.38000011444
4.53500008583
4.37700009346
3.82399988174
3.85700011253
4.33599996567
4.50199985504
4.27900004387
3.90499997139
3.84999990463
4.08599996567
3.87199997902
4.03900003433
5.28499984741
6.83699989319
4.08700013161
4.08599996567
4.07099986076
4.16799998283
4.05900001526
4.03500008583
3.94699978828
3.94900012016
4.05499982834
4.05500006676
4.10500001907
4.40300011635
4.4240000248
4.14700007439
4.20900011063
4.16499996185
4.11899995804
4.16799998283
4.26600003242
4.20300006866
4.31299996376
4.20499992371
3.91399979591
3.68400001526
3.87800002098
3.90000009537
3.80999994278
3.85100007057
3.88199996948
3.88700008392
3.90400004387
3.83900022507
3.91599988937
3.86599993706
3.89200019836
3.90299987793
3.72900009155
3.73900008202
3.72799992561
3.74399995804
3.75600004196
4.1859998703
4.43099999428
3.84100008011
3.72099995613
3.97199988365
3.78500008583
3.91400003433
3.89599990845
3.99099993706
3.78800010681
3.8029999733
3.69400000572
3.80399990082
3.81500005722
3.89199995995
3.66999983788
5.08800005913
7.11599993706
4.44799995422
4.09900021553
4.07100009918
4.26900005341
4.1930000782
4.06900000572
4.03399991989
3.98200011253
4.05399990082
4.24599981308
4.46600008011
3.9960000515
4.13599991798
4.02799987793
4.2650001049
4.08600020409
4.1210000515
4.10199999809
4.08399987221
4.28900003433
4.0649998188
4.15400004387
4.02999997139
3.95200014114
3.90199995041
4.06599998474
3.97199988365
4.27999997139
3.9390001297
4.08200001717
4.22199988365
4.01800012589
4.01499986649
4.25499987602
4.01600003242
4.44799995422
3.99500012398
3.9279999733
4.35299992561
4.54799985886
3.90499997139
3.86699986458
4.06399989128
3.97099995613
3.94099998474
3.70700001717
3.67600011826
4.5490000248
4.3140001297
4.17599987984
3.94900012016
3.99799990654
3.98500013351
3.91700005531
3.84500002861
3.8789999485
3.83100008965
3.09099984169
3.67700004578
3.93299984932
4.10700011253
3.60800004005
3.71700000763
3.30500006676
3.16700005531
3.73699998856
3.07699990273
3.22099995613
3.09599995613
3.0720000267
3.22799992561
4.27900004387
4.11400008202
3.632999897
4.06799983978
3.55099987984
3.67100000381
3.79299998283
3.65400004387
3.73399996758
3.63100004196
3.60899996758
3.57999992371
4.19299983978
4.12700009346
3.53600001335
3.632999897
4.31299996376
4.32899999619
3.95000004768
4.25699996948
3.84400010109
3.6360001564
3.67599987984
3.66499996185
3.46200013161
3.21499991417
2.86100006104
3.26499986649
2.91700005531
3.05499982834
3.21700000763
2.88899993896
3.14999985695
3.01800012589
4.73199987411
3.88300013542
3.77500009537
3.89899992943
3.97699999809
3.73000001907
3.64499998093
3.72000002861
4.23699998856
4.61699986458
4.05400013924
3.9279999733
4.83000016212
3.70499992371
3.2349998951
3.35299992561
3.39800000191
2.97799992561
3.47900009155
3.03299999237
2.92999982834
3.02199983597
3.882999897
2.98000001907
3.52400016785
3.1740000248
3.33999991417
3.22699999809
3.14100003242
2.83200001717
2.92900013924
2.84500002861
3.08999991417
2.69499993324
3.05599999428
3.33500003815
3.12300014496
3.27900004387
3.36800003052
3.00500011444
3.06500005722
3.31900000572
3.05499982834
2.96199989319
3.87800002098
2.9880001545
2.97300004959
3.09299993515
2.7990000248
3.21000003815
3.36599993706
3.35399985313
3.4350001812
3.07899999619
3.02300000191
3.02300000191
2.93299984932
2.91000008583
3.04600000381
3.94299983978
3.27999997139
3.28999996185
3.78399991989
3.33100008965
3.17500019073
3.4319999218
3.36599993706
3.34399986267
3.23600006104
3.5490000248
3.2610001564
3.70300006866
3.55199980736
3.35700011253
3.42299985886
2.9849998951
3.08200001717
3.54200005531
3.3710000515
3.41899991035
3.27300000191
4.12999987602
3.6890001297
3.30100011826
3.10800004005
3.02699995041
3.00999999046
2.90100002289
2.89899992943
3.08399987221
3.28499984741
2.90899991989
3.43499994278
3.08899998665
2.90500020981
3.06299996376
2.81200003624
2.91400003433
2.80599999428
2.83200001717
2.875
2.82299995422
3.39400005341
3.57999992371
3.22600007057
3.11599993706
3.19000005722
3.90100002289
3.39900016785
3.20499992371
3.4319999218
3.01900005341
3.00099992752
3.25299978256
3.08300018311
3.6289999485
3.75500011444
3.06599998474
3.08100008965
3.17599987984
3.23100018501
3.0680000782
2.76999998093
3.1139998436
3.3100001812
3.09200000763
3.47600007057
3.06599998474
2.96199989319
2.97200012207
2.97699999809
2.97099995613
3.41400003433
3.29100012779
3.26699995995
3.05100011826
2.77999997139
3.47699999809
4.01900005341
3.59200000763
2.99000000954
3.12699985504
2.98000001907
3.00099992752
3.53299999237
2.97399997711
3.05900001526
3.03299999237
2.98399996758
2.92000007629
2.92200016975
2.94799995422
3.97300004959
3.77799987793
3.78200006485
3.51499986649
3.16200017929
3.08500003815
3.12800002098
3.11999988556
2.88000011444
2.89100003242
3.38599991798
3.09899997711
2.97499990463
3.2349998951
3.00600004196
3.13199996948
3.33700013161
3.07600021362
3.46799993515
3.50299978256
4.26600003242
4.73300004005
4.42200016975
3.59599995613
4.72799992561
4.86400008202
4.18799996376
3.29699993134
3.45199990273
3.09200000763
4.15799999237
4.53800010681
5.02799987793
4.96700000763
3.54499983788
3.94900012016
4.34200000763
3.92199993134
3.40100002289
3.39899992943
3.33599996567
3.43700003624
3.27699995041
3.43000006676
3.30999994278
3.90000009537
3.90799999237
3.88599991798
3.81900000572
3.91400003433
3.33500003815
3.92599987984
3.55200004578
3.47699999809
3.36899995804
3.30999994278
3.36299991608
3.27399992943
3.39199995995
3.29999995232
3.32700014114
3.28900003433
3.3259999752
3.43099999428
3.29600000381
3.30900001526
3.31200003624
3.60600018501
3.34200000763
3.27200007439
3.43099999428
3.29999995232
3.3710000515
3.52199983597
3.41100001335
3.27599978447
3.29800009727
3.3259999752
3.4509999752
3.68399977684
3.43300008774
3.94200015068
3.93499994278
3.60899996758
3.34200000763
3.37599992752
3.35700011253
3.26200008392
3.32899999619
3.42700004578
3.3599998951
3.33599996567
3.28299999237
3.30999994278
3.28999996185
3.32800006866
3.69199991226
3.65799999237
3.617000103
3.54500007629
4.21200013161
4.05200004578
3.4359998703
3.38900017738
3.48300004005
3.48900008202
3.58000016212
3.46200013161
3.38499999046
3.35899996758
3.52699995041
3.48399996758
3.49300003052
3.39100003242
3.36400008202
3.40499997139
3.45799994469
3.67499995232
3.632999897
4.19599986076
3.80200004578
3.52100014687
3.875
3.53799986839
3.33699989319
2.95799994469
3.45899987221
2.97300004959
3.6930000782
6.02699995041
5.90000009537
5.76900005341
5.867000103
4.68499994278
5.17299985886
5.53800010681
5.34500002861
5.15599989891
5.21600008011
7.23699998856
5.22000002861
3.31200003624
3.8259999752
4.00500011444
4.99899983406
4.52699995041
3.90000009537
3.43299984932
3.94899988174
3.37800002098
3.70199990273
5.99599981308
3.96899986267
3.71399998665
4.33699989319
5.18400001526
3.99900007248
3.59800004959
3.83200001717
3.64700007439
4.51699995995
3.33499979973
3.30599999428
3.34299993515
3.5569999218
3.35700011253
3.4319999218
3.37400007248
3.30799984932
3.40699982643
3.39800000191
3.32999992371
3.4960000515
3.25499987602
3.22000002861
3.24799990654
3.2610001564
3.32299995422
3.21900010109
3.23399996758
3.26099991798
3.27499985695
3.28899979591
3.32100009918
3.44499993324
3.22199988365
4.12400007248
3.44200015068
3.49099993706
3.47200012207
3.47099995613
3.34700012207
3.27099990845
3.23199987411
3.19400000572
3.22200012207
3.2650001049
3.23099994659
3.15400004387
3.34500002861
3.27500009537
3.34100008011
3.58299994469
3.53599977493
3.25300002098
3.22399997711
3.22399997711
3.17700004578
3.30799984932
3.15499997139
3.25
3.19799995422
3.1819999218
3.16799998283
3.20399999619
3.15299987793
3.1930000782
3.59800004959
3.36600017548
3.25699996948
3.78600001335
3.34299993515
3.3789999485
3.42399978638
3.33899998665
3.38100004196
3.25699996948
3.47199988365
3.32100009918
3.41700005531
3.2650001049
3.53500008583
3.28699994087
3.29699993134
3.33400011063
3.30500006676
3.33699989319
3.33800005913
3.41899991035
3.32500004768
3.2539999485
3.27500009537
3.40700006485
3.31699991226
3.2539999485
3.3109998703
3.33500003815
4.85599994659
3.58100008965
3.4470000267
3.36500000954
3.34699988365
3.49000000954
3.42999982834
3.49400019646
3.46700000763
3.28100013733
3.34799981117
3.78200006485
3.49900007248
3.32800006866
3.28600001335
3.34200000763
3.31100010872
3.47699999809
3.2570002079
3.25300002098
3.34200000763
3.30700016022
3.26600003242
3.26900005341
3.26800012589
3.23600006104
3.1970000267
3.71399998665
3.31900000572
3.29600000381
3.30100011826
3.20000004768
3.63399982452
3.30200004578
3.25500011444
3.43200016022
3.40100002289
3.47900009155
3.41900014877
3.57400012016
3.35599994659
3.40799999237
3.92000007629
3.80999994278
3.93899989128
3.33100008965
3.33500003815
3.26800012589
2.79499983788
3.01300001144
3.01300001144
2.9240000248
2.84100008011
2.66899991035
2.95499992371
2.89599990845
2.76699995995
2.7539999485
2.75099992752
2.66499996185
2.617000103
2.67899990082
2.78699994087
2.84000015259
2.67200016975
2.6779999733
2.64899992943
2.90400004387
2.71399998665
2.66900014877
2.70600008965
3.47199988365
2.85599994659
2.7389998436
2.82899999619
2.72299981117
2.94899988174
2.8869998455
2.875
2.68499994278
2.87800002098
2.66400003433
2.72699999809
2.96200013161
2.95699977875
2.82400012016
2.87000012398
3.0680000782
2.98200011253
2.72199988365
2.86500000954
2.70500016212
2.66899991035
2.70399999619
2.69900012016
2.6819999218
2.67899990082
2.67700004578
2.70799994469
3.21399998665
2.89100003242
2.76299977303
2.84500002861
3.04699993134
2.80799984932
2.8029999733
2.84700012207
2.89300012589
2.84500002861
2.90799999237
2.7990000248
2.85099983215
2.78400015831
2.89999985695
2.78799986839
2.65899991989
2.85199999809
2.64699983597
2.64899992943
2.64999985695
2.63400006294
2.68099999428
2.68099999428
2.68099999428
2.70199990273
2.66699981689
2.6740000248
2.87999987602
2.72699999809
2.65299987793
3.23000001907
2.85500001907
3.12999987602
2.86899995804
3.07500004768
2.88100004196
2.88899993896
2.78400015831
3.21300005913
3.53999996185
3.79800009727
3.54199981689
3.33300018311
2.75899982452
2.89399981499
2.70300006866
2.76600003242
2.84599995613
2.97000002861
2.75999999046
2.71700000763
2.68699979782
2.79099988937
2.87800002098
3.20499992371
2.80799984932
2.76400017738
2.84000015259
2.88199996948
2.88400006294
2.95600008965
3.01899981499
2.72799992561
2.69900012016
2.70300006866
2.73900008202
2.99000000954
2.71399998665
2.69000005722
2.82299995422
2.81199979782
2.70900011063
2.69199991226
3.25199985504
2.77200007439
2.93799996376
2.70500016212
2.81999993324
2.70599985123
3.37300014496
3.05599999428
3.14299988747
3.03099989891
2.94999980927
3.12099981308
3.12299990654
3.02099990845
2.9240000248
2.69499993324
2.86199998856
3.28200006485
3.35300016403
2.78800010681
3.07300019264
3.11299991608
2.75300002098
2.88300013542
2.92300009727
3.04200005531
3.06699991226
2.92499995232
2.92100000381
3.04999995232
2.86100006104
2.93200016022
2.82399988174
3.24499988556
3.23399996758
2.90499997139
3.00500011444
2.76800012589
2.96500015259
2.91100001335
3.03099989891
2.96900010109
2.69099998474
3.02799987793
2.8599998951
2.80800008774
2.79100012779
3.10100007057
2.87699985504
2.85400009155
2.83699989319
2.97600007057
2.91299986839
3.38800001144
3.08899998665
2.98100018501
2.89899992943
3.1899998188
3.18300008774
5.09400010109
3.7539999485
3.83899998665
3.37200021744
3.62799978256
5.21599984169
4.19400000572
4.28999996185
4.60100007057
3.50499987602
4.10899996758
4.1779999733
3.74100017548
3.90500020981
3.45300006866
2.97100019455
2.90100002289
3.04700016975
3.14800000191
2.86500000954
3.06299996376
2.91400003433
3.05800008774
2.97799992561
3.09699988365
2.99300003052
3.1899998188
3.02099990845
2.96000003815
2.95300006866
3.09899997711
3.13400006294
2.84500002861
3.25999999046
3.48699998856
3.06299996376
2.85599994659
2.84100008011
2.69899988174
2.89800000191
2.91900014877
2.68799996376
2.77200007439
2.93499994278
2.68299984932
2.84700012207
2.875
2.74300003052
2.9470000267
2.742000103
2.67499995232
2.97699999809
2.90599989891
2.75699996948
2.87699985504
2.67899990082
2.83000016212
2.95700001717
2.72199988365
2.65400004387
2.67499995232
2.66000008583
2.78900003433
2.82299995422
3.13000011444
2.8900001049
3.14599990845
2.80800008774
2.74900007248
2.75100016594
2.83700013161
2.65700006485
2.87599992752
2.81900000572
2.95500016212
2.6970000267
2.82100009918
2.74799990654
2.94499993324
2.84200000763
2.68499994278
2.71399998665
2.93700003624
2.77999997139
2.82799983025
3.39900016785
2.71000003815
3.01200008392
2.75499987602
2.92100000381
3.0640001297
2.70499992371
3.06900000572
2.91300010681
2.83400011063
2.83200001717
2.89899992943
3.07800006866
2.83999991417
2.91400003433
2.91299986839
2.69799995422
2.88999986649
2.73099994659
2.77099990845
2.76800012589
2.72399997711
2.74499988556
2.76900005341
2.86000013351
2.74799990654
2.71399998665
2.72600007057
2.72399997711
2.68300008774
2.69400000572
2.78099989891
2.71399998665
2.7650001049
2.69899988174
2.75200009346
2.69499993324
2.65799999237
2.73900008202
2.69400000572
2.70399999619
2.69899988174
2.71900010109
2.68099999428
2.66000008583
2.67000007629
2.70399999619
2.68600010872
2.62400007248
2.68499994278
2.72600007057
2.63800001144
2.77900004387
2.757999897
2.69000005722
2.70000004768
2.67900013924
2.66799998283
2.74499988556
2.66199994087
2.73900008202
3.01399993896
2.96399998665
3.05800008774
2.96000003815
3.11599993706
2.89199995995
3.08999991417
3.01600003242
2.97400021553
3.07699990273
2.99699997902
2.82799983025
2.79600000381
2.95899987221
3.08300018311
2.88300013542
3.11100006104
2.74499988556
2.96799993515
3.04399991035
3.05599999428
2.79299998283
2.88199996948
3.02500009537
2.99799990654
2.96000003815
2.89400005341
3.00500011444
2.82699990273
2.96799993515
2.87599992752
3.02699995041
2.96299982071
3.07899999619
2.89999985695
3.09699988365
2.76600003242
3.13599991798
3.19800019264
2.9390001297
3.10600018501
3.06699991226
3.1289999485
3.00699996948
2.99900007248
2.9319999218
2.9929997921
2.75999999046
2.82899999619
2.98600006104
2.81799983978
3.05900001526
2.93700003624
2.82799983025
2.97099995613
2.96299982071
3.10800004005
2.9960000515
2.88999986649
2.74899983406
2.7460000515
2.75699996948
2.68700003624
2.65199995041
2.89400005341
2.93700003624
3.15199995041
2.8029999733
3.50600004196
3.56900000572
2.92199993134
2.88900017738
2.77099990845
2.96300005913
2.76499986649
2.84999990463
2.93400001526
3.13999986649
2.84999990463
3.04800009727
2.78999996185
2.74500012398
2.94499993324
2.98300004005
2.97699999809
2.86600017548
3.14400005341
2.92199993134
2.81900000572
3.3029999733
2.91599988937
2.76799988747
2.85700011253
2.99000000954
2.82499980927
2.83999991417
3.00999999046
2.79100012779
2.88900017738
2.7539999485
3.01399993896
2.82699990273
2.84500002861
3.02100014687
2.75500011444
2.89399981499
3.04199981689
3.28600001335
2.85899996758
2.83800005913
3.06500005722
2.81900000572
2.8900001049
3.12700009346
2.96700000763
3.03800010681
2.84100008011
3.09899997711
2.81900000572
2.83600020409
3.00600004196
2.94599986076
2.98300004005
2.96799993515
2.8140001297
2.75100016594
3.0759999752
3.50099992752
3.11900019646
2.79999995232
3.11400008202
2.85199999809
2.82500004768
2.80599999428
3.10700011253
2.96300005913
2.9880001545
3.06999993324
2.97600007057
2.81200003624
2.80900001526
2.94899988174
2.94499993324
3.02699995041
3.08899998665
2.77399992943
3.00099992752
2.93600010872
2.7990000248
2.85799980164
2.82699990273
3.19400000572
2.95999979973
2.98699998856
2.89899992943
2.91100001335
2.97399997711
3.05599999428
2.8140001297
3.12700009346
3.0529999733
3.06999993324
2.89300012589
2.78600001335
3.10199999809
2.85100007057
2.77800011635
2.89699983597
3.02900004387
2.83299994469
2.99000000954
3.00900006294
2.94000005722
2.88100004196
3.04500007629
3.21900010109
2.85699987411
2.95600008965
3.11000013351
2.8259999752
3.00400018692
2.97900009155
3.1099998951
3.18400001526
3.11100006104
2.83100008965
2.98900008202
2.90100002289
3.04700016975
3.0759999752
2.80100011826
3.05100011826
3.05399990082
3.13800001144
3.02900004387
2.91700005531
2.84399986267
2.84700012207
2.98900008202
2.96099996567
3.06900000572
2.8259999752
3.08200001717
3.03200006485
2.867000103
3.01700019836
2.99499988556
3.01399993896
3.21099996567
3.22799992561
3.24199986458
3.47599983215
3.36199998856
2.90199995041
2.96399998665
2.79200005531
2.96099996567
2.83200001717
3.18099999428
2.98299980164
2.87599992752
4.10199999809
3.36599993706
3.20499992371
3.32399988174
3.31399989128
3.63800001144
3.28299999237
3.2460000515
3.16400003433
3.47399997711
3.08799982071
2.89100003242
2.83200001717
2.75699996948
2.88300013542
2.89399981499
3.01600003242
2.98699998856
2.94099998474
3.00600004196
2.93200016022
2.95700001717
2.9279999733
2.86000013351
2.91700005531
2.7990000248
2.94199991226
2.94899988174
2.98699998856
2.98600006104
2.96600008011
2.80800008774
2.88799977303
2.89400005341
2.91200017929
2.91199994087
3.04999995232
2.94200015068
2.87999987602
2.93499994278
2.80599999428
2.91999983788
2.83400011063
2.96099996567
3.07899999619
3.11800003052
2.81299996376
2.95000004768
3.26499986649
3.02199983597
2.94299983978
2.90299987793
2.84999990463
3.00199985504
2.92599987984
2.93499994278
3.03799986839
2.97300004959
2.91300010681
2.90700006485
3.01499986649
2.92100000381
3.06699991226
3.20799994469
3.04799985886
2.97800016403
2.93000006676
3.0720000267
3.02100014687
2.92000007629
3.24699997902
2.90400004387
2.89499998093
3.02900004387
2.95600008965
3.11299991608
2.99699997902
2.9240000248
2.79200005531
2.91000008583
3.16299986839
2.95399999619
2.94099998474
2.99699997902
3.21299982071
3.25400018692
3.4439997673
3.40700006485
3.10800004005
2.97399997711
2.9960000515
2.76400017738
2.95700001717
3.24399995804
2.93700003624
2.99099993706
2.93700003624
3.12299990654
3.04800009727
3.03900003433
3.08499979973
3.01900005341
2.91000008583
3.13999986649
2.98300004005
2.98099994659
2.77599978447
2.96600008011
2.90999984741
3.30800008774
3.78200006485
3.44199991226
3.04600000381
2.93000006676
3.22499990463
3.59200000763
3.47600007057
3.20000004768
3.18600010872
3.13999986649
3.05799984932
2.90000009537
3.02300000191
2.91799998283
2.82700014114
2.99199986458
3.13100004196
2.99699997902
2.95700001717
3.11899995804
2.94899988174
3.1740000248
4.14300012589
4.08499979973
3.83399987221
3.47499990463
3.00900006294
3.05599999428
2.83200001717
2.89899992943
3.15100002289
2.91499996185
2.96300005913
3.05200004578
3.03299999237
2.95000004768
2.79299998283
2.77700018883
2.88499999046
2.8149998188
3.11099982262
2.92899990082
2.91300010681
3.06599998474
3.17000007629
3.04200005531
2.9319999218
2.85000014305
2.89100003242
3.09400010109
3.10299992561
2.99900007248
2.87600016594
2.97900009155
2.76299977303
2.92499995232
2.91900014877
3.13800001144
2.93099999428
3.49799990654
3.875
3.45700001717
3.43700003624
3.09599995613
3.02699995041
3.00099992752
2.89499998093
3.29999995232
3.13999986649
3.76699995995
3.07299995422
3.12299990654
2.9889998436
2.97199988365
3.05500006676
3.00200009346
2.98399996758
3.00600004196
2.94899988174
2.97699999809
3.08899998665
3.15599989891
2.97500014305
2.91400003433
3.15299987793
2.94400000572
2.87999987602
2.94000005722
3.06599998474
3.26799988747
3.06599998474
3.08500003815
2.98000001907
2.875
2.95299983025
2.78500008583
2.8869998455
2.76300001144
2.94000005722
2.75499987602
2.84200000763
3.1289999485
2.8259999752
2.85799980164
3.08200001717
2.83699989319
2.90599989891
2.77900004387
2.99400019646
2.76300001144
2.78299999237
2.78200006485
3.05200004578
3.04099988937
3.08500003815
3.13899993896
3.06900000572
3.00600004196
3.42899990082
3.10600018501
3.18099999428
2.89499998093
2.83500003815
2.78200006485
2.89800000191
2.98199987411
2.94699978828
2.78999996185
2.79100012779
3.97499990463
3.88300013542
3.95799994469
3.96100020409
3.80599999428
3.40599989891
3.05200004578
2.95200014114
3.08499979973
2.80100011826
2.99900007248
2.79999995232
2.93400001526
3.00200009346
2.82699990273
3.09500002861
2.77799987793
3.08500003815
2.83299994469
3.07099986076
2.96000003815
3.10899996758
2.9240000248
2.79400014877
2.86899995804
2.99099993706
3.03000020981
2.91199994087
2.79399991035
3.08899998665
2.88199996948
2.7539999485
3.06900000572
2.99500012398
3.04100012779
2.98699998856
3.19900012016
3.03299999237
3.10400009155
3.10599994659
3.10000014305
2.96600008011
3.09200000763
2.89499998093
2.92299985886
2.89699983597
2.96099996567
3.00999999046
3.17199993134
3.20799994469
2.91899991035
2.80800008774
3.15400004387
2.99099993706
3.0110001564
2.88899993896
2.8710000515
2.94500017166
2.91400003433
3.03800010681
3.02999997139
3.08200001717
3.03600001335
2.75999999046
2.74599981308
2.76600003242
3.04600000381
3.01300001144
2.992000103
3.47399997711
3.28299999237
3.58599996567
3.29299998283
2.84299993515
2.93200016022
3.0490000248
2.98300004005
3.13300013542
2.93000006676
3.10800004005
2.75899982452
2.88800001144
3.17299985886
2.89800000191
2.99900007248
2.84500002861
2.90899991989
2.91499996185
2.78999996185
3.132999897
2.89800000191
2.89499998093
2.94800019264
3.01399993896
3.0070002079
2.92899990082
3.00200009346
2.88199996948
2.80399990082
3.04799985886
2.98600006104
2.73399996758
2.83299994469
2.81699991226
2.78999996185
2.86999988556
2.86800003052
2.80700016022
2.90799999237
2.98900008202
2.79600000381
2.83899998665
2.88100004196
2.90899991989
2.82800006866
2.79200005531
2.83100008965
2.75599980354
2.78400015831
2.78100013733
3.00599980354
2.76699995995
2.78399991989
2.86199998856
2.77899980545
2.80900001526
2.79700016975
2.9319999218
3.17700004578
3.03600001335
2.96799993515
3.0110001564
2.96299982071
3.04100012779
2.94600009918
3.0039999485
2.94699978828
3.01900005341
2.79200005531
2.90100002289
2.93400001526
2.75200009346
2.94400000572
2.85700011253
3.09300017357
2.98399996758
2.88800001144
3.07700014114
2.75699996948
3.02799987793
2.91400003433
2.9319999218
2.91000008583
3.05100011826
3.05999994278
3.05200004578
3.3100001812
3.04699993134
3.07500004768
3.77499985695
3.63400006294
3.14800000191
4.06299996376
3.13899993896
2.82999992371
2.66799998283
3.08100008965
3.57800006866
3.72399997711
3.09000015259
3.16499996185
3.24000000954
3.64700007439
3.19899988174
3.08999991417
2.81500005722
2.76899981499
3.05799984932
2.70399999619
2.77100014687
2.8869998455
2.83400011063
3.0039999485
2.96199989319
2.91599988937
2.86699986458
3.71099996567
2.72799992561
2.85200023651
2.77600002289
2.85299992561
2.9240000248
2.83100008965
2.84800004959
3.27699995041
2.92499995232
2.68700003624
2.68499994278
2.63300013542
2.89099979401
2.62199997902
2.94400000572
2.79200005531
2.6400001049
2.68300008774
2.98699998856
2.65799999237
2.69899988174
2.64499998093
2.7539999485
2.72300004959
2.88899993896
2.8220000267
2.81399989128
2.94099998474
2.86899995804
2.93499994278
2.6930000782
2.95600008965
2.98099994659
3.03399991989
3.37400007248
3.00999999046
2.73399996758
3.08400011063
2.97100019455
2.87400007248
3.01900005341
2.67899990082
2.86199998856
2.84299993515
3.30599999428
2.74399995804
2.72800016403
3.13899993896
2.69900012016
2.88899993896
2.76200008392
2.88700008392
2.74300003052
2.88300013542
2.82800006866
2.9960000515
2.8220000267
2.84999990463
2.93099999428
2.88099980354
2.85199999809
2.85500001907
2.95899987221
3.04699993134
3.56599998474
3.36800003052
2.94099998474
2.81200003624
2.72300004959
3.0
2.74100017548
2.77600002289
2.85699987411
3.007999897
2.6850001812
2.82099986076
2.64100003242
2.72000002861
2.6930000782
2.75699996948
2.76800012589
2.84899997711
2.82100009918
2.83400011063
2.70600008965
2.77300000191
2.71399998665
2.70000004768
2.71900010109
2.69400000572
3.37700009346
2.83100008965
2.84300017357
2.6970000267
2.72600007057
2.66700005531
2.66799998283
2.67700004578
2.73199987411
2.66600012779
2.66900014877
2.77300000191
2.95700001717
2.74399995804
2.71100020409
2.71599984169
2.72000002861
2.79200005531
2.95599985123
2.70200014114
2.76400017738
2.77099990845
2.73599982262
3.03900003433
2.70900011063
2.72799992561
3.12999987602
2.7009999752
2.96899986267
2.72600007057
2.69099998474
2.65799999237
2.87399983406
2.69999980927
2.70799994469
2.92300009727
2.67499995232
2.71900010109
2.84899997711
2.72399997711
2.74399995804
2.66700005531
2.78299999237
2.72899985313
2.79800009727
2.66800022125
2.70900011063
2.69600009918
2.86000013351
2.742000103
2.67100000381
2.73300004005
2.67599987984
2.70600008965
2.87700009346
2.71000003815
2.66300010681
2.97499990463
2.68099999428
2.77999997139
2.69099998474
2.72399997711
2.72100019455
3.03300023079
3.02900004387
2.72399997711
2.86899995804
3.01600003242
2.82099986076
2.84800004959
2.74399995804
2.83899998665
2.91999983788
2.92900013924
2.96799993515
2.75300002098
2.93600010872
2.91399979591
2.79699993134
2.71599984169
2.72399997711
2.77100014687
2.94099998474
2.87300014496
2.70000004768
2.80399990082
2.77199983597
2.82700014114
2.69900012016
2.76700019836
2.90399980545
2.65900015831
2.74100017548
2.95199990273
2.82299995422
2.72399997711
2.89599990845
2.93700003624
2.70000004768
2.99499988556
2.89700007439
2.625
2.63800001144
2.65599989891
2.71099996567
2.64299988747
2.6369998455
2.66300010681
2.68000006676
2.64299988747
2.65799999237
2.67200016975
2.61900019646
2.65100002289
2.66599988937
2.64199995995
2.64100003242
2.66400003433
2.66100001335
2.64399981499
2.68400001526
2.64100003242
2.617000103
2.74500012398
3.21799993515
3.50500011444
4.36100006104
4.25200009346
4.06299996376
3.56599998474
3.51600003242
3.45300006866
3.37000012398
3.30499982834
3.3029999733
3.375
3.28900003433
3.29800009727
3.29699993134
3.29299998283
3.28299999237
3.30400013924
3.22799992561
3.33500003815
3.31200003624
3.30399990082
3.31900000572
3.2460000515
3.35499978065
3.22900009155
3.33899998665
3.25099992752
3.29800009727
3.22600007057
3.58500003815
3.30300021172
3.40100002289
3.27699995041
3.35000014305
3.26300001144
3.3029999733
3.30999994278
3.27500009537
3.39199995995
3.41400003433
3.28600001335
3.257999897
3.27699995041
3.3220000267
3.34400010109
3.27900004387
3.42600011826
3.15100002289
3.2539999485
3.24699997902
3.15899991989
3.40100002289
3.31699991226
3.36100006104
3.32099986076
3.42000007629
3.43700003624
3.49399995804
4.80199980736
3.99499988556
3.12599992752
3.21099996567
3.67800021172
3.53800010681
4.35399985313
3.62400007248
3.61600017548
4.07999992371
3.6210000515
4.07699990273
4.19000005722
3.38800001144
3.32799983025
3.37399983406
3.47300004959
3.4390001297
3.40700006485
3.43600010872
3.38499999046
4.06999993324
3.10800004005
3.20399999619
3.39599990845
2.99800014496
3.23500013351
3.30200004578
3.44600009918
3.54100012779
3.16600012779
4.27999997139
3.45600008965
3.41499996185
3.59400010109
3.45900011063
3.42700004578
3.42899990082
3.44200015068
3.5640001297
3.3710000515
3.38899993896
3.48000001907
3.40400004387
3.35400009155
3.98500013351
4.17000007629
3.84800004959
3.88599991798
4.19900012016
3.77399992943
4.0569999218
4.16300010681
4.31200003624
4.24900007248
4.23699998856
3.81999993324
3.87699985504
4.13000011444
4.34999990463
3.35899996758
3.46299982071
3.45299983025
3.49900007248
3.49799990654
3.65499997139
3.43600010872
3.3599998951
3.34400010109
3.51600003242
3.33000016212
3.66499996185
3.63400006294
3.4390001297
3.21499991417
3.32800006866
3.40899991989
3.51499986649
3.28500008583
3.38400006294
3.34200000763
3.41199994087
3.38800001144
3.38000011444
3.5
3.36500000954
3.42899990082
3.36999988556
3.32500004768
3.50999999046
3.25499987602
3.30499982834
3.66599988937
4.40499997139
3.54200005531
3.17700004578
3.44999980927
4.69599986076
4.26300001144
4.38199996948
3.46700000763
3.59000015259
3.63000011444
3.51300001144
3.3630001545
3.37400007248
3.32800006866
3.35599994659
3.51300001144
3.37199997902
3.53400015831
3.4240000248
3.45399999619
3.25900006294
3.49900007248
3.4470000267
3.79500007629
3.57699990273
3.42200016975
3.42199993134
3.46799993515
3.45399999619
3.3599998951
3.48599982262
3.42599987984
3.35899996758
3.2990000248
3.40300011635
3.36899995804
3.29699993134
4.10299992561
4.08500003815
3.84100008011
4.26900005341
3.50699996948
3.1899998188
3.09099984169
3.41900014877
3.64099979401
4.96500015259
3.44499993324
3.37599992752
3.29399991035
3.76600003242
3.73799991608
3.16100001335
3.25499987602
4.52499985695
3.59999990463
4.04400014877
3.75
4.05100011826
3.47600007057
3.09100008011
3.4319999218
2.96399998665
2.97199988365
3.70500016212
3.43899989128
3.37700009346
3.24199986458
3.17100000381
3.33599996567
3.4880001545
3.66899991035
3.76200008392
3.36500000954
3.97499990463
3.45300006866
3.12400007248
3.38899993896
3.40600013733
3.86199998856
4.35199999809
4.60400009155
3.77499985695
3.85599994659
3.41299986839
3.49399995804
3.34099984169
3.4279999733
3.36299991608
3.46399998665
3.3029999733
3.34399986267
3.39999985695
3.37700009346
3.44600009918
3.60500001907
3.5609998703
3.4889998436
3.52499985695
3.36099982262
3.72699999809
3.29499983788
3.52100014687
3.2460000515
3.28399991989
3.25200009346
3.3710000515
3.21799993515
3.2539999485
3.1819999218
3.27900004387
3.16400003433
3.38599991798
3.30900001526
3.34900021553
3.25999999046
3.1850001812
3.25
3.27300000191
3.29099988937
3.375
3.45299983025
3.62399983406
3.38599991798
3.35499978065
3.41100001335
3.507999897
3.40400004387
3.40600013733
3.40799999237
3.37799978256
3.24099993706
3.36800003052
3.34100008011
3.41299986839
3.38800001144
3.51899981499
3.51399993896
3.40100002289
3.44400000572
3.40899991989
3.64100003242
3.63499999046
3.49099993706
3.70299983025
4.01799988747
3.71299982071
3.70699977875
3.27600002289
3.26999998093
3.40100002289
3.26799988747
3.33100008965
3.34800004959
3.25600004196
3.36599993706
3.55599999428
3.77799987793
3.60800004005
3.75599980354
3.47799992561
3.44000005722
3.41499996185
3.33100008965
3.60000014305
3.43000006676
3.41999983788
3.4279999733
3.43700003624
3.44400000572
3.36599993706
3.40799999237
3.34200000763
3.39700007439
3.40899991989
3.32400012016
3.31699991226
3.27200007439
3.56799983978
3.37700009346
3.54100012779
3.35899996758
3.43099999428
3.29999995232
3.36600017548
3.33599996567
3.31100010872
3.26900005341
3.35400009155
3.37300014496
3.27200007439
3.29400014877
3.33399987221
3.29999995232
3.33100008965
3.38700008392
3.58800005913
3.50300002098
3.40700006485
3.30800008774
3.63499999046
3.38700008392
3.43400001526
3.29100012779
3.29299998283
3.2539999485
3.30999994278
3.32100009918
3.30599999428
3.48699998856
3.37199997902
3.29700016975
3.30599999428
3.36000013351
3.41299986839
3.39300012589
3.36500000954
3.71199989319
3.53699994087
3.36100006104
3.31900000572
3.30399990082
3.30200004578
3.18499994278
3.40100002289
3.43800020218
3.33100008965
3.35100007057
3.38000011444
3.33800005913
3.36299991608
3.3029999733
3.48900008202
3.68499994278
3.57799983025
3.42600011826
3.41000008583
3.53299999237
3.45000004768
3.31500005722
3.39300012589
3.39700007439
3.38899993896
3.45900011063
3.56799983978
3.41799998283
3.31900000572
3.30100011826
3.28699994087
3.41000008583
3.33800005913
3.19200015068
3.28099989891
3.32799983025
3.41100001335
3.52499985695
3.4960000515
3.45900011063
3.40499997139
4.65499997139
3.98000001907
4.40799999237
3.47699999809
3.44200015068
3.40499997139
4.3599998951
4.13800001144
3.85800004005
3.43700003624
3.50600004196
4.27900004387
3.17700004578
3.17699980736
3.28400015831
4.06999993324
3.82400012016
3.94599986076
3.51099991798
3.53999996185
3.81299996376
3.68099999428
3.28999996185
3.29300022125
3.26499986649
3.22099995613
3.30399990082
3.37699985504
3.48300004005
3.7460000515
3.36500000954
3.34099984169
3.46200013161
3.3860001564
3.27699995041
3.40600013733
3.38199996948
3.31399989128
3.41199994087
3.36400008202
3.22600007057
3.29500007629
3.33999991417
3.41799998283
3.50699996948
3.55800008774
3.38700008392
3.66899991035
3.39199995995
3.72799992561
3.78399991989
3.44199991226
3.49799990654
3.63700008392
3.32500004768
3.29600000381
3.33500003815
3.40300011635
3.33100008965
3.3710000515
3.37700009346
3.51499986649
3.31799983978
3.5759999752
3.53699994087
3.42599987984
3.39699983597
3.55100011826
3.54699993134
3.52300000191
3.85300016403
3.42100000381
3.33699989319
3.08200001717
3.04999995232
3.44099998474
3.13700008392
3.50800013542
3.23000001907
4.71899986267
4.40199995041
4.4240000248
3.36800003052
3.42899990082
3.50099992752
3.27499985695
3.22899985313
3.43600010872
3.25500011444
4.23799991608
4.48900008202
3.4240000248
3.5039999485
3.43300008774
3.55999994278
3.61800003052
3.47799992561
3.39800000191
3.31900000572
3.42300009727
3.41899991035
3.45299983025
3.64700007439
3.36099982262
3.36500000954
3.35199999809
3.56999993324
3.41700005531
3.45300006866
3.42700004578
3.39800000191
3.39100003242
3.4960000515
3.5039999485
3.60300016403
3.47199988365
3.48600006104
3.56700015068
3.48900008202
3.24799990654
3.31500005722
3.59100008011
3.49699997902
3.50300002098
3.56200003624
3.59799981117
3.41100001335
3.33899998665
3.39300012589
3.30900001526
3.47899985313
3.48399996758
3.44799995422
3.42000007629
3.40599989891
3.35400009155
3.45799994469
3.39500021935
3.50100016594
3.34999990463
3.47000002861
3.40999984741
3.33599996567
4.12000012398
3.37700009346
3.35100007057
3.07400012016
3.16700005531
3.04600000381
3.10600018501
3.08899998665
3.32500004768
3.24500012398
3.24099993706
3.17999982834
3.19600009918
3.29100012779
3.29600000381
4.73000001907
5.89700007439
6.02600002289
4.46399998665
4.15299987793
3.78900003433
4.92000007629
4.20700001717
3.80399990082
3.58500003815
3.58400011063
3.8149998188
3.87300014496
4.01999998093
4.34800004959
4.23699998856
3.91300010681
3.58299994469
2.992000103
3.16599988937
3.27999997139
3.28499984741
3.35800004005
3.4279999733
3.20300006866
3.23300004005
3.57800006866
3.15199995041
4.117000103
3.98200011253
5.24500012398
3.96399998665
4.0039999485
4.37000012398
3.43000006676
4.1099998951
3.15599989891
3.31399989128
4.35499978065
3.54700016975
3.13999986649
3.38500022888
4.3259999752
3.43399977684
3.1779999733
3.40300011635
4.35600018501
3.95599985123
3.90600013733
3.92299985886
3.94600009918
4.38899993896
4.42100000381
5.48100018501
3.90700006485
3.93799996376
3.82699990273
3.83200001717
4.01600003242
3.85500001907
3.87600016594
3.80400013924
3.90700006485
3.82399988174
3.73699998856
4.10500001907
4.21700000763
4.55900001526
3.97799992561
3.83700013161
3.89999985695
3.87400007248
3.75100016594
3.7460000515
4.09899997711
3.76300001144
3.82100009918
3.85100007057
3.81500005722
3.81900000572
3.91900014877
3.80900001526
3.92100000381
4.01300001144
4.04000020027
3.84599995613
3.84200000763
3.91299986839
3.84999990463
3.83000016212
3.86199998856
4.11400008202
3.87800002098
3.78299999237
3.77699995041
3.82899999619
3.97099995613
3.81300020218
3.8900001049
3.74199986458
3.70499992371
3.78900003433
3.91799998283
3.61199998856
3.66400003433
3.86899995804
3.77699995041
3.87700009346
3.89800000191
3.83299994469
3.73799991608
3.92100000381
3.89899992943
3.80199980736
3.81900000572
3.78400015831
3.90100002289
4.20300006866
3.85899996758
3.84000015259
3.78799986839
3.9240000248
3.85599994659
3.72500014305
3.97200012207
3.90300011635
3.83800005913
3.81699991226
3.85099983215
3.84200000763
3.76799988747
3.84500002861
3.89499998093
3.84500002861
3.8180000782
3.75300002098
3.86099982262
3.84000015259
3.8220000267
3.90499997139
3.86500000954
4.0529999733
4.47099995613
4.36999988556
4.4319999218
4.27700018883
4.42299985886
4.72000002861
4.37300014496
4.31600022316
4.41199994087
4.38100004196
4.34400010109
4.43899989128
4.53500008583
4.27399992943
4.33899998665
4.30900001526
4.06900000572
4.21099996567
4.41399979591
4.34299993515
4.3710000515
4.35299992561
4.23599982262
4.17900013924
4.30100011826
4.26799988747
4.21099996567
4.21600008011
4.47900009155
3.98600006104
4.08299994469
3.78300023079
3.78299999237
3.86500000954
3.875
3.76099991798
3.98399996758
3.96300005913
3.88700008392
3.84799981117
3.84000015259
3.80599999428
3.86900019646
3.8140001297
3.81999993324
3.77300000191
3.79299998283
4.06200003624
3.73699998856
3.97499990463
3.83100008965
3.83400011063
3.7990000248
3.75899982452
3.7990000248
3.78900003433
4.0490000248
3.80500006676
3.84700012207
3.79699993134
3.77499985695
3.79399991035
3.7460000515
3.85400009155
3.93499994278
3.86500000954
3.83200001717
3.83299994469
3.86299991608
3.72699999809
3.66100001335
3.76699995995
3.90799999237
3.82800006866
3.85100007057
3.80700016022
3.84700012207
3.89199995995
3.8259999752
3.83299994469
3.82799983025
3.867000103
3.82299995422
3.83899998665
3.83500003815
3.84700012207
3.78200006485
3.84599995613
3.882999897
3.90300011635
3.84699988365
3.81299996376
3.83500003815
3.98399996758
3.84799981117
3.88000011444
3.82299995422
3.85500001907
3.85400009155
3.83699989319
3.74699997902
3.93300008774
3.86600017548
3.85400009155
3.84899997711
3.77700018883
3.83399987221
3.86099982262
3.85299992561
3.97000002861
3.76300001144
3.79699993134
3.86699986458
3.84200000763
3.79299998283
3.77499985695
3.72299981117
3.83400011063
3.87700009346
3.8710000515
3.83299994469
3.78299999237
3.94000005722
3.83899998665
3.80999994278
3.91699981689
3.95000004768
3.83899998665
3.86599993706
3.81300020218
3.8789999485
3.86400008202
3.90699982643
3.82800006866
3.88499999046
3.80599999428
3.81999993324
3.90100002289
3.84899997711
3.67200016975
3.65399980545
3.78900003433
3.80599999428
4.16200017929
3.77100014687
3.62400007248
3.71000003815
3.6930000782
3.68200016022
3.80100011826
3.7990000248
3.74500012398
3.70799994469
3.83299994469
3.81200003624
3.78600001335
3.84699988365
3.83699989319
3.8220000267
3.87600016594
3.84500002861
3.99399995804
3.91700005531
3.86800003052
3.82700014114
3.83599996567
3.82799983025
3.8599998951
3.80800008774
3.96099996567
3.83400011063
3.82399988174
3.83999991417
3.83000016212
3.72199988365
3.64499998093
3.79600000381
3.84999990463
3.8630001545
3.92299985886
3.82700014114
3.8029999733
3.80300021172
3.76499986649
3.79699993134
3.88599991798
3.76999998093
3.83299994469
3.992000103
3.82000017166
3.97800016403
3.87800002098
3.68499994278
3.86299991608
3.75599980354
3.81599998474
3.87700009346
3.83100008965
3.77300000191
3.81399989128
3.77300000191
3.92199993134
3.73000001907
3.80099987984
3.96499991417
3.86599993706
3.83100008965
3.85800004005
3.82099986076
3.70499992371
3.64399981499
3.70399999619
3.87199997902
4.01200008392
3.77600002289
3.75900006294
3.81299996376
3.82400012016
3.76600003242
3.76499986649
3.74000000954
3.8149998188
3.88199996948
3.83400011063
3.82100009918
3.94299983978
3.89299988747
3.7619998455
3.8069999218
3.76099991798
3.78999996185
3.93799996376
4.05900001526
3.90400004387
3.77199983597
3.78700017929
3.86599993706
4.00600004196
3.86600017548
4.00900006294
3.77400016785
3.75499987602
3.73199987411
3.75999999046
3.9279999733
3.70299983025
3.59899997711
3.62999987602
3.79099988937
3.88400006294
3.81699991226
3.69900012016
3.74699997902
3.8180000782
3.7990000248
3.8630001545
3.68499994278
3.76600003242
3.85299992561
3.90100002289
3.79600000381
3.79800009727
3.77400016785
3.7380001545
4.03500008583
4.12000012398
3.76499986649
3.78799986839
3.72399997711
3.71799993515
3.76699995995
3.74800014496
3.75
3.75599980354
3.76700019836
3.80400013924
3.76600003242
3.83500003815
3.83800005913
3.93800020218
3.76999998093
3.86500000954
3.66899991035
3.73000001907
3.71499991417
3.87900018692
3.82799983025
3.70300006866
3.72900009155
3.76200008392
3.68400001526
3.63499999046
3.87600016594
3.867000103
3.80000019073
3.78600001335
3.75
3.89999985695
3.88499999046
3.94299983978
3.86100006104
3.93400001526
3.81699991226
3.83299994469
3.77400016785
3.80900001526
3.87699985504
3.84800004959
3.97799992561
3.81999993324
3.90300011635
3.86800003052
3.84100008011
3.92100000381
3.9960000515
3.91300010681
3.80099987984
3.86899995804
3.81299996376
3.9279999733
3.87600016594
3.79099988937
3.93099999428
3.97699999809
3.8869998455
3.99099993706
3.83799982071
3.81500005722
3.92100000381
3.91599988937
4.09399986267
3.80999994278
3.92900013924
3.93400001526
3.867000103
3.97399997711
3.84299993515
3.82299995422
3.72599983215
3.7650001049
3.86599993706
3.92500019073
3.92100000381
3.95300006866
3.97300004959
3.88499999046
4.0070002079
3.79100012779
3.80900001526
3.72099995613
3.75600004196
3.76600003242
3.78399991989
3.76300001144
3.71599984169
3.72799992561
3.72900009155
3.71900010109
3.80999994278
