2.18099999428
2.33699989319
2.28400015831
2.2349998951
2.09500002861
2.60699987411
3.73300004005
2.61899995804
2.16799998283
2.14999985695
2.26600003242
2.22000002861
2.11899995804
2.00599980354
2.08699989319
2.07099986076
2.19400000572
2.28200006485
2.07500004768
2.45399999619
2.52300000191
2.50300002098
2.59700012207
2.61699986458
3.53399991989
2.35400009155
2.64699983597
2.67300009727
2.757999897
2.87800002098
2.60000014305
2.87800002098
3.13400006294
3.43799996376
3.70999979973
2.73799991608
2.53400015831
2.37599992752
2.49099993706
2.07099986076
2.30200004578
2.06500005722
2.49900007248
3.46600008011
3.16700005531
4.36899995804
4.09899997711
3.34800004959
3.19600009918
3.01399993896
3.29799985886
4.01800012589
4.03900003433
3.48500013351
3.27399992943
3.24799990654
2.68400001526
2.68000006676
2.61100006104
2.70700001717
2.64800000191
2.75
2.6779999733
2.65100002289
2.67200016975
2.67599987984
2.66799998283
2.7460000515
2.71500015259
2.67399978638
2.71600008011
2.66700005531
2.79699993134
2.65499997139
2.8860001564
2.71200013161
2.68099999428
2.66700005531
2.65199995041
2.6779999733
2.76300001144
2.64899992943
2.85199999809
2.53700017929
2.6099998951
2.94599986076
2.57699990273
2.58200001717
2.60499978065
2.57099986076
2.55400013924
2.58000016212
2.59200000763
2.5490000248
2.58200001717
3.38199996948
3.5680000782
2.61199998856
2.63199996948
2.66999983788
2.64700007439
2.67699980736
2.63800001144
2.63199996948
2.69900012016
2.67199993134
2.64700007439
2.6819999218
2.66199994087
2.67100000381
2.64400005341
2.69900012016
2.86599993706
2.88499999046
2.87999987602
2.70000004768
2.57899999619
2.88999986649
2.77800011635
2.80500006676
2.86400008202
2.62599992752
2.68000006676
2.57000017166
2.60299992561
2.58100008965
4.11000013351
3.31299996376
2.79299998283
2.79500007629
2.74400019646
2.71599984169
2.6369998455
2.67000007629
2.71700000763
2.62400007248
2.64499998093
2.68000006676
2.69299983978
3.132999897
2.8900001049
2.88999986649
2.84899997711
2.80100011826
2.82299995422
2.73699998856
2.76600003242
2.75300002098
2.757999897
2.67800021172
2.55700016022
2.50999999046
2.54199981689
2.54999995232
2.67000007629
2.57699990273
2.5490000248
2.61199998856
2.61099982262
2.56699991226
2.5600001812
2.73199987411
2.62599992752
2.56599998474
2.51300001144
2.50099992752
2.58100008965
2.49300003052
2.50900006294
2.81500005722
2.52699995041
2.57699990273
2.52500009537
2.50600004196
2.55599999428
2.63499999046
2.54600000381
2.50999999046
2.52500009537
2.50699996948
2.48099994659
2.58000016212
2.53999996185
2.52500009537
2.47800016403
3.34899997711
3.63400006294
2.61199998856
2.65099978447
2.72600007057
2.70299983025
2.66700005531
2.62800002098
2.70499992371
2.71000003815
2.65000009537
2.66000008583
2.8069999218
2.89899992943
2.66900014877
2.60199999809
2.77799987793
2.76499986649
2.64499998093
2.69400000572
2.7650001049
2.68000006676
2.63000011444
2.66499996185
2.64899992943
2.63100004196
2.62999987602
2.58000016212
2.63000011444
2.89999985695
2.62699985504
2.65000009537
2.64800000191
2.64800000191
2.62600016594
2.57800006866
2.65799999237
2.68400001526
2.79999995232
3.05100011826
2.84800004959
2.94600009918
2.59599995613
2.58100008965
2.56700015068
2.33999991417
3.28299999237
2.22699999809
3.01399993896
2.97499990463
2.58599996567
2.69799995422
2.57100009918
2.61299991608
2.57899999619
2.60399985313
2.53999996185
2.5680000782
2.54299998283
2.21600008011
2.93400001526
2.69000005722
2.40499997139
2.58699989319
2.28200006485
2.34099984169
2.09400010109
2.29299998283
2.11000013351
1.92899990082
2.04500007629
2.07800006866
1.90199995041
2.62999987602
2.45200014114
2.39700007439
2.38700008392
2.34900021553
2.34299993515
2.36599993706
2.40799999237
2.4430000782
2.56599998474
2.35599994659
2.31700015068
2.70000004768
2.37299990654
2.2990000248
2.70100021362
2.77099990845
2.56299996376
2.57800006866
2.51799988747
2.9319999218
2.57299995422
2.47900009155
2.70399999619
2.10199999809
2.06999993324
2.15000009537
2.15199995041
2.12000012398
2.15600013733
2.20000004768
2.09899997711
2.07800006866
3.19799995422
3.01999998093
2.40599989891
2.46499991417
3.43400001526
2.43300008774
2.40599989891
2.52900004387
2.34500002861
2.74300003052
2.88899993896
2.61100006104
2.3599998951
2.40899991989
2.81700015068
2.01600003242
2.30800008774
2.0720000267
2.09500002861
2.07999992371
2.3140001297
2.01800012589
2.29400014877
2.42900013924
2.14099979401
2.00999999046
2.11500000954
1.88900017738
2.04499983788
1.89800000191
1.90199995041
1.94199991226
1.87199997902
1.83700013161
2.13000011444
1.96799993515
2.24799990654
2.38599991798
2.19400000572
1.99899983406
2.06399989128
2.11599993706
2.03100013733
2.08700013161
1.9430000782
2.26499986649
2.02199983597
2.02500009537
2.10899996758
2.12400007248
2.27699995041
2.41900014877
1.97099995613
1.94599986076
1.89600014687
1.90799999237
1.85199999809
1.98600006104
1.96299982071
2.14200019836
2.2009999752
2.42900013924
2.18300008774
2.03099989891
2.32999992371
1.90499997139
2.31299996376
2.15100002289
2.16400003433
2.38999986649
2.17499995232
2.16299986839
2.17300009727
2.20300006866
2.10199999809
2.62300014496
2.17499995232
2.6289999485
2.08200001717
2.20600008965
2.16199994087
2.37700009346
3.28900003433
2.14999985695
2.05799984932
2.09200000763
1.96399998665
1.96800017357
1.93499994278
2.16000008583
2.1360001564
2.12600016594
2.45300006866
2.1779999733
2.15599989891
1.95599985123
1.94099998474
1.97200012207
1.93299984932
2.02200007439
2.09200000763
2.09800004959
1.96000003815
2.02699995041
2.25500011444
2.16799998283
2.22899985313
2.03500008583
2.3869998455
2.15400004387
2.04299998283
2.0150001049
1.98699998856
1.992000103
1.98000001907
2.03399991989
2.53299999237
2.22000002861
1.98299980164
1.91700005531
2.10199999809
1.96899986267
1.91400003433
1.86100006104
2.04699993134
2.05599999428
1.97599983215
1.97000002861
1.97200012207
1.96199989319
2.08399987221
1.96100020409
1.89100003242
2.03599977493
1.96799993515
2.02999997139
1.83400011063
2.03399991989
2.09699988365
2.42200016975
2.00099992752
1.9509999752
1.95800018311
1.97000002861
2.0720000267
1.96099996567
1.96000003815
1.96399998665
1.98900008202
2.00599980354
1.88199996948
1.85399985313
2.82800006866
2.54600000381
3.05500006676
2.16700005531
2.29699993134
1.98199987411
2.0569999218
2.02800011635
2.05900001526
2.13199996948
1.89899992943
2.20200014114
2.18400001526
2.02100014687
2.14100003242
2.01900005341
2.09799981117
2.0609998703
2.14299988747
2.51300001144
2.27200007439
3.7009999752
3.47099995613
2.52399992943
2.40300011635
3.37199997902
2.74699997902
2.64100003242
2.07400012016
2.22000002861
2.2009999752
2.99799990654
3.11800003052
2.72100019455
3.09899997711
2.33899998665
2.68700003624
2.56900000572
2.53800010681
2.2349998951
2.2650001049
2.24399995804
2.21700000763
2.34899997711
2.28800010681
2.35299992561
2.82899999619
2.25600004196
3.13400006294
2.63199996948
2.73199987411
2.33700013161
2.22000002861
2.33800005913
2.21299982071
2.17200016975
2.18099999428
2.19900012016
2.18099999428
2.19600009918
2.26099991798
2.23199987411
2.18300008774
2.16600012779
2.20599985123
2.25
2.55400013924
2.19999980927
2.20299983025
2.18300008774
2.19899988174
2.21399998665
2.23600006104
2.15700006485
2.22200012207
2.2460000515
2.23200011253
2.26699995995
2.1970000267
2.35100007057
2.65700006485
2.65599989891
2.72099995613
2.66700005531
2.22199988365
2.24900007248
2.21399998665
2.24399995804
2.36699986458
2.38300013542
2.1740000248
2.18799996376
2.23500013351
2.18799996376
2.19099998474
2.2009999752
2.45200014114
2.41799998283
2.39899992943
2.46499991417
2.28699994087
2.46599984169
2.27200007439
2.35899996758
2.38199996948
2.30999994278
2.23599982262
2.20299983025
2.2349998951
2.20700001717
2.20500016212
2.19400000572
2.21000003815
2.21599984169
2.27699995041
2.31299996376
2.20800018311
2.56999993324
2.5640001297
2.85700011253
2.60199999809
2.64899992943
2.22899985313
2.20800018311
2.13300013542
2.12700009346
2.16000008583
2.12700009346
2.13599991798
4.3109998703
3.55900001526
3.89299988747
3.1779999733
3.73600006104
3.14100003242
3.5
3.22599983215
3.29800009727
3.33100008965
3.37599992752
3.37800002098
3.33200001717
2.70399999619
2.61099982262
2.82100009918
4.19900012016
2.48799991608
2.23300004005
2.11000013351
2.55800008774
2.38800001144
2.07700014114
3.15200018883
2.35800004005
2.89300012589
3.29099988937
3.50200009346
2.32999992371
2.27999997139
2.34999990463
2.24000000954
2.3140001297
2.17300009727
2.18499994278
2.27100014687
2.20300006866
2.1819999218
2.15600013733
2.19799995422
2.17200016975
2.18300008774
2.21500015259
2.22099995613
2.1970000267
2.4430000782
2.18400001526
2.18499994278
2.17199993134
2.19099998474
2.18799996376
2.15700006485
2.1890001297
2.19500017166
2.33100008965
2.26600003242
2.14700007439
3.2349998951
2.33599996567
2.29499983788
2.30399990082
2.29099988937
2.51300001144
2.25300002098
2.19600009918
2.18799996376
2.26300001144
2.19799995422
2.23000001907
2.15599989891
2.18000006676
2.15999984741
2.17599987984
2.35400009155
2.42000007629
2.22000002861
2.14900016785
2.14199995995
2.14499998093
2.11800003052
2.13400006294
2.17700004578
2.17100000381
2.125
2.1320002079
2.13399982452
2.14200019836
2.11899995804
2.12800002098
2.25899982452
2.14199995995
2.19899988174
2.17600011826
2.2460000515
2.19200015068
2.16600012779
2.16100001335
2.15100002289
2.24300003052
2.1740000248
2.16400003433
2.16699981689
2.18099999428
2.19199991226
2.16799998283
2.11400008202
2.23599982262
2.16400003433
2.2460000515
2.16400003433
2.1930000782
2.15299987793
2.18300008774
2.15599989891
2.17299985886
2.21000003815
2.18000006676
2.16900014877
2.28600001335
3.30499982834
2.18799996376
2.22099995613
2.25200009346
2.20300006866
2.16600012779
2.25699996948
2.90799999237
2.13399982452
2.19400000572
2.13800001144
2.51399993896
2.20399999619
2.14199995995
2.1819999218
2.14399981499
2.20700001717
2.1369998455
2.1779999733
2.16499996185
2.17599987984
2.19099998474
2.17599987984
2.16899991035
2.20899987221
2.242000103
2.77600002289
2.16199994087
2.16599988937
2.18000006676
2.15999984741
2.7460000515
2.38700008392
2.11999988556
2.2349998951
2.24799990654
2.2009999752
2.17599987984
2.18699979782
2.18499994278
2.17600011826
2.23799991608
2.96700000763
2.80700016022
2.21399998665
2.19199991226
2.17199993134
2.14199995995
1.84200000763
1.83000016212
1.84899997711
1.8869998455
1.8710000515
1.82400012016
1.83100008965
1.84100008011
1.867000103
1.85699987411
1.84299993515
1.84200000763
1.83800005913
1.88400006294
1.83899998665
1.91099977493
1.84299993515
1.83200001717
1.83700013161
1.85599994659
1.84999990463
1.84599995613
2.49699997902
2.117000103
1.90100002289
1.90799999237
1.82600021362
1.86900019646
1.86100006104
1.89100003242
1.83200001717
1.86100006104
1.92100000381
1.88100004196
1.95799994469
1.86100006104
1.96300005913
1.99499988556
1.89899992943
1.86699986458
1.95799994469
1.875
1.88100004196
1.86599993706
1.8789999485
1.86199998856
1.90100002289
1.85300016403
1.83899998665
1.84999990463
1.85400009155
1.87800002098
1.86400008202
1.86900019646
1.84599995613
1.85800004005
1.79500007629
1.89199995995
1.83999991417
1.93299984932
1.89300012589
1.93099999428
1.81900000572
1.91799998283
1.80599999428
1.84600019455
1.93000006676
1.85000014305
1.94799995422
1.84100008011
1.83600020409
1.82800006866
1.84200000763
1.85299992561
1.83400011063
1.85199999809
1.84100008011
1.85100007057
1.83200001717
2.62600016594
1.86899995804
1.89300012589
2.10599994659
2.07800006866
1.9430000782
1.85199999809
1.92599987984
2.0
2.18400001526
1.99499988556
2.01699995995
2.46700000763
2.64400005341
2.41100001335
2.40199995041
2.03300023079
1.88499999046
1.87400007248
1.86699986458
1.89800000191
1.87600016594
1.89299988747
1.867000103
1.92500019073
1.89100003242
2.03600001335
1.97600007057
1.89800000191
1.882999897
1.90399980545
1.90600013733
2.0609998703
1.91700005531
1.88300013542
1.87199997902
1.88999986649
1.86999988556
1.84500002861
1.85899996758
1.86500000954
1.85800004005
1.84800004959
1.82100009918
1.92100000381
1.89400005341
1.97399997711
1.91799998283
1.91799998283
1.84599995613
1.90600013733
1.94400000572
1.98399996758
2.02300000191
2.05200004578
2.01000022888
2.04400014877
1.90900015831
1.97800016403
1.85199999809
1.90400004387
1.86500000954
1.92199993134
2.05399990082
1.89699983597
2.09699988365
1.89299988747
1.98900008202
1.90299987793
1.89400005341
2.10799980164
2.24900007248
1.99300003052
2.3220000267
1.90300011635
2.08299994469
1.9359998703
1.88199996948
2.19500017166
2.09700012207
1.96000003815
1.89299988747
2.09399986267
2.05799984932
1.96899986267
1.89300012589
2.15899991989
1.83899998665
1.85300016403
1.85800004005
1.83899998665
1.83999991417
1.82899999619
1.85299992561
1.78600001335
2.11400008202
1.91400003433
1.97399997711
1.87000012398
1.99899983406
1.97300004959
1.9319999218
1.91600012779
1.97699999809
2.71799993515
2.33800005913
2.40899991989
2.48099994659
2.06599998474
3.33300018311
2.45500016212
2.99499988556
2.57400012016
2.31999993324
2.68600010872
3.09500002861
2.52999997139
2.42699980736
2.40999984741
1.93899989128
1.91899991035
1.9319999218
1.94299983978
1.96300005913
1.89400005341
2.06900000572
1.90599989891
1.96000003815
2.08800005913
1.94099998474
1.98900008202
1.94500017166
1.9509999752
1.9279999733
1.92499995232
2.00099992752
2.02500009537
1.89499998093
1.99499988556
2.1130001545
1.9319999218
1.992000103
1.85599994659
1.90200018883
1.88099980354
1.88499999046
1.89599990845
1.85500001907
1.89700007439
1.95300006866
1.85500001907
1.89999985695
1.83299994469
1.86899995804
1.84899997711
1.85899996758
1.93800020218
1.87400007248
1.89800000191
1.86000013351
1.86899995804
1.83599996567
1.86800003052
1.85299992561
1.9430000782
1.86899995804
1.85800004005
1.85500001907
1.82999992371
1.9359998703
1.89499998093
1.86199998856
1.84200000763
1.84499979019
1.84999990463
1.82199978828
1.85800004005
1.86899995804
1.81200003624
1.85399985313
1.88100004196
1.81399989128
1.867000103
1.87800002098
1.80400013924
1.875
1.8869998455
1.87700009346
1.85000014305
1.82899999619
1.97699999809
1.91299986839
1.88100004196
1.84299993515
1.8710000515
1.88199996948
1.88499999046
1.88499999046
1.88899993896
1.84299993515
1.84899997711
2.04600000381
1.85800004005
1.84100008011
1.86100006104
1.85000014305
1.92100000381
1.87000012398
1.85500001907
1.88199996948
1.86999988556
1.85000014305
1.86400008202
1.87399983406
1.79200005531
1.95600008965
1.85599994659
1.84999990463
1.85199999809
1.84399986267
1.85700011253
1.8710000515
1.86800003052
1.85899996758
1.89100003242
1.85199999809
1.86199998856
1.86800003052
1.89299988747
1.86199998856
1.88900017738
1.84800004959
1.83299994469
1.88199996948
1.86299991608
1.84699988365
1.87400007248
1.87099981308
1.85500001907
1.85100007057
1.85400009155
1.85799980164
1.85000014305
1.88199996948
1.85800004005
1.86699986458
1.8599998951
1.86100006104
1.86800003052
1.85400009155
1.82699990273
1.92500019073
1.92599987984
1.91599988937
1.97600007057
1.93099999428
2.00800013542
1.94499993324
1.94199991226
1.93899989128
2.04000020027
1.9240000248
1.95700001717
1.98200011253
1.97699999809
2.14699983597
1.91999983788
2.04800009727
1.92000007629
1.92100000381
2.01800012589
1.91199994087
1.91000008583
1.88899993896
1.97000002861
1.93300008774
1.94999980927
2.04299998283
1.93700003624
1.99000000954
1.94000005722
1.93200016022
1.94000005722
1.9430000782
2.01200008392
1.90000009537
1.9430000782
2.09599995613
1.96000003815
1.92999982834
1.94299983978
1.94499993324
2.03500008583
1.94900012016
2.05099987984
1.93499994278
1.90500020981
2.04200005531
1.96099996567
2.03600001335
1.92900013924
1.98399996758
2.03200006485
2.00300002098
2.07100009918
1.95200014114
1.91200017929
1.8639998436
1.85700011253
1.86000013351
1.87600016594
1.88399982452
1.87300014496
1.8599998951
1.87000012398
1.92599987984
1.8710000515
2.29099988937
1.93600010872
2.60399985313
2.07100009918
1.85899996758
1.89899992943
2.04500007629
1.9240000248
1.98200011253
2.26600003242
1.93400001526
1.91600012779
1.90400004387
1.98799991608
1.94099998474
1.96399998665
1.91799998283
1.882999897
1.98300004005
1.96599984169
1.97000002861
1.992000103
2.03699994087
2.117000103
1.88900017738
2.03999996185
1.89400005341
1.98000001907
1.96600008011
1.94400000572
1.99000000954
1.92299985886
1.8789999485
1.96200013161
1.92100000381
1.92700004578
1.90299987793
1.92899990082
1.93299984932
1.93200016022
2.02700018883
2.06599998474
1.91199994087
1.93899989128
1.94799995422
1.93400001526
1.9399998188
2.03200006485
1.91999983788
1.97399997711
1.93499994278
1.97000002861
1.90299987793
1.9279999733
1.96700000763
1.96399998665
2.05200004578
2.04200005531
1.91999983788
1.96499991417
1.9509999752
2.125
1.93799996376
1.91499996185
1.94599986076
1.96000003815
1.9279999733
1.94400000572
1.90499997139
1.90699982643
1.99699997902
1.96000003815
1.94799995422
2.0720000267
2.00500011444
1.85899996758
2.06600022316
1.90799999237
1.93700003624
1.91000008583
1.91599988937
1.95700001717
1.93400001526
1.94100022316
2.07299995422
1.90600013733
1.92200016975
1.92199993134
1.95300006866
1.95300006866
1.9240000248
2.03799986839
1.97299981117
1.96399998665
1.95600008965
1.94499993324
1.89599990845
1.92900013924
1.9889998436
1.96700000763
1.94000005722
1.94099998474
1.87800002098
1.9470000267
1.9240000248
2.01399993896
1.9319999218
1.9319999218
2.07899999619
1.9509999752
2.20000004768
1.96299982071
1.93499994278
1.91499996185
1.92999982834
2.00600004196
1.91400003433
1.99000000954
2.02199983597
2.03999996185
1.9470000267
1.91699981689
2.0039999485
1.93499994278
1.95999979973
2.16799998283
1.92700004578
1.98000001907
2.06200003624
1.94400000572
1.89700007439
2.09699988365
1.99099993706
1.96799993515
1.9350001812
2.0490000248
1.90599989891
1.91199994087
1.93399977684
1.93799996376
1.94600009918
1.91600012779
2.10700011253
2.14100003242
2.16900014877
2.1320002079
2.00099992752
1.92700004578
2.02300000191
1.90599989891
2.02200007439
1.96700000763
2.03500008583
1.96500015259
1.97399997711
2.5150001049
2.07500004768
2.15000009537
2.09100008011
2.11600017548
2.375
2.09299993515
2.05099987984
2.21000003815
2.44000005722
2.05200004578
1.95499992371
2.04400014877
1.92599987984
1.91400003433
1.91000008583
1.93099999428
1.92700004578
1.92299985886
1.99699997902
1.99799990654
2.0
2.12299990654
1.84999990463
1.9509999752
1.97300004959
1.87400007248
2.00300002098
2.1890001297
2.00599980354
1.95700001717
1.97000002861
1.94900012016
1.93299984932
1.97399997711
2.07100009918
1.94899988174
1.95399999619
1.97300004959
2.05200004578
1.96300005913
1.95600008965
1.94199991226
1.93499994278
1.91600012779
2.05200004578
2.07099986076
1.9960000515
1.94200015068
2.04700016975
1.95500016212
1.95300006866
1.91200017929
1.94200015068
1.92900013924
1.92700004578
2.07100009918
1.9929997921
1.98000001907
1.93400001526
1.90599989891
1.95800018311
1.93799996376
1.99800014496
1.93400001526
1.91699981689
2.04800009727
1.92699980736
1.91299986839
1.875
1.92000007629
1.94299983978
1.92900013924
2.10799980164
1.9470000267
1.92700004578
2.01699995995
1.94900012016
1.91599988937
1.97699999809
1.93499994278
1.97600007057
1.91799998283
2.0490000248
2.10500001907
2.10199999809
2.28100013733
2.23399996758
1.96299982071
2.11600017548
1.9209997654
1.97899985313
1.98100018501
1.93499994278
1.97099995613
1.97099995613
2.01399993896
1.95000004768
1.9279999733
2.10199999809
1.91799998283
1.9430000782
1.94099998474
1.95000004768
1.92199993134
1.93800020218
2.06100010872
1.94799995422
1.88700008392
2.45599985123
2.24900007248
1.94900012016
1.93899989128
1.9279999733
2.45300006866
2.33999991417
2.08899998665
1.95499992371
1.93400001526
1.92900013924
1.94600009918
1.92499995232
2.0529999733
1.9319999218
1.90199995041
1.96600008011
1.91000008583
1.94199991226
1.93400001526
1.9240000248
1.9430000782
2.58299994469
2.72000002861
2.60900020599
2.47300004959
2.0529999733
2.14899992943
1.94400000572
1.90000009537
1.94600009918
1.97000002861
1.91599988937
1.99699997902
1.98000001907
1.9509999752
1.96700000763
2.04499983788
1.91499996185
1.90700006485
1.91500020027
1.98099994659
1.94799995422
1.9849998951
2.09500002861
1.91599988937
1.92900013924
2.03999996185
1.94899988174
1.91499996185
1.94099998474
1.91499996185
1.9359998703
2.00899982452
1.99500012398
1.92000007629
1.94099998474
1.91999983788
1.94600009918
1.92300009727
2.63599991798
2.38000011444
2.22399997711
1.98699998856
2.10599994659
2.02200007439
1.93700003624
1.91600012779
1.95000004768
2.41600012779
2.03500008583
1.9430000782
1.9240000248
2.02400016785
1.92100000381
1.93099999428
1.91899991035
1.91700005531
2.13800001144
1.93400001526
1.94500017166
2.00999999046
1.95799994469
2.02499985695
1.93600010872
1.91600012779
1.92100000381
1.90300011635
2.03799986839
1.92700004578
1.95000004768
1.98200011253
2.01099991798
1.96700000763
1.91700005531
2.02300000191
1.94000005722
1.9430000782
2.02600002289
1.89800000191
1.92100000381
1.8710000515
1.9430000782
1.92000007629
1.93000006676
1.99900007248
1.92700004578
1.92500019073
1.94699978828
1.91599988937
1.91000008583
1.93299984932
2.04099988937
1.93300008774
1.9430000782
1.94099998474
1.95200014114
1.9509999752
1.97499990463
2.00699996948
1.99099993706
1.97099995613
2.02500009537
1.90499997139
1.93299984932
1.95000004768
1.94100022316
1.90900015831
1.95899987221
2.30500006676
2.78299999237
2.66599988937
2.57299995422
2.55399990082
2.47300004959
1.97200012207
1.9359998703
1.97000002861
1.9470000267
1.93400001526
1.92199993134
1.94099998474
1.96700000763
1.94799995422
1.92499995232
1.94500017166
1.9430000782
1.9319999218
2.07400012016
1.94799995422
1.9509999752
1.93000006676
1.91199994087
2.02600002289
1.91199994087
2.11899995804
1.97199988365
1.89300012589
1.94400000572
1.92700004578
1.90000009537
1.96499991417
1.93700003624
1.93899989128
1.97499990463
2.0759999752
1.94099998474
1.94099998474
1.94199991226
2.05599999428
1.95299983025
1.95799994469
1.93000006676
1.92700004578
1.94100022316
2.07500004768
1.94600009918
1.99399995804
2.03600001335
1.96800017357
1.93499994278
1.93499994278
2.1970000267
2.01399993896
1.97399997711
2.18099999428
1.91299986839
1.92599987984
1.94099998474
1.94499993324
2.09700012207
1.94499993324
1.9470000267
1.91400003433
2.03299999237
2.0150001049
1.98300004005
1.91599988937
2.03499984741
2.13499999046
2.1210000515
2.10000014305
2.06500005722
1.92299985886
2.03099989891
2.11199998856
1.95899987221
1.92899990082
2.05900001526
1.96000003815
1.93000006676
1.93300008774
1.95000004768
1.94099998474
1.9359998703
2.1130001545
1.93300008774
1.85299992561
1.92600011826
1.90199995041
1.9350001812
1.91999983788
2.05399990082
1.92499995232
1.94099998474
2.01799988747
1.92100000381
1.93600010872
1.91600012779
1.95900011063
1.88499999046
1.92599987984
2.1320002079
1.93700003624
1.93000006676
1.90899991989
1.93099999428
1.96700000763
1.91499996185
2.13499999046
1.96399998665
1.9279999733
1.99099993706
1.94499993324
1.93000006676
1.94299983978
2.02500009537
1.93099999428
1.93299984932
1.93000006676
1.93200016022
1.9470000267
1.90899991989
2.04300022125
1.9390001297
1.93299984932
1.94799995422
1.99300003052
1.99199986458
1.92900013924
2.03399991989
1.99300003052
2.04200005531
2.02799987793
1.92199993134
1.8860001564
1.89300012589
1.92599987984
1.93499994278
1.95199990273
2.01999998093
1.96799993515
1.9399998188
1.91299986839
1.89199995995
1.97699999809
1.89899992943
2.08899998665
2.03200006485
1.92000007629
2.04099988937
1.95600008965
1.95899987221
1.96399998665
1.93400001526
1.99499988556
1.94499993324
2.11599993706
2.31700015068
2.71799993515
1.95700001717
2.18000006676
2.33100008965
2.42199993134
2.12900018692
1.8639998436
2.22699999809
2.31299996376
2.0759999752
2.04200005531
1.97099995613
2.46399998665
2.03600001335
1.94600009918
1.92499995232
1.88400006294
1.87200021744
1.88800001144
1.88199996948
1.85899996758
1.86500000954
1.83100008965
2.05599999428
2.08800005913
1.92900013924
1.93800020218
1.98300004005
1.8869998455
1.88199996948
1.86199998856
2.23799991608
1.89899992943
1.80200004578
1.93499994278
2.00800013542
1.875
1.86999988556
1.85500001907
1.84500002861
1.867000103
1.83500003815
1.83200001717
1.85099983215
1.85899996758
1.84299993515
1.84299993515
1.86100006104
1.88100004196
1.85600018501
1.84399986267
1.84400010109
1.91000008583
1.84200000763
1.84299993515
1.85500001907
1.90000009537
1.85599994659
1.97099995613
1.87400007248
1.86400008202
1.88899993896
2.18000006676
1.84599995613
2.00699996948
1.87099981308
2.03099989891
1.94499993324
1.89499998093
1.88700008392
1.85800004005
1.89199995995
1.87400007248
1.97499990463
1.8789999485
1.84899997711
1.84500002861
1.8599998951
1.80599999428
1.84399986267
1.85599994659
1.84099984169
1.875
1.85800004005
1.84800004959
1.85500001907
1.9430000782
1.85800004005
1.94000005722
1.91700005531
1.83400011063
1.99099993706
2.17700004578
2.31299996376
1.91000008583
1.85299992561
1.85100007057
1.98599982262
1.882999897
1.85800004005
1.78800010681
1.85899996758
1.82899999619
1.87400007248
1.95399999619
1.84299993515
1.83399987221
1.84500002861
1.86199998856
1.82299995422
1.84099984169
1.85399985313
1.84800004959
1.86699986458
1.85100007057
1.84699988365
1.84699988365
2.16100001335
1.882999897
1.99799990654
1.88599991798
1.90299987793
1.88599991798
1.88499999046
1.88199996948
1.84700012207
1.83800005913
1.85099983215
1.84799981117
1.9390001297
1.8710000515
1.92999982834
1.86500000954
1.90799999237
1.9430000782
1.94499993324
1.94000005722
1.93699979782
1.8710000515
1.86100006104
1.86400008202
1.93499994278
1.87199997902
1.86400008202
1.85500001907
1.89900016785
1.84100008011
1.93799996376
1.89699983597
1.89900016785
1.85900020599
1.89200019836
1.85699987411
1.87800002098
1.88499999046
1.89199995995
1.84800004959
1.91000008583
1.86299991608
1.85500001907
1.90000009537
1.87199997902
1.87699985504
1.87999987602
1.85799980164
1.90599989891
1.78999996185
1.85500001907
1.87999987602
1.89400005341
1.85199999809
1.93799996376
1.88199996948
1.89799976349
1.87000012398
1.89199995995
1.84700012207
1.8869998455
1.85000014305
1.86999988556
1.8679997921
1.85699987411
1.87199997902
1.87199997902
1.94600009918
1.88199996948
1.86500000954
1.82400012016
1.8789999485
2.00500011444
1.85199999809
1.87299990654
1.87900018692
1.84999990463
1.88199996948
1.92600011826
1.88900017738
1.85000014305
1.87699985504
1.89599990845
1.88199996948
1.8639998436
1.89700007439
1.82700014114
1.85500001907
1.83799982071
1.86999988556
1.875
1.84500002861
1.87799978256
1.8710000515
1.86800003052
1.85599994659
1.87700009346
1.93600010872
1.86999988556
1.85800004005
1.84800004959
1.8599998951
1.85400009155
1.84599995613
1.83300018311
1.84200000763
1.84000015259
1.8789999485
1.84899997711
1.86899995804
1.83700013161
1.82999992371
1.8679997921
1.83299994469
1.85899996758
1.83800005913
1.83200001717
1.81399989128
1.85000014305
1.86500000954
1.84300017357
1.87699985504
1.85800004005
2.03199982643
1.89199995995
2.26699995995
2.34399986267
3.70700001717
2.87699985504
2.29700016975
2.30399990082
2.33500003815
2.257999897
2.24699997902
2.17900013924
2.2349998951
2.21900010109
2.19299983978
2.27200007439
2.22000002861
2.18000006676
2.21299982071
2.2009999752
2.26900005341
2.26499986649
2.2650001049
2.1970000267
2.23900008202
2.19400000572
2.20300006866
2.24399995804
2.1930000782
2.20499992371
2.18400001526
2.19999980927
2.19799995422
2.30099987984
2.19000005722
2.33999991417
2.20599985123
2.24699997902
2.23400020599
2.28699994087
2.29299998283
2.33800005913
2.19699978828
2.22699999809
2.2380001545
2.23900008202
2.18899989128
2.18499994278
2.26499986649
2.21399998665
2.18799996376
2.17700004578
2.16800022125
2.10800004005
2.35500001907
2.26600003242
2.26699995995
2.25600004196
2.27799987793
2.28500008583
2.2380001545
2.43200016022
2.18600010872
2.24099993706
2.09200000763
2.12299990654
2.53299999237
3.60899996758
2.26799988747
2.75600004196
2.20700001717
2.257999897
3.07899999619
2.26699995995
2.22800016403
2.16200017929
2.23300004005
2.22799992561
2.21599984169
2.25099992752
2.22799992561
2.34000015259
2.21099996567
2.0490000248
2.14800000191
1.97699999809
2.10399985313
2.08699989319
2.01600003242
2.27499985695
2.42899990082
2.19299983978
2.78500008583
2.22599983215
2.25900006294
2.19599986076
2.17700004578
2.26799988747
2.27300000191
2.18899989128
2.27399992943
2.27900004387
2.29600000381
2.26499986649
2.29600000381
2.33099985123
3.41299986839
2.56900000572
2.61100006104
2.62699985504
2.5490000248
2.63400006294
2.60500001907
2.69899988174
2.75600004196
2.73299980164
2.54300022125
2.49300003052
2.43799996376
2.617000103
2.26499986649
2.26200008392
2.27400016785
2.25600004196
2.31500005722
2.22399997711
2.3259999752
2.26300001144
2.24900007248
2.19699978828
2.19799995422
2.41899991035
2.41100001335
2.41899991035
2.15700006485
2.25099992752
2.21300005913
2.18600010872
2.2460000515
2.18299984932
2.23300004005
2.28999996185
2.18000006676
2.14899992943
2.25
2.26200008392
2.2539999485
2.20000004768
2.26900005341
2.26399993896
2.32299995422
2.17500019073
2.18200016022
2.33100008965
3.12999987602
2.13899993896
2.02100014687
2.75400018692
2.74900007248
2.68499994278
2.61600017548
2.44599986076
2.39999985695
2.25499987602
2.27699995041
2.22199988365
2.18899989128
2.25200009346
2.23399996758
2.27300000191
2.26699995995
2.22299981117
2.21000003815
2.21600008011
2.15699982643
2.48900008202
2.25499987602
2.37599992752
2.25
2.26699995995
2.26200008392
2.33500003815
2.27500009537
2.18000006676
2.30400013924
2.1970000267
2.20399999619
2.1930000782
2.24799990654
2.22200012207
2.17700004578
2.76099991798
2.54699993134
2.45799994469
2.27699995041
2.14200019836
2.08000016212
2.14400005341
2.14499998093
2.62400007248
2.20799994469
2.27900004387
1.96800017357
2.2650001049
2.3069999218
2.4470000267
1.92300009727
3.17600011826
2.52900004387
2.28600001335
2.89499998093
2.2349998951
2.15299987793
2.38199996948
2.03900003433
2.21000003815
1.94000005722
1.93499994278
2.10800004005
2.14899992943
2.20300006866
2.05700016022
2.2349998951
2.11199998856
2.04799985886
2.30500006676
2.37599992752
2.27900004387
2.5720000267
2.02699995041
2.00600004196
2.10299992561
2.45199990273
2.23200011253
2.91699981689
2.81500005722
2.49100017548
2.38400006294
2.25500011444
2.21199989319
2.17200016975
2.20399999619
2.23600006104
2.17499995232
2.16900014877
2.26700019836
2.27999997139
2.22799992561
2.38100004196
2.30399990082
2.34900021553
2.29800009727
2.23400020599
2.19500017166
2.21399998665
2.17100000381
2.2009999752
2.28699994087
2.23099994659
2.17199993134
2.21900010109
2.22099995613
2.16900014877
2.17899990082
2.1779999733
2.46300005913
2.26800012589
2.20299983025
2.21599984169
2.18799996376
2.14999985695
2.22399997711
2.16000008583
2.21500015259
2.25300002098
2.2610001564
2.20500016212
2.42900013924
2.23500013351
2.16499996185
2.24100017548
2.20599985123
2.23799991608
2.25200009346
2.18000006676
2.1850001812
2.22899985313
2.21600008011
2.21600008011
2.28900003433
2.23300004005
2.24000000954
2.21200013161
2.20499992371
2.20700001717
2.55400013924
2.29299998283
2.29200005531
2.48400020599
2.38899993896
2.47100019455
2.36800003052
2.13700008392
2.21300005913
2.1779999733
2.16799998283
2.24799990654
2.31200003624
2.20399999619
2.42000007629
2.44000005722
2.42700004578
2.42300009727
2.22600007057
2.28100013733
2.35399985313
2.19600009918
2.30499982834
2.30099987984
2.30800008774
2.26800012589
2.22599983215
2.21200013161
2.26900005341
2.20399999619
2.21700000763
2.22799992561
2.28699994087
2.26600003242
2.17499995232
2.25300002098
2.15400004387
2.27500009537
2.24499988556
2.21599984169
2.25600004196
2.1970000267
2.2009999752
2.19299983978
2.17300009727
2.17899990082
2.15499997139
2.26299977303
2.23399996758
2.20199990273
2.16400003433
2.29800009727
2.18899989128
2.17499995232
2.30599999428
2.35799980164
2.24000000954
2.24799990654
2.242000103
2.20399999619
2.19799995422
2.2349998951
2.21399998665
2.16899991035
2.20200014114
2.14100003242
2.23799991608
2.25300002098
2.27600002289
2.22899985313
2.26699995995
2.19199991226
2.2460000515
2.19499993324
2.22899985313
2.26800012589
2.42900013924
2.27099990845
2.24800014496
2.19099998474
2.16799998283
2.15499997139
2.18700003624
2.24499988556
2.19899988174
2.1899998188
2.19799995422
2.24300003052
2.21899986267
2.34300017357
2.26399993896
2.3069999218
2.22100019455
2.24399995804
2.3109998703
2.23900008202
2.29999995232
2.20799994469
2.39899992943
2.27399992943
2.26099991798
2.25300002098
2.26300001144
2.23699998856
2.1779999733
2.18400001526
2.19199991226
2.20399999619
2.14899992943
2.13199996948
2.23799991608
2.1850001812
2.15900015831
2.24399995804
2.27600002289
2.28900003433
2.25899982452
2.31200003624
3.02099990845
2.7349998951
2.73300004005
2.30599999428
2.32999992371
2.13800001144
2.6400001049
2.7349998951
2.30100011826
2.34599995613
2.37699985504
2.22300004959
2.0720000267
2.08500003815
2.14899992943
2.54299998283
2.63199996948
2.28700017929
2.26200008392
2.56500005722
2.45399999619
2.23000001907
2.13599991798
2.23099994659
2.1850001812
2.4240000248
2.1850001812
2.28699994087
2.36199998856
2.38899993896
2.19200015068
2.2009999752
2.21199989319
2.16400003433
2.20199990273
2.21000003815
2.18799996376
2.17000007629
2.20399999619
2.14800000191
2.24499988556
2.1970000267
2.17600011826
2.15899991989
2.32800006866
2.26599979401
2.28800010681
2.39499998093
2.34400010109
2.21700000763
2.26800012589
2.37400007248
2.25900006294
2.40699982643
2.32800006866
2.22799992561
2.19799995422
2.2009999752
2.12999987602
2.16199994087
2.16700005531
2.19000005722
2.35200023651
2.27799987793
2.29000020027
2.35100007057
2.46900010109
2.28399991989
2.1890001297
3.18299984932
2.23999977112
2.05000019073
2.14400005341
2.0720000267
2.1970000267
2.04299998283
2.22999978065
2.08899998665
2.40400004387
2.65700006485
2.6400001049
2.97099995613
2.29699993134
2.10400009155
2.12900018692
2.11000013351
2.1210000515
2.24499988556
2.14899992943
2.77600002289
2.26300001144
2.18099999428
2.22199988365
2.28299999237
2.35599994659
2.40299987793
2.20300006866
2.21900010109
2.20599985123
2.21300005913
2.17000007629
2.45600008965
2.28900003433
2.26800012589
2.29699993134
2.23200011253
2.19799995422
2.22799992561
2.18899989128
2.23500013351
2.25900006294
2.27499985695
2.26900005341
2.32899999619
2.3789999485
2.33299994469
2.30999994278
2.26999998093
2.23799991608
2.2009999752
2.23799991608
2.29100012779
2.2619998455
2.26999998093
2.22200012207
2.1930000782
2.27999997139
2.20399999619
2.20899987221
2.34000015259
2.18400001526
2.44600009918
2.21499991417
2.26200008392
2.22300004959
2.26399993896
2.28099989891
2.22999978065
2.17700004578
2.35899996758
2.23900008202
2.20800018311
2.59699988365
2.16599988937
2.1369998455
2.0529999733
2.04799985886
2.20399999619
2.132999897
2.04999995232
2.14400005341
2.11499977112
2.10199999809
2.09000015259
2.14499998093
2.51999998093
2.37099981308
2.71900010109
3.05599999428
3.52099990845
3.35399985313
3.14500021935
2.8220000267
2.65199995041
3.35599994659
2.74300003052
2.43499994278
2.34200000763
2.53600001335
2.45000004768
2.35299992561
2.82800006866
2.97799992561
3.12699985504
2.74300003052
2.02699995041
2.03500008583
2.13899993896
2.15600013733
2.23900008202
2.0529999733
2.3860001564
2.11299991608
2.25899982452
2.06100010872
2.24699997902
2.77799987793
2.55399990082
2.73699998856
2.65199995041
2.57699990273
3.24000000954
2.71199989319
2.35900020599
2.07400012016
2.55100011826
2.85500001907
2.21399998665
1.98099994659
2.17699980736
2.74700021744
2.23100018501
2.26799988747
2.30799984932
2.9240000248
2.58599996567
2.61800003052
2.61500000954
2.70000004768
2.96899986267
2.75
2.91299986839
2.62700009346
2.5490000248
2.53900003433
2.51300001144
2.49500012398
2.51899981499
2.61699986458
2.5609998703
2.5150001049
2.46900010109
2.6779999733
2.68299984932
2.67900013924
2.71099996567
2.50999999046
2.48000001907
2.58899998665
2.66599988937
2.757999897
2.53500008583
2.48000001907
2.76499986649
2.52799987793
2.44899988174
2.5680000782
2.52499985695
2.52999997139
2.5569999218
2.5490000248
2.54699993134
2.54699993134
2.57800006866
2.56599998474
2.53200006485
2.51900005341
2.57899999619
2.4929997921
2.48900008202
2.54499983788
2.55800008774
2.51999998093
2.71200013161
2.59999990463
2.49899983406
2.59899997711
2.54800009727
2.64300012589
2.46199989319
2.41799998283
2.78400015831
2.46599984169
2.48500013351
2.56999993324
2.53600001335
2.4849998951
2.58100008965
2.46500015259
2.56500005722
2.61400008202
2.64499998093
2.47699999809
2.48199987411
2.5490000248
2.5490000248
2.55099987984
2.59299993515
2.53200006485
2.58700013161
2.46499991417
2.61699986458
2.55099987984
2.52399992943
2.62299990654
2.53400015831
2.55400013924
2.60100007057
2.51699995995
2.48600006104
2.50499987602
2.55200004578
2.49899983406
2.52700018883
2.53299999237
2.52999997139
2.53900003433
2.51999998093
2.54500007629
2.5529999733
2.84800004959
2.83100008965
2.95700001717
2.94199991226
2.86400008202
2.82999992371
2.78199982643
2.8639998436
2.93099999428
2.82099986076
2.87599992752
2.85500001907
2.94099998474
2.79200005531
2.85899996758
2.77400016785
2.78199982643
2.85900020599
2.85100007057
2.91700005531
2.93000006676
2.79500007629
2.84200000763
2.90599989891
2.79600000381
2.8220000267
2.76399993896
2.95499992371
2.89600014687
2.59399986267
2.53999996185
2.47999978065
2.5
2.5110001564
2.59500002861
2.48799991608
2.58000016212
2.53099989891
2.5
2.54600000381
2.51799988747
2.53999996185
2.5119998455
2.45199990273
2.57400012016
2.52900004387
2.50699996948
2.53099989891
2.63100004196
2.61100006104
2.53499984741
2.51600003242
2.4889998436
2.50800013542
2.61699986458
2.52800011635
2.48299980164
2.54699993134
2.5039999485
2.49400019646
2.5110001564
2.52699995041
2.49799990654
2.51300001144
2.52500009537
2.6369998455
2.66400003433
2.50500011444
2.51999998093
2.55400013924
2.47099995613
2.49099993706
2.53299999237
2.54600000381
2.54799985886
2.54399991035
2.54199981689
2.58500003815
2.55100011826
2.55400013924
2.53200006485
2.52399992943
2.63400006294
2.52699995041
2.51600003242
2.52199983597
2.53399991989
2.68600010872
2.57500004768
2.55599999428
2.59100008011
2.5529999733
2.61400008202
2.53900003433
2.54800009727
2.50499987602
2.53600001335
2.52900004387
2.48000001907
2.56100010872
2.60099983215
2.56399989128
2.54699993134
2.5529999733
2.54499983788
2.47000002861
2.48900008202
2.52700018883
2.49799990654
2.48099994659
2.48900008202
2.53000020981
2.51099991798
2.60199999809
2.55000019073
2.45200014114
2.4960000515
2.55399990082
2.56699991226
2.64100003242
2.51999998093
2.51200008392
2.53600001335
2.57399988174
2.53700017929
2.49699997902
2.52900004387
2.50900006294
2.60299992561
2.54099988937
2.51399993896
2.74800014496
2.4960000515
2.5490000248
2.58200001717
2.60899996758
2.61500000954
2.61299991608
2.43099999428
2.41400003433
2.46900010109
2.4849998951
2.49399995804
2.51499986649
2.44499993324
2.47299981117
2.49900007248
2.44599986076
2.48599982262
2.50099992752
2.45199990273
2.4430000782
2.52900004387
2.48699998856
2.52999997139
2.53600001335
2.53500008583
2.52300000191
2.52399992943
2.56699991226
2.56900000572
2.51300001144
2.53900003433
2.51499986649
2.52999997139
2.55100011826
2.52200007439
2.56500005722
2.4849998951
2.47699999809
2.51600003242
2.48500013351
2.58200001717
2.46700000763
2.45399999619
2.44900012016
2.54699993134
2.48699998856
2.48300004005
2.60599994659
2.52600002289
2.52799987793
2.57899999619
2.53200006485
2.57100009918
2.49300003052
2.54999995232
2.53299999237
2.49799990654
2.54199981689
2.53900003433
2.39599990845
2.41600012779
2.51400017738
2.51600003242
2.49900007248
2.54699993134
2.50599980354
2.60700011253
2.56500005722
2.48000001907
2.57899999619
2.61000013351
2.37700009346
2.53200006485
2.53399991989
2.625
2.55900001526
2.45800018311
2.40300011635
2.53400015831
2.51499986649
2.49000000954
2.5720000267
2.57499980927
2.4880001545
2.47899985313
2.49499988556
2.55500006676
2.5
2.47400021553
2.55200004578
2.64199995995
2.66499996185
2.51999998093
2.53800010681
2.45100021362
2.492000103
2.49300003052
2.53100013733
2.44000005722
2.46499991417
2.52200007439
2.62199997902
2.60199999809
2.52600002289
2.52600002289
2.63099980354
2.50599980354
2.49699997902
2.49099993706
2.5150001049
2.45500016212
2.4359998703
2.52700018883
2.53700017929
2.43400001526
2.44600009918
2.46099996567
2.54600000381
2.50600004196
2.5
2.48000001907
2.49899983406
2.49899983406
2.41400003433
2.46899986267
2.53600001335
2.50500011444
2.57099986076
2.60199999809
2.51099991798
2.54199981689
2.47799992561
2.69499993324
2.58299994469
2.44200015068
2.48300004005
2.55800008774
2.51300001144
2.46700000763
2.48299980164
2.48400020599
2.54299998283
2.54799985886
2.51099991798
2.4889998436
2.54200005531
2.70899987221
2.5759999752
2.53600001335
2.44499993324
2.48099994659
2.49000000954
2.52999997139
2.47399997711
2.52800011635
2.59799981117
2.48699998856
2.43499994278
2.4960000515
2.56399989128
2.57499980927
2.53099989891
2.48599982262
2.47699999809
2.54600000381
2.61400008202
2.53900003433
2.68700003624
2.45499992371
2.52500009537
2.53900003433
2.5759999752
2.53399991989
2.48900008202
2.53699994087
2.53400015831
2.58100008965
2.54600000381
2.51399993896
2.507999897
2.54099988937
2.50300002098
2.53699994087
2.51600003242
2.54600000381
2.53600001335
2.55200004578
2.50699996948
2.51600003242
2.52399992943
2.4880001545
2.54600000381
2.56200003624
2.52700018883
2.60199999809
2.52500009537
2.54600000381
2.50500011444
2.52100014687
2.37299990654
2.56599998474
2.56699991226
2.50699996948
2.59400010109
2.48699998856
2.43300008774
2.49000000954
2.68099999428
2.53699994087
2.49699997902
2.52799987793
2.66199994087
2.56100010872
2.47999978065
2.55099987984
2.52199983597
2.46700000763
2.38000011444
2.55799984932
2.48200011253
2.48300004005
2.48000001907
2.48900008202
2.43099999428
2.49099993706
2.50300002098
2.63400006294
