Leaf
2001110020 1.0 0.181674545857 0.182029033113 0.295439415153 0.176363115273 0.363748059909 0.242535625036 0.258988300054 0.210674064953 0.231660091656 0.540808479448 0.263001947092 0.261711961295 0.295057322447 0.304941838023 0.0851599433705 0.0915441884378 0.144521216263 0.135425434642 0.198300596345 0.206423830368 0.321409065318 0.329187214821 0.173692885209 0.185623500138 0.274867193776 0.300898466576 0.143626339446 0.161380027561 0.162573977458 0.160679459793 0.151170560215 0.231660091656 0.0951693854444 0.102349514146 0.256487147297 0.233047290232 0.255164227977 0.257740757636 0.297884023098 0.425837564034 0.458776005308 
2001110022 1.0 0.181645049087 0.17622158206 0.289613162367 0.213181617198 0.333731224652 0.257755198997 0.230543258604 0.201517088744 0.183200047463 0.546876906216 0.318626493939 0.314523532115 0.36234365354 0.364520898193 0.110510636485 0.10609944236 0.1869112135 0.181891458944 0.202772659077 0.198907136548 0.338307663594 0.344603926601 0.162468271014 0.147133453742 0.269090457894 0.256594133639 0.139315393047 0.150047270346 0.155423500849 0.14703194738 0.154556551721 0.183200047463 0.122797101342 0.11984363257 0.219802022813 0.202256603481 0.218575971598 0.317687974981 0.303655444286 0.524838413046 0.522900471367 
2001110052 1.0 0.173123629974 0.184132401383 0.291650844025 0.218738133019 0.354147453459 0.252845367923 0.2733110424 0.196116135138 0.212447620691 0.568059649347 0.314602480322 0.314602480322 0.363818787032 0.363818787032 0.111335409448 0.111335409448 0.170836767877 0.177379818102 0.214100934503 0.214100934503 0.342506065183 0.35829724005 0.169641811956 0.189575910161 0.264433618005 0.281668412321 0.150313404464 0.156241523585 0.150313404464 0.173358480134 0.144798798276 0.212447620691 0.111821592588 0.109492997503 0.23854919345 0.224490550754 0.233202068917 0.310480209177 0.280462118074 0.506789103902 0.502785988944 
2001110071 1.0 0.175293534561 0.17625055824 0.279580582716 0.232109072441 0.3220783132 0.256703334603 0.256134777239 0.199809261969 0.196982963134 0.578094381806 0.294581167713 0.299302017836 0.345755596954 0.356329839274 0.116102841961 0.121760477971 0.192316232417 0.19324698792 0.225044075032 0.22972939989 0.353803093416 0.353707989317 0.170032552016 0.172390589058 0.26710834045 0.276150016197 0.133365104061 0.15635755242 0.154190830326 0.160253807888 0.13158738751 0.196982963134 0.121391505977 0.120743091922 0.245767126196 0.24645063672 0.260820557976 0.271769978404 0.291096236968 0.496370136867 0.510537168155 
2001110078 1.0 0.165430088923 0.176567096341 0.286877739818 0.207222048335 0.339986457241 0.240494731405 0.254349368337 0.195883605974 0.208714337683 0.531588765406 0.343289779488 0.341435593201 0.390613255946 0.391659173004 0.103133394249 0.109502264659 0.170055455416 0.171048005413 0.193346615932 0.202261226838 0.341807235125 0.330262725729 0.186815749174 0.189812183319 0.268802575345 0.282866651427 0.143020285069 0.169473783451 0.152102223302 0.173991686218 0.131938401498 0.208714337683 0.102584808474 0.106894693821 0.214119055359 0.208240678339 0.237365539364 0.274206182613 0.323617962941 0.482219691811 0.506029551294 
2001110079 1.0 0.18411262907 0.175873341974 0.304703374541 0.23984575022 0.364585940764 0.252649774346 0.242378401367 0.187931270837 0.190107007919 0.559711833052 0.334829605373 0.338199650376 0.393264748083 0.397519790073 0.124811365357 0.122391529317 0.184788274016 0.183706049341 0.203714172607 0.20523786005 0.335647442865 0.340696164527 0.159524354693 0.153147156337 0.259079053732 0.257002331022 0.151099094694 0.160769441715 0.15763828617 0.155489115321 0.162542546 0.190107007919 0.102800932409 0.107192546466 0.209028297586 0.184788274016 0.213686388979 0.312656829868 0.30223942541 0.540316458962 0.527218335702 
2001110084 1.0 0.185116878801 0.182928748328 0.265376867826 0.206126654567 0.359733926173 0.25190195701 0.252177410299 0.187131105222 0.201700628584 0.530151691915 0.283293989678 0.295293075698 0.337015669121 0.349951399014 0.10748184298 0.106703918331 0.168054023924 0.171002565058 0.194980043696 0.19095050108 0.352284565998 0.358225439003 0.166393370299 0.167474668263 0.261635638708 0.273468063958 0.132164178865 0.142380288755 0.143835661725 0.150994113919 0.149236695302 0.201700628584 0.103801660786 0.0967394000631 0.238072888757 0.222330190686 0.244517785681 0.280040462027 0.299634137734 0.500208232118 0.516460514931 
2001110088 1.0 0.169205816563 0.16851336074 0.283218068856 0.202298620611 0.346797635334 0.232997660213 0.235280606693 0.186577271055 0.19930390338 0.508669371448 0.314729336372 0.314729336372 0.357470820299 0.359753216304 0.0997775898383 0.10547438309 0.15552283354 0.151717084397 0.190124685012 0.196603641069 0.329102652336 0.335138044847 0.162765168007 0.16851336074 0.251810004743 0.269621377184 0.141697475595 0.157231926983 0.147360659153 0.150722931892 0.173398817667 0.19930390338 0.0931990640854 0.0994422020327 0.210393741214 0.190738699434 0.218494742639 0.300391174719 0.312812834095 0.508669371448 0.522663143367 
2001110095 1.0 0.174663469235 0.173766986998 0.280608592686 0.209243160861 0.346971772538 0.222272830626 0.237830823346 0.17747245678 0.187111042453 0.535731607875 0.291170354678 0.291215050411 0.355970133107 0.33738674385 0.111428803125 0.105179897009 0.166577706603 0.159390776006 0.197070985218 0.185714671875 0.329896995269 0.334247473215 0.145204737366 0.155170493934 0.248796462654 0.2449479116 0.156090402522 0.151520909589 0.131171355335 0.159390776006 0.14430562818 0.187111042453 0.091266892846 0.10062666441 0.229588848561 0.204142741217 0.220745164203 0.313262890802 0.260600542671 0.487044856556 0.465371667567 
2001110104 1.0 0.181935114816 0.182558063579 0.291368196602 0.205997811928 0.336680389522 0.236927034887 0.238148453225 0.189075186213 0.198704079092 0.527613745652 0.319651777129 0.318980197544 0.362097869949 0.366701947277 0.101580715065 0.107376121205 0.171807667795 0.172832520237 0.198704079092 0.200536656692 0.331697848841 0.332723075019 0.148407802178 0.158836245064 0.267345512642 0.291021639005 0.138924975619 0.129624390178 0.15772047238 0.124055073154 0.125571077348 0.198704079092 0.112874359962 0.112314185983 0.225748719924 0.206181438004 0.233062084567 0.296815604357 0.305568902399 0.499716093679 0.505313992231 
2001110105 1.0 0.16989952746 0.16989952746 0.252863099851 0.174022790329 0.314413868048 0.22629299834 0.239814737474 0.182853015179 0.183884149378 0.494032073642 0.312856483716 0.298843873611 0.3597111556 0.339102792209 0.0925824962311 0.0871471031677 0.154145236026 0.157282086734 0.198392684188 0.193568801659 0.316362268495 0.322527831256 0.168221926579 0.168876307203 0.273747624558 0.255343425035 0.142125972344 0.145630374471 0.117216211005 0.145630374471 0.151047561078 0.183884149378 0.107980490563 0.0959258949898 0.219219587382 0.197197776606 0.20891485453 0.352364822418 0.294113939631 0.52073872028 0.490189899385 
2001110112 1.0 0.183505894257 0.177744895213 0.295747796548 0.198924731183 0.333333333333 0.250158927401 0.247662210888 0.214245794034 0.219378556593 0.526909150043 0.317386497702 0.308753849793 0.363132146038 0.351565219877 0.0981090730693 0.103416043342 0.189396934987 0.180728347462 0.226891912323 0.234719139279 0.344841241093 0.334285839929 0.182874745717 0.180728347462 0.298762236332 0.292356475792 0.16039176226 0.152160986001 0.146252371062 0.142041342082 0.148702329956 0.219378556593 0.127794240043 0.134838023699 0.246198992298 0.226062323028 0.252000895597 0.32154852805 0.28616093295 0.518420094276 0.493746299953 
2001110119 1.0 0.173586341902 0.173286796654 0.311063958945 0.219216086662 0.336997464319 0.196668092409 0.203866819593 0.173361731488 0.170871531543 0.535368785608 0.308506478862 0.304992188987 0.360244842029 0.353291551899 0.113965016742 0.108116707945 0.148154521764 0.162535051399 0.194075430229 0.19791888117 0.348740399844 0.340905922603 0.155594597195 0.148154521764 0.282670002037 0.273753364337 0.165935569083 0.130538457374 0.153324248976 0.12274407948 0.140597916458 0.170871531543 0.0939779603302 0.0843649081219 0.232443937693 0.214302721739 0.233391895792 0.280502149186 0.277382516288 0.486431742586 0.48160165197 
2001110124 1.0 0.18751351826 0.181626703541 0.25295166955 0.203343316861 0.357136605229 0.239530421209 0.238520272601 0.181210795728 0.178863840851 0.544131819892 0.297120457395 0.293029102634 0.335659246034 0.329671330187 0.105674568167 0.0994962108363 0.160451630724 0.159697447321 0.194156010217 0.18975352027 0.334578505114 0.344358362637 0.147923993531 0.147923993531 0.258265120065 0.256270764967 0.128253099902 0.1494464075 0.130585165457 0.140708890769 0.136462147592 0.178863840851 0.105674568167 0.108214506329 0.22416961125 0.20356583378 0.227112297718 0.283607836215 0.288409277359 0.483949984607 0.493735848689 
2001110126 1.0 0.177200231948 0.173565284996 0.311497560182 0.213890703002 0.334835473755 0.273484223691 0.2723757133 0.220898846304 0.223379567294 0.581254773731 0.310315929566 0.311046290287 0.355557146318 0.361763221262 0.107825782046 0.108524983883 0.17499127844 0.172941620439 0.226692631567 0.222215618944 0.353576311149 0.361793088195 0.18968744979 0.202044697788 0.286414223013 0.29914661582 0.155852809122 0.16376359729 0.167997596082 0.166641452617 0.12645829986 0.223379567294 0.112340900932 0.114342890383 0.254322531176 0.237083677413 0.250340132539 0.2883692916 0.309059867129 0.500270057164 0.522725543038 
2001110153 1.0 0.174945783124 0.180171521302 0.278981560822 0.194726054257 0.363175911568 0.219026308511 0.216034092229 0.164837812842 0.16816484479 0.526312946801 0.293307430586 0.297014094003 0.34370184029 0.342086311533 0.102186380119 0.0970424602279 0.161098736846 0.157885989938 0.186070423566 0.176521903098 0.326976086894 0.334264523981 0.139837834604 0.141707012759 0.247130664338 0.256588347989 0.145563690342 0.137742393562 0.139341778288 0.134795147857 0.141609250062 0.16816484479 0.101233255147 0.0988802811149 0.236536422739 0.215841691337 0.2310871809 0.29136513277 0.266282314045 0.480076116647 0.469428796132 
2001120002 1.0 0.174575978671 0.170765599874 0.281528695469 0.208666247933 0.335351956527 0.213783557705 0.221131462095 0.183948285099 0.193534616334 0.495604193581 0.300464507116 0.301167531752 0.349050992872 0.346652917112 0.107631144148 0.104642343118 0.171383695761 0.15729998562 0.209284686236 0.2043422689 0.354163484645 0.364302239778 0.153978498534 0.156325982536 0.279728434029 0.273226679833 0.145827283898 0.118341651903 0.142650547663 0.12806846631 0.14091033643 0.193534616334 0.102715898113 0.106423617324 0.242033586651 0.218135832224 0.220492967609 0.317610565876 0.277620427846 0.517862431304 0.501566032164 
2001120020 1.0 0.174593717545 0.180602660863 0.282474843507 0.204076662483 0.355862882336 0.222241223857 0.255089123789 0.187515676364 0.201919913304 0.502858160104 0.328514444614 0.320162087831 0.379239613387 0.367364808398 0.106692202899 0.102773150321 0.14869340178 0.133365253624 0.188606950425 0.194182740359 0.345445118657 0.349069870156 0.162245833518 0.171031013583 0.262177751436 0.276056906299 0.149793491267 0.149610704755 0.139580906246 0.142778939954 0.136408198459 0.201919913304 0.0726715915158 0.0777646378327 0.231705060186 0.224994489223 0.232353682313 0.287848487836 0.29335692306 0.499692065527 0.508378292382 
2001120202 1.0 0.194458024332 0.196256441324 0.290961209621 0.21432134041 0.352147422846 0.234888087806 0.251992708841 0.188753401172 0.193586161235 0.556899119948 0.308162645376 0.313852797342 0.354357574811 0.369845841736 0.104049435225 0.115093806328 0.162687257604 0.166560365146 0.213042525712 0.213164648122 0.332573412679 0.338583677931 0.172621865339 0.169579832095 0.290468851249 0.285179348652 0.14608310395 0.158473525124 0.149342519159 0.162767221854 0.119094392398 0.193586161235 0.0981282206621 0.10329635342 0.246774903425 0.229621623079 0.243376807969 0.274009721107 0.281366680416 0.48280787926 0.482052648596 
2001120205 1.0 0.18103542039 0.18300523713 0.299083198438 0.231966727412 0.355594525084 0.240400529836 0.239792129959 0.198929462506 0.192414307411 0.536191503057 0.295958829229 0.300500662295 0.348083642905 0.357419722403 0.115236743553 0.121300015778 0.17162152158 0.178895533834 0.192414307411 0.193995162366 0.325367838484 0.344517393094 0.167866357533 0.173238811951 0.273137823616 0.278911011588 0.155035182417 0.153744992033 0.152618004808 0.152965654472 0.146491240068 0.192414307411 0.103713069198 0.10624302803 0.244454048425 0.227282384891 0.235263650923 0.309641794671 0.29823839176 0.485008441312 0.499255793761 
2001130019 1.0 0.181931875125 0.177826045089 0.274577199694 0.214197773331 0.345941671135 0.239197000685 0.240641933332 0.194581902503 0.197960846303 0.510877077011 0.326208278489 0.324679928606 0.371285703041 0.368228459621 0.111037398889 0.10660517827 0.155293264342 0.155487259751 0.208347777311 0.208347777311 0.328923084936 0.324865566087 0.156260832983 0.167255964384 0.26559234553 0.272593871325 0.141158929248 0.144951934151 0.13997945683 0.145055879617 0.14369872388 0.197960846303 0.0960435797746 0.0885307818434 0.225375954091 0.203220684207 0.227307117372 0.293674714045 0.318114376284 0.486051792424 0.49790808281 
2001130060 1.0 0.168500935614 0.163240501375 0.289660996646 0.205530039551 0.31052201496 0.243812093059 0.247420978899 0.203362226383 0.214692584906 0.542506384221 0.285955570102 0.309762845887 0.327582122243 0.34835898024 0.101237461311 0.105393194978 0.175190383842 0.175900458113 0.214692584906 0.209732451403 0.355482335209 0.357773663654 0.16817183191 0.174239116809 0.272971008315 0.281759441001 0.143171390807 0.140140448017 0.155861976998 0.14895553374 0.149604984803 0.214692584906 0.123205661043 0.126533145162 0.247420978899 0.24786839514 0.267227925645 0.261729359368 0.319144378397 0.468532821586 0.506624901025 
2001130071 1.0 0.172624750778 0.171561343836 0.303952289758 0.210155162821 0.3596581607 0.232218552203 0.233005291506 0.201031318871 0.194240878028 0.525126599464 0.299504460699 0.305503715162 0.341563537241 0.348677906612 0.106232314779 0.10507758141 0.165682651989 0.16420331298 0.206199291924 0.218480637156 0.350727559888 0.356976806916 0.161014595593 0.158147637631 0.279267981957 0.27196414661 0.158147637631 0.127143369732 0.155522194728 0.1294022879 0.152751857581 0.194240878028 0.116109276102 0.118963784886 0.237542677252 0.221186168034 0.237735201404 0.287183263447 0.291662127818 0.493754070781 0.507913344333 
2001130136 1.0 0.174862368048 0.170570115736 0.322681791085 0.222144499858 0.35966252358 0.239476666968 0.246045203247 0.202720268325 0.210771323948 0.550478802591 0.299993472392 0.306086269443 0.354807287507 0.361911163181 0.113069214348 0.113069214348 0.180916928257 0.180916928257 0.209239390085 0.216079936138 0.348362219052 0.35378080383 0.151458342817 0.168756365524 0.269746892685 0.286299167157 0.152654206177 0.131379878683 0.177403643754 0.139637692503 0.153385487997 0.210771323948 0.111198110876 0.118269095836 0.225952790332 0.211566190341 0.233263118444 0.269695033241 0.296617383337 0.495066015558 0.518067241219 
2001130204 1.0 0.180432299571 0.183454212772 0.265599608965 0.225203081367 0.363853272074 0.251486748766 0.250424497983 0.196011546831 0.197282436826 0.508278681034 0.301058888783 0.300671247268 0.349465245788 0.35481173817 0.112082465951 0.119003974799 0.175944161267 0.176700100994 0.203026090611 0.209249623333 0.357058589573 0.346015545529 0.152836122606 0.165300409129 0.243543758175 0.27137081511 0.124612027032 0.152399447077 0.146149056849 0.147510723437 0.165098700196 0.197282436826 0.103262346942 0.108916079755 0.21981180039 0.209090316402 0.238007949598 0.265913074918 0.338272854107 0.502244213755 0.546321496564 
2001130206 1.0 0.176428027958 0.16780032138 0.272745877243 0.224441737035 0.363421150859 0.240473289681 0.244711030588 0.189763147037 0.185501683031 0.545727280693 0.310679559666 0.32174242904 0.367173501423 0.379074566525 0.116711464954 0.116711464954 0.171086705512 0.177959060325 0.180824417247 0.184033410838 0.354672312984 0.359272146089 0.167374323432 0.1792382075 0.272745877243 0.279774964031 0.133596272045 0.146737124321 0.146737124321 0.148189523205 0.136556042295 0.185501683031 0.103758815659 0.0981000618613 0.229474688589 0.224696062031 0.232810431005 0.262066718802 0.290736920687 0.477071520537 0.506567750484 
2001130219 1.0 0.181382202974 0.176432436556 0.279924468929 0.238290796486 0.373120766509 0.244515858034 0.252931292176 0.195068683353 0.199287608207 0.570202437564 0.295682061326 0.306729391532 0.357848873758 0.371390676354 0.124541289023 0.124541289023 0.164874753745 0.172198980632 0.167378505796 0.162166997195 0.343383532075 0.346495363071 0.167218104699 0.172198980632 0.275868777592 0.281692380222 0.143278212519 0.159581500179 0.141392890735 0.160001341736 0.158569345146 0.199287608207 0.0882162182782 0.0849621663064 0.208371681251 0.181603986879 0.206300855393 0.25983925095 0.292488364174 0.482985704963 0.510745923229 
2001140015 1.0 0.174540071994 0.174540071994 0.283731774238 0.20639781536 0.315958224718 0.239920882461 0.245062628288 0.200162022398 0.216135606485 0.516105276565 0.311119983935 0.312718898023 0.355568081368 0.366560796692 0.104946050805 0.106323096297 0.175371502697 0.180625054783 0.217477481234 0.222297250309 0.352692741493 0.337764761146 0.163092184732 0.172985384674 0.266510420679 0.288669135714 0.134612815571 0.139465275793 0.158044868496 0.144873466687 0.14197570462 0.216135606485 0.116221063161 0.116221063161 0.236430938216 0.233512471781 0.257871386163 0.271760840689 0.340461039323 0.491353271153 0.512590330265 
2001140031 1.0 0.185945512301 0.182414852547 0.311604784356 0.203459376005 0.32840662596 0.228708749959 0.231739962009 0.191243686175 0.19672174482 0.555414556079 0.278662262644 0.289931491265 0.331339530118 0.343144021063 0.107601638505 0.0998015477306 0.180316049964 0.181630643675 0.218712257421 0.21230953119 0.31241810981 0.329996515494 0.154960279887 0.162455386421 0.281211833255 0.290750894193 0.156892908111 0.131483332679 0.164878057936 0.134347189504 0.143591631724 0.19672174482 0.12467244951 0.121319732109 0.234258578672 0.214317055221 0.229815634827 0.277864291753 0.295994941766 0.466107440314 0.480285402859 
2001140314 1.0 0.174617382469 0.174617382469 0.268210426544 0.189941170068 0.324065446064 0.23569490424 0.230946414081 0.185704031033 0.180332519916 0.5140798916 0.304195328823 0.298656041286 0.34550625302 0.3403644364 0.0964380286244 0.0964380286244 0.172096999371 0.165816653564 0.210293145492 0.208579479249 0.340226869091 0.339813833015 0.148437127852 0.143193358981 0.252383927457 0.249836098823 0.135119529715 0.148752169865 0.135925533206 0.13966262505 0.162393464235 0.180332519916 0.111310323603 0.117449541748 0.221566732589 0.201114180072 0.216940612867 0.306036474052 0.300842501317 0.511432252239 0.500795198132 
2001140317 1.0 0.1633862529 0.170349004602 0.279204459412 0.200141033015 0.368321513766 0.230943301934 0.243195596257 0.195172590384 0.214872098083 0.485708218351 0.302048846659 0.307944365911 0.334304743313 0.3508583863 0.100070516508 0.101170225532 0.168389027517 0.17067347919 0.208069789138 0.21641149996 0.349079875563 0.363520976867 0.158225379397 0.167069602465 0.259804559932 0.275212767788 0.133058260984 0.125460781748 0.1547785601 0.141618783467 0.14950562625 0.214872098083 0.12016752256 0.12016752256 0.236389150979 0.215643172683 0.237847456921 0.272789717534 0.312846118042 0.485537324702 0.517288055019 
2001140339 1.0 0.186820464815 0.186820464815 0.283945207619 0.216397706161 0.345892810767 0.226043019693 0.227722411427 0.169834005002 0.177727231865 0.537062279955 0.309622155562 0.323876783205 0.354219590628 0.359133607436 0.112641604537 0.105117666246 0.172946405383 0.174809043136 0.185695338177 0.183528216388 0.351465917413 0.334582026424 0.15031560118 0.162964534523 0.26224988992 0.28158709768 0.150188806049 0.153327231291 0.138026257852 0.140894997309 0.123454438095 0.177727231865 0.115974915335 0.115315961619 0.223755847672 0.229140217101 0.246677290512 0.263698795365 0.311401431581 0.486079804064 0.497660750047 
2001150014 1.0 0.178955133416 0.167079456694 0.262156608867 0.190462694448 0.321405796881 0.24770449604 0.231132286908 0.193781752073 0.182094936676 0.536205130168 0.322286362359 0.313143202314 0.353928938683 0.351719998906 0.0959724583798 0.0959724583798 0.160150842881 0.145305842032 0.199546034313 0.203414246839 0.330749039338 0.32491374031 0.156571601157 0.15881808038 0.24770449604 0.24770449604 0.13148307628 0.178558776045 0.133089853739 0.161910795097 0.143342159308 0.182094936676 0.101707123419 0.106471882991 0.221425681838 0.190462694448 0.221425681838 0.287671186659 0.312463686426 0.492827972536 0.489365438046 
2001150058 1.0 0.175799582659 0.170493765279 0.266984091363 0.184686522159 0.36886250773 0.23057738089 0.235630070659 0.188786261472 0.189533439569 0.509635786315 0.312473498358 0.319186105733 0.35787436359 0.358794688602 0.0953552424134 0.0933580526597 0.156293278186 0.148566440307 0.201871018319 0.193286941368 0.34212548068 0.347318814627 0.155082857037 0.15809153423 0.2606896752 0.257233064601 0.133271288055 0.144058496028 0.138981773227 0.149514746363 0.15846360237 0.189533439569 0.0999387355912 0.0999387355912 0.230219539711 0.20869852411 0.227491906682 0.288811103297 0.284041115875 0.501035392675 0.494957138092 
2001150089 1.0 0.180972795518 0.185321339522 0.296219956114 0.211715020641 0.344622758398 0.220317704726 0.225829630334 0.182586940328 0.190599240346 0.528732894968 0.297725531028 0.300714067974 0.350532041375 0.349893694309 0.108979285007 0.106908230963 0.170231085081 0.168581520152 0.19437384916 0.204052830502 0.335709476054 0.337370181099 0.141845557136 0.149237735291 0.265158044567 0.274275500984 0.148862765514 0.139561580241 0.150357033987 0.142827199002 0.142827199002 0.190599240346 0.101683468347 0.107038845833 0.230483875407 0.212044743658 0.229511877928 0.28842898825 0.28958928387 0.492843857389 0.501388319878 
2001150111 1.0 0.170391457101 0.165908869714 0.280479833884 0.216692631114 0.359906870633 0.249227611164 0.236290436723 0.19377256553 0.193844586557 0.518036807518 0.299679253082 0.3068593196 0.347354978979 0.351270987665 0.10685449623 0.112950783336 0.175953098963 0.170145522707 0.200499084163 0.191526481223 0.328265165741 0.346147344153 0.160434072423 0.156112712222 0.253723561324 0.255204610798 0.142265682093 0.146899695007 0.144214617866 0.145083097821 0.175635493833 0.193844586557 0.111957790145 0.115999112442 0.238933917271 0.211410626447 0.228604128518 0.322819783646 0.281820306254 0.512183708772 0.508601099944 
2001150268 1.0 0.18975874757 0.192920968389 0.27185608118 0.20651700282 0.402062214563 0.250674247947 0.253426097223 0.183833490477 0.194141034105 0.527091386603 0.310096903767 0.308139533265 0.345355450996 0.352293710692 0.0991388796495 0.109197469048 0.161528076874 0.150263191078 0.160427986366 0.176878408768 0.349602480365 0.366299735996 0.144964575047 0.154619548014 0.238300209312 0.26487226225 0.120627228472 0.152214742853 0.154524074372 0.157924766862 0.156705252342 0.194141034105 0.0948793737848 0.11000535283 0.212504242749 0.20651700282 0.226097538265 0.267312510513 0.280459720339 0.513821251281 0.515283947652 
2001180428 1.0 0.185273808396 0.175317669367 0.293748772978 0.198565111603 0.349195351793 0.235561185773 0.222356897599 0.175676559547 0.173330490947 0.547659307773 0.306651915232 0.319920787576 0.369185304766 0.36696076124 0.107944779073 0.0981660899604 0.165142831177 0.163610149934 0.205884337728 0.183222743637 0.33764091229 0.34575134773 0.156326152948 0.150579908183 0.269949456288 0.255936630061 0.160500885063 0.152450537773 0.13584685478 0.154094256853 0.14130105639 0.173330490947 0.103476144423 0.0928915182491 0.233412350118 0.214866032633 0.227398374631 0.293641545826 0.288884151578 0.489030646387 0.500991018889 
2001181090 1.0 0.205844837988 0.191526484594 0.285978493544 0.204039146625 0.360533316582 0.250911927304 0.23580036748 0.195825619456 0.18712860649 0.551577020671 0.322255557978 0.308767256982 0.36884148001 0.356339050252 0.104039959018 0.104039959018 0.168940908671 0.160516559059 0.195825619456 0.197706340834 0.332430083453 0.348993769198 0.163514459434 0.163514459434 0.282888501603 0.274169365139 0.145395291929 0.160516559059 0.148542740915 0.149783202876 0.135002047318 0.18712860649 0.103594389694 0.109667746056 0.212479557174 0.18376113889 0.200032377803 0.31352466389 0.277856404822 0.512043862031 0.496495256788 
2001181123 1.0 0.182845268666 0.181826624145 0.258582258763 0.215657534908 0.344884070795 0.243946015025 0.248621758105 0.188250725921 0.194462722318 0.525783926151 0.293186621873 0.303643060961 0.338030305402 0.35096978784 0.106616196579 0.113370619977 0.172388172508 0.17109037609 0.198994500659 0.185667743952 0.340002622138 0.34745946988 0.161023841599 0.17174050019 0.258725875691 0.275011819279 0.125500483947 0.143455549908 0.142154928772 0.155388598816 0.134086530355 0.194462722318 0.104148710686 0.10800088052 0.239489303102 0.224104624261 0.251296785284 0.286522418988 0.292679378202 0.495522297881 0.488196486885 
2001181203 1.0 0.170687238981 0.169488216939 0.267276814308 0.190986740916 0.328323459622 0.252824621053 0.254089039411 0.196253215398 0.193261375376 0.526923422083 0.301203738153 0.299262972209 0.358849369924 0.343077104374 0.103824994167 0.0944195152845 0.161026019203 0.16810743453 0.198467500011 0.193110566632 0.341800929693 0.331414669993 0.168971745803 0.164781711574 0.25659918516 0.247702412701 0.148213146169 0.158840044243 0.12795852084 0.148213146169 0.161928132811 0.193261375376 0.106046101063 0.103824994167 0.220179922401 0.213734230782 0.22254893178 0.309127737427 0.273099582369 0.502702172683 0.485484438913 
