Leaf
2001140285 1.0 0.184528054722 0.1856636227 0.26673759599 0.225534289104 0.384570110494 0.23478083596 0.240966150395 0.195183860615 0.201019445389 0.523733256535 0.272438906699 0.282662446002 0.311831113314 0.321129152576 0.113232165678 0.113232165678 0.17069691641 0.17069691641 0.212395372419 0.208714280858 0.391208126339 0.38746280728 0.168606197127 0.177043556218 0.288595485949 0.28927747702 0.142787688567 0.132280862301 0.139436271907 0.139906547347 0.124081978781 0.201019445389 0.112417116358 0.114615909476 0.291449124471 0.282336931849 0.305188400072 0.246090794038 0.266983732054 0.453073660206 0.464441994329 
2001150228 1.0 0.166210255866 0.165369743497 0.283863165036 0.224365019733 0.395850274056 0.242856484171 0.244001364927 0.209178018211 0.215413708171 0.520240052854 0.254415800232 0.245495918398 0.300959390296 0.296586866496 0.113532992841 0.11276326876 0.15859512121 0.154477954496 0.205904820205 0.209344494973 0.380183217503 0.386363985666 0.166628922162 0.17922008746 0.267237964358 0.281150248911 0.147557481146 0.135881132926 0.153459780392 0.142879536404 0.14409348801 0.215413708171 0.0900946878471 0.095171715655 0.301653112439 0.284292378404 0.297056335514 0.272530319007 0.230265328657 0.463433863489 0.442475656389 
2001180103 1.0 0.147633326456 0.164015680721 0.25141049567 0.191323452982 0.382841925041 0.215332063961 0.220267112145 0.181636913845 0.193650130938 0.486800667908 0.246856449116 0.248844101751 0.286282070587 0.300578170758 0.0943259325022 0.100754031751 0.159586992705 0.160705606813 0.215262725024 0.212821630264 0.408205626514 0.422757510234 0.143427552073 0.166185773048 0.23823964524 0.279260532351 0.122791601692 0.116938014132 0.141857703062 0.124721646905 0.131594267824 0.193650130938 0.105530353077 0.105105111509 0.349577802178 0.333313428082 0.349577802178 0.263188535648 0.311648475595 0.477136784311 0.498437531223 
2001180110 1.0 0.162925647793 0.163697811587 0.263954789969 0.2022103583 0.393035203093 0.239863874805 0.246091771807 0.19938429818 0.208353298749 0.505829821504 0.262157120086 0.270035726934 0.314127226215 0.302365620523 0.108002615446 0.0961096998279 0.151078510276 0.146953081188 0.20127274726 0.190902812931 0.410225540032 0.399321618948 0.158113883008 0.17048998447 0.25391015281 0.258524282302 0.152738763536 0.146953081188 0.12428864424 0.14070619941 0.151078510276 0.208353298749 0.101222041272 0.0954514064654 0.308864413174 0.286354219396 0.298852365632 0.304029267855 0.241696922343 0.489646911928 0.457975422943 
2001180200 1.0 0.168016553431 0.167589572935 0.25764793889 0.197606948577 0.377266502109 0.215804570876 0.221538518184 0.174295786752 0.176135910579 0.515052493862 0.258480854658 0.253936550312 0.302659511608 0.294439889389 0.103323020808 0.0965107380666 0.152596875477 0.144146120923 0.193021476133 0.192742878717 0.380245901515 0.378782776502 0.168973314712 0.168548757974 0.274086836414 0.269340385075 0.136486794688 0.136617968957 0.134503830284 0.137792918177 0.135697086258 0.176135910579 0.0965107380666 0.0936854193509 0.297706838367 0.281565649061 0.289284644925 0.283594063571 0.263966470652 0.474317102995 0.4613374801 
2001180236 1.0 0.159862747071 0.165436034932 0.260073528086 0.201105653123 0.367277775299 0.219666246575 0.221955732021 0.191241890565 0.197960453424 0.496869777749 0.253625823123 0.248066225797 0.304820303351 0.289569505595 0.106938036601 0.0973822346757 0.162887445563 0.157223840969 0.229675541132 0.221877177522 0.3750276005 0.37776016253 0.153521297504 0.153180264952 0.26701886186 0.269552982554 0.140352291668 0.113424916271 0.136319783843 0.111409001848 0.147616632216 0.197960453424 0.103120546023 0.0952098669487 0.30396124959 0.283669854884 0.30396124959 0.289388844557 0.26597223809 0.469485874402 0.443832916495 
2001180379 1.0 0.165739685711 0.171651549572 0.278028643334 0.195211600639 0.325406440588 0.228341482724 0.23955961509 0.191592906891 0.199555091802 0.544515548951 0.266919663961 0.261355467127 0.320639910272 0.302154260348 0.102117415491 0.0962974128812 0.147887576242 0.159169908159 0.217510400669 0.200865956073 0.380987789069 0.383824533286 0.162756979827 0.159279794198 0.270953287379 0.270888705496 0.15357539141 0.146938047476 0.136569992986 0.127971897394 0.136185107318 0.199555091802 0.111613488314 0.0991619006923 0.312347523777 0.301748645088 0.309929458147 0.267247213065 0.290823842198 0.465223382479 0.477509724477 
2001180905 1.0 0.173013072532 0.166410058868 0.253372316689 0.209644025157 0.364106576761 0.213682051173 0.232987126146 0.175411603861 0.186536381069 0.511705340187 0.265309938982 0.254568886824 0.312451325744 0.303196017885 0.107638027292 0.106395667143 0.167660852448 0.170469437319 0.201230780847 0.200758296559 0.380383172636 0.37312366925 0.148943732723 0.152472499972 0.264664851049 0.251491278672 0.133048128016 0.124798032468 0.13276231001 0.131034310405 0.135733384828 0.186536381069 0.104776703731 0.107638027292 0.287504903133 0.271466769656 0.28671105467 0.274597175399 0.247763021292 0.4719682575 0.44941663147 
2001181004 1.0 0.168817562721 0.168537212299 0.275181929962 0.207747178778 0.387461099215 0.2212682691 0.207139285218 0.194906774366 0.188242016422 0.516560552636 0.235687398498 0.236421940974 0.288110336858 0.273746138416 0.107270385882 0.101688146767 0.135919640972 0.131558702896 0.208655698471 0.208428939811 0.404888165089 0.379237304554 0.153356724645 0.145660213704 0.275639803706 0.271607238128 0.147381516736 0.12365289253 0.14036971539 0.112295772312 0.133107206316 0.188242016422 0.076369381768 0.076369381768 0.337821818917 0.321271904813 0.339915055037 0.293315611448 0.275639803706 0.474474555066 0.441573764687 
2001181016 1.0 0.177498230624 0.177416790734 0.252684520137 0.215117848268 0.366218069966 0.237652867545 0.235637529957 0.19621531035 0.198266907836 0.532277524371 0.27440033866 0.270154042421 0.308515255944 0.315051045111 0.108061616968 0.108728258806 0.14831091272 0.152063776757 0.204014965047 0.197170492567 0.404186548396 0.413797920794 0.151397036034 0.165969096401 0.266924993624 0.289520805351 0.12081656065 0.12377094705 0.14625025739 0.128243957766 0.13769960641 0.198266907836 0.0913965285601 0.0894789056136 0.315555237111 0.306635766896 0.319786181709 0.255471670619 0.284942118452 0.488737804393 0.479543674179 
2001181039 1.0 0.168862403015 0.169209024802 0.250073228602 0.181246460065 0.375044754696 0.232592883039 0.246533721477 0.200093724377 0.204725243426 0.493779911333 0.265159864092 0.258143413536 0.310361663756 0.299538073862 0.0956047486179 0.0894846339158 0.132874227485 0.137070524114 0.20700214655 0.198525874758 0.4110215485 0.410878972946 0.160196941409 0.164051855249 0.266994902348 0.261749782642 0.130501282533 0.131841319435 0.13243253908 0.135205532123 0.154739707809 0.204725243426 0.0901370214151 0.0868260791288 0.296325952219 0.281244506997 0.287901697132 0.281868801898 0.269035286081 0.495280645548 0.478023743089 
2001181048 1.0 0.172787227202 0.171166678129 0.283863165036 0.20733795191 0.397036575334 0.227065985681 0.217746050764 0.188596702653 0.190526365933 0.508831600464 0.278410898605 0.282448300273 0.325537354063 0.325055433216 0.103079224862 0.10640521287 0.142879536404 0.15117262143 0.185335955707 0.182208098001 0.393378392687 0.37816192943 0.155936914162 0.155825171465 0.272082551486 0.275328183772 0.150479695148 0.127686255444 0.143730379105 0.118045984917 0.133814379284 0.190526365933 0.09680490529 0.0899011437184 0.303839450083 0.289453472965 0.319488355993 0.273805619931 0.2833103638 0.480847246226 0.468108521474 
2001181225 1.0 0.16747421453 0.16747421453 0.272063105844 0.204076662483 0.345880512277 0.201919913304 0.193618254455 0.17388701644 0.163840219293 0.512879674259 0.194675322844 0.199191140395 0.245913376969 0.258446054553 0.101567951181 0.10579074387 0.140752235085 0.148140293595 0.187150504301 0.191914834945 0.38617510031 0.376996214633 0.149610704755 0.153848784932 0.285414106526 0.287753409886 0.137307932497 0.0889272655485 0.14887731453 0.0943034752124 0.117552455666 0.163840219293 0.0870614510842 0.0845096436753 0.332488554186 0.32972000626 0.339210289045 0.272465120257 0.307029870914 0.436468620895 0.451960960493 
2001181228 1.0 0.163441220267 0.169843792278 0.270379718996 0.188690764312 0.358368582302 0.225340789714 0.228561972685 0.201256622863 0.195176158154 0.502935349581 0.258957902849 0.263870718844 0.301278919926 0.309559487954 0.0961603813232 0.0951274793896 0.128982056198 0.133646461789 0.182732839421 0.185629284461 0.379522051106 0.382839433407 0.163441220267 0.177466918696 0.27198263086 0.285935773518 0.131259725829 0.129440796436 0.151130516769 0.141264792929 0.120097697262 0.195176158154 0.0845721819719 0.0767328594267 0.306480494014 0.289233556056 0.320596239755 0.264693097352 0.314875288778 0.454783926868 0.472511597061 
2001181302 1.0 0.172952488495 0.174176224194 0.273753001565 0.208241126774 0.392863521608 0.232725609348 0.23694636588 0.19048482944 0.193801062022 0.511989426508 0.270958535738 0.274721127897 0.319296901837 0.319573949092 0.102708548738 0.108572684847 0.151455818946 0.147308802119 0.178591529289 0.171616928056 0.396094066351 0.388514344943 0.154693408461 0.160201826758 0.266413144854 0.263540862059 0.148743661982 0.131029574281 0.135675094425 0.133703922903 0.130488127443 0.193801062022 0.0908189384327 0.0940737518753 0.29843776512 0.286145076083 0.311496361716 0.25646099065 0.268332906597 0.475421602396 0.471871538794 
2001181356 1.0 0.176179652999 0.176038878184 0.26757909484 0.176038878184 0.338067987689 0.221109316021 0.225439761526 0.174198453352 0.179525135002 0.542199744807 0.270894034532 0.272081170659 0.30886672098 0.314907918642 0.0856642153675 0.0926171974302 0.16210877294 0.158239270723 0.218401752888 0.21450754465 0.381155678079 0.393634898302 0.145165377794 0.135995018225 0.264691298569 0.258531537977 0.12983986109 0.126943440354 0.143620108002 0.134528721815 0.126943440354 0.179525135002 0.11133676236 0.116558477253 0.305476913018 0.295829131509 0.30886672098 0.283067012837 0.282453269172 0.473672176951 0.483616958916 
2001181375 1.0 0.169585661241 0.163939187893 0.282542367233 0.214763591059 0.378531073446 0.230533398453 0.228796121258 0.183941475662 0.190589014615 0.542490571035 0.273296872824 0.284512504226 0.320892018557 0.325974502525 0.108674486224 0.107937701551 0.139880433934 0.144703372597 0.184461330139 0.176864133814 0.389174917498 0.397332225368 0.157382918386 0.166929793251 0.266496642148 0.274287821332 0.148298358739 0.132377113151 0.146675197579 0.134766784654 0.126331524153 0.190589014615 0.0882514087673 0.0814813847562 0.290562505551 0.276893802369 0.288080198508 0.249164712669 0.259948408369 0.460269972001 0.467426639364 
2001181414 1.0 0.169659326786 0.168758740101 0.274494270686 0.187033084969 0.344567436928 0.223871667558 0.23079831713 0.191417617707 0.196308636933 0.507111632606 0.268254949468 0.27101794788 0.305830020362 0.308421145701 0.0947308018662 0.0931082704003 0.12920869381 0.140869536134 0.203591192144 0.193441395041 0.373930351657 0.382525516016 0.156147316412 0.165619239448 0.268065526154 0.27126773406 0.1369692756 0.127759085846 0.149159514566 0.13634978226 0.14407827951 0.196308636933 0.0954430735634 0.0865096217947 0.307486450713 0.292414542756 0.303774650467 0.267052999302 0.291021531852 0.466776308214 0.47909215423 
2001181424 1.0 0.171327902156 0.172182410709 0.251864318326 0.211612886418 0.388720990364 0.223384254362 0.233031140849 0.195343863672 0.208429388725 0.508561449311 0.234774105605 0.229576547612 0.286060025545 0.270772775031 0.110886204289 0.103429342595 0.161731281059 0.149469343899 0.201911869035 0.199474211838 0.391063208187 0.381992496662 0.150772880297 0.160821250998 0.271314260957 0.276493958411 0.142773251796 0.122219240739 0.127700278554 0.118836756728 0.141395985661 0.208429388725 0.0950488194199 0.0999004755715 0.304023227661 0.285603607184 0.298829566171 0.280359556121 0.275074818373 0.452570940245 0.441665771812 
2001181429 1.0 0.170843159229 0.16934143224 0.281093740886 0.181757796909 0.404196028598 0.207235773356 0.216006821509 0.162569115732 0.167114490431 0.526040119389 0.259155624077 0.25902417308 0.311113760026 0.306259204978 0.0922735410374 0.0941009172676 0.157136178168 0.153185195013 0.186109121582 0.186200598177 0.407218097057 0.403056911175 0.131145342573 0.13871754903 0.254781934618 0.253374473994 0.148786614238 0.11149454385 0.144135878796 0.11149454385 0.136739300864 0.167114490431 0.104395594547 0.107291553348 0.276697564372 0.280365831833 0.287384310364 0.234599920741 0.268514418958 0.460296087589 0.480460805535 
