Leaf
2001180077 1.0 0.172308960989 0.17332404465 0.284838961392 0.21863857005 0.364471157473 0.23996388934 0.248846122327 0.213770310875 0.21571046811 0.503692183064 0.281976185605 0.278848233208 0.326113968035 0.317390575594 0.112774920153 0.106782529245 0.159212605113 0.159487821576 0.21571046811 0.213975366377 0.365732411025 0.36734765976 0.183643981204 0.192504942258 0.297638573252 0.299840614913 0.155025738389 0.130613579025 0.14659243855 0.136523682569 0.140481710394 0.21571046811 0.103656507369 0.0977781410272 0.308136027747 0.284838961392 0.302316872873 0.311533128411 0.271840075369 0.469114501003 0.440275647046 
2001120047 1.0 0.167584307427 0.162352489423 0.267162365448 0.204411976753 0.346107884519 0.233740513184 0.231798282129 0.202255956271 0.213588829204 0.497961430447 0.233212417965 0.231798282129 0.272040590155 0.278657886711 0.0995922860893 0.105860287767 0.130861358622 0.133452924238 0.210227051831 0.202188210177 0.337124868518 0.327728680728 0.173291273492 0.198978127585 0.290358914642 0.318786434904 0.136095812967 0.117045957403 0.147403572701 0.123204422842 0.135085436611 0.213588829204 0.0799004778663 0.0785168151733 0.259936910238 0.241693525357 0.268594333254 0.251471816238 0.304004202191 0.409560513516 0.416920263311 
2001140026 1.0 0.179462064663 0.179462064663 0.267857142857 0.202468468473 0.327435060464 0.220960847539 0.215686558714 0.194616461003 0.189169625977 0.470275767026 0.251131227497 0.247578980275 0.290205279601 0.298332478241 0.101888349813 0.102754026795 0.143104943812 0.147374028609 0.199560173979 0.201415765663 0.325644746824 0.327813566977 0.165064578856 0.167726223852 0.282220704551 0.287506777994 0.131761569174 0.119789355937 0.14880952381 0.125565613748 0.135865621554 0.189169625977 0.0852251253766 0.087885851549 0.250354057676 0.226268783437 0.254285825753 0.265198445356 0.287937776725 0.437813703534 0.441961780496 
2001140053 1.0 0.169453345345 0.181464595356 0.252803042491 0.216544371203 0.385799021697 0.229192010924 0.237323502162 0.199313891631 0.215813211981 0.470465993235 0.242593121399 0.246578269506 0.284708639637 0.301253090702 0.108272185601 0.112097541448 0.139621647411 0.145171676285 0.199644045728 0.213912817198 0.341886232533 0.35474355896 0.165680256256 0.177946369539 0.271008731132 0.303301121122 0.117153632707 0.117153632707 0.151997587469 0.12872479855 0.145353027606 0.215813211981 0.0783456446916 0.0763014928309 0.266351455783 0.246845215854 0.274773592018 0.237489947655 0.283967450902 0.428317954045 0.461048651228 
2001170804 1.0 0.163609323008 0.181788136675 0.25515180868 0.163609323008 0.345875518679 0.211999576001 0.227779882383 0.189792386657 0.212777558711 0.47404546314 0.239104962475 0.260281001234 0.276891440451 0.309039832348 0.0749531688996 0.0926941256246 0.131089289611 0.141981073555 0.212777558711 0.211999576001 0.342997170285 0.34967646268 0.155319852061 0.162596252443 0.262178579221 0.293124562692 0.121947189333 0.105999788001 0.149906337799 0.131089289611 0.116401202402 0.212777558711 0.0812981262217 0.0812981262217 0.25320157518 0.257087248365 0.287432281746 0.229945825397 0.327723224027 0.440062484297 0.477172216837 
2001180047 1.0 0.158526267621 0.164259086826 0.267918516146 0.185828306184 0.360941910598 0.215016059134 0.224788281892 0.195227340224 0.202137510616 0.464883853735 0.244320656508 0.248799535319 0.286022176187 0.29318478781 0.0935145092394 0.0943090393138 0.135702475719 0.146999031008 0.212573012115 0.198035418954 0.34244135219 0.344916393218 0.153941402907 0.156536913864 0.264273196408 0.271239946892 0.138208634401 0.110620882094 0.140457818388 0.11994128793 0.156250652886 0.202137510616 0.0955665486929 0.0855122297778 0.267025823898 0.240441815885 0.272776107741 0.272173649986 0.308318729143 0.45199321454 0.467444863905 
2001180427 1.0 0.163620619882 0.169356240062 0.268697505315 0.198641453679 0.385608368061 0.237719309174 0.233375715991 0.211044866994 0.20397790203 0.502534331546 0.240074789975 0.245135470607 0.282253687529 0.293449853153 0.100811792611 0.0999624784664 0.132399018252 0.145059370115 0.186327558916 0.185502082038 0.327501678515 0.344750255342 0.172548157885 0.170260015327 0.278605274508 0.281830473023 0.142210136073 0.128211424189 0.144234157738 0.126335711868 0.14888806428 0.20397790203 0.0908470623191 0.0842238079123 0.254621025954 0.222605562549 0.2484519975 0.260185722233 0.292227018799 0.421280977287 0.445440871974 
2001181186 1.0 0.178707725981 0.191092048155 0.267456141357 0.191409917044 0.344304861604 0.229536574402 0.23486012214 0.185386517355 0.201316893304 0.522028329734 0.255363158798 0.267228744852 0.300293012994 0.316650419302 0.0926932586776 0.102651876737 0.136242611251 0.144331717395 0.205698189484 0.211622265228 0.339563776633 0.323237453218 0.14306253256 0.153846153846 0.25914418856 0.287608503372 0.134897341326 0.117386912047 0.149028901084 0.117386912047 0.144050642703 0.201316893304 0.0865896698975 0.0830050815313 0.233735762308 0.223180456335 0.252490231843 0.223905658754 0.306636756356 0.421565457974 0.452403450721 
2001181223 1.0 0.155268549053 0.155268549053 0.270158229481 0.201218218525 0.356298303175 0.213868562952 0.213868562952 0.195135694412 0.195135694412 0.488507283383 0.242455514175 0.245702830895 0.285376758549 0.293703181434 0.0992042313837 0.104078011591 0.150845262646 0.150406758048 0.200725237257 0.193179610609 0.362819576255 0.362819576255 0.156960899304 0.167051515164 0.264600094557 0.277336358501 0.132673953009 0.121227757088 0.150845262646 0.124321142077 0.1300340368 0.195135694412 0.0956449290023 0.0926635082413 0.255261670596 0.235616619842 0.260195028977 0.250363012534 0.299051781964 0.448172570084 0.46775130291 
2001181234 1.0 0.174020565347 0.180227804651 0.248520038842 0.205059075871 0.36650519108 0.215336664011 0.220558241318 0.182672764214 0.190528767713 0.484462704795 0.237324281517 0.236754669871 0.288931155934 0.283336018601 0.102435430951 0.107219525 0.145529795504 0.153778628804 0.194436943164 0.189208104511 0.351570155094 0.343017017553 0.155772600291 0.163976697673 0.272721427624 0.286585080578 0.129690746928 0.122501257691 0.131610008557 0.119472130645 0.144998663092 0.190528767713 0.0895771858045 0.0895771858045 0.262044921883 0.236020292079 0.265336613092 0.250375845865 0.286315733638 0.434995989276 0.439539497115 
2001181247 1.0 0.161509445042 0.172786843312 0.259253718353 0.228325471519 0.351744645313 0.198720200791 0.218176336796 0.184097394668 0.202986085987 0.482756744788 0.246838347588 0.254883752605 0.293364027105 0.314718893175 0.113786855968 0.119818344353 0.139905310161 0.154273967243 0.185642294994 0.181493339946 0.36741827925 0.364452452662 0.13477577215 0.163034813285 0.246838347588 0.290100699485 0.117085708838 0.118540245463 0.151282911861 0.130176516168 0.145639854609 0.202986085987 0.0785434812464 0.0667491239235 0.27597366233 0.265638089929 0.298511157063 0.277761698781 0.309533713145 0.436701616209 0.45115574694 
2001181319 1.0 0.16309998633 0.157202843935 0.280764847751 0.197098423247 0.320258828113 0.200738444713 0.202300635159 0.183448608875 0.179633570745 0.48305132253 0.231747513733 0.242241487238 0.286096301918 0.292624053642 0.0994238082983 0.101616092802 0.135126200989 0.13582333133 0.188610033369 0.181117089112 0.321338300182 0.331465462849 0.160473092483 0.154067573654 0.283720642185 0.276300354186 0.147277085463 0.0953837717162 0.151075685476 0.0920241278526 0.107194376466 0.179633570745 0.0763152681183 0.0703032490591 0.247448811936 0.23065821269 0.253544059204 0.282553176963 0.303035692944 0.424534819169 0.453365955314 
2001181406 1.0 0.183017213132 0.184749959121 0.259976960046 0.183451933966 0.359944856202 0.231104461111 0.240313374083 0.195944219937 0.214664692907 0.489250384919 0.257436783747 0.266258782104 0.293645189322 0.308268507438 0.0885782412737 0.0965387939053 0.134172390471 0.147870013402 0.208929236442 0.208929236442 0.330888222955 0.331189003149 0.159655515728 0.173292438487 0.278325977389 0.30246451978 0.135501593549 0.112363063421 0.143911537092 0.116025190499 0.138409684344 0.214664692907 0.098781810597 0.0931798885819 0.256894729458 0.240147583533 0.264307042135 0.252437535355 0.279468418219 0.403209206851 0.433070184761 
2001181409 1.0 0.191962046927 0.19121728351 0.227273862296 0.197187082071 0.364379047198 0.230469022785 0.238904980031 0.192981403607 0.20280556371 0.490082865439 0.280967390821 0.277903593032 0.323239850574 0.328711462139 0.105835175798 0.0985030467156 0.148356914887 0.14787523532 0.192333347172 0.192333347172 0.329848969156 0.334680212086 0.163020923054 0.163130296379 0.296593581003 0.300120666823 0.110129754223 0.123128808394 0.124712060902 0.125567239338 0.14383984562 0.20280556371 0.0861384155467 0.0829743513472 0.273504468825 0.250921321632 0.273504468825 0.281157769651 0.28724536384 0.447747705814 0.428241758193 
2001181435 1.0 0.168521805902 0.174272388382 0.283291238528 0.167627257412 0.346863180742 0.23536338675 0.237834646504 0.208409886815 0.208409886815 0.485575426501 0.241459533493 0.241390337466 0.284350714965 0.293486479072 0.0827605888602 0.0884208265398 0.127296807161 0.13104733729 0.193875487476 0.191447612781 0.336299311422 0.352926763462 0.166427046814 0.170786588478 0.264695072596 0.279611204461 0.133447439758 0.134817444722 0.162773325095 0.139925043177 0.147707732838 0.208409886815 0.0833639547259 0.0803018029205 0.253804989976 0.248617964117 0.274059458334 0.255183483185 0.301072811717 0.433942447156 0.470904185322 
2001181439 1.0 0.147335774083 0.157947433464 0.263099596576 0.178985091178 0.336767483617 0.207565406414 0.219305784545 0.183793476725 0.190161137376 0.478956899981 0.233017734025 0.24376145676 0.270877613659 0.290603002766 0.0856590226313 0.0952987270674 0.135796098442 0.145158511516 0.19772770527 0.188626080984 0.341218978022 0.356458689966 0.150680517824 0.160037236779 0.251036173654 0.268928459513 0.126506866029 0.115524393442 0.146770906415 0.125518086827 0.133948446384 0.190161137376 0.0941293732475 0.0918967383624 0.275489274671 0.263309992129 0.282633142018 0.256059578846 0.315894866927 0.432636867859 0.472584296818 
