Leaf
2001120163 1.0 0.17399325817 0.189755344133 0.299983380882 0.19479716109 0.357874910526 0.222040573763 0.221353430095 0.188069248152 0.202534899592 0.521050346251 0.270257281954 0.283414025518 0.304064351126 0.331393461632 0.0900857606512 0.105388816154 0.146322828165 0.152623123607 0.216354380162 0.221290856686 0.347548471688 0.342086311533 0.148576971064 0.173754311033 0.263774104484 0.317957279168 0.131571658282 0.121160281739 0.177538877939 0.128482941142 0.134795147857 0.202534899592 0.103666444253 0.105913141859 0.24958418777 0.248248908349 0.291934947785 0.228737999592 0.314100984268 0.451564972066 0.480076116647 
2001140002 1.0 0.174793955451 0.162883473967 0.284923779443 0.191935559913 0.337186507902 0.213445567791 0.195425583222 0.187841887841 0.185761224861 0.488892439319 0.255399974455 0.253273819051 0.302137399616 0.288636105982 0.0995121261046 0.0931984643921 0.143936995214 0.127501335325 0.200799402794 0.193251704885 0.341073225243 0.341073225243 0.156534906534 0.150816801847 0.283437158741 0.271188732023 0.156534906534 0.116271209621 0.141569448971 0.108138475908 0.135718935965 0.185761224861 0.0807645633626 0.0919204621767 0.278383968964 0.250050691089 0.267802658988 0.296719479714 0.244791629214 0.437680417231 0.415374726373 
2001180440 1.0 0.184357541899 0.184442167813 0.273800016868 0.206779391322 0.368884335625 0.213828594514 0.21557297633 0.190927457996 0.192959955745 0.502917427259 0.276522204933 0.27516447723 0.319804956008 0.31765070337 0.106731693713 0.101945740731 0.14243071267 0.14221141968 0.207607867889 0.200261992502 0.325415997301 0.334683034654 0.147596031437 0.144928734872 0.287315997109 0.279831950533 0.145036368556 0.111731843575 0.138204657842 0.116249452775 0.126656805014 0.192959955745 0.0872653595073 0.0909431318218 0.265407229502 0.234703369135 0.252943718942 0.270992912528 0.235764780402 0.44271760349 0.423587487984 
2001180485 1.0 0.169226916452 0.17980359873 0.275044583968 0.190453716028 0.317300468348 0.210606152517 0.211533645565 0.168066110575 0.177297502668 0.534227164415 0.243780481188 0.250569170587 0.305673437257 0.295863664163 0.103899418061 0.0923569074902 0.155534779015 0.157766381981 0.219131398459 0.207798836123 0.341947589446 0.321720700245 0.144440464534 0.139716331539 0.26303849463 0.276717219172 0.152263822398 0.115982375876 0.140514717075 0.0975121924751 0.120708630984 0.177297502668 0.10172327286 0.0937096437364 0.267414422711 0.254335673441 0.282072402852 0.264628506056 0.296194317359 0.416437977345 0.419082267084 
2001181092 1.0 0.203665478351 0.19720509138 0.25 0.203771416188 0.328755396149 0.222309729931 0.233021529368 0.200138073886 0.189617417959 0.525957755693 0.24626000835 0.236605979432 0.299919418275 0.270882025655 0.106949476893 0.0994199336372 0.163191791379 0.153936603511 0.220261647524 0.224723587119 0.329083462687 0.337117391066 0.171320835654 0.143487780295 0.329083462687 0.277182449836 0.149815724746 0.117525123681 0.117525123681 0.107753619621 0.107753619621 0.189617417959 0.100069036943 0.10283448322 0.26815952414 0.250431257868 0.261559417206 0.296809112345 0.270084138722 0.441550898688 0.432663678989 
2001181136 1.0 0.173446996832 0.178757824505 0.273817164156 0.195500720831 0.335007383039 0.21370857097 0.21370857097 0.176564393896 0.183660921204 0.508217229455 0.269456008491 0.267190411672 0.299899703699 0.302641878288 0.0950828360202 0.100502214912 0.138239885426 0.130347101731 0.197878198397 0.202395480538 0.347657040183 0.342234450875 0.147407478368 0.168801470566 0.264728855079 0.30464394121 0.120530258024 0.1198818926 0.16114826299 0.117783141452 0.130347101731 0.183660921204 0.087394916168 0.0929272344265 0.272218551537 0.262659936476 0.290178626028 0.2551951098 0.284811010091 0.44282124707 0.430505850095 
2001181186 1.0 0.178707725981 0.191092048155 0.267456141357 0.191409917044 0.344304861604 0.229536574402 0.23486012214 0.185386517355 0.201316893304 0.522028329734 0.255363158798 0.267228744852 0.300293012994 0.316650419302 0.0926932586776 0.102651876737 0.136242611251 0.144331717395 0.205698189484 0.211622265228 0.339563776633 0.323237453218 0.14306253256 0.153846153846 0.25914418856 0.287608503372 0.134897341326 0.117386912047 0.149028901084 0.117386912047 0.144050642703 0.201316893304 0.0865896698975 0.0830050815313 0.233735762308 0.223180456335 0.252490231843 0.223905658754 0.306636756356 0.421565457974 0.452403450721 
2001181319 1.0 0.16309998633 0.157202843935 0.280764847751 0.197098423247 0.320258828113 0.200738444713 0.202300635159 0.183448608875 0.179633570745 0.48305132253 0.231747513733 0.242241487238 0.286096301918 0.292624053642 0.0994238082983 0.101616092802 0.135126200989 0.13582333133 0.188610033369 0.181117089112 0.321338300182 0.331465462849 0.160473092483 0.154067573654 0.283720642185 0.276300354186 0.147277085463 0.0953837717162 0.151075685476 0.0920241278526 0.107194376466 0.179633570745 0.0763152681183 0.0703032490591 0.247448811936 0.23065821269 0.253544059204 0.282553176963 0.303035692944 0.424534819169 0.453365955314 
2001181406 1.0 0.183017213132 0.184749959121 0.259976960046 0.183451933966 0.359944856202 0.231104461111 0.240313374083 0.195944219937 0.214664692907 0.489250384919 0.257436783747 0.266258782104 0.293645189322 0.308268507438 0.0885782412737 0.0965387939053 0.134172390471 0.147870013402 0.208929236442 0.208929236442 0.330888222955 0.331189003149 0.159655515728 0.173292438487 0.278325977389 0.30246451978 0.135501593549 0.112363063421 0.143911537092 0.116025190499 0.138409684344 0.214664692907 0.098781810597 0.0931798885819 0.256894729458 0.240147583533 0.264307042135 0.252437535355 0.279468418219 0.403209206851 0.433070184761 
