Leaf
2001110099 1.0 0.176590397611 0.17595664382 0.27124095664 0.22040788582 0.367269233769 0.214760163589 0.219391841423 0.160791213179 0.171547843541 0.519888519563 0.267030818498 0.266492389056 0.313337928628 0.318440582721 0.108672751858 0.115230240383 0.167975497126 0.168544585703 0.205649539662 0.205649539662 0.34794549984 0.349775359947 0.136646255602 0.133933112108 0.261230362451 0.258157680124 0.138502316937 0.112992546975 0.137461366188 0.120907305173 0.134764633874 0.171547843541 0.106146860907 0.108672751858 0.266492389056 0.242999660457 0.257910284112 0.294756820357 0.272707927623 0.479386777137 0.467828717487 
2001120023 1.0 0.166881625631 0.162927303864 0.277048507595 0.219915879732 0.40543783703 0.206930589776 0.203020259877 0.164586484175 0.168421231383 0.512524829502 0.2606774325 0.255465989698 0.306653120634 0.303938732127 0.109586668328 0.112522545251 0.163676016377 0.1490813239 0.194615746238 0.185612070681 0.392048393277 0.412842341671 0.117136509363 0.130312656324 0.237955335043 0.25386564409 0.131867136618 0.107458569276 0.152593839233 0.110819403038 0.138793685011 0.168421231383 0.0939697928439 0.106951686406 0.289517068813 0.271851066412 0.287870066842 0.266042152382 0.251067548151 0.469848964219 0.471350082946 
2001130007 1.0 0.182661309587 0.17397832606 0.266091916726 0.20289185 0.367229658158 0.202949220805 0.205740793854 0.162204423421 0.155760499515 0.493691134914 0.266485382356 0.258637375574 0.315531207947 0.304299519984 0.104163707689 0.102359870714 0.146755483695 0.139933426826 0.17397832606 0.168540154277 0.365099482436 0.353434007375 0.131262095046 0.122071268845 0.264512201413 0.237372910468 0.140680186259 0.111086531439 0.129924925084 0.119468582018 0.161268690073 0.155760499515 0.0830174381579 0.0844081117555 0.268140316473 0.251100629686 0.258952265965 0.303111219782 0.271762832944 0.508673518591 0.481683892001 
2001130027 1.0 0.173909098515 0.167531428631 0.261442702087 0.197308283952 0.385215523148 0.228873888232 0.226482801181 0.188272161958 0.181399778132 0.497999870763 0.261442702087 0.259585181567 0.297786007344 0.295297444439 0.0946167789862 0.103296734411 0.137816788582 0.153671102182 0.200712498105 0.194591769949 0.422452370479 0.38747009594 0.153985679998 0.154064224088 0.266257044858 0.252401962244 0.14475255675 0.135068155856 0.126081097955 0.126941729775 0.146249176679 0.181399778132 0.105268888252 0.0980082310621 0.317144591616 0.3051299438 0.314578437779 0.266347902068 0.272721407089 0.498849389864 0.476828176694 
2001130188 1.0 0.189068678443 0.187854871684 0.293174556682 0.199125765733 0.420056262989 0.206790122052 0.205458365015 0.165498457766 0.17333006424 0.530644516374 0.296021732275 0.291452901014 0.356078535413 0.343344845474 0.104786909812 0.101834571721 0.156986194953 0.148602140732 0.197742397466 0.196116135138 0.421505986929 0.395947260256 0.135841813264 0.145804917595 0.267668515993 0.27910410831 0.146222697585 0.125209517571 0.155522194728 0.124965681863 0.118192119759 0.17333006424 0.0905799179039 0.0950170709009 0.298943829038 0.287395598606 0.306351161215 0.272020215912 0.261676037893 0.511712389862 0.484808566408 
2001140052 1.0 0.169529391419 0.168672094438 0.253491135686 0.168672094438 0.319976169742 0.192739328695 0.200481444303 0.14092845428 0.148930662149 0.506016283314 0.280115641116 0.26821846014 0.309906971704 0.293510066074 0.0844970452286 0.0842823128733 0.119496867343 0.123523462591 0.188460980885 0.198025920032 0.389034981556 0.379652448226 0.134614986347 0.135286386952 0.250615363271 0.247925577363 0.126995524129 0.126995524129 0.129957505823 0.124108885124 0.128837161592 0.148930662149 0.0818830994967 0.0807689918081 0.312874883867 0.301549588372 0.309906971704 0.321839630939 0.292953882693 0.494973282415 0.486480010701 
2001140089 1.0 0.173271736553 0.169333228039 0.259845197548 0.219102287975 0.37217768761 0.210032019969 0.211877139043 0.163088365884 0.182604977857 0.489980572221 0.256528530359 0.254904915754 0.305344187413 0.298989310477 0.113105704231 0.108897810655 0.149819761796 0.133323385812 0.171238048678 0.171238048678 0.374783154299 0.380554673485 0.135925533206 0.155179745977 0.240284665666 0.259795260928 0.130966969481 0.14052492976 0.134871459585 0.137160813354 0.129672699333 0.182604977857 0.0707684531602 0.0792444273705 0.296155224615 0.275124497953 0.291919174823 0.290404090262 0.278079632319 0.468761001203 0.476338980671 
2001140126 1.0 0.171258753781 0.170450924967 0.241483059111 0.20592982859 0.358754809905 0.194556896681 0.19737415673 0.170754308639 0.161618568696 0.453260351993 0.276333809075 0.271229495863 0.321792793764 0.307761642394 0.108313546238 0.100548854375 0.159793524689 0.162045003655 0.202295238656 0.198767813275 0.407395150267 0.399440621948 0.121098226136 0.123496443626 0.258261246947 0.246992887252 0.130426781119 0.092878099658 0.117041147196 0.0963428427139 0.1414677067 0.161618568696 0.10589732676 0.105079574547 0.282080437176 0.270273674157 0.286450273799 0.300730050372 0.262698936368 0.518323042551 0.488965927375 
2001150009 1.0 0.171895618824 0.183416097809 0.286408577742 0.218675863037 0.406112317068 0.177329321931 0.182229885864 0.142206999315 0.14466391329 0.510482701545 0.277710751821 0.283507079148 0.335692447949 0.346970015422 0.108716335057 0.118728021475 0.162658389373 0.169513578242 0.179532255116 0.184888160727 0.388543965018 0.383063323521 0.119864200678 0.118728021475 0.257185495476 0.26533071884 0.137851205328 0.0994713451723 0.152420004381 0.10682984708 0.122879421021 0.14466391329 0.0968477662149 0.0938627424864 0.240236719894 0.234526856409 0.252773388355 0.245096120362 0.256393747587 0.475625060457 0.486862845796 
2001150028 1.0 0.188235294118 0.176862310334 0.294117647059 0.211764705882 0.42369277895 0.202407653342 0.221976026637 0.179194661314 0.186016332951 0.529934382567 0.249567099242 0.251500686193 0.305202865202 0.310819877968 0.108465228909 0.108465228909 0.158277929966 0.158277929966 0.22629863602 0.215971291185 0.381764252696 0.391607458285 0.14741134219 0.153392997769 0.289373502971 0.284306964085 0.145521375022 0.117647058824 0.156960753696 0.117647058824 0.116464646313 0.186016332951 0.101203826671 0.0948500911565 0.274397736228 0.247058823529 0.274397736228 0.237926451955 0.24733877696 0.45821981398 0.457615302089 
2001150072 1.0 0.186417134708 0.181944098237 0.269589039928 0.208276904681 0.38504861069 0.213181554256 0.225408224307 0.175234158159 0.189050162788 0.524104417443 0.263007904025 0.273724505394 0.309815461415 0.308167237284 0.109604660238 0.0998800958801 0.162735748705 0.148892455991 0.199234604929 0.189761920782 0.374957557015 0.391644303718 0.152471156502 0.161627433321 0.285457386859 0.284037061186 0.145431734689 0.124090459669 0.133173461174 0.13227057984 0.132383776763 0.189050162788 0.100627152631 0.103271820472 0.286400357488 0.262950945084 0.265727575531 0.285929260904 0.238956188278 0.487900332621 0.476688446865 
2001150152 1.0 0.171542243632 0.160483951718 0.295128803019 0.201965524694 0.342302438179 0.204208921781 0.207076066733 0.174023996329 0.169578104654 0.523097671684 0.275156097963 0.271627052892 0.322342683019 0.30561263624 0.104054435739 0.0984972717382 0.143932763167 0.157449317456 0.208687577939 0.200032157788 0.365915773334 0.362235175109 0.158467319337 0.141396718205 0.290322196411 0.253033481383 0.168547707005 0.114945871025 0.134400184284 0.118051521208 0.140826950737 0.169578104654 0.100517248287 0.098224802968 0.29580908545 0.275156097963 0.289629026628 0.324001261928 0.27024220092 0.502586241433 0.485912274886 
2001150316 1.0 0.195171790077 0.183602175846 0.272944256828 0.234047769344 0.456058343721 0.223361687143 0.21607409882 0.1808271722 0.168774246655 0.519467631905 0.286795766879 0.2859128635 0.330993529649 0.337548493311 0.11756275422 0.119693974637 0.148024806482 0.156331619505 0.187238215475 0.174663481794 0.418073080079 0.429997706946 0.151957839212 0.145150264759 0.278748981053 0.267643863786 0.13239741186 0.140428661606 0.143397883439 0.140428661606 0.13800729626 0.168774246655 0.0831294207241 0.0918010879228 0.261270476566 0.247011464805 0.270151121007 0.247011464805 0.247011464805 0.496065762293 0.478775898549 
2001180073 1.0 0.173503818426 0.179560290046 0.254331011245 0.231210010223 0.450859519935 0.211670838652 0.218123087399 0.175514136643 0.184696860207 0.491457258793 0.272224627673 0.271733247078 0.323384209793 0.318805823908 0.117894435386 0.117894435386 0.147368044233 0.156173761889 0.180580790741 0.173407507667 0.412022790413 0.405648392218 0.155100389981 0.150286506645 0.276788899503 0.268952503952 0.137394980093 0.121934512721 0.126242571144 0.121934512721 0.147368044233 0.184696860207 0.094095656911 0.0821527917325 0.240905408762 0.231498842328 0.256684767428 0.239793317843 0.245371453141 0.504076267438 0.496597174538 
2001180088 1.0 0.168088828981 0.179737268916 0.281495774252 0.209577081014 0.347505581363 0.195503413774 0.208548054759 0.167018870119 0.174370763435 0.539211806747 0.265163986551 0.272696848483 0.305325035912 0.318768695977 0.102496622127 0.108445781983 0.143959278733 0.148253849919 0.202618215542 0.193475506467 0.40492663417 0.425816238939 0.150056759908 0.147283274183 0.279322029178 0.281495774252 0.145815297934 0.106611824075 0.14969791501 0.118856750814 0.116264309852 0.174370763435 0.0914015800449 0.094677274482 0.326712055639 0.317416064574 0.335002394794 0.258592045165 0.306847863493 0.465866068711 0.486939498599 
2001180095 1.0 0.173367239576 0.173879403881 0.269438828851 0.215448728602 0.443908603339 0.216108098861 0.220022827946 0.182463753306 0.175406924326 0.526491080315 0.298260351691 0.298260351691 0.360317297903 0.353087782894 0.115800212102 0.109647069743 0.157454496973 0.144373500897 0.200483161142 0.190195026516 0.461546897809 0.475365990503 0.155064373105 0.130801046282 0.279546274114 0.24827784155 0.137689963328 0.124103099415 0.138334281135 0.131343791544 0.136000451941 0.175406924326 0.0811193652979 0.0847645702414 0.280054771622 0.262687583088 0.270032234552 0.250488602708 0.222674285076 0.523000193626 0.521058291273 
2001180103 1.0 0.147633326456 0.164015680721 0.25141049567 0.191323452982 0.382841925041 0.215332063961 0.220267112145 0.181636913845 0.193650130938 0.486800667908 0.246856449116 0.248844101751 0.286282070587 0.300578170758 0.0943259325022 0.100754031751 0.159586992705 0.160705606813 0.215262725024 0.212821630264 0.408205626514 0.422757510234 0.143427552073 0.166185773048 0.23823964524 0.279260532351 0.122791601692 0.116938014132 0.141857703062 0.124721646905 0.131594267824 0.193650130938 0.105530353077 0.105105111509 0.349577802178 0.333313428082 0.349577802178 0.263188535648 0.311648475595 0.477136784311 0.498437531223 
2001180110 1.0 0.162925647793 0.163697811587 0.263954789969 0.2022103583 0.393035203093 0.239863874805 0.246091771807 0.19938429818 0.208353298749 0.505829821504 0.262157120086 0.270035726934 0.314127226215 0.302365620523 0.108002615446 0.0961096998279 0.151078510276 0.146953081188 0.20127274726 0.190902812931 0.410225540032 0.399321618948 0.158113883008 0.17048998447 0.25391015281 0.258524282302 0.152738763536 0.146953081188 0.12428864424 0.14070619941 0.151078510276 0.208353298749 0.101222041272 0.0954514064654 0.308864413174 0.286354219396 0.298852365632 0.304029267855 0.241696922343 0.489646911928 0.457975422943 
2001180148 1.0 0.161262960362 0.173867838923 0.241894440543 0.212866239471 0.443277751727 0.237488481515 0.233847522699 0.192684943734 0.194390153466 0.477368063425 0.281551613701 0.288155449799 0.325429094542 0.345641439003 0.111542967519 0.108999064277 0.147137522452 0.14223345399 0.156274234119 0.17584957164 0.444578724824 0.449598202045 0.150354629581 0.156274234119 0.225220777316 0.252246433262 0.116322425055 0.14269675637 0.134112658149 0.15296590373 0.148254755825 0.194390153466 0.0781371170597 0.0854019242391 0.258194629145 0.259533259821 0.267979125042 0.208796362341 0.275808079462 0.509083847855 0.515909713913 
2001180200 1.0 0.168016553431 0.167589572935 0.25764793889 0.197606948577 0.377266502109 0.215804570876 0.221538518184 0.174295786752 0.176135910579 0.515052493862 0.258480854658 0.253936550312 0.302659511608 0.294439889389 0.103323020808 0.0965107380666 0.152596875477 0.144146120923 0.193021476133 0.192742878717 0.380245901515 0.378782776502 0.168973314712 0.168548757974 0.274086836414 0.269340385075 0.136486794688 0.136617968957 0.134503830284 0.137792918177 0.135697086258 0.176135910579 0.0965107380666 0.0936854193509 0.297706838367 0.281565649061 0.289284644925 0.283594063571 0.263966470652 0.474317102995 0.4613374801 
2001180247 1.0 0.175752912669 0.183551007787 0.274985011675 0.22220418767 0.391819932227 0.205922691785 0.228646222789 0.168304443099 0.173797869511 0.515594308157 0.264664228209 0.269905612838 0.318939077099 0.327032176429 0.113498204439 0.11484496724 0.145198088123 0.149030443609 0.185771463626 0.188510257004 0.406038275603 0.407843552131 0.135961813413 0.143779180257 0.258855330529 0.264857814164 0.137585668472 0.120507140401 0.141382692753 0.134572478355 0.128732791019 0.173797869511 0.0826672163136 0.0786425529278 0.271923626826 0.263305141395 0.277705253371 0.248895599278 0.282765385506 0.493274663237 0.504879491323 
2001180305 1.0 0.181341391136 0.180592043339 0.269413534506 0.215747784428 0.448674277907 0.195726800858 0.218247480106 0.171936989541 0.165609534602 0.519804741401 0.262078139134 0.248942571637 0.31143685481 0.305557567395 0.108773671904 0.111998430822 0.170053506493 0.164891496694 0.214802899079 0.219718219259 0.393612766476 0.414668168297 0.15283424886 0.134423339492 0.296491559415 0.258627450434 0.142740860951 0.096379874691 0.140707581846 0.11184697919 0.12378849797 0.165609534602 0.10496699307 0.109859109629 0.24757699594 0.222478221343 0.24489222234 0.255992359278 0.210900686508 0.485648528956 0.473632661197 
2001180342 1.0 0.16298006013 0.16298006013 0.26875 0.2188392675 0.43754464058 0.229469496884 0.239220740113 0.194052183703 0.190086329072 0.5125 0.264353574782 0.269403275778 0.327036886299 0.319239819728 0.116759635577 0.109151557479 0.146442181423 0.13764197216 0.181680523172 0.160078105936 0.426651204147 0.425597007156 0.165004734781 0.164055059355 0.269040540625 0.256554696897 0.154616460961 0.138772520695 0.124530367782 0.137215615001 0.159099025767 0.190086329072 0.0800390529679 0.0800390529679 0.271353666826 0.25 0.257390753525 0.243830115039 0.2125 0.481736766814 0.45625 
2001180905 1.0 0.173013072532 0.166410058868 0.253372316689 0.209644025157 0.364106576761 0.213682051173 0.232987126146 0.175411603861 0.186536381069 0.511705340187 0.265309938982 0.254568886824 0.312451325744 0.303196017885 0.107638027292 0.106395667143 0.167660852448 0.170469437319 0.201230780847 0.200758296559 0.380383172636 0.37312366925 0.148943732723 0.152472499972 0.264664851049 0.251491278672 0.133048128016 0.124798032468 0.13276231001 0.131034310405 0.135733384828 0.186536381069 0.104776703731 0.107638027292 0.287504903133 0.271466769656 0.28671105467 0.274597175399 0.247763021292 0.4719682575 0.44941663147 
2001180914 1.0 0.178349615932 0.178349615932 0.267984370441 0.255688277842 0.416749933036 0.223842711441 0.235486529764 0.187580618371 0.191295446689 0.540967673643 0.255137224878 0.249771183111 0.324953306882 0.315782374576 0.13330107515 0.133827958924 0.167777205576 0.169654199776 0.166196851309 0.16746232784 0.457212125294 0.452726512215 0.154682940572 0.142610624739 0.286697814563 0.264880837069 0.143471585017 0.127361576416 0.13130643286 0.126112222848 0.11517511069 0.191295446689 0.0838886027878 0.0773414702862 0.314386459446 0.303451874459 0.3194382825 0.267984370441 0.243854803882 0.508962599329 0.495227042949 
2001181016 1.0 0.177498230624 0.177416790734 0.252684520137 0.215117848268 0.366218069966 0.237652867545 0.235637529957 0.19621531035 0.198266907836 0.532277524371 0.27440033866 0.270154042421 0.308515255944 0.315051045111 0.108061616968 0.108728258806 0.14831091272 0.152063776757 0.204014965047 0.197170492567 0.404186548396 0.413797920794 0.151397036034 0.165969096401 0.266924993624 0.289520805351 0.12081656065 0.12377094705 0.14625025739 0.128243957766 0.13769960641 0.198266907836 0.0913965285601 0.0894789056136 0.315555237111 0.306635766896 0.319786181709 0.255471670619 0.284942118452 0.488737804393 0.479543674179 
2001181039 1.0 0.168862403015 0.169209024802 0.250073228602 0.181246460065 0.375044754696 0.232592883039 0.246533721477 0.200093724377 0.204725243426 0.493779911333 0.265159864092 0.258143413536 0.310361663756 0.299538073862 0.0956047486179 0.0894846339158 0.132874227485 0.137070524114 0.20700214655 0.198525874758 0.4110215485 0.410878972946 0.160196941409 0.164051855249 0.266994902348 0.261749782642 0.130501282533 0.131841319435 0.13243253908 0.135205532123 0.154739707809 0.204725243426 0.0901370214151 0.0868260791288 0.296325952219 0.281244506997 0.287901697132 0.281868801898 0.269035286081 0.495280645548 0.478023743089 
2001181048 1.0 0.172787227202 0.171166678129 0.283863165036 0.20733795191 0.397036575334 0.227065985681 0.217746050764 0.188596702653 0.190526365933 0.508831600464 0.278410898605 0.282448300273 0.325537354063 0.325055433216 0.103079224862 0.10640521287 0.142879536404 0.15117262143 0.185335955707 0.182208098001 0.393378392687 0.37816192943 0.155936914162 0.155825171465 0.272082551486 0.275328183772 0.150479695148 0.127686255444 0.143730379105 0.118045984917 0.133814379284 0.190526365933 0.09680490529 0.0899011437184 0.303839450083 0.289453472965 0.319488355993 0.273805619931 0.2833103638 0.480847246226 0.468108521474 
2001181109 1.0 0.179257008292 0.1800008165 0.254362695352 0.185033575358 0.370608316713 0.211642555537 0.215086669436 0.177289665122 0.181387236084 0.485785660482 0.281241533301 0.278376519374 0.328262134775 0.319966011289 0.0997692574717 0.0897216246948 0.151263412456 0.141095037024 0.196587222817 0.192379365565 0.375666064011 0.390318057809 0.13204557725 0.144833301244 0.258466109529 0.27169693852 0.131792373609 0.114719360902 0.130390964901 0.11398912203 0.134923270282 0.181387236084 0.0931912810875 0.0994338976742 0.289493581108 0.277475135941 0.292078140097 0.275542329578 0.244452103251 0.482508531806 0.463980863506 
2001181112 1.0 0.171450623571 0.184794207123 0.266109752845 0.201097999624 0.390600859967 0.206923166379 0.236261811305 0.172162673129 0.186956716118 0.516014083895 0.274259831338 0.273557990442 0.320018349701 0.322953860614 0.102058505197 0.103250221205 0.159735888272 0.164373127339 0.187889174352 0.195188542017 0.405010561222 0.391450041854 0.151538769303 0.161476930307 0.265715418591 0.277616559686 0.130869701282 0.123022633417 0.146257040806 0.136106543788 0.133775336349 0.186956716118 0.105758689404 0.100505537956 0.267877073542 0.274259831338 0.309976265003 0.239567360251 0.306175515591 0.495064773211 0.507923929276 
2001181207 1.0 0.171321447634 0.160209166546 0.238495887276 0.211506574296 0.458513253315 0.23334788791 0.20290988682 0.177244836756 0.17366842614 0.480416873616 0.301474723025 0.293306845662 0.342051621497 0.34809364176 0.102792868581 0.115233739082 0.144252813264 0.141275284906 0.221601722895 0.197654355482 0.443979195015 0.466001287673 0.151240100078 0.153762048306 0.24228511477 0.273670884839 0.102595758392 0.134823594836 0.142984322275 0.113284988073 0.121559572585 0.17366842614 0.0856016270707 0.0899824326449 0.307062991356 0.281761421066 0.293306845662 0.24228511477 0.270920353876 0.51882500465 0.501041383437 
2001181302 1.0 0.172952488495 0.174176224194 0.273753001565 0.208241126774 0.392863521608 0.232725609348 0.23694636588 0.19048482944 0.193801062022 0.511989426508 0.270958535738 0.274721127897 0.319296901837 0.319573949092 0.102708548738 0.108572684847 0.151455818946 0.147308802119 0.178591529289 0.171616928056 0.396094066351 0.388514344943 0.154693408461 0.160201826758 0.266413144854 0.263540862059 0.148743661982 0.131029574281 0.135675094425 0.133703922903 0.130488127443 0.193801062022 0.0908189384327 0.0940737518753 0.29843776512 0.286145076083 0.311496361716 0.25646099065 0.268332906597 0.475421602396 0.471871538794 
2001181375 1.0 0.169585661241 0.163939187893 0.282542367233 0.214763591059 0.378531073446 0.230533398453 0.228796121258 0.183941475662 0.190589014615 0.542490571035 0.273296872824 0.284512504226 0.320892018557 0.325974502525 0.108674486224 0.107937701551 0.139880433934 0.144703372597 0.184461330139 0.176864133814 0.389174917498 0.397332225368 0.157382918386 0.166929793251 0.266496642148 0.274287821332 0.148298358739 0.132377113151 0.146675197579 0.134766784654 0.126331524153 0.190589014615 0.0882514087673 0.0814813847562 0.290562505551 0.276893802369 0.288080198508 0.249164712669 0.259948408369 0.460269972001 0.467426639364 
2001181429 1.0 0.170843159229 0.16934143224 0.281093740886 0.181757796909 0.404196028598 0.207235773356 0.216006821509 0.162569115732 0.167114490431 0.526040119389 0.259155624077 0.25902417308 0.311113760026 0.306259204978 0.0922735410374 0.0941009172676 0.157136178168 0.153185195013 0.186109121582 0.186200598177 0.407218097057 0.403056911175 0.131145342573 0.13871754903 0.254781934618 0.253374473994 0.148786614238 0.11149454385 0.144135878796 0.11149454385 0.136739300864 0.167114490431 0.104395594547 0.107291553348 0.276697564372 0.280365831833 0.287384310364 0.234599920741 0.268514418958 0.460296087589 0.480460805535 
