Leaf
2001120210 1.0 0.174820900319 0.165494909228 0.247329159971 0.160005759723 0.266676266206 0.221345416697 0.221345416697 0.196355739547 0.188599762003 0.460648160181 0.262455384138 0.264018296879 0.290636587044 0.284587807274 0.0824272095544 0.0775785501689 0.104892540191 0.0931397052921 0.164068202354 0.164068202354 0.292732163618 0.294932436326 0.177820905945 0.174820900319 0.293534171048 0.268958593179 0.142603350694 0.13010318383 0.118072571825 0.136883416732 0.137312116237 0.188599762003 0.0565445992633 0.0620931368614 0.236989852806 0.21818967235 0.227938566768 0.345481867135 0.291927952858 0.44907067645 0.432047928854 
2001110113 1.0 0.174609208582 0.16795930824 0.268372347026 0.201182337618 0.324194694638 0.209986291151 0.219859669566 0.177533595589 0.196155911254 0.469244453681 0.276504946026 0.269590513729 0.327355775439 0.312530229463 0.103005240525 0.101939377871 0.146632241335 0.150102684986 0.185695338177 0.18728500963 0.330533831116 0.315264144378 0.137970036614 0.157409200559 0.263502578711 0.272411719271 0.141432388835 0.11624219716 0.132783492066 0.119941734437 0.155313643883 0.196155911254 0.0929736212184 0.0874385413746 0.260584936794 0.240273417876 0.263502578711 0.327879659317 0.287949042839 0.474600619644 0.455647113896 
2001120007 1.0 0.168764994667 0.173358626806 0.247683580347 0.19492018641 0.306761147312 0.207127138609 0.213227167146 0.174547385602 0.17829816063 0.48410734522 0.278346246494 0.277105285135 0.310513170351 0.31011333922 0.0958195939221 0.0997667466304 0.150178879986 0.148517353851 0.194282611859 0.210166487102 0.344203186151 0.335070423001 0.143321170253 0.153088184291 0.260752658754 0.273852469302 0.133871733652 0.117998883572 0.124812026079 0.110767464513 0.137428717935 0.17829816063 0.101002720422 0.10462307074 0.265052509888 0.252534097612 0.277105285135 0.318404373321 0.312636967144 0.473308053371 0.471907903221 
2001120044 1.0 0.178458202745 0.174351148121 0.25010788152 0.199966084188 0.310987987193 0.21561899869 0.211431823427 0.170326085669 0.169145458741 0.477803014645 0.258354068124 0.261202338684 0.29558764477 0.293861647129 0.100098607198 0.100559539523 0.15724380279 0.15437469092 0.200658676124 0.203708374853 0.325755522594 0.325329357763 0.137135934912 0.134181541768 0.253292537167 0.246444691195 0.131980745764 0.122280504944 0.124157041765 0.120118328637 0.145322091566 0.169145458741 0.100098607198 0.111741337589 0.265881659949 0.244371843163 0.256197085468 0.320411777237 0.27393444275 0.471404520791 0.453572709972 
2001120078 1.0 0.177986429457 0.173221737494 0.263416673565 0.182705827777 0.333198664853 0.207268387968 0.228204562974 0.17562024287 0.195521112624 0.474174351518 0.279156672459 0.280599884963 0.324290694752 0.323176673271 0.0927243617968 0.0938070849477 0.153625168644 0.157976968089 0.189830914529 0.200547433135 0.334451864436 0.325179164074 0.151354721059 0.153812859818 0.273887615366 0.264236862391 0.139449085034 0.116200674065 0.131680951745 0.129916303121 0.132989072782 0.195521112624 0.100919031379 0.100919031379 0.241413418322 0.22022650041 0.229465371259 0.298341249985 0.318183316968 0.474903944489 0.501871856798 
2001120109 1.0 0.178077686213 0.167856971033 0.256583855241 0.1884713431 0.277471699564 0.230888672912 0.232544657975 0.195607514107 0.194271813751 0.5026993055 0.279244070528 0.285072400999 0.318967774669 0.325853682154 0.0955355353205 0.0955355353205 0.148262052761 0.14145042438 0.185908979956 0.192072573192 0.313813363188 0.306791250839 0.145839002546 0.154685621492 0.264940050001 0.264940050001 0.130882877153 0.123557872661 0.134599533423 0.129302744252 0.166956488223 0.194271813751 0.0877598727114 0.0936521633296 0.237038972122 0.225179416231 0.235298148278 0.317934956713 0.29638542404 0.47790713629 0.449170508314 
2001120115 1.0 0.190973281346 0.184365886712 0.259273924349 0.183731780322 0.31910258127 0.222449035858 0.218745701614 0.186020132044 0.179555512481 0.486258627563 0.287095793882 0.296642431585 0.333192283086 0.345571944013 0.0957155342671 0.0943338421876 0.158864060058 0.154487823846 0.194755297632 0.206745666916 0.338405516726 0.341836839118 0.147433352183 0.154770855211 0.278847150261 0.285209500818 0.127137154224 0.115975984137 0.137712791627 0.123292445095 0.162046202718 0.179555512481 0.0966256866063 0.103900698167 0.241201598023 0.227121754351 0.239258351072 0.28587367073 0.314590443448 0.479734613765 0.50800328707 
2001120120 1.0 0.159171153143 0.145041617235 0.268122966097 0.196049220333 0.324848419017 0.202890192699 0.193656507372 0.162983330644 0.178054581968 0.488763902489 0.254948745557 0.246189980466 0.309430283417 0.292309119483 0.099578369725 0.101164473139 0.157447227009 0.155265404768 0.204786925327 0.188960745376 0.354348534334 0.328503405082 0.162003602304 0.147297696268 0.28358149999 0.26333008503 0.153275212869 0.113356385924 0.120645674051 0.100261200831 0.122237497983 0.178054581968 0.0940581793158 0.0983141960565 0.266804982702 0.248030678845 0.260202332007 0.311298862885 0.258624270965 0.482794722101 0.418200874938 
2001120144 1.0 0.186763768955 0.183612888834 0.265592581009 0.189041039256 0.327864016443 0.211813940118 0.204842820018 0.175599152164 0.171186971622 0.480425986631 0.286314758751 0.284679699171 0.322480659782 0.316637546889 0.0929295007852 0.0967576001925 0.137591915713 0.137025302809 0.193916823509 0.207796680871 0.346440105773 0.334752339246 0.14591605044 0.141219496027 0.270622457536 0.271053347171 0.134831229991 0.118776613091 0.14011332106 0.108268147214 0.145649211965 0.171186971622 0.0918064444171 0.0956794874325 0.247235755246 0.239564352186 0.264222024079 0.294706056522 0.298900127646 0.481961974017 0.486140913267 
2001120197 1.0 0.167228240661 0.166714875702 0.245521331683 0.199108696469 0.324571439782 0.236587040267 0.238301788536 0.195360305009 0.209952722582 0.481457304187 0.269925443393 0.264512352317 0.323380833382 0.309463577808 0.105561617628 0.0999303303862 0.154714476256 0.154159444956 0.195140798979 0.200983332136 0.341745351619 0.3255602857 0.156641599176 0.165424493486 0.255654996282 0.265845730906 0.127113020256 0.145285569519 0.124644571292 0.142981073121 0.150715284453 0.209952722582 0.0873432532442 0.0851064969645 0.242932899054 0.226829975016 0.246913877876 0.291491544065 0.301430568906 0.464858507407 0.464858507407 
2001130018 1.0 0.170365284909 0.158715041781 0.263910140579 0.19885392938 0.323184571704 0.228364632781 0.225331191764 0.189747021505 0.179085907049 0.513518407727 0.288597084563 0.280434308399 0.340622361304 0.323754395076 0.103514073588 0.100257716571 0.159641402031 0.154398125077 0.208447785388 0.201310525672 0.330701496777 0.335497195442 0.169207308635 0.156532216256 0.283918097979 0.246279766269 0.149464514817 0.14195904899 0.120721188316 0.141785822508 0.137115601336 0.179085907049 0.0935365083678 0.0911411502296 0.25394406685 0.225767035869 0.229223957107 0.340478029789 0.269713081306 0.501876547383 0.476944481401 
2001130035 1.0 0.164230981398 0.158595128222 0.276893802369 0.19209039548 0.344632768362 0.210257560067 0.208427872833 0.178659754812 0.169961683124 0.497175141243 0.286078845224 0.290837009632 0.331075374553 0.333859586502 0.0975292457719 0.0975292457719 0.152646961425 0.152646961425 0.209953719504 0.203703461891 0.329432310443 0.332374374691 0.162962769512 0.155135934664 0.282993893477 0.270361268113 0.146675197579 0.108674486224 0.139766292394 0.108674486224 0.133338121144 0.169961683124 0.101851730945 0.101065219322 0.247622677975 0.220411403425 0.243200488701 0.287913950424 0.282485875706 0.464034106178 0.472013527101 
2001130050 1.0 0.168317500607 0.164243985279 0.276978208148 0.190246939491 0.347991223149 0.212269429629 0.220903700844 0.181938618696 0.18363035799 0.494581310439 0.289608783935 0.283025906172 0.333205692764 0.317593807187 0.103251417542 0.0883414807567 0.145817731076 0.143270945374 0.218760254627 0.202615714042 0.326780127153 0.327859800118 0.15320428003 0.139099132765 0.265246591884 0.237851240048 0.149014115902 0.143270945374 0.131256152776 0.140048625923 0.153684094171 0.18363035799 0.0978325600244 0.090319520249 0.242328399828 0.211644186947 0.222762298388 0.314612514499 0.281565386772 0.491415288474 0.481975750777 
2001130070 1.0 0.167726336559 0.168591654442 0.261051039353 0.187135362727 0.320137841971 0.22400231777 0.205244806195 0.182742363193 0.17009536854 0.487561737211 0.282811843249 0.288331886397 0.317513561162 0.324015704027 0.0940846338136 0.0940846338136 0.162586886939 0.162586886939 0.205657952161 0.20577584151 0.328623498098 0.330536682858 0.154557605921 0.152106037969 0.262671770909 0.266566811267 0.131405112844 0.13259931178 0.135225295651 0.12341049338 0.14977631217 0.17009536854 0.112514247049 0.114543618671 0.247458831543 0.226585803295 0.244501049993 0.305246678529 0.315559848746 0.485043310086 0.500690700117 
2001130078 1.0 0.170353994002 0.171060860084 0.263865546057 0.192548759767 0.329957667748 0.198032495533 0.201655341532 0.170353994002 0.174552257945 0.472859903758 0.25013194503 0.249346789094 0.282740304344 0.287396520653 0.0988637977182 0.0940153125872 0.132275307849 0.135986257431 0.203220028643 0.199927586517 0.333639888398 0.331599258317 0.135653093376 0.141743090851 0.265461291767 0.271306186752 0.13204705003 0.0944953939008 0.140030120487 0.10363102248 0.132275307849 0.174552257945 0.0885628243533 0.0914123068324 0.260413166035 0.241916588322 0.262029937364 0.293626938115 0.31542064089 0.458872990325 0.454546551519 
2001130167 1.0 0.168426600724 0.16284697863 0.279085538338 0.198187043931 0.305058794703 0.229406899372 0.216036177324 0.184432512953 0.184153913832 0.533959575511 0.26018641037 0.263324844659 0.30150360409 0.299795838419 0.0974608975433 0.101335015959 0.16022472858 0.157803056811 0.181627292245 0.180848228325 0.324667649668 0.326048464907 0.165427667726 0.161898347382 0.274213751527 0.274634719581 0.155012767135 0.139128216372 0.134626915347 0.127879008614 0.147980353399 0.184153913832 0.109141152335 0.110659507772 0.268537792291 0.254146927071 0.25685977999 0.297388491319 0.289913795783 0.437328399697 0.450257145343 
2001140048 1.0 0.168226242968 0.175121627186 0.268410221116 0.178700670957 0.30449714846 0.19944865505 0.199793423942 0.16095037772 0.183564162596 0.463625261021 0.280005899063 0.284540899949 0.316988583189 0.320572440499 0.0893503354784 0.090574369712 0.141177820055 0.142729271254 0.198618768004 0.211506574296 0.326696956801 0.326190972568 0.152970135496 0.163916282999 0.26097387623 0.295411106688 0.134486866039 0.116498584391 0.144073086905 0.106240258045 0.122488534795 0.183564162596 0.0945886155628 0.100924835577 0.260551588127 0.247102966632 0.266402714056 0.294290706545 0.298654933732 0.463773682852 0.473641063304 
2001140067 1.0 0.170848510274 0.165846978804 0.256053635174 0.19450889773 0.317796599387 0.222759203821 0.222103063357 0.19479727283 0.189657829479 0.488431865214 0.2668739044 0.26742021798 0.303151968369 0.294587469098 0.0999584528731 0.094769702174 0.140885290768 0.137416068152 0.197998381319 0.19657575633 0.324231514429 0.323468860393 0.167463721939 0.170848510274 0.280372604189 0.274872982279 0.140326378372 0.139925788407 0.124379592922 0.137742472574 0.130716932707 0.189657829479 0.0934575347298 0.0959470106955 0.248668908509 0.232234117182 0.248081305069 0.295652613215 0.295652613215 0.439045641205 0.450230897296 
2001140090 1.0 0.179317350191 0.17761915439 0.274210184503 0.193709711057 0.333270788379 0.209253392442 0.206406274846 0.173009159134 0.158011163472 0.506046567895 0.292544586539 0.293283647725 0.329481765066 0.321994075615 0.0973008510821 0.0967057332604 0.144560286498 0.136762559536 0.189872004954 0.181795220214 0.334049358446 0.335429020934 0.161176222101 0.144160395589 0.292396550136 0.269110131107 0.146641823862 0.117829017217 0.132909317612 0.116225826634 0.141022798311 0.158011163472 0.0913331925237 0.096106930393 0.24437679374 0.22086305215 0.225902401347 0.314098416075 0.260609762682 0.490080562768 0.459815420371 
2001140091 1.0 0.169202527905 0.173330025367 0.259186607041 0.174473291867 0.325528641368 0.206000383476 0.217324253657 0.176925027392 0.187178489334 0.458828933762 0.269179057555 0.26938414639 0.30084121111 0.30372783285 0.0893013341719 0.0857682330642 0.133104129821 0.127855732961 0.194982117074 0.199960232858 0.319397351583 0.332112429343 0.144178053548 0.157995081815 0.255581849559 0.26794522803 0.127855732961 0.124085414405 0.137592498629 0.130336938713 0.13662579463 0.187178489334 0.0847317208748 0.0912588562606 0.248348792855 0.230734676124 0.25297557633 0.318392900449 0.302160053721 0.463404042419 0.469560302994 
2001140139 1.0 0.176301609075 0.169055371269 0.265051749667 0.174751901812 0.30117762965 0.226299301496 0.226299301496 0.196904081158 0.205819863802 0.457738085525 0.28617245807 0.287121413227 0.323473549298 0.317989111911 0.0911346659981 0.0845276856347 0.14702425755 0.145785614943 0.205819863802 0.200192131709 0.328590711228 0.328756234223 0.161596560687 0.160017770666 0.274727355184 0.262369875453 0.147639681996 0.135335444642 0.125750323137 0.132217634883 0.135335444642 0.205819863802 0.102909931901 0.106716282769 0.272673413917 0.247209876527 0.261261655608 0.310895525626 0.289386209683 0.464189851453 0.460227206581 
2001140151 1.0 0.174305343983 0.171241144039 0.239177512222 0.195538472219 0.325802177438 0.200733947421 0.199115692057 0.149213624989 0.157648156274 0.462124251181 0.262342389659 0.265961076321 0.295903402362 0.302149164565 0.0977692361094 0.0989652345375 0.161245154966 0.156430777775 0.18550408272 0.191664535368 0.31590206971 0.312955550311 0.13339459377 0.146528455377 0.25495097568 0.272731283393 0.118445817844 0.102325892301 0.125791611055 0.102899151086 0.123788244239 0.157648156274 0.106550181494 0.109141031266 0.232884722809 0.217539719159 0.240831891576 0.314829552391 0.312202799852 0.477062087463 0.472073025258 
2001140157 1.0 0.1701896544 0.168586576404 0.271371126314 0.186918298725 0.319417463976 0.212737068 0.215442894615 0.17542748037 0.173664345366 0.500325744723 0.301816849384 0.300915811899 0.346493764788 0.341759302302 0.0992367687808 0.0910554414111 0.149461984685 0.136417385672 0.19226535489 0.197925519385 0.336635824733 0.34059197943 0.143025141726 0.143025141726 0.24758061758 0.243674501852 0.138915839368 0.146896447392 0.1357522555 0.144911269013 0.13017005532 0.173664345366 0.0888416078292 0.0888416078292 0.267270918104 0.246994973667 0.274488531011 0.313929568656 0.2978318952 0.477214340135 0.476607003789 
2001140366 1.0 0.189142446514 0.17438071944 0.255517374671 0.172245364785 0.31654456654 0.226671806675 0.231184806602 0.196970110331 0.199072637971 0.467015326668 0.278889747272 0.273022433211 0.315568779488 0.30224041348 0.0890279901929 0.0840383948673 0.137943928358 0.138835336202 0.186680617755 0.191813967958 0.315568779488 0.323816866679 0.134204300007 0.1466143221 0.268408600014 0.255999710871 0.136143604169 0.122301244674 0.12417809977 0.126759018938 0.169992516503 0.199072637971 0.0969861963487 0.0993424798164 0.243401746455 0.211321793811 0.223865253006 0.325952728455 0.268408600014 0.483019288434 0.470993634623 
2001140509 1.0 0.17064257839 0.172489318151 0.252924953268 0.181358116569 0.318793743374 0.228941043081 0.240761716191 0.194678758343 0.196299501443 0.478695168739 0.283577882086 0.286962743529 0.326878767167 0.328536191261 0.0948269713535 0.0905958282914 0.148417522597 0.14943062325 0.199954732354 0.204136463759 0.315606915013 0.319597287334 0.168507237819 0.168507237819 0.269669772798 0.260969364203 0.13206497916 0.1403719518 0.129294077043 0.149934606546 0.147806329105 0.196299501443 0.0959342462403 0.100841360981 0.245969317701 0.225287317391 0.243998575339 0.30257395092 0.291914786551 0.473943891522 0.475469465934 
2001140512 1.0 0.177674809899 0.162101671409 0.265073290607 0.198804967956 0.35524830843 0.218390630389 0.21814325561 0.193482964273 0.186279292469 0.457903568037 0.277025446125 0.273231293926 0.330906781559 0.313937203017 0.106314104841 0.0967414821363 0.149991300757 0.148544405512 0.214650076497 0.212628209681 0.335390744526 0.338382502037 0.164744807691 0.163208180305 0.283003020263 0.258054791267 0.15106737809 0.13415629781 0.121483694538 0.1317193509 0.14311402493 0.186279292469 0.0899947804541 0.08858380065 0.269984341362 0.235213907396 0.25227092121 0.307156403113 0.279161172101 0.467357104334 0.463373599862 
2001140525 1.0 0.173177180236 0.167596723291 0.268005906431 0.206587886208 0.312673557503 0.224729784432 0.224729784432 0.208465655103 0.206587886208 0.469010336255 0.293755611029 0.290822514303 0.342097784866 0.328713398989 0.107399927938 0.101888517846 0.158121276632 0.154430773073 0.211361665824 0.215524309385 0.329754982296 0.329754982296 0.174789832336 0.182297927071 0.293011790238 0.295923188351 0.148985198784 0.139921015936 0.127322395123 0.134235395634 0.151886434687 0.206587886208 0.0975108736681 0.099879904192 0.260454924656 0.234505168127 0.245163968499 0.305665553539 0.273817164156 0.461944556888 0.455419780512 
2001140569 1.0 0.172060341677 0.171616314249 0.248603608191 0.182309312674 0.303848854456 0.220773718184 0.220773718184 0.179950312758 0.185215816063 0.480633642503 0.289866495262 0.288600235861 0.336588208584 0.330410913698 0.0964816747694 0.0911127942652 0.140848294369 0.137226344916 0.185215816063 0.188806236399 0.343499286025 0.336089122201 0.148752377973 0.148752377973 0.257053702822 0.259711422333 0.128971325999 0.136445692979 0.123532126082 0.133620424426 0.148444295396 0.185215816063 0.0767491489417 0.0796758272533 0.257053702822 0.237618788914 0.257705898711 0.306847435536 0.290024388962 0.492767777361 0.476296050442 
2001150020 1.0 0.177759705814 0.171870897409 0.278122304057 0.203276000549 0.315684729956 0.2082787556 0.213700058925 0.177034317455 0.175899989783 0.492000637015 0.291917624241 0.290542962468 0.337275327945 0.327947142075 0.10286154563 0.102164171178 0.147517828975 0.136125562317 0.201296910301 0.204957153923 0.327641811159 0.331071345227 0.148291191177 0.153967638623 0.265551476183 0.258678368136 0.14683779585 0.133687928065 0.137484238835 0.138003244979 0.132829569733 0.175899989783 0.0816263062667 0.0862261227118 0.237528500164 0.22485021863 0.227190824143 0.319063542544 0.271093275826 0.487797920816 0.477937614904 
2001150023 1.0 0.176444120584 0.166967041013 0.271233527072 0.200913723757 0.336567969109 0.22741889352 0.226919132192 0.190603494077 0.190603494077 0.492264249288 0.291584585935 0.286698322365 0.341553330387 0.320990721074 0.106550592376 0.0966163159931 0.156274202152 0.142776026765 0.20172828453 0.198704079092 0.314840523662 0.310970377811 0.163994096319 0.164224695115 0.283067401729 0.265403911176 0.148747408577 0.135244189306 0.129136895445 0.13477702318 0.156274202152 0.190603494077 0.0923438467263 0.0966163159931 0.246580161648 0.215982253039 0.232682901377 0.33506542603 0.271883856722 0.490955613612 0.458153780786 
2001150026 1.0 0.177232193827 0.17000510023 0.27102158557 0.19675930802 0.318648280005 0.214055652483 0.219839347672 0.173615649956 0.173940165472 0.510208765735 0.287185793953 0.292632403177 0.332547595942 0.342035934209 0.0992002419466 0.102141182151 0.147635148378 0.150191381271 0.198258312263 0.188189261337 0.330122227641 0.34059021097 0.156804405546 0.157879648352 0.273352440019 0.265131395168 0.140591487814 0.12843339149 0.137857362786 0.137036775955 0.135172243144 0.173940165472 0.0883771317227 0.0856222609933 0.257798157543 0.239188910945 0.254274052848 0.290892829224 0.298924242586 0.477906048776 0.476872417922 
2001150163 1.0 0.180114693186 0.181162896176 0.269645900935 0.168902781082 0.33724457828 0.202546275425 0.208987653785 0.171130166704 0.156488866899 0.505586064253 0.299793752212 0.282896262577 0.341706663053 0.323489244942 0.0905814480879 0.0817938245833 0.146489683827 0.16203702034 0.190999179829 0.185976410999 0.333480570023 0.331772834685 0.135755992399 0.131505181358 0.261325153109 0.246408178961 0.147776587176 0.135290275787 0.125613867572 0.128101512385 0.135290275787 0.156488866899 0.110654338964 0.106586901085 0.241230959171 0.236207517696 0.237007771319 0.280881146807 0.263010362716 0.468793915725 0.454576437401 
2001150179 1.0 0.155216355187 0.149874467697 0.279820263709 0.19056579781 0.315975579552 0.210444718698 0.210444718698 0.180737589266 0.173332879107 0.482171057048 0.290688075315 0.276124001361 0.33274231632 0.319709788686 0.0959775586407 0.0968960251049 0.156240145836 0.153610229952 0.188227478606 0.179063601133 0.335921455242 0.343431338327 0.154415380813 0.159716311834 0.258427485533 0.253234173249 0.150699579141 0.137031672843 0.134289456416 0.127800774985 0.151753844783 0.173332879107 0.0997783193904 0.101188683606 0.258427485533 0.238165412072 0.246067386192 0.322193544703 0.290261175572 0.492458628154 0.468720437509 
2001150181 1.0 0.166373074745 0.164924225025 0.278567765544 0.18973665961 0.329120038892 0.215034880891 0.210523157871 0.176181724364 0.172046505341 0.493963561409 0.293393933134 0.282842712475 0.333946103436 0.322490309932 0.101980390272 0.0894427191 0.144222051019 0.152315462117 0.181107702763 0.188042548377 0.316985804099 0.319249119028 0.164438438329 0.16 0.260461129538 0.256124969497 0.153883072493 0.154402072525 0.132060592154 0.136821051012 0.14310835056 0.172046505341 0.0912140340079 0.0963327566303 0.235287058718 0.20278066969 0.221269066975 0.32 0.272470181855 0.492666215606 0.466476151588 
2001150226 1.0 0.184923524289 0.177585407139 0.266295973829 0.189411704601 0.331361569927 0.217215006659 0.218259895238 0.182638078815 0.187087546586 0.491189437339 0.280319333879 0.281129777323 0.325607587465 0.317773581348 0.102129924734 0.0895287706273 0.138115726106 0.125502141573 0.185679088312 0.185679088312 0.339036498459 0.333887067777 0.142972102353 0.138495339445 0.264912266468 0.256862412421 0.138115726106 0.131361572742 0.133476180626 0.130291399534 0.147905692266 0.187087546586 0.0757646818402 0.0804693964572 0.247776249171 0.224816652244 0.241480673442 0.314451815064 0.278816941638 0.481109731068 0.469735066342 
2001150235 1.0 0.180557698417 0.164503633393 0.282177822417 0.180910006457 0.322063547094 0.211271073297 0.219547739241 0.185600722369 0.192835706441 0.497334506094 0.296965444131 0.283528501802 0.333858230469 0.314359716249 0.0959212772843 0.0853854306108 0.143632769565 0.137749224224 0.214115091029 0.210667440425 0.326140152262 0.33821638274 0.151402232821 0.161574551096 0.282797684581 0.265254138589 0.151927025496 0.124261588494 0.139585961643 0.131602906715 0.143854254306 0.192835706441 0.0985407699851 0.0987021800359 0.250564469403 0.220343860242 0.222572153646 0.340888589198 0.259919415425 0.494992434636 0.471066717436 
2001150280 1.0 0.166436304889 0.172825879226 0.258748107587 0.188386740908 0.333592210708 0.222514579019 0.237405274961 0.182962541494 0.187109527938 0.509595615989 0.27506347278 0.281542929439 0.317323879411 0.320452076692 0.0972496234297 0.0936316267209 0.14585799581 0.146383138808 0.189756475386 0.182174472326 0.339096133634 0.327322649134 0.159430866994 0.158767699235 0.26846338772 0.264431528281 0.132993351076 0.130002715182 0.133999257852 0.135281576618 0.143671492828 0.187109527938 0.096058766799 0.0901877177456 0.244844007668 0.229266050775 0.259303560336 0.294269496424 0.305024931304 0.486248117148 0.481789303625 
2001170192 1.0 0.161868172046 0.165492535529 0.246088643233 0.182943869974 0.330760952939 0.237917435989 0.239057539141 0.191911793396 0.182538079005 0.492378134173 0.271677349375 0.260530633885 0.308167765932 0.293795843448 0.0916743814204 0.0924797355267 0.149483323453 0.146307798562 0.195863895632 0.192040550065 0.323736344093 0.31764719884 0.150307837834 0.160333841949 0.236249282648 0.236353887161 0.122792953996 0.150472198559 0.129647153527 0.152106037969 0.159406155231 0.182538079005 0.0979319478158 0.100670090272 0.239057539141 0.225434346653 0.246088643233 0.312073319547 0.335804235936 0.487636343072 0.492829742239 
2001180145 1.0 0.159123822957 0.164671349739 0.25887140561 0.188442897874 0.305849339446 0.197570654524 0.216826460038 0.169223425557 0.182482715006 0.476067172803 0.283091747514 0.286005289939 0.321970598271 0.320680560636 0.0956766925649 0.0942214489369 0.146934312594 0.14551690667 0.197045432537 0.197045432537 0.297025450554 0.304831158682 0.139332161549 0.150648878054 0.249701884502 0.256053856299 0.131422044475 0.119007722836 0.134024713858 0.130498847585 0.137208642634 0.182482715006 0.0947697840159 0.0949518586967 0.228235863488 0.211911679272 0.23692446004 0.303411350504 0.307931694079 0.462822093578 0.465760912271 
2001180372 1.0 0.165673777427 0.160326041207 0.24840867957 0.178286094471 0.33771029967 0.20857358267 0.21928139461 0.18121825725 0.189315238364 0.452799477378 0.27740069457 0.28131918254 0.321976966312 0.320462366147 0.0911667285254 0.0911667285254 0.135371941472 0.135371941472 0.196564864087 0.182333457051 0.323484474982 0.310502688755 0.151350431689 0.162336477627 0.259894410096 0.262223955423 0.140947533416 0.122313001361 0.1208121715 0.117062498793 0.136267465735 0.189315238364 0.0884581993408 0.0830202239923 0.242043466199 0.223674780563 0.242043466199 0.289066947228 0.292205659729 0.456544633338 0.436756376223 
2001180396 1.0 0.168386835469 0.167592553515 0.265741328236 0.190682975987 0.311936997014 0.222867130422 0.222867130422 0.180897754542 0.191990531712 0.496736967537 0.27872980864 0.281053838717 0.320794014574 0.320325739873 0.0997026736032 0.0931290872197 0.147250016013 0.13909536842 0.186616019485 0.180897754542 0.325542189267 0.336773670938 0.148040777443 0.153462059728 0.250757741508 0.259581870222 0.134833225377 0.141000873214 0.135941968601 0.141000873214 0.134833225377 0.191990531712 0.0881610254139 0.0904027651714 0.248418844044 0.220156483385 0.232822718049 0.292225866472 0.315287537394 0.469071445036 0.474375051943 
2001180425 1.0 0.16469059893 0.164237029909 0.273340528387 0.169423794175 0.327928572488 0.21829275672 0.237976992323 0.176327774772 0.194971701314 0.513498636604 0.287388847149 0.284990857301 0.320613260306 0.320054375639 0.0826617525094 0.0875696127151 0.140969117811 0.139906788295 0.180839019819 0.188117505772 0.32246921364 0.334816972337 0.140013383959 0.16065524955 0.241955984786 0.256036508258 0.139265500939 0.135684253419 0.141813251809 0.14421261647 0.142965798115 0.194971701314 0.0953974546047 0.102629974272 0.242571806563 0.218770646047 0.244593018022 0.292176845736 0.28889039355 0.467605485953 0.482955285427 
2001181043 1.0 0.159615124346 0.159968385843 0.288387108805 0.171875721638 0.312920022175 0.195728287015 0.194861162601 0.168782589634 0.173184438923 0.484781376605 0.276801598036 0.275507011159 0.312859885723 0.315495046155 0.0861019167003 0.0867550379436 0.136208172443 0.148500704588 0.19601647606 0.198212005431 0.32657251376 0.334878941512 0.145427943911 0.146330831172 0.258014208529 0.263498344804 0.144389159585 0.122690151264 0.149259010989 0.119110591499 0.130132556915 0.173184438923 0.101544168487 0.0934380354351 0.231491314423 0.220842272275 0.239952578764 0.300841154462 0.309473594745 0.473312143997 0.481666283291 
2001181056 1.0 0.179599366133 0.17092517107 0.244037902761 0.187168527369 0.325304862175 0.20325203252 0.214640305406 0.157017950535 0.167605919741 0.49593495935 0.278329150709 0.277496718144 0.320288058595 0.306472793902 0.0989067078097 0.0897996830666 0.164621599442 0.162601626016 0.196472292254 0.187697502124 0.345886949369 0.330945242879 0.127255901159 0.138926890168 0.255160241081 0.251112930268 0.132348134928 0.115550165883 0.118375770557 0.117253700015 0.143835821244 0.167605919741 0.109076486707 0.113238929083 0.227787410181 0.211382113821 0.23450740003 0.31382535066 0.31382535066 0.500445964114 0.489495714585 
2001181161 1.0 0.168621262462 0.169363857333 0.269456247018 0.185625414612 0.311601882597 0.212634282546 0.217716563385 0.170419094068 0.170419094068 0.497033148311 0.298316057931 0.294931487447 0.340101012139 0.328026356845 0.0965522540155 0.0906136206862 0.14618367401 0.157175682127 0.201286646579 0.203324820007 0.329389844129 0.324564965202 0.144704543137 0.13927538749 0.25439838268 0.24927287589 0.146795579883 0.131870184001 0.129261354122 0.116264309852 0.135755458968 0.170419094068 0.104745760942 0.100375772998 0.237487143695 0.221876349298 0.238466476278 0.303558434569 0.301365364343 0.493776252417 0.492976849615 
2001181260 1.0 0.161299248127 0.15695206116 0.292417268705 0.180204803445 0.293008077573 0.214926636621 0.222223289734 0.190972623753 0.192276206283 0.498412220897 0.276752567103 0.281434285922 0.320026996286 0.322360152301 0.0931949175022 0.0887595188187 0.135959809324 0.132669394689 0.19574270599 0.1888478291 0.330018230692 0.350023469268 0.154980842452 0.155352351197 0.256651269882 0.255074173261 0.145120340225 0.135959809324 0.15695206116 0.137645325866 0.136523960333 0.192276206283 0.0831714477441 0.0843186943214 0.241213131159 0.223258496997 0.239213319409 0.288447619388 0.289445135746 0.464653139725 0.465974587511 
2001181342 1.0 0.170190067947 0.168352604472 0.231462523721 0.163192937944 0.28925255832 0.23702273157 0.21965544129 0.197176918575 0.186016332951 0.464099347329 0.287093926971 0.292261160042 0.331468416866 0.329232318228 0.0868474237984 0.0820123255299 0.172909655373 0.162596252443 0.218946301614 0.229945825397 0.312324753552 0.285532330827 0.156380068137 0.159822809238 0.259345744882 0.269779532347 0.128543624182 0.128392307327 0.11715030618 0.111540108974 0.13731783406 0.186016332951 0.120423290864 0.122503847149 0.264907758814 0.255646547531 0.273500805133 0.31775474907 0.29039280471 0.476499554414 0.445331829709 
2001181368 1.0 0.171774811941 0.179467383847 0.238847468558 0.182940995016 0.26597390236 0.218365244261 0.235742060604 0.182773082182 0.187499680166 0.484111522001 0.259724438701 0.26603161613 0.314870381554 0.306770099602 0.102173259054 0.0876128468356 0.133447912532 0.14127147065 0.200248548313 0.202232010914 0.337053351524 0.319084015557 0.149199301938 0.159542007779 0.25513246107 0.262721697407 0.14203012612 0.133217631234 0.110406092938 0.126599805779 0.14127147065 0.187499680166 0.0831168444876 0.0743419657398 0.255252778201 0.244061149759 0.252956966929 0.321671614142 0.331218278814 0.485852537442 0.491663437961 
