Leaf
2001130099 1.0 0.184101474226 0.17870567843 0.297346433286 0.221885143262 0.410953033703 0.228054303889 0.232683710811 0.194894663539 0.198312825166 0.535244324105 0.250754886589 0.268371709996 0.302412988772 0.309763216906 0.114665964517 0.108243158889 0.152887952689 0.149506126334 0.195866712778 0.198460105413 0.382296318056 0.36732901639 0.142706797648 0.147538854745 0.270756319705 0.27562267641 0.150771088443 0.126190459783 0.154787254738 0.126652697447 0.141472998144 0.198312825166 0.0929981109951 0.0918918918919 0.27333398659 0.259965722301 0.288316440067 0.228054303889 0.251511137819 0.451278518157 0.462628182936 
2001110037 1.0 0.171268934292 0.171268934292 0.26439905866 0.190615947831 0.348148789296 0.207966793854 0.227157370652 0.181466506931 0.199775058173 0.499759068384 0.25195945521 0.253315452653 0.302188428063 0.287706210404 0.0998875290863 0.0926596164341 0.151783459593 0.140730807029 0.207193201116 0.212297246737 0.366367926625 0.344407970936 0.142844907485 0.159554566777 0.262937381904 0.268417511731 0.141565111766 0.128649486996 0.133228021073 0.13234116811 0.134188812518 0.199775058173 0.0936936677275 0.101587864474 0.260524123175 0.240614422446 0.268297833857 0.288226676903 0.280088994376 0.454903460926 0.445029887166 
2001120079 1.0 0.177140547424 0.171626790796 0.281767955801 0.204718312858 0.353979413915 0.215186100488 0.212545680239 0.190827801538 0.190827801538 0.486187845304 0.256296431044 0.268851382555 0.306418223732 0.313946356799 0.101873419418 0.105552337981 0.157046081807 0.152410101924 0.21667040388 0.223739853385 0.361150209843 0.346792371856 0.15830440643 0.161076019195 0.28414123471 0.28414123471 0.148761458761 0.119521036756 0.143433756749 0.113763868961 0.14150550801 0.190827801538 0.0939226519337 0.101422982048 0.274802875479 0.254203692162 0.282363145617 0.284409672403 0.284087516733 0.461251524083 0.473497101902 
2001120080 1.0 0.178613967291 0.174660640996 0.266935355869 0.198854787326 0.355883884913 0.244107936623 0.248113621438 0.20056878892 0.201997311149 0.507845720729 0.274571565526 0.279121692338 0.313632181067 0.316154149649 0.0999767204603 0.0999767204603 0.137360563949 0.129563505988 0.192415830702 0.191917066369 0.343989025643 0.337519694717 0.175442824224 0.1807476569 0.275765793267 0.279121692338 0.142353553965 0.150943396226 0.13585711958 0.145116108672 0.129563505988 0.201997311149 0.0798785945185 0.0870948225758 0.262121584707 0.2464524984 0.26744780663 0.27739946184 0.278581567174 0.438201044038 0.444283150865 
2001120162 1.0 0.183426969398 0.181075802576 0.278864544283 0.199188960202 0.347389201416 0.22676068764 0.211478272718 0.186515760375 0.179048606328 0.52516425284 0.259404907828 0.256946038042 0.301348606076 0.295391250907 0.0983920881748 0.101566839496 0.145394297228 0.144298619992 0.216741021428 0.218781667851 0.360438464051 0.336009990707 0.144298619992 0.136149697759 0.281695728993 0.275371083186 0.140960497753 0.118446271043 0.142528017721 0.111545817713 0.139943534989 0.179048606328 0.10030899729 0.0983920881748 0.275082766613 0.259710629688 0.287274403806 0.290406301087 0.2900235038 0.478882739288 0.462393049439 
2001130055 1.0 0.169101022201 0.157927757125 0.253036917585 0.184821994227 0.348680160995 0.216675095214 0.211633946558 0.184747091694 0.182637349368 0.479821189301 0.264378882991 0.266412797265 0.297067559569 0.291850082385 0.0900595727483 0.0948500911565 0.149555280772 0.134138285306 0.202407653342 0.206335635467 0.364895586336 0.337464595093 0.157927757125 0.160276577562 0.275304172768 0.268534404953 0.139797183788 0.103769774453 0.136490870704 0.10215667457 0.126709760168 0.182637349368 0.0965852976554 0.108337547607 0.270843869017 0.252598947689 0.282597932929 0.310463433036 0.282009595164 0.465769445617 0.457615302089 
2001130061 1.0 0.188702607888 0.188702607888 0.28310831912 0.194331955226 0.355248266294 0.243698300175 0.249444923455 0.221168989758 0.218083411952 0.538386048034 0.256807272789 0.273309581164 0.303178496255 0.325615011225 0.0969279225941 0.10127939582 0.146526229492 0.153105683823 0.231910869845 0.229976856144 0.335309159772 0.347888441413 0.172141871871 0.174187545862 0.297123551954 0.301803760917 0.147469203875 0.135494639884 0.150978409183 0.140077602938 0.138751917565 0.218083411952 0.0894922977982 0.0894922977982 0.28570768492 0.26091264171 0.283053911832 0.265593062252 0.300166292009 0.440663507968 0.461191003218 
2001130146 1.0 0.16848226877 0.163222417291 0.263335513199 0.189450070023 0.352744684951 0.236520045616 0.228479871916 0.199211939884 0.201698731663 0.500048462023 0.256084397177 0.265012826419 0.287276698726 0.291867296209 0.0947250350113 0.0947250350113 0.133961429209 0.133961429209 0.210105019442 0.20252087664 0.366490852002 0.357734028828 0.174933670366 0.179002439138 0.280249846 0.284613309003 0.14169720136 0.129974210135 0.138134411033 0.134168000541 0.130717836531 0.201698731663 0.0920561870647 0.0948711030009 0.279656305244 0.269674343555 0.283394402721 0.252654905145 0.294887995528 0.443207651376 0.45064350062 
2001140003 1.0 0.164655519965 0.170609992629 0.26126917832 0.198685184542 0.323640065662 0.221955527179 0.225909701771 0.198198409165 0.206551421473 0.477493590319 0.252813641678 0.256354975741 0.284400310694 0.289338964567 0.0964648671089 0.102296771954 0.144669482284 0.136657743626 0.185874626972 0.195417113248 0.359105047225 0.345719783807 0.160195167055 0.176272232796 0.273845111904 0.299455882471 0.129644918927 0.111916739599 0.147316094667 0.116980834192 0.152682594804 0.206551421473 0.0935846673532 0.0992615293508 0.259289837855 0.250703360634 0.267661098886 0.301224812942 0.300957461498 0.457379486271 0.44143799303 
2001140007 1.0 0.164211912875 0.169679666013 0.268287108608 0.191552356786 0.322817186443 0.226158698398 0.232423944706 0.20174915241 0.212795151622 0.49312151292 0.26407070516 0.263105593475 0.311493343162 0.29969207753 0.0990784460569 0.0944387862291 0.139475826294 0.131751710249 0.197703270247 0.208317745005 0.355594979974 0.342737871406 0.169679666013 0.176169873644 0.277930537245 0.289946675978 0.145359899882 0.133556612299 0.13676729999 0.132205245877 0.131524355964 0.212795151622 0.080773799391 0.0835064891633 0.276635319926 0.25260146491 0.280716340855 0.27358930143 0.277930537245 0.437279088144 0.446892253993 
2001140104 1.0 0.152453069978 0.156577724949 0.286849139579 0.187766209649 0.339140690082 0.231317934614 0.239893484712 0.220943900076 0.228783351513 0.516508055261 0.240063000798 0.244096072544 0.280443102017 0.29135195197 0.0938831048247 0.0950315647111 0.151381957861 0.15316298334 0.21747983939 0.216792894894 0.370369466365 0.386669359965 0.190988362631 0.191201242165 0.303390293638 0.306325966681 0.151829172891 0.128092425883 0.151650445139 0.135400139338 0.127136102401 0.228783351513 0.105447840877 0.107233058128 0.319075087824 0.291631069343 0.309759530656 0.286423371677 0.286849139579 0.452949964007 0.445585414748 
2001140129 1.0 0.166657032477 0.172117045805 0.247355960305 0.193611851737 0.338690098259 0.21671483087 0.228718470457 0.197235225312 0.202370346705 0.467745793319 0.270730119654 0.269660458736 0.312781664971 0.303543618486 0.0981034018607 0.0973641041972 0.133104331281 0.129472027019 0.18877456966 0.189995436513 0.358263312601 0.370751463111 0.161728381443 0.168725244384 0.271369892392 0.280379594056 0.134400832643 0.132778227897 0.125849713107 0.125043345086 0.126878941893 0.202370346705 0.0775342549693 0.0775342549693 0.28130579087 0.274230399735 0.283862703929 0.287404168497 0.258944054038 0.467714897596 0.456234905523 
2001140154 1.0 0.17595468606 0.171128004179 0.266830383593 0.187392580914 0.34641946149 0.244330032842 0.246234529055 0.216134026765 0.213660415604 0.499774433656 0.265013129416 0.263305709978 0.307184168541 0.304868147941 0.0971567444375 0.0923978957229 0.148554027105 0.141898940371 0.199306141763 0.203069233027 0.354372539719 0.350303623827 0.184882938723 0.187907632497 0.291746429938 0.293013581192 0.134915972322 0.142239090137 0.148987130144 0.139610097706 0.148987130144 0.213660415604 0.0991263382146 0.0964912794521 0.279508497187 0.267011428768 0.279508497187 0.278642696975 0.273920091441 0.43612634129 0.441558859954 
2001140263 1.0 0.171674641681 0.170925149004 0.267284116361 0.187025672027 0.336551276582 0.224656974214 0.227245491819 0.192587309063 0.206181228538 0.486185771954 0.258382988801 0.255607580831 0.293971768808 0.2941658096 0.0914302272114 0.0962936545313 0.145302085836 0.151266644431 0.201350646234 0.201350646234 0.349158352215 0.341892025234 0.157729973849 0.160064181136 0.274706431296 0.280309590411 0.138671092508 0.117267997198 0.141924815844 0.115552385438 0.147736125948 0.206181228538 0.105213592956 0.105213592956 0.265194462066 0.251103129691 0.267710747305 0.276621145617 0.279034405969 0.461035242695 0.445743860483 
2001140568 1.0 0.160447405538 0.166912043676 0.248919443526 0.176658267806 0.358061273671 0.232907524167 0.23175450954 0.187472651814 0.20475201102 0.483119828079 0.268040482967 0.265227386535 0.293970117898 0.303784504952 0.0828115641484 0.094448077402 0.13926445635 0.145012631427 0.219343198028 0.224712215873 0.340576715778 0.337971129431 0.154406652745 0.166912043676 0.247408210039 0.277758430138 0.113512461981 0.123460246071 0.148210144681 0.129703240587 0.143153418233 0.20475201102 0.104800398345 0.102081209169 0.273286003582 0.254454028063 0.281447028198 0.273138930648 0.314826924673 0.461365680257 0.475772525881 
2001150053 1.0 0.15504961737 0.159968009597 0.289985109022 0.194961011696 0.314937018894 0.221428064718 0.226339365106 0.196429545063 0.200084947973 0.509922534904 0.261146933567 0.274034600033 0.299981673437 0.327501293373 0.096157690693 0.101098524397 0.156971793461 0.160046099916 0.213557386426 0.213557386426 0.344314651109 0.351106379498 0.170039509015 0.172157325555 0.27036227861 0.281457479337 0.145744651355 0.119244757852 0.162832411523 0.131977394984 0.142098287219 0.200084947973 0.107681761944 0.105926917237 0.288819378413 0.284943017094 0.301808821233 0.264711108969 0.32528092002 0.450048866688 0.471207157762 
2001150301 1.0 0.169627037182 0.163905608817 0.25670099772 0.202111815582 0.354973690839 0.227578551576 0.244505486222 0.193520171176 0.212046979516 0.491565207062 0.262160275439 0.266670890697 0.297182989323 0.312919763995 0.0996445468687 0.104322467817 0.151817266207 0.158354138425 0.200779683645 0.200779683645 0.36171350941 0.359646794349 0.169363162969 0.189943355094 0.272641874529 0.283997851494 0.127826735854 0.129449261629 0.145088760436 0.151719034384 0.139856720255 0.212046979516 0.100241226135 0.102593246378 0.249275890923 0.240323494388 0.264143147482 0.249036547718 0.290690837248 0.462210191446 0.475062415276 
2001180090 1.0 0.185625414612 0.180036249886 0.257758771103 0.203677202975 0.323347496422 0.235972541869 0.235972541869 0.197510500967 0.184462822291 0.533059120376 0.252630478129 0.259215242858 0.29193780189 0.305325035912 0.102496622127 0.103367467191 0.139789320555 0.1524274716 0.202618215542 0.20481826066 0.35349000137 0.358925530927 0.157175682127 0.161229588723 0.277389872973 0.276288986677 0.13927538749 0.118856750814 0.140173533796 0.124600473022 0.123444063104 0.184462822291 0.0914015800449 0.0778429158052 0.281495774252 0.26353636614 0.283905559015 0.27648357925 0.29939583002 0.440671608429 0.4491336627 
2001180446 1.0 0.157946307929 0.177535552528 0.249864851705 0.184228323637 0.35531455459 0.248128452269 0.242577566263 0.205526986155 0.208969189764 0.512922633289 0.263097812921 0.276009813717 0.293250636552 0.31486442842 0.0929900689585 0.0922900082946 0.145997369702 0.149074421069 0.206366732191 0.217684170367 0.376408821196 0.371087469916 0.179473242143 0.183405084111 0.251245331005 0.285481026195 0.126991890312 0.160525747829 0.139330033792 0.156847537664 0.140719508946 0.208969189764 0.10292114619 0.108842085184 0.297132009994 0.289615923891 0.31486442842 0.233495822642 0.322261239723 0.441874091845 0.476523069544 
2001180911 1.0 0.171115803804 0.15860663356 0.262117168888 0.201159687751 0.353763526357 0.237421368171 0.230028690761 0.20263205644 0.192475116912 0.5 0.245727462306 0.245727462306 0.297195071999 0.29987115743 0.100533653359 0.106457664097 0.160932368126 0.164698044608 0.196298233392 0.200512126717 0.349324130851 0.345043036141 0.17772007007 0.17772007007 0.282385161279 0.275659947506 0.142697804804 0.133829092209 0.13698490157 0.130881262506 0.142306672579 0.192475116912 0.0982909849223 0.100902585437 0.275390221465 0.262117168888 0.280801680602 0.298940360076 0.274917564122 0.453590839003 0.444488309534 
2001181046 1.0 0.169665331716 0.169564550399 0.268964459254 0.19879981771 0.339129100799 0.223797833067 0.223797833067 0.187197048702 0.192864152181 0.51454070466 0.248069469178 0.248069469178 0.293053479557 0.287636998203 0.105894642044 0.0942809041582 0.140815694541 0.148841681507 0.231309907925 0.224103150853 0.373937240495 0.373937240495 0.172661419582 0.16996731712 0.290828465906 0.288823135186 0.147920052327 0.12039819972 0.13687601227 0.117669681083 0.142744766545 0.192864152181 0.0973143641509 0.086922698736 0.282842712475 0.268964459254 0.2851300498 0.282237700632 0.283627298482 0.482160380453 0.476346494588 
2001181228 1.0 0.163441220267 0.169843792278 0.270379718996 0.188690764312 0.358368582302 0.225340789714 0.228561972685 0.201256622863 0.195176158154 0.502935349581 0.258957902849 0.263870718844 0.301278919926 0.309559487954 0.0961603813232 0.0951274793896 0.128982056198 0.133646461789 0.182732839421 0.185629284461 0.379522051106 0.382839433407 0.163441220267 0.177466918696 0.27198263086 0.285935773518 0.131259725829 0.129440796436 0.151130516769 0.141264792929 0.120097697262 0.195176158154 0.0845721819719 0.0767328594267 0.306480494014 0.289233556056 0.320596239755 0.264693097352 0.314875288778 0.454783926868 0.472511597061 
2001181359 1.0 0.177610275562 0.165677572982 0.289935752718 0.189345797694 0.360988924056 0.228324776639 0.209199527404 0.198375871732 0.194634275567 0.509004418659 0.241369479314 0.242599303295 0.286228992106 0.289210307663 0.0954096640352 0.0954096640352 0.146976626381 0.146976626381 0.214488185479 0.2175675085 0.342014036683 0.346286834588 0.169438703154 0.161504203012 0.289210307663 0.281106878172 0.147926404448 0.132969299748 0.153615712965 0.123125963147 0.142255678635 0.194634275567 0.097944707589 0.097944707589 0.264221570472 0.236977915249 0.256898382512 0.287022971418 0.282101509773 0.451870979192 0.464441797258 
2001181414 1.0 0.169659326786 0.168758740101 0.274494270686 0.187033084969 0.344567436928 0.223871667558 0.23079831713 0.191417617707 0.196308636933 0.507111632606 0.268254949468 0.27101794788 0.305830020362 0.308421145701 0.0947308018662 0.0931082704003 0.12920869381 0.140869536134 0.203591192144 0.193441395041 0.373930351657 0.382525516016 0.156147316412 0.165619239448 0.268065526154 0.27126773406 0.1369692756 0.127759085846 0.149159514566 0.13634978226 0.14407827951 0.196308636933 0.0954430735634 0.0865096217947 0.307486450713 0.292414542756 0.303774650467 0.267052999302 0.291021531852 0.466776308214 0.47909215423 
2001181420 1.0 0.186321028213 0.18053814338 0.267060140439 0.192631875704 0.341645007977 0.227433799327 0.249821537073 0.19452486436 0.196104787685 0.540652129533 0.263497725055 0.257350943648 0.305526088797 0.302799538094 0.100144543559 0.0950054558653 0.144990273341 0.145521375022 0.210156758318 0.214516567572 0.363896198918 0.372279589253 0.153392997769 0.157119686704 0.281201444968 0.267348854189 0.135643756008 0.129236314836 0.141625771699 0.141625771699 0.136211305583 0.196104787685 0.0916999004657 0.0862818149504 0.270575656913 0.248505659253 0.272210140619 0.291109009066 0.273905290208 0.47967362739 0.465843973366 
