Leaf
2001110054 1.0 0.159705350236 0.159705350236 0.270561902397 0.212605352943 0.405893162168 0.210454147322 0.221211957989 0.175839857731 0.183947286485 0.497584767075 0.276870746408 0.276870746408 0.328629131982 0.324232677142 0.108985388266 0.108017565949 0.146919773768 0.150451059929 0.188953569253 0.188149112874 0.434493861723 0.421406968504 0.140837675147 0.143626810765 0.244463583593 0.242739289146 0.145322772275 0.126431319452 0.137483916065 0.123158974174 0.130518121531 0.183947286485 0.0854636729288 0.0831103746572 0.300358764626 0.285174557136 0.307385426288 0.263039962177 0.268483956227 0.50848630985 0.504732232258 
2001110033 1.0 0.173528636425 0.176803737088 0.272858590301 0.197188292871 0.349327320355 0.238183247861 0.231285788057 0.182481059491 0.186215427985 0.53583945018 0.293955770313 0.297190653535 0.335704636941 0.338729064133 0.0980430651872 0.101493186494 0.166709156576 0.161662070973 0.206288193966 0.220448756535 0.361487380079 0.342062317818 0.150131677712 0.150131677712 0.250700192332 0.264989199553 0.134736791782 0.137360563949 0.147042924419 0.135867469997 0.135867469997 0.186215427985 0.106159127381 0.11536696213 0.221717370891 0.217186121382 0.238183247861 0.255983968136 0.281686477844 0.469383920326 0.478662508499 
2001110072 1.0 0.171089422037 0.175285565794 0.284938225102 0.197756557178 0.331593680229 0.213218731541 0.236660330894 0.179477769463 0.202235269614 0.488502244754 0.287771152012 0.288650739857 0.338254474079 0.335444836191 0.101534616513 0.100362702047 0.157081718274 0.15260677835 0.193261502763 0.196728353206 0.359143818791 0.340644291073 0.156542842867 0.163822845244 0.271015466594 0.280815827818 0.148224806311 0.122643410414 0.143826835209 0.127640275325 0.157081718274 0.202235269614 0.0967618354364 0.0937455987362 0.225769298705 0.215426676699 0.245355711946 0.296449612623 0.315291109975 0.511652292361 0.513992152736 
2001110158 1.0 0.159617376894 0.163634012821 0.282166323992 0.188342261448 0.336895065494 0.214891470164 0.219850289803 0.176871943701 0.18492950575 0.499926501212 0.29407008867 0.302852679075 0.335474099062 0.345333559079 0.0912647268525 0.0994842161359 0.152474285187 0.150859045931 0.197609426765 0.202204896544 0.349739176281 0.346325288265 0.16182751023 0.177079580568 0.257232472349 0.284371626486 0.135909299092 0.141819215404 0.151426339538 0.146157714176 0.143536217596 0.18492950575 0.0996072640693 0.106270803076 0.231994948331 0.222728613512 0.249840713587 0.276908105644 0.313035430573 0.486188467438 0.50845376656 
2001110163 1.0 0.173148665042 0.174156328244 0.275629980277 0.183929582403 0.335518323093 0.226171242932 0.22507253344 0.184720681032 0.182736513062 0.513289799043 0.304007088273 0.298244545594 0.34785184214 0.338202166141 0.0978046519802 0.0890649938439 0.133706594492 0.134142122012 0.181535602924 0.176319843847 0.342997170285 0.340608106191 0.174323705821 0.177638141408 0.271203400916 0.274197850993 0.144099537537 0.1632659757 0.136726156316 0.164245491296 0.129833423655 0.182736513062 0.0797353375326 0.0810053773154 0.248768438413 0.232779882714 0.244213262994 0.295444526577 0.292318566569 0.500604784575 0.491551297249 
2001120155 1.0 0.183439627022 0.174067599476 0.242086861172 0.19347849334 0.3333862835 0.23555584137 0.228649093252 0.183832852826 0.181858221418 0.489336330933 0.302689102287 0.31213205137 0.337348129865 0.341644647623 0.09733457073 0.09733457073 0.156227883967 0.149423857186 0.197175397924 0.194817460827 0.344003750896 0.353446147194 0.158065922302 0.165911559807 0.267319132853 0.271606802285 0.122555235217 0.137336756583 0.125466691835 0.139734467412 0.12372803931 0.181858221418 0.100975857213 0.103378697974 0.243336426825 0.225724908897 0.233338216088 0.290665261849 0.28746774678 0.496136251366 0.507845498783 
2001120156 1.0 0.164529826154 0.159617376894 0.27226885292 0.188081940299 0.341553071623 0.229286433301 0.22409926407 0.17770103548 0.178869003824 0.509825074957 0.285618028161 0.289790341351 0.323238451489 0.325654656675 0.0945605374743 0.0945605374743 0.143536217596 0.136897090279 0.188472287188 0.185986254385 0.321147501602 0.343198775222 0.159924038803 0.157298357113 0.257232472349 0.254792380726 0.136897090279 0.140081169163 0.140778962617 0.140081169163 0.155418229515 0.178869003824 0.0929931271925 0.0952060093871 0.244538581985 0.218677150675 0.22360679775 0.306790692741 0.289663509187 0.480103900236 0.497421080679 
2001120172 1.0 0.161736407651 0.165580995445 0.28463937209 0.186565865413 0.336495571828 0.226790152624 0.229839174669 0.189837952347 0.202067018127 0.507197387683 0.28628076934 0.297472102329 0.329581643218 0.340293431912 0.0954113342994 0.0937124803321 0.157967762611 0.161653614502 0.203847959853 0.198052041395 0.340175390595 0.348840945256 0.166869582937 0.166628731838 0.273069446861 0.281375430915 0.143117001449 0.127273561799 0.149342360522 0.13493200297 0.139036590599 0.202067018127 0.111099210706 0.109643699667 0.251478266209 0.227908947652 0.252911504872 0.294214019393 0.299981703548 0.486641822006 0.494284449406 
2001120178 1.0 0.176890028064 0.176890028064 0.2622110995 0.196691501105 0.333154314344 0.23331735324 0.25010065088 0.17629884465 0.190763605463 0.519306599008 0.29673842231 0.307597071248 0.337777974018 0.342818079519 0.0996638645951 0.0989128074367 0.158761049514 0.147562850776 0.183104392339 0.188086641307 0.334762038872 0.342818079519 0.172709253384 0.171060647042 0.266946162254 0.262267972096 0.135111189607 0.151748447602 0.133891449349 0.159230063976 0.131531448705 0.190763605463 0.100409304036 0.102613135758 0.235100372047 0.223923391609 0.237937947406 0.311356034411 0.302364532008 0.490597651016 0.502996242516 
2001120183 1.0 0.19107892659 0.189638974444 0.282767111218 0.204453995619 0.366823539047 0.209224789007 0.232554219123 0.166305366477 0.190576180939 0.513322323813 0.278272254488 0.288524752035 0.324771725105 0.342237131304 0.0978077782865 0.111062370149 0.160261969628 0.15566350786 0.173326895195 0.185103950248 0.356016062969 0.358662488656 0.149005805637 0.174037092596 0.259990342793 0.288334683007 0.139701373929 0.141456240159 0.151106512122 0.151015784697 0.112045242141 0.190576180939 0.0914346064953 0.100707436814 0.222186433047 0.214656743849 0.230898165974 0.278222998403 0.30298299498 0.484053023585 0.518343944839 
2001120191 1.0 0.166956476514 0.172255325867 0.283145164223 0.218997847161 0.368596056384 0.236594960774 0.239173565207 0.194430291811 0.194430291811 0.512803266106 0.273248540018 0.281021166219 0.320529163049 0.336847853581 0.108943833767 0.114186323196 0.158811563484 0.162452670601 0.201350646234 0.196401289396 0.343723008278 0.345379115232 0.181686503997 0.172586268201 0.280309590411 0.272987382986 0.145302085836 0.138568182592 0.148986112193 0.146670124889 0.136179792209 0.194430291811 0.0980552698668 0.0908039854084 0.225354373017 0.208383493724 0.231104770875 0.271992699407 0.287147414511 0.484392644403 0.472254434675 
2001130003 1.0 0.173834301282 0.172188031804 0.29184866087 0.187786581929 0.328285849646 0.212072884758 0.215309856866 0.186336470792 0.181169700359 0.495223352087 0.305694407758 0.30746399943 0.352203349275 0.34708293995 0.0960356188725 0.0943256491574 0.152113372954 0.144053428309 0.181916795077 0.179892518809 0.345005636462 0.333369499372 0.154589799919 0.160782705098 0.27564456599 0.275201367652 0.153268118782 0.12423644455 0.145272255476 0.13145060735 0.137502080672 0.181169700359 0.093168235396 0.0956109935699 0.221580821578 0.218809027416 0.234082294392 0.261245127577 0.319534450445 0.479188472625 0.508706243905 
2001130034 1.0 0.176593499266 0.170052208939 0.254019807044 0.211703375606 0.333370656515 0.23691322542 0.230504931346 0.189072151233 0.186087399465 0.49231255085 0.296339385707 0.298597959269 0.338123210239 0.341131739792 0.113107191022 0.101773094299 0.149837080029 0.15343700574 0.184045330015 0.185786286971 0.355714308039 0.338371495581 0.145572740074 0.15058254274 0.248448519899 0.251361000579 0.123518033306 0.137970606464 0.134892807996 0.143928890243 0.157843651891 0.186087399465 0.0910286228535 0.087580495579 0.227202222472 0.222785276021 0.239264779086 0.272367355351 0.323266805737 0.501634973131 0.514201214483 
2001130093 1.0 0.197275844184 0.193955193954 0.265929467527 0.217952722086 0.345432072577 0.234072377682 0.231524740314 0.171547013287 0.178644036623 0.537405610203 0.273572373699 0.287171097156 0.327985608559 0.324697015431 0.113607604297 0.107475866626 0.181778381627 0.174323299484 0.17982581822 0.178644036623 0.339161468303 0.313861134211 0.134443338611 0.150030121994 0.263903917939 0.271447809422 0.136631246811 0.131576866347 0.134548331472 0.138581021438 0.146987370004 0.178644036623 0.117637921285 0.117637921285 0.235395850658 0.218922411237 0.246587647077 0.284255077242 0.311422113039 0.492974822205 0.492200808399 
2001130111 1.0 0.189875519139 0.183621292491 0.277325649056 0.197386958418 0.315082818916 0.22301963677 0.230454846533 0.180657024889 0.187069322618 0.516572716055 0.297565303699 0.294812421361 0.343459826581 0.340107031658 0.0967769185291 0.104231931161 0.168082050361 0.160572162214 0.208358123608 0.221233863609 0.359019580636 0.335901779885 0.144918481571 0.161666363372 0.269384863823 0.285547384558 0.134426301761 0.124997245331 0.151534382682 0.127700672534 0.136136732462 0.187069322618 0.098693479209 0.111287268354 0.224791223945 0.221084398083 0.247380386939 0.271665756113 0.303068765364 0.484612718091 0.489319124415 
2001130209 1.0 0.181860723998 0.172096440078 0.269627350164 0.215559408596 0.328274748606 0.233722453024 0.229630375178 0.189106928634 0.181794724821 0.524224181472 0.296545978864 0.304098173339 0.348386071642 0.344053389621 0.114370115069 0.10473031432 0.152423519567 0.152423519567 0.192128801951 0.183044639948 0.340300796627 0.337467858295 0.1492410497 0.1492410497 0.269493794133 0.260803989135 0.140288229127 0.133269315405 0.133718791606 0.138653413195 0.136208450948 0.181794724821 0.0883193750684 0.0832843169576 0.256489047457 0.240104781319 0.246175596063 0.300765055126 0.291320089757 0.481532215881 0.479859573843 
2001140004 1.0 0.166967489265 0.180538712193 0.283953914269 0.191279076052 0.32122166301 0.230915952254 0.226173162916 0.182633198873 0.195993025101 0.512462122202 0.306188158702 0.311361454257 0.350657216921 0.361971637455 0.0943382591868 0.10171017026 0.139545202353 0.139817485934 0.183981829281 0.18756456564 0.328943314886 0.339245730878 0.156016279198 0.166053843615 0.254947619165 0.289918591532 0.136514244298 0.131981380988 0.157230431978 0.1300947991 0.139817485934 0.195993025101 0.0772733526781 0.0876507454484 0.231738012356 0.222784609348 0.244593150253 0.284756423399 0.30073630152 0.480399686534 0.489108546981 
2001140047 1.0 0.180687015199 0.183944576273 0.26241003022 0.186782405868 0.332874862879 0.223052139282 0.213648845284 0.166819315149 0.179934149361 0.502217981529 0.304940205864 0.305662748146 0.334299150582 0.347294671054 0.0933912029339 0.094833623471 0.157398590086 0.159965040639 0.197812650168 0.205965468582 0.336071021897 0.336121509544 0.135123394112 0.151912623541 0.23591813795 0.278228779331 0.110532669304 0.132075105796 0.159007476088 0.129348938007 0.115340662406 0.179934149361 0.110532669304 0.11205732987 0.237209277565 0.234836765696 0.271562170328 0.250228972724 0.351905730822 0.464953074588 0.537092231268 
2001140087 1.0 0.175792604976 0.174835469342 0.269757239595 0.195740073172 0.349190731172 0.243608340071 0.232205754156 0.205702195374 0.199069345177 0.497553935104 0.296571755317 0.301806328423 0.336173819099 0.350030661984 0.0975121924751 0.10172327286 0.158650234174 0.157766381981 0.191697807324 0.194449937797 0.331313622743 0.338825465359 0.161099224888 0.158473858095 0.269705398096 0.276868775853 0.135962829018 0.135137553842 0.142392942953 0.126146613471 0.153726173579 0.199069345177 0.106425812478 0.104168239773 0.253950524553 0.238210272691 0.253067983136 0.274280923307 0.278329569127 0.465854530459 0.47864600073 
2001140123 1.0 0.179455393561 0.17369090348 0.271513055357 0.179176230218 0.323556492137 0.243726560738 0.225001622257 0.203178480843 0.195476971672 0.508496145234 0.293485643249 0.285940650716 0.333311084412 0.326176009624 0.0931492865665 0.088369172391 0.147960155365 0.149083635091 0.208288136818 0.210281370146 0.33391128493 0.333361142396 0.153495345069 0.15500978261 0.266551229255 0.273899356822 0.137314715962 0.136339110598 0.142911958209 0.124972882091 0.160613707043 0.195476971672 0.103339855073 0.0982068498099 0.240764675358 0.225372117523 0.24678814488 0.278850109583 0.288843675911 0.457796724338 0.471196027834 
2001140148 1.0 0.171885424548 0.178333353852 0.269933570495 0.196411157697 0.325147255369 0.214632226958 0.216899838826 0.188191079954 0.192540607627 0.48469228275 0.308943347104 0.302853074849 0.349740481236 0.354443804061 0.0938452188633 0.107140616856 0.13454784957 0.147491890402 0.19400111357 0.20179846257 0.345735893772 0.348608719257 0.161964789847 0.16518599592 0.277767323017 0.293576956575 0.133987231092 0.12632437293 0.145823811901 0.118006270446 0.131291606306 0.192540607627 0.0799887082735 0.0748854350182 0.248442646477 0.226989593371 0.25531607928 0.294983780804 0.334785445761 0.483876269189 0.503506709387 
2001140296 1.0 0.187250218817 0.176550768746 0.261285827056 0.194264556514 0.366622247054 0.249192833932 0.226364142418 0.197678412207 0.199287137303 0.496000302137 0.298243244625 0.291018286972 0.348768839203 0.332932695211 0.099414414875 0.0998721966432 0.142313072424 0.144749572974 0.197447524359 0.190150997305 0.345263535774 0.33760391274 0.162935156499 0.167445368964 0.269366076109 0.280157131784 0.138852054205 0.150517091125 0.131078633182 0.131541810008 0.154504989411 0.199287137303 0.0857857916181 0.0789559040791 0.239421615842 0.216826532709 0.22956567995 0.291227201778 0.258477478675 0.48577878114 0.46071822417 
2001140396 1.0 0.170414482631 0.171169367755 0.261403883541 0.198787622694 0.32948082619 0.236275150655 0.231102880767 0.190423422337 0.197486216739 0.505792394978 0.308462434225 0.31354077291 0.356362679566 0.362816451665 0.104684784518 0.100602536081 0.156616110164 0.149885801278 0.18872317917 0.193112677066 0.348589884152 0.347849384358 0.161479860561 0.161579631877 0.250961085747 0.259982023801 0.123994749181 0.154440061104 0.143738503727 0.159066576203 0.141021940675 0.197486216739 0.0888642637571 0.089766462154 0.251410204756 0.238718037379 0.259982023801 0.294784095865 0.29636530369 0.502211066062 0.492129841426 
2001140566 1.0 0.170423413434 0.173495934596 0.260345392597 0.176172566371 0.308485551602 0.221019698541 0.231103030251 0.191920620428 0.211384228531 0.461617803947 0.308191802399 0.324929797381 0.351530163299 0.368429905646 0.0894467696115 0.0921074764116 0.147846485988 0.143283499476 0.200536687079 0.211384228531 0.347730659154 0.34283403127 0.154731350911 0.173756765514 0.263801456138 0.290802595221 0.128626959196 0.129678900959 0.137805657106 0.137366784472 0.139871498127 0.211384228531 0.0887691328091 0.0945339008734 0.266307398427 0.254895904215 0.279148774677 0.29323223872 0.317456986803 0.489796868266 0.50598733878 
2001150081 1.0 0.167967170829 0.168431041281 0.284966519496 0.201114180072 0.346768545205 0.234965504841 0.227405752332 0.203351851558 0.194326879629 0.502785450181 0.2979760284 0.305832449714 0.3403644364 0.352348625243 0.101944149905 0.101944149905 0.150317476068 0.150317476068 0.204956984104 0.197433757584 0.323920956744 0.338202786467 0.173271736553 0.172459309244 0.274251311594 0.277868962556 0.143628598158 0.150421250658 0.147910566676 0.147593728254 0.146639105551 0.194326879629 0.0949705850341 0.0929779735425 0.238655598302 0.212360683999 0.240284665666 0.282491611411 0.314634818436 0.481639679092 0.497982948544 
2001150161 1.0 0.169335575149 0.175261871351 0.285810184448 0.195770188082 0.338877594176 0.223149683724 0.231819495799 0.192528139317 0.202444082545 0.508447082428 0.305216769426 0.309675381373 0.348000659827 0.357673591151 0.0965180171463 0.102696809047 0.154475919887 0.161903437585 0.202444082545 0.194479854218 0.342000198607 0.345378160813 0.157257876511 0.163279899653 0.264087237561 0.276911372539 0.142414850326 0.139637692503 0.150439033732 0.145235220167 0.147053722089 0.202444082545 0.10215054555 0.0993741958209 0.236833679846 0.22767952891 0.247914142915 0.277970118108 0.308045022908 0.484210491107 0.494585464883 
2001150198 1.0 0.172785096476 0.172785096476 0.276083191567 0.183895898413 0.344996314571 0.210992496439 0.221081764584 0.185683072558 0.196400905599 0.482726733334 0.313711324699 0.302346612748 0.350127359353 0.339593353838 0.0926635082413 0.0926635082413 0.147188535537 0.147188535537 0.190251172366 0.179901631715 0.322022997776 0.319345433574 0.145382472837 0.16008584223 0.252333887968 0.268072034326 0.139824385043 0.147188535537 0.142166664989 0.140295969468 0.134036017163 0.196400905599 0.102800932409 0.102800932409 0.236665519313 0.218678630554 0.242455514175 0.283868352839 0.2763223282 0.480119976199 0.463887427696 
2001150201 1.0 0.173825415612 0.178088662421 0.266069659573 0.201179314988 0.37381402427 0.21132910573 0.242467917843 0.177007838487 0.187721932901 0.496173558337 0.307665803101 0.310768773178 0.349302864061 0.354015676973 0.0974179042697 0.106977206336 0.144204050831 0.158936488475 0.185478163842 0.181196223625 0.364552278322 0.35568719481 0.159046213368 0.155047204883 0.275349437487 0.259362895064 0.142867111257 0.132080691081 0.127510893446 0.14089982822 0.116949229249 0.187721932901 0.0886024211316 0.0878113122481 0.242467917843 0.231046846779 0.240444908205 0.257878881923 0.269392808476 0.480817256648 0.480345351032 
2001150210 1.0 0.174758520652 0.175914598445 0.267369569111 0.18599622199 0.337118152357 0.219335606111 0.22360679775 0.183803655523 0.187803807923 0.488378453163 0.305799793187 0.304249186634 0.343471939135 0.338917194702 0.0937218426184 0.0937218426184 0.148869614637 0.148869614637 0.203017773154 0.198644052162 0.353553390593 0.359052807981 0.161914224873 0.177063128153 0.271133755762 0.281165527855 0.143790387981 0.141898326752 0.132542700922 0.140462556326 0.139980693649 0.187803807923 0.103975048982 0.103975048982 0.235383528322 0.220870513613 0.241895666587 0.283081499104 0.308877654429 0.488378453163 0.512017736179 
2001150334 1.0 0.163180632321 0.162869713082 0.279087874269 0.186109025732 0.348832598921 0.221355085482 0.221355085482 0.187646022168 0.1932353784 0.499957758497 0.305006158627 0.306773684665 0.355168546441 0.358907016666 0.0919126964597 0.101520891446 0.158132582223 0.153469434195 0.192446838087 0.192446838087 0.359095271081 0.354024990331 0.14820476984 0.163800700289 0.25748682046 0.276166682205 0.135707470022 0.130632486068 0.14820476984 0.135582910592 0.147976586841 0.1932353784 0.0962234190437 0.104796597758 0.244494683214 0.232595425377 0.253252421717 0.264734095877 0.315890980905 0.488436210859 0.505603380621 
2001150340 1.0 0.173547855023 0.16860571977 0.292117578757 0.193066941161 0.306926932102 0.225991531983 0.228418428671 0.198820193712 0.195839584858 0.514868976044 0.285670520218 0.29224339209 0.332269674919 0.343154742152 0.0961200491064 0.100969446196 0.167512049506 0.1703409873 0.200599518061 0.201999562031 0.336629538434 0.332085234341 0.163888539863 0.161629977044 0.279381746056 0.276958996955 0.147685654574 0.135934277062 0.151454169294 0.135934277062 0.147685654574 0.195839584858 0.109582536529 0.111247176691 0.245782960294 0.23782702931 0.25555943281 0.297849992961 0.300715969565 0.496353570356 0.489392442348 
2001150353 1.0 0.15940363514 0.148077668815 0.295501331669 0.204741927953 0.352800152907 0.24933808931 0.244638101798 0.207246509493 0.223130408408 0.51157125251 0.298757045037 0.298757045037 0.350599714686 0.36093233814 0.104706723761 0.10774232988 0.160612782443 0.154472427776 0.179570549799 0.183126747499 0.33402053073 0.335369335591 0.154472427776 0.167684667796 0.245690313543 0.264889386735 0.140478811219 0.145441060313 0.160612782443 0.148077668815 0.168834518988 0.223130408408 0.086492630359 0.0976969414933 0.253951106929 0.23876806655 0.255217703848 0.273041730154 0.287312879679 0.473875759584 0.475506070913 
2001170165 1.0 0.182243680167 0.182243680167 0.290708915913 0.182243680167 0.345021433454 0.236437441192 0.227217415768 0.189323724192 0.195308338085 0.526196355372 0.281514203246 0.274416064139 0.332894592329 0.333388135361 0.0924652320521 0.0976541690423 0.141630473612 0.15599391214 0.17859843832 0.186700173939 0.342150192689 0.348812991622 0.154936314101 0.14620036883 0.267744178431 0.276207700564 0.149536167662 0.141630473612 0.14620036883 0.130765585216 0.128226205908 0.195308338085 0.0906696197235 0.0906696197235 0.251924522711 0.235741011281 0.243292119835 0.303979957456 0.292962507127 0.500246568602 0.515462968298 
2001170390 1.0 0.190408960045 0.190408960045 0.275821076014 0.172388172508 0.362015162268 0.239489303102 0.239489303102 0.201775182737 0.201775182737 0.517164517525 0.295081019927 0.301063000323 0.332936861789 0.346924505021 0.0879010655533 0.0879010655533 0.148293913211 0.148293913211 0.192735836123 0.201037428227 0.363653248291 0.354968972966 0.16354178004 0.147288519156 0.277967575904 0.269830170572 0.125500483947 0.138983787952 0.158934042035 0.146276214932 0.138983787952 0.201775182737 0.0928338719759 0.100518714114 0.231283003348 0.224766677769 0.258582258763 0.262573841592 0.310777197631 0.503479719192 0.514283355734 
2001180074 1.0 0.176215599638 0.184470920768 0.281129083545 0.202603329772 0.372670069882 0.215325850352 0.213640105123 0.177418450459 0.172186584352 0.515900560248 0.290578299278 0.295297555968 0.332559681831 0.347692208662 0.0986962525852 0.1075641065 0.152258368949 0.157881676727 0.181682786721 0.188124164938 0.351040455654 0.35603365609 0.152676853574 0.148868147354 0.266207581914 0.274932851171 0.134455133125 0.135714693492 0.15057280002 0.141093123703 0.129129644538 0.172186584352 0.0933812864341 0.0962966477401 0.227524522253 0.216802387767 0.2540245627 0.26891026625 0.300650817591 0.475035007699 0.475571972837 
2001180155 1.0 0.17651787642 0.184083980354 0.251606149386 0.188645669476 0.339620424038 0.227854677488 0.239033906345 0.200927072378 0.203177604056 0.46570821759 0.309721235904 0.315977585783 0.350337350836 0.35621355682 0.0961907949814 0.0961907949814 0.162279140905 0.162279140905 0.210818510678 0.213890878784 0.345335522603 0.331847221013 0.159079996339 0.161178930654 0.26529898381 0.270026286376 0.13324433566 0.130848736541 0.131301240727 0.132649491905 0.152091001042 0.203177604056 0.109818499386 0.104088048624 0.241993173307 0.234018651269 0.265373495533 0.278389993594 0.296346542464 0.489833373594 0.473413355974 
2001180169 1.0 0.182269331996 0.175062940744 0.259240932375 0.198828718807 0.337735093634 0.22725887881 0.220536386325 0.179057286025 0.175373428025 0.506450484676 0.302079451101 0.297299124092 0.348932591321 0.340036096086 0.105175790478 0.0980367266277 0.168733258488 0.167438610779 0.191393221283 0.196165918931 0.352860273822 0.342903857187 0.156581054338 0.152354698504 0.269327601145 0.259240932375 0.135870369434 0.135335444642 0.133310361191 0.128883880657 0.140593135363 0.175373428025 0.107731040458 0.108569426958 0.257274829752 0.240969197346 0.256215354436 0.297482058654 0.295340771785 0.502315832336 0.495811558949 
2001180227 1.0 0.171471887446 0.17217650046 0.252970179924 0.188205990968 0.32941299284 0.220220362029 0.226950327777 0.171270037008 0.178586623391 0.494355702877 0.29693978051 0.300874462033 0.347552632966 0.342236985852 0.102714885205 0.0913044588333 0.158907683058 0.151782107954 0.19346263374 0.192296915484 0.337042788831 0.342186445057 0.145498721275 0.150753064849 0.240060642424 0.252559624857 0.126962780159 0.142374520176 0.131512934243 0.140294161787 0.149947815706 0.178586623391 0.0973551088874 0.0950175261611 0.228393708428 0.211731739839 0.236577111026 0.300414233141 0.31808735193 0.497842034527 0.509075679705 
2001180295 1.0 0.181071492085 0.187250315914 0.26713234813 0.205329192142 0.397921310481 0.222634354785 0.236496445954 0.186837869784 0.198451089947 0.4968948906 0.2991469711 0.306597339585 0.35182401141 0.353137200466 0.104110319057 0.107213321183 0.150345150958 0.153769731037 0.187764599541 0.183399800931 0.365377177941 0.356669475501 0.141897867572 0.161478224452 0.261145019695 0.280583494519 0.141625771699 0.123278893699 0.137479725866 0.125757109264 0.154270610966 0.198451089947 0.0882706454416 0.0895720027894 0.239655812343 0.223585233856 0.242932899054 0.25342399704 0.271287512015 0.480316514095 0.483159003798 
2001181003 1.0 0.172365575584 0.177461221525 0.266306701005 0.207007607585 0.361073392964 0.209023963045 0.214959576929 0.180100558342 0.188909562461 0.479025283206 0.289752754104 0.288725580228 0.330918668749 0.341163992276 0.103250221205 0.107885527123 0.151423399078 0.158858211914 0.203602644998 0.205652387729 0.34981395165 0.337817904699 0.150729323312 0.169296506861 0.26439672351 0.288967596683 0.127624492888 0.121737393637 0.147802261699 0.132857709296 0.134816405251 0.188909562461 0.0953295943681 0.0925388532286 0.239421416065 0.224659437783 0.254494722517 0.25695498649 0.311999336792 0.472967237438 0.489562502191 
2001181031 1.0 0.180756570146 0.187204079866 0.296768017379 0.20009986685 0.34192836785 0.221990870813 0.229095630959 0.194081237748 0.197903773598 0.548527462781 0.282173840184 0.287434913678 0.337579437763 0.337579437763 0.100153881436 0.105022463339 0.160251404917 0.151162976841 0.22245910772 0.220485830607 0.357868119949 0.360937023367 0.151025242892 0.170323923475 0.275607288259 0.29767824347 0.148943950335 0.132373274339 0.161286965967 0.138067672155 0.127732760235 0.197903773598 0.0923711167421 0.0930445481373 0.241564588524 0.225801752354 0.246932399162 0.271345847675 0.297398470623 0.47360181211 0.488654259267 
2001181042 1.0 0.167120104589 0.173825427084 0.265427041905 0.203793327486 0.352332131709 0.215957066921 0.229140217101 0.181545197657 0.197237542378 0.481828295539 0.278867699369 0.286350433517 0.320981539047 0.328548885794 0.100484632477 0.105659979387 0.144103643826 0.144103643826 0.176759855411 0.188040197889 0.353735205942 0.340899709484 0.143573849224 0.166205623829 0.25674368071 0.287147698448 0.133250752352 0.119852579797 0.139262953861 0.12158852058 0.144103643826 0.197237542378 0.0839580949462 0.0857541933243 0.254208246778 0.240815278743 0.262612865719 0.271178569815 0.319673104129 0.463406588042 0.498272879122 
2001181080 1.0 0.165138752465 0.165138752465 0.285606526741 0.197727595436 0.291150770745 0.224182796692 0.227057481051 0.187870120984 0.186500258379 0.521781154624 0.282045937762 0.285448047199 0.324565161824 0.334091669091 0.100227500727 0.100227500727 0.153886177693 0.167406625105 0.210511430318 0.212224093908 0.342694382948 0.353782626299 0.160130569066 0.158140114696 0.263751194786 0.259077556199 0.146556397473 0.141743090851 0.146556397473 0.145004397528 0.140030120487 0.186500258379 0.110533086106 0.10260711994 0.263751194786 0.247708128698 0.257910534247 0.30742910562 0.315755203373 0.494318988591 0.501378232606 
2001181114 1.0 0.171115803804 0.17772007007 0.268212917002 0.189066484478 0.35970079388 0.233316700047 0.230028690761 0.187784663024 0.185094056496 0.518138589663 0.297694769825 0.299685229237 0.357212919916 0.343207400645 0.102183358544 0.0946314586211 0.160932368126 0.152393702842 0.174555661477 0.175828259089 0.375420889447 0.359855714909 0.139004443936 0.158489450956 0.240453891051 0.270007926955 0.139004443936 0.137931034483 0.139004443936 0.131871194317 0.142306672579 0.185094056496 0.0963822404095 0.0930475566592 0.240144625469 0.238981315097 0.263742388634 0.263178233146 0.286953740984 0.491681697641 0.483988580952 
2001181148 1.0 0.178098868665 0.171024175976 0.266173305939 0.209616081271 0.355101179354 0.228174710272 0.235050247361 0.18612934722 0.183845465055 0.508171766272 0.308054585357 0.315352998737 0.357836273776 0.362348889307 0.107562589952 0.107562589952 0.160029246596 0.160029246596 0.199120588526 0.184198674727 0.354001224685 0.368044309268 0.160637339654 0.163246236608 0.264089485627 0.259996750061 0.14079951842 0.149964788414 0.131242406964 0.148001528332 0.136819340781 0.183845465055 0.090137655173 0.0940200989445 0.253028455742 0.233802552187 0.241999041138 0.305192843024 0.281599036841 0.496002872501 0.490799325489 
2001181213 1.0 0.166967489265 0.167535987638 0.265256352549 0.166511293086 0.333250918449 0.229511692696 0.237252494305 0.191477807613 0.199073654352 0.493713570986 0.324461351005 0.330558053344 0.365318455952 0.368841177125 0.0882992184972 0.0822791753793 0.127137712825 0.131114024072 0.171018502467 0.16934235778 0.373350656028 0.361971637455 0.161878637455 0.163863519995 0.258282346786 0.260189598199 0.139135777894 0.150557730349 0.131837217776 0.149161884763 0.122102052059 0.199073654352 0.0838814237883 0.0804089498061 0.257692660294 0.254723751755 0.275386411115 0.251644271365 0.326156593456 0.491203572159 0.516417419245 
2001181265 1.0 0.170155451024 0.171542610807 0.270320973883 0.207399554451 0.383580938801 0.225028689915 0.231858457244 0.173829946608 0.175300711059 0.528262718898 0.297054040229 0.303304339137 0.34663585596 0.354856721296 0.103652153904 0.109759924309 0.160970316841 0.164969436198 0.171542610807 0.167346639927 0.357352423294 0.357849475046 0.143316287977 0.155223973563 0.242516464377 0.255832157523 0.137262867945 0.137837192076 0.141792340206 0.139545982847 0.13077894434 0.175300711059 0.0983732277514 0.0927944764923 0.233302014048 0.226602947904 0.244058844049 0.254671564101 0.277459627419 0.475700152146 0.475700152146 
2001181337 1.0 0.159398907993 0.15846537781 0.26859619676 0.19498535287 0.31114319697 0.235010574925 0.240008036463 0.186327939103 0.201809323291 0.530417505339 0.306034752977 0.295427568232 0.347201614951 0.335188949769 0.0991432138606 0.0982034465482 0.146674309665 0.142179933645 0.194604521739 0.20088823531 0.349490939674 0.352028879986 0.166344892153 0.169875150524 0.262166843834 0.263577870407 0.143349089374 0.142049433448 0.136862902227 0.143736694649 0.140209677659 0.201809323291 0.0899224855777 0.095328574373 0.261954534302 0.238224142017 0.261529398181 0.314640296721 0.285466456739 0.485089241996 0.474419839358 
2001181386 1.0 0.167608692915 0.167079456694 0.279805394021 0.190555671117 0.327411860332 0.231820979241 0.231820979241 0.192129390533 0.197852291525 0.505951542441 0.294606949891 0.295507431716 0.343876986155 0.340876347292 0.0981622258687 0.0968908760366 0.153602067083 0.156231843213 0.200077921621 0.193873137012 0.370075956647 0.356720534122 0.168030881727 0.168030881727 0.269486414481 0.272558142515 0.144817417651 0.152095560006 0.140092481448 0.14395868757 0.147363586548 0.197852291525 0.0959724583798 0.0931628976171 0.245116682212 0.238152755929 0.259303303493 0.278663585338 0.313256311655 0.504794920036 0.502262135118 
