Leaf
2001140206 1.0 0.187981472757 0.180316049964 0.266203668905 0.214317055221 0.3777306082 0.224297299026 0.224297299026 0.186456586592 0.184489780164 0.515024078801 0.293735815963 0.277407277806 0.335761706974 0.312367339011 0.108336129206 0.107158527611 0.143591631724 0.136339362942 0.214094926584 0.208388705303 0.362780696104 0.368678545544 0.171941380196 0.157094959589 0.30025101843 0.270400765804 0.153727154612 0.138532011319 0.123522192171 0.125053517489 0.131483332679 0.184489780164 0.0800475671432 0.087976638814 0.278263563239 0.243813217468 0.254507345469 0.306058310025 0.236415204858 0.498594376324 0.458836925656 
2001150246 1.0 0.155440126715 0.150677149615 0.287669242363 0.178225182812 0.319992709769 0.187952051746 0.188671011756 0.16781179885 0.171798383114 0.479402877912 0.264114181313 0.267872888122 0.306154328433 0.304551325891 0.0922987460883 0.0868337250921 0.143308715869 0.139104764075 0.194166112045 0.197727139417 0.346974905557 0.335126745322 0.127870091336 0.124569661234 0.247503679236 0.238939892951 0.147816151565 0.109912767669 0.145042352088 0.112996341964 0.149009085498 0.171798383114 0.0979906435093 0.100093686587 0.271732926946 0.255617984601 0.265333751308 0.295561838989 0.286690094291 0.478707208577 0.468214866728 
2001180053 1.0 0.158252540723 0.158252540723 0.231854652739 0.180833045116 0.316353848621 0.202236655971 0.20906250339 0.16301905213 0.160653474912 0.480236290009 0.250123593632 0.243924419989 0.285615141288 0.272993484637 0.0910757039889 0.0905487427443 0.13673026985 0.139844728516 0.169259881017 0.16467411032 0.333439659758 0.33908474673 0.136496742319 0.137544493881 0.245228837953 0.238300999591 0.121929507967 0.114368859758 0.11968480965 0.112965507718 0.13673026985 0.160653474912 0.0960206815602 0.0965177721033 0.290762771538 0.265529024374 0.288006664108 0.302749668242 0.300209954713 0.455588646167 0.459736308422 
2001180366 1.0 0.157980243711 0.157980243711 0.257944864325 0.163155634979 0.347363609956 0.191362180759 0.200412305959 0.16817183191 0.178091473541 0.4581605426 0.246692196819 0.251859377225 0.282446779917 0.289517517237 0.0796449282103 0.0848646956316 0.123318023731 0.126751871591 0.175190383842 0.172401184338 0.362542138661 0.367550283246 0.137244465546 0.129988610513 0.256599009037 0.249594557801 0.136637633691 0.0978990400551 0.130201532213 0.0978990400551 0.137748116653 0.178091473541 0.0848646956316 0.0848646956316 0.298932108561 0.284255318055 0.294450673989 0.274942673779 0.264466748133 0.457888394941 0.457888394941 
2001180445 1.0 0.167456686846 0.16277844671 0.248589561817 0.173105758669 0.356989164988 0.205233797884 0.196304694653 0.169102279547 0.16241990344 0.469838862913 0.248882537242 0.243913849689 0.297338511864 0.288784505142 0.0932015404278 0.0853660060073 0.137648548675 0.124294780908 0.18356668934 0.179715211595 0.365741285669 0.374249866729 0.135299060285 0.125925710004 0.258364416342 0.244629841003 0.129801250832 0.10042758234 0.127077844801 0.10042758234 0.13069644248 0.16241990344 0.0750055867641 0.0767344956663 0.284923032581 0.26455199346 0.268054696133 0.313329293735 0.276670158722 0.473054010422 0.462081703773 
2001181105 1.0 0.149940549322 0.149559505379 0.256887992711 0.192587309063 0.331554932589 0.197053907626 0.20521030582 0.160686828259 0.161660428526 0.491874054603 0.262219213321 0.260855609625 0.30450727254 0.303521885455 0.098490750632 0.0967370658766 0.148506593368 0.147349381499 0.162452670601 0.162715894113 0.37595337678 0.380291951816 0.131923117713 0.136179792209 0.241370315286 0.241842664691 0.12389310196 0.109986382246 0.137327248502 0.117632373003 0.133535272659 0.161660428526 0.0980552698668 0.0912740695787 0.292219603584 0.278215220625 0.291779918234 0.291584289705 0.299547923763 0.470529492012 0.487358011803 
2001181191 1.0 0.163636363636 0.157575757576 0.272794604483 0.175862037922 0.339448047635 0.196666433207 0.193370377376 0.172487872373 0.172487872373 0.484886362157 0.235351367745 0.235351367745 0.279642957456 0.281997336343 0.0917136118207 0.0867746731108 0.13820308183 0.146711738629 0.203278907045 0.207127363523 0.374190279768 0.379695881398 0.134567292795 0.129702633691 0.265838935751 0.25784299862 0.142649724799 0.0994013301022 0.135519271364 0.0958265957627 0.155227254241 0.172487872373 0.097724336343 0.0923124012832 0.301450427041 0.279380135069 0.290466835547 0.293173009029 0.270020235272 0.47663497554 0.481198381607 
2001181227 1.0 0.163994040408 0.159412536281 0.222635747322 0.190639199655 0.313564374121 0.192245533061 0.209902995554 0.170840478541 0.144317390102 0.46012359925 0.232884934651 0.241662770415 0.25582397149 0.295809895961 0.0905053683168 0.102662350884 0.138787432269 0.153698236455 0.192463539783 0.167201638852 0.319219414175 0.359541844953 0.135423005988 0.11547812387 0.268044618019 0.212812942783 0.122068647992 0.0757037617765 0.107841816669 0.116442467325 0.135423005988 0.144317390102 0.094583530126 0.0827605888602 0.286593558975 0.259943435924 0.260373272407 0.293151730028 0.301566129194 0.441171591897 0.446807080243 
2001181289 1.0 0.171130166704 0.171130166704 0.236207517696 0.196022040195 0.367342716748 0.214649070999 0.218149014847 0.179553149517 0.192316431161 0.457482877479 0.246664187528 0.247481635295 0.279077717909 0.289904179383 0.0959939828123 0.101615330214 0.138608513884 0.138608513884 0.197944499144 0.188872469927 0.345673296294 0.360229386371 0.135290275787 0.148373322289 0.249462942452 0.269645900935 0.117621809964 0.104554210502 0.130445027021 0.110311578185 0.131888579202 0.192316431161 0.0854174299488 0.0864457077523 0.296619002456 0.276396182653 0.299161497549 0.277990044847 0.301849888543 0.451343753745 0.462368249212 
2001181354 1.0 0.168526204211 0.163444539058 0.245355253511 0.182736549943 0.312504477356 0.204008542937 0.204969120256 0.167218445881 0.162167054555 0.490710507021 0.240407683379 0.231195466638 0.284437958577 0.256273402177 0.0966233699111 0.0866628920985 0.139408577432 0.129348316532 0.17425657761 0.16880023074 0.324974734552 0.318437940974 0.137740950703 0.132263325322 0.260210793958 0.241558424778 0.143412333034 0.112636116901 0.11426565713 0.102878408365 0.137489062134 0.162167054555 0.0903189438176 0.0903189438176 0.2671346005 0.250158824599 0.264570327133 0.33173110334 0.26478860151 0.453815250778 0.411429390333 
