Leaf
2001110023 1.0 0.180787136721 0.180787136721 0.287132511263 0.207373480356 0.398830601414 0.26103403147 0.258147783662 0.221162586842 0.222119314828 0.568947753798 0.286787666396 0.283066537396 0.333125930934 0.319080431121 0.106875778703 0.101586276393 0.16611678541 0.162764018975 0.242563052661 0.229074947353 0.407630296531 0.404427138991 0.191716850409 0.178267332141 0.304155207838 0.289290695114 0.161455955828 0.160753970086 0.141283342194 0.146007203329 0.143664689826 0.222119314828 0.118897743284 0.111789173217 0.311593762169 0.297814520546 0.30720747279 0.24482543789 0.230857658655 0.473983135782 0.473356390814 
2001110014 1.0 0.170802282693 0.166162200918 0.296964013192 0.205278796072 0.379998544839 0.223169346361 0.223169346361 0.187816532958 0.190737963029 0.524015677404 0.304446345785 0.305103256209 0.349822558292 0.349577193104 0.101940370166 0.105615069258 0.175645575236 0.174665827788 0.212893570637 0.213296227745 0.377506559164 0.372190911947 0.168044957189 0.172025890071 0.277857320631 0.278645375531 0.15252037713 0.141697484586 0.153579342845 0.141697484586 0.145154028736 0.190737963029 0.117169399284 0.117169399284 0.241116353666 0.222741736567 0.235151067203 0.287270864391 0.274960020148 0.512164914093 0.50878449721 
2001110042 1.0 0.171680331754 0.176840745256 0.285005890198 0.191699551966 0.352350784136 0.230135128876 0.225718667517 0.188593757303 0.185146208333 0.523390551548 0.27770723013 0.274352156623 0.322102520255 0.319760533705 0.0996598515276 0.0945456366304 0.131888484142 0.135601551797 0.185363558682 0.187809283745 0.336769483184 0.337764373042 0.157831382948 0.16260634538 0.266711849356 0.273764468358 0.142267286024 0.142267286024 0.148363236917 0.145162420823 0.139408308224 0.185146208333 0.0809308845197 0.0790855855167 0.24614167595 0.233148103743 0.24614167595 0.276932862 0.280400678147 0.469851832072 0.472728183152 
2001110055 1.0 0.176344047028 0.178262817704 0.281522783925 0.190825824345 0.372021884093 0.221392562204 0.227289908675 0.179390182729 0.176272580339 0.517668276538 0.296349783863 0.303242560671 0.345760648261 0.351435455943 0.0974706581859 0.0986272390961 0.172734495067 0.171342928871 0.215626140176 0.202050872836 0.345468990134 0.346197674744 0.146356726241 0.157150678873 0.260459829177 0.269634917547 0.141364322871 0.124694071475 0.147727779377 0.13784432674 0.145579834563 0.176272580339 0.114693412637 0.112250484909 0.232550930953 0.210899513771 0.227012556639 0.276874416601 0.282951389529 0.494437584304 0.497992542869 
2001110058 1.0 0.185419057067 0.177219642562 0.274412077865 0.207372031055 0.341460727404 0.223253301871 0.230462153751 0.161989122314 0.174578367483 0.542626401869 0.300961724289 0.300281723632 0.352230263757 0.344225197807 0.106471511991 0.105242615783 0.174365337058 0.169501384057 0.196985269581 0.192789555408 0.335752849341 0.336692483813 0.150573456264 0.158275411048 0.261867551224 0.260444347473 0.148335245654 0.147581632418 0.131606233538 0.14883553458 0.147581632418 0.174578367483 0.109058241576 0.114543606867 0.23901240152 0.213466012139 0.236746829995 0.325009113134 0.270043049284 0.511310467672 0.481973888519 
2001110150 1.0 0.169968962519 0.164704448767 0.285570421513 0.211599739504 0.349070576074 0.20102653468 0.202412941003 0.157233685867 0.162223689502 0.512996349262 0.290425757886 0.281079187082 0.347786338743 0.329960280868 0.113051821152 0.103899418061 0.153361893035 0.149763729611 0.187568447295 0.197447141011 0.35750124847 0.352895248017 0.134826773315 0.132630921019 0.250792295449 0.241243434563 0.154813872335 0.13840913309 0.133890103572 0.128017184293 0.142883109438 0.162223689502 0.0867352436385 0.0867352436385 0.243493511717 0.222173275366 0.230392091234 0.293729148931 0.260151986057 0.486642335158 0.485664389883 
2001110154 1.0 0.172630795857 0.171688095044 0.283793620258 0.19823127996 0.373839741051 0.222485795043 0.228690872455 0.175197070035 0.186852025483 0.522474818818 0.282180634298 0.273973297494 0.332510700572 0.330368409605 0.101616975837 0.102709129078 0.16038620138 0.163951469628 0.165368322495 0.176178573905 0.363522462765 0.346932151167 0.137208609436 0.141359659393 0.247888860714 0.253832730591 0.142218126754 0.130928963348 0.147539135976 0.133916320264 0.159243744563 0.186852025483 0.102906457077 0.0987824772223 0.225744507438 0.216618323937 0.242427354592 0.257837211415 0.277833561031 0.4915036958 0.479257535448 
2001130017 1.0 0.172054898467 0.18066440227 0.290319497994 0.198208155008 0.373267925992 0.228793728929 0.230964627515 0.19095050108 0.196864355412 0.506907059989 0.292650833779 0.30006723958 0.327995773505 0.3380392666 0.0972110558632 0.10148609082 0.160496680776 0.154014723794 0.200286479894 0.20411981042 0.346967569014 0.359147666124 0.144260918379 0.150457644055 0.257814787478 0.274219679023 0.146452348931 0.124507950641 0.150950833628 0.12812249925 0.148396969813 0.196864355412 0.109536756961 0.111363296549 0.244237037995 0.230412299995 0.256079197773 0.26870460745 0.284258189327 0.479346195913 0.505585703715 
2001130026 1.0 0.177546428317 0.178146973641 0.28730647518 0.210206460841 0.425929488535 0.208822789904 0.203793741128 0.157218731806 0.163218319171 0.524906083118 0.317960006544 0.311120314127 0.365760710249 0.362113283249 0.111718072297 0.103198763278 0.160198991302 0.153585963401 0.183878799424 0.184624089214 0.406012186561 0.410459822384 0.126210948574 0.131770414634 0.247354017079 0.263830148521 0.134407230577 0.125240080705 0.155560157064 0.125240080705 0.133724378248 0.163218319171 0.0939097535218 0.0950402641815 0.266820472377 0.259867809874 0.272870566475 0.244562471699 0.26406137569 0.509955810133 0.515046712109 
2001130041 1.0 0.168719220854 0.173758967786 0.28423100401 0.213233667704 0.380700358748 0.211535534104 0.226985659386 0.173462197343 0.196050445592 0.49274712793 0.291479991244 0.296518344197 0.340667591281 0.340667591281 0.108502944043 0.107668751978 0.154366937602 0.150736252769 0.181942846923 0.19327132466 0.37726764694 0.354453933267 0.143018979013 0.168948096231 0.256654442609 0.290683475432 0.141570648234 0.115740430651 0.151418320745 0.12032381131 0.151418320745 0.196050445592 0.0887859273968 0.098549425586 0.24745601397 0.244944767449 0.277350098113 0.268429137128 0.30283664149 0.495744163085 0.495744163085 
2001130042 1.0 0.186344789375 0.176694263864 0.287231944077 0.207575567433 0.361803248617 0.227511862951 0.23157379667 0.176694263864 0.183287243269 0.548137658084 0.302374782113 0.298850206234 0.347096240688 0.34349589945 0.106839536315 0.103207673198 0.157861274405 0.155244358657 0.173792153444 0.176053484731 0.347949907264 0.344891395766 0.143123291437 0.145181314974 0.25712792236 0.259152798394 0.143123291437 0.142826867319 0.151187391056 0.139524643945 0.132886640022 0.183287243269 0.0977236460605 0.100292004374 0.247326278244 0.22881211823 0.246238621247 0.277322669713 0.287674255486 0.477357222403 0.482039761363 
2001130056 1.0 0.170678454505 0.163905608817 0.278698918628 0.202038038681 0.360764290966 0.21358814071 0.210777647981 0.167504404614 0.168214924896 0.519205942438 0.313586057783 0.302749442016 0.367113738328 0.354931689574 0.107281558048 0.102010325487 0.183556869164 0.192361125987 0.205259138003 0.205549462247 0.356942175457 0.348445856452 0.159199200605 0.154156052416 0.276119312777 0.262217137012 0.149939857146 0.127359360484 0.136512188298 0.125709863438 0.140918669598 0.168214924896 0.129449261629 0.12087304415 0.252956753396 0.235054802826 0.246690782276 0.298734085417 0.279926555543 0.507002665226 0.495732880005 
2001130072 1.0 0.181034398672 0.168782979588 0.292394588752 0.196557522395 0.348226618684 0.211835834905 0.212207411817 0.171008785341 0.162019368404 0.5340337736 0.305672791427 0.297257922877 0.344267559498 0.333905327572 0.101667315435 0.0955968171932 0.165102058413 0.163952842182 0.218427528474 0.209742839544 0.334235483355 0.336303326657 0.154145236026 0.140789334759 0.284584338422 0.253609744487 0.153222509328 0.126150833174 0.145738529239 0.12311670173 0.132486623421 0.162019368404 0.118019988725 0.117216211005 0.24928600023 0.219578669666 0.231183778752 0.30005409233 0.282305181136 0.485311945159 0.476597569363 
2001130089 1.0 0.178699625837 0.168271606604 0.293189698916 0.19901902947 0.350780532632 0.236759457767 0.229886884849 0.182869212991 0.190576180939 0.544520325367 0.312469504022 0.31764614513 0.360947956697 0.360947956697 0.101655611134 0.100707436814 0.167618756008 0.157065910134 0.187677514968 0.185029893853 0.360187745329 0.341876523093 0.144048460193 0.149922773096 0.25530928281 0.259937622455 0.143762743957 0.14480761412 0.154070547727 0.141456240159 0.142421822974 0.190576180939 0.105363015602 0.1078061679 0.239006404058 0.22567504375 0.251359987072 0.26329044296 0.29140794428 0.482692047067 0.479987071076 
2001130091 1.0 0.174950627086 0.174950627086 0.275353287803 0.212575591567 0.333411087786 0.230427715844 0.212081165177 0.180464297439 0.177597534249 0.507174698897 0.295619087761 0.297153963873 0.33813563125 0.352193970076 0.103253952695 0.11368507911 0.175017287643 0.172938862687 0.21323304342 0.215410057935 0.363665258706 0.356571671689 0.147137229426 0.163437356528 0.259205868487 0.289841218392 0.125394513329 0.119292599801 0.157253933878 0.123425579965 0.147216484605 0.177597534249 0.11035292207 0.116822506217 0.239804344993 0.232644386797 0.24929622157 0.283493560932 0.321114355053 0.513005930344 0.522758611563 
2001130123 1.0 0.167369151937 0.161631052605 0.292706742792 0.23160577478 0.406700050721 0.232919394814 0.216806839953 0.185371050452 0.17903930131 0.533627312938 0.280021302042 0.28286698237 0.332566511173 0.338054449484 0.116521083529 0.119190777851 0.176248349962 0.166855660913 0.191543337987 0.21092200307 0.414295197037 0.375368090355 0.158954364395 0.168051365982 0.256194587666 0.274970506401 0.143042265102 0.144170952133 0.157810576416 0.140622202516 0.139259552132 0.17903930131 0.103060469181 0.112694217472 0.244892137866 0.250778236076 0.274970506401 0.215439238141 0.29231559775 0.497893198733 0.516115826004 
2001130131 1.0 0.185228192411 0.180881834094 0.285755160647 0.206331753485 0.370795337515 0.226148588688 0.222915952173 0.175635493833 0.180572898199 0.539575821829 0.284972536348 0.286535647347 0.331017517784 0.33164943217 0.106199342928 0.102589242305 0.151115077769 0.131242268706 0.182495167594 0.180340848973 0.378101617334 0.380493641303 0.158948135079 0.158596479482 0.279182925694 0.283794553202 0.152127739636 0.12724629441 0.147374025253 0.118734474976 0.127793592826 0.180572898199 0.0708871310168 0.0896659163231 0.249227611164 0.227441052706 0.238933917271 0.28246345007 0.249003485569 0.481968780949 0.473554568407 
2001130154 1.0 0.170796746421 0.174450566335 0.281012662184 0.208465089162 0.388138164402 0.221520296143 0.216698585205 0.172267574403 0.184723588778 0.505699328809 0.309071075694 0.320492304772 0.355172001502 0.366705416642 0.104911099958 0.107288990567 0.159629960946 0.150895860422 0.165831477235 0.182231274508 0.379635508902 0.369148289297 0.136752751651 0.165831477235 0.236129287865 0.286403883896 0.125572265375 0.132536752368 0.160810963194 0.137098232837 0.139039745531 0.184723588778 0.0905514483171 0.0982357217351 0.233577915601 0.230520036465 0.247667220286 0.221021456175 0.318716163791 0.487569795416 0.53234347365 
2001140013 1.0 0.186991758368 0.182620272971 0.271372473622 0.206006742818 0.351754717046 0.217395475411 0.231838420607 0.173547275706 0.18759832901 0.507703841933 0.309122431419 0.302518253355 0.353044249865 0.340559558559 0.106586901085 0.101615330214 0.156488866899 0.15314592164 0.186721538923 0.189406386102 0.355893150201 0.346512177592 0.151154774042 0.165276538743 0.269645900935 0.269879867053 0.143881350317 0.139697079142 0.135290275787 0.142204662792 0.138608513884 0.18759832901 0.0989722495718 0.097040269661 0.241283281254 0.231129516332 0.241283281254 0.306991657555 0.292979367655 0.519938240366 0.499886379416 
2001140108 1.0 0.193021476133 0.181149316512 0.281374735501 0.20957245361 0.359170387819 0.219181225998 0.222748018627 0.168973314712 0.180058344377 0.521034239153 0.319249406296 0.319249406296 0.364664046395 0.367891657546 0.109222240149 0.104529502303 0.156651388502 0.157108099058 0.177957008042 0.200754470038 0.332011182178 0.352068372212 0.145752599652 0.144642322462 0.265049970212 0.262537591518 0.14087821663 0.140241043683 0.145629653531 0.136486794688 0.122808947912 0.180058344377 0.0965107380666 0.0996159423007 0.254007078448 0.22775779198 0.243640912359 0.283909694234 0.278237938137 0.468312365864 0.49969540052 
2001140144 1.0 0.185063027885 0.188565569885 0.282707262209 0.214760163589 0.389865224243 0.248069469178 0.237620398028 0.184025283099 0.195137179931 0.520041983132 0.301342882306 0.295729796186 0.351641084463 0.341323534943 0.109695920712 0.108672751858 0.167975497126 0.156260971527 0.179459058791 0.18219500747 0.377892082201 0.370126055769 0.166160525217 0.166927129173 0.260251051178 0.282989377101 0.144037800479 0.158290419818 0.14667285675 0.134764633874 0.144037800479 0.195137179931 0.101063606395 0.103713371624 0.252974642613 0.242999660457 0.263541642355 0.25548561872 0.267985355298 0.489728521628 0.497680544159 
2001140176 1.0 0.198612963615 0.192316431161 0.258471708969 0.224704917446 0.376380736721 0.224704917446 0.202546275425 0.16378044552 0.165886417342 0.50586686742 0.286498769743 0.282896262577 0.326885805312 0.339157442444 0.109074507423 0.120091061973 0.167589802294 0.174959872054 0.225615934413 0.227496389911 0.3477939275 0.356796456238 0.131505181358 0.145733742337 0.259750526032 0.27958610806 0.121267812518 0.120222380834 0.144428637763 0.120222380834 0.123715311965 0.165886417342 0.103125848707 0.103125848707 0.249526185688 0.230391037793 0.255524666793 0.252355727653 0.298580754661 0.455339441037 0.492624214296 
2001140203 1.0 0.181552689077 0.188504573786 0.283764403814 0.204225863601 0.374312674718 0.236001463977 0.220649877544 0.192555268935 0.19782721738 0.516318894817 0.292744914847 0.296835633612 0.344985066273 0.350716721677 0.104563524069 0.105938413955 0.170122598605 0.174692338857 0.185408485232 0.195538230372 0.358649928706 0.345357721058 0.138091866539 0.143123342223 0.258874701118 0.283424226584 0.136334155521 0.124369329041 0.155713557218 0.116905573892 0.144353811728 0.19782721738 0.114121708497 0.111844737314 0.243512473186 0.227961460843 0.258626141578 0.251694581577 0.299478059432 0.465761859108 0.490839649742 
2001140217 1.0 0.19072625381 0.18678946522 0.297488900874 0.202339466568 0.392606835637 0.219453738594 0.228846765718 0.186694720367 0.189049097372 0.524016282573 0.314994467425 0.311378916179 0.35913909801 0.354627681717 0.101823432094 0.102688557514 0.147280129887 0.143260980109 0.202252006237 0.207519642399 0.361349205628 0.361349205628 0.157047240696 0.157047240696 0.2873235943 0.274216376923 0.156482929706 0.148714710468 0.143877159211 0.146919296034 0.130462729193 0.189049097372 0.0857917622415 0.0968360036686 0.25915645183 0.232071199754 0.253077309448 0.290081375702 0.252727513415 0.505034806421 0.498582562704 
2001140416 1.0 0.192000084164 0.18834892825 0.291442567854 0.206019746242 0.392455038125 0.22751074979 0.233805079176 0.191341419842 0.191341419842 0.517659362666 0.306517183433 0.302996023203 0.355063291068 0.342466306834 0.106593628994 0.101621744311 0.167336532055 0.157784176913 0.215835648453 0.200113589761 0.359831351034 0.360252124537 0.16181335755 0.170845643225 0.289922478527 0.292350827669 0.154795416623 0.136691292816 0.145026542025 0.130356449549 0.13970589701 0.191341419842 0.103590387161 0.10788857424 0.234398288726 0.216303078667 0.234236653294 0.292997860908 0.280898876404 0.522900633574 0.513545837394 
2001140527 1.0 0.18530667276 0.195330383849 0.293021618668 0.193446123881 0.375684874057 0.231382011109 0.235046660095 0.169476547716 0.192972184115 0.535903423288 0.316652181218 0.316411106055 0.347885552283 0.358472500232 0.0890843613761 0.105116061971 0.148656560463 0.140854742925 0.180635726291 0.194625924149 0.351551281497 0.36316746133 0.139767045235 0.168664138815 0.247384215347 0.304715398805 0.12353778184 0.134877009093 0.174446546491 0.138119438992 0.129449676435 0.192972184115 0.0914513410561 0.102766803059 0.234721785496 0.243152986084 0.257065471692 0.259723312884 0.293697923348 0.493934888929 0.519593507327 
2001150109 1.0 0.178145627054 0.184725020339 0.264892973534 0.210715672748 0.372471775975 0.218316347536 0.210162249146 0.166224495462 0.180983164844 0.508244495538 0.31137521037 0.313007289294 0.364451345298 0.361805419998 0.11005469702 0.107512056853 0.176173474483 0.175095950769 0.206528851311 0.21482090927 0.371218976879 0.366919531166 0.150505272952 0.15460854595 0.257423414213 0.282704740914 0.136506051351 0.137568371275 0.137568371275 0.123163147459 0.12304489189 0.180983164844 0.108589898907 0.113826117491 0.260626928937 0.254122247769 0.276877297147 0.264563025754 0.297214303041 0.473363150465 0.501584283268 
2001150123 1.0 0.157784608054 0.163932972606 0.280556999066 0.216154105599 0.373797323409 0.211690265647 0.214411537662 0.199583496467 0.206965532398 0.473353824162 0.316216981174 0.312201019927 0.367726392416 0.365866828577 0.109097781364 0.113389771573 0.157784608054 0.165176476944 0.196310001799 0.198641453679 0.36460626152 0.353541332773 0.152285187248 0.14888806428 0.269014627466 0.270531639271 0.134823876453 0.128078355732 0.147853707813 0.137825889142 0.155498542564 0.206965532398 0.0923364576826 0.0891417520637 0.250774667729 0.240074789975 0.272228172972 0.265954645905 0.309237540116 0.489783767186 0.487270606984 
2001150208 1.0 0.18102560667 0.186087018296 0.296488457457 0.203433367802 0.377849533902 0.21631121224 0.213402297412 0.182419919491 0.197706443592 0.511522634304 0.292068577656 0.303248181296 0.328180899357 0.351156390816 0.0994919526829 0.105266714022 0.152568106192 0.156395202802 0.208355854639 0.207950097964 0.369852052232 0.377804825917 0.140582763928 0.15 0.270946788433 0.296887001891 0.136807222822 0.112856043199 0.164398987305 0.12439040547 0.152568106192 0.197706443592 0.106701148706 0.106701148706 0.245224662575 0.238378531593 0.256338564128 0.26026234166 0.28675726622 0.502964186571 0.511291422692 
2001150271 1.0 0.185448723594 0.177580715619 0.263416673565 0.21492225409 0.386888396408 0.230656755699 0.227951564489 0.187614169895 0.183729397846 0.500259597929 0.274781558314 0.269908407024 0.327257572492 0.319630845928 0.110733795458 0.109555046147 0.164420330278 0.167290618933 0.194633720241 0.194707824078 0.368478100829 0.365016658514 0.144129197668 0.142721062877 0.265326503559 0.257209940049 0.136943807683 0.123658409309 0.13428445147 0.125855411228 0.161141341764 0.183729397846 0.0986053936577 0.0986053936577 0.23103170597 0.214855122352 0.224957519873 0.278587650576 0.265000081656 0.495857042481 0.48669546482 
2001150315 1.0 0.176660947674 0.174648713468 0.291839760176 0.204929561181 0.359091847609 0.231165985235 0.225663973501 0.1862560409 0.181341518399 0.522545078597 0.283696749418 0.286040441014 0.332004122239 0.329590090401 0.104363610057 0.102847351108 0.157628787286 0.162857270159 0.189944637414 0.195848946819 0.368448513308 0.356347156304 0.146524198459 0.145628017585 0.256659737945 0.251975490679 0.150577947871 0.138249591963 0.147681103501 0.141154509266 0.134311141166 0.181341518399 0.105362327646 0.108424043266 0.240546235661 0.235374960315 0.251975490679 0.271916007103 0.281984231979 0.499489187675 0.484833062936 
2001150323 1.0 0.186767100244 0.186767100244 0.271802535733 0.20981259545 0.382798450187 0.215895379588 0.226567485731 0.176709364616 0.187986484906 0.494293405842 0.298511157063 0.309533713145 0.342251850276 0.343806034691 0.111760815214 0.099503719021 0.148616365408 0.139632855549 0.176709364616 0.177997663796 0.355995327592 0.359825632647 0.160444925932 0.165584197398 0.27597366233 0.287065675776 0.140719508946 0.133498247847 0.137986831165 0.137986831165 0.113786855968 0.187986484906 0.088998831898 0.088998831898 0.254135633138 0.234820992897 0.249904780038 0.278446347833 0.266425379541 0.480067271244 0.471584000912 
2001150357 1.0 0.172709406343 0.167079456694 0.249982286463 0.202454122742 0.363264605079 0.214600940905 0.219578092614 0.180727984845 0.179054085668 0.488096945608 0.299733006693 0.291888836887 0.343876986155 0.335111689033 0.102746746247 0.103946498703 0.173833894971 0.171680752724 0.205579671357 0.202454122742 0.350155333048 0.35731589565 0.154750939239 0.154750939239 0.269486414481 0.261344557534 0.12848514056 0.130672278767 0.12848514056 0.130672278767 0.139458862274 0.179054085668 0.112930485703 0.119780868365 0.264376889266 0.238152755929 0.25322071635 0.284513611096 0.273077548689 0.48885843605 0.481630832139 
2001180146 1.0 0.177796815275 0.185685597634 0.260459754743 0.224788291178 0.41432036286 0.215252250834 0.230320477742 0.166523816578 0.185591412694 0.504343479883 0.284398681544 0.29030083406 0.333886545399 0.344809498472 0.114818121545 0.116180546402 0.167466115422 0.171896928548 0.174621616719 0.177403023395 0.385644776841 0.381405039984 0.142168598292 0.142904592503 0.251581701341 0.262465892891 0.130899444137 0.125721333754 0.139185708562 0.126553016475 0.121333523676 0.185591412694 0.103442849542 0.0984191583686 0.235500239862 0.225952000203 0.256741124823 0.241294199087 0.282672047397 0.486197935365 0.503510771313 
2001180166 1.0 0.168836025477 0.169758633577 0.281478166503 0.212554532078 0.369161501226 0.194118687661 0.223742096165 0.179920626718 0.166741493349 0.519599084899 0.309304851553 0.313443312484 0.357882623055 0.362059010829 0.107872767792 0.109132375739 0.164026229153 0.168836025477 0.207723116112 0.198593201382 0.376233701569 0.37727016001 0.151140767402 0.130480897282 0.279808483953 0.231968117853 0.153193707187 0.124978033136 0.132559222094 0.141672399446 0.128216742186 0.166741493349 0.111783751114 0.106231328165 0.253061229631 0.231293790503 0.25498275479 0.292566074657 0.278689804875 0.519260791973 0.497602514785 
2001181022 1.0 0.170720254309 0.17641469347 0.279306692004 0.197091899254 0.35361027182 0.218338236524 0.214407720738 0.191412184977 0.190931249079 0.497222552877 0.298635398407 0.29272739914 0.349491161665 0.349030482031 0.100794435498 0.103716618469 0.169910509408 0.177971323872 0.200215945571 0.19941070725 0.369938760756 0.359348875093 0.146677448482 0.152365313341 0.270697707997 0.291152737911 0.138288824625 0.109326915191 0.152365313341 0.0963642853128 0.144148337354 0.190931249079 0.109326915191 0.109536957489 0.258181084769 0.250957802978 0.26993242317 0.244462414137 0.273317287977 0.472135343183 0.474660149117 
2001181204 1.0 0.16715517729 0.163355699648 0.281549992706 0.202409123872 0.375780772391 0.208520960101 0.209796788568 0.150866853415 0.195706272168 0.505394253053 0.291843299089 0.286852302139 0.341969968001 0.344029357451 0.095745033386 0.113314759977 0.174055794456 0.16715517729 0.22586633863 0.223701547141 0.362297146071 0.345077188153 0.118196559372 0.143179690676 0.232442353662 0.273862711692 0.129356552829 0.112061085458 0.156284039396 0.114965061801 0.122884573751 0.195706272168 0.108212952136 0.120302677121 0.268303820334 0.247106763212 0.290603586055 0.264057865568 0.303031492203 0.478659583647 0.456468421096 
2001181244 1.0 0.175998160574 0.175998160574 0.281244506997 0.200093724377 0.412681290378 0.241167557012 0.241167557012 0.194048393733 0.194048393733 0.531239624327 0.296984308845 0.30232876076 0.349658189073 0.347135572 0.103075627464 0.101740641623 0.146439321308 0.150257256319 0.168167016108 0.165001512126 0.384913334489 0.374419332213 0.160196941409 0.164051855249 0.265895399108 0.26368263887 0.14710465559 0.147502415637 0.141003673207 0.152578965168 0.145904869447 0.194048393733 0.093748168999 0.0901370214151 0.255099163043 0.237495361464 0.265895399108 0.263163651028 0.256930041773 0.468532469414 0.464050806117 
2001181431 1.0 0.17965998472 0.179958837133 0.269406880665 0.209828706961 0.377835818079 0.225862409857 0.233121191054 0.194960511174 0.202531092899 0.503089259941 0.283594063571 0.276364695664 0.318575409613 0.3214858568 0.101926699586 0.109222240149 0.157108099058 0.170135383086 0.217869733441 0.211529129474 0.370559859074 0.38835599245 0.144642322462 0.155273197008 0.27040235227 0.281056258053 0.130721840064 0.11621431803 0.146732460095 0.129482742525 0.131268795759 0.202531092899 0.112454364495 0.107069050687 0.26075765512 0.233428333731 0.255693917649 0.271460165022 0.278495327589 0.4881999433 0.487612546555 
