Leaf
2001110109 1.0 0.178902384219 0.179471749919 0.275826006766 0.216028288199 0.356376237451 0.249584275112 0.238108424372 0.179471749919 0.184674907105 0.561913264343 0.347052450123 0.357356416898 0.403158982922 0.416600103508 0.112734853031 0.114403188535 0.177101032862 0.181410294904 0.186481253675 0.196527304471 0.356539787821 0.340865938203 0.15460441242 0.145373069881 0.250109286438 0.258364416342 0.133564385204 0.153468991333 0.146670623868 0.150108299581 0.143760003923 0.184674907105 0.109321828424 0.10385222854 0.209660023012 0.194664444377 0.215013906535 0.299487504103 0.322226991077 0.531303098587 0.541034633736 
2001110008 1.0 0.167604859328 0.168002971194 0.289204982112 0.196502248867 0.341038171673 0.245882655847 0.240387377487 0.218782057957 0.210376171359 0.520281428698 0.281241533301 0.292649386761 0.323082636911 0.333461351149 0.0989287264247 0.0989287264247 0.147348353153 0.147348353153 0.2120367495 0.212508817059 0.347970649218 0.338630061658 0.169979544733 0.173191580826 0.2728011528 0.282485839851 0.144486947696 0.149150846511 0.153019795406 0.147687996369 0.151704414594 0.210376171359 0.0931912810875 0.0931912810875 0.240387377487 0.23182839581 0.256650469624 0.25956226609 0.30718346441 0.453790237369 0.470131309806 
2001110083 1.0 0.17854629763 0.178113667245 0.250046286297 0.194511786804 0.349978397062 0.244996844662 0.25152295043 0.194035236181 0.211536195554 0.511351214127 0.267574474207 0.279753360963 0.308551933661 0.315866479912 0.101373118098 0.0950899235918 0.154450897116 0.153649590038 0.223109401884 0.221791473787 0.338321116149 0.346833952908 0.184663825112 0.193238373528 0.278980102415 0.294478673547 0.132045897315 0.146766994073 0.135278268213 0.154050764585 0.149475485037 0.211536195554 0.106856648901 0.104372969801 0.231192974232 0.216724502392 0.240355248745 0.279587842739 0.279366999226 0.473726438648 0.47661652633 
2001110087 1.0 0.172376213496 0.167010753675 0.284992833433 0.198921856278 0.338875414454 0.236066463535 0.236066463535 0.200873889273 0.199502227624 0.521525551408 0.267843843135 0.271434906382 0.317518487649 0.315051045111 0.10341454875 0.098107655175 0.152822204289 0.156282062352 0.214647056727 0.197243776529 0.329534870123 0.324808369535 0.17086041863 0.173129134294 0.28213875603 0.28213875603 0.149958323931 0.140195875016 0.14345668008 0.13947241193 0.14831091272 0.199502227624 0.0986951314146 0.0938924559103 0.231429378401 0.215117848268 0.22516224684 0.266924993624 0.278841184688 0.464355071341 0.46126360413 
2001110100 1.0 0.173487497761 0.165605909359 0.280052519231 0.190505477341 0.340177675978 0.212330930433 0.214612551607 0.172114319552 0.186597596992 0.474891598339 0.29756563851 0.304001356671 0.349127911704 0.339994064114 0.103031286989 0.0905131296334 0.141534346453 0.130803674867 0.181164184056 0.181164184056 0.351018670876 0.342847211175 0.178804994049 0.181164184056 0.279382803201 0.282892161119 0.148004341974 0.145279057664 0.140737960564 0.138591893912 0.141534346453 0.186597596992 0.0780673743414 0.0762873660183 0.245348372236 0.22989656981 0.249537488041 0.302064366331 0.298738480595 0.488963008477 0.488503048398 
2001120004 1.0 0.15987480821 0.165268108958 0.268235855671 0.190719115769 0.304163350757 0.237837500005 0.24682805889 0.20521406998 0.211337398555 0.505568534427 0.264696113938 0.27710312394 0.304599802912 0.322727173219 0.0940620884765 0.0991501470193 0.144419996073 0.160538192007 0.213837040735 0.218811374281 0.334451808281 0.341448972317 0.184199288831 0.184775363071 0.275323566248 0.285927711707 0.136960348056 0.147694417065 0.143774643357 0.149837616137 0.138695312548 0.211337398555 0.10166402528 0.0995512955775 0.247526757025 0.23195568134 0.254617009876 0.275516505001 0.34070893489 0.456696127264 0.503198051553 
2001120124 1.0 0.191040179975 0.202067231202 0.254060626672 0.18509193987 0.354476682101 0.237681372951 0.246064188959 0.195668622148 0.213179846623 0.497806807211 0.270998460442 0.283457058312 0.308360627858 0.326509565309 0.0912909223151 0.0965031699856 0.142883109438 0.146268288713 0.185695338177 0.195096071916 0.330129752005 0.324705868525 0.161792127978 0.179881351642 0.264046613585 0.309853470255 0.117062421305 0.145212878943 0.145212878943 0.153726173579 0.133471695975 0.213179846623 0.0923569074902 0.0946007222024 0.23418456072 0.22893081587 0.268666467431 0.265261842038 0.31962761844 0.472648725172 0.493830267879 
2001120137 1.0 0.173270856108 0.179634959931 0.287581365726 0.201228187143 0.373601254567 0.198168447438 0.226698358735 0.172219271544 0.183635419159 0.501179373355 0.283066827703 0.304321463792 0.324491059863 0.349578280322 0.0992091460933 0.104083167754 0.156336159651 0.162753659988 0.179910544281 0.185336197829 0.357056737077 0.342997170285 0.149090891515 0.154209037955 0.267345087194 0.272545055382 0.136605379926 0.116368519206 0.156863433188 0.143675788172 0.114075318628 0.183635419159 0.102806025304 0.105657889073 0.234010768413 0.231027808143 0.259890398926 0.263675409805 0.307184076747 0.484014708593 0.504168965795 
2001130128 1.0 0.175311395511 0.172330613563 0.291338099026 0.213584484728 0.363970474101 0.216704269557 0.225805149248 0.173420462299 0.181190856472 0.520080284676 0.308190325832 0.313005202664 0.354297832545 0.367095294544 0.103744000523 0.114224633524 0.151143946598 0.161319188994 0.177977881569 0.180344013392 0.340571269653 0.337968138981 0.165854138342 0.175847927433 0.272154309636 0.282139076923 0.144777107064 0.146716172554 0.15238539617 0.147596397466 0.118475355589 0.181190856472 0.0915650822745 0.0942270437882 0.230552943095 0.218597864261 0.243712290914 0.248781207512 0.313306024648 0.458570700082 0.497586080863 
2001130143 1.0 0.180416893837 0.182750596563 0.28861013963 0.200972290335 0.325241001954 0.255977095938 0.255562893246 0.217186696602 0.213248707514 0.525560350703 0.317327212162 0.321720353748 0.354801271208 0.368963002295 0.0983213181399 0.104965825436 0.1457432481 0.156858882632 0.203590932228 0.192146574699 0.344038018263 0.334514245098 0.179016864109 0.188739327036 0.285472979723 0.296977383625 0.13857033386 0.154476939116 0.155757510396 0.165725996175 0.134693471346 0.213248707514 0.0920611189514 0.0851876310819 0.214239990985 0.208157905676 0.229519004519 0.254212073616 0.332568801265 0.481729103053 0.505550933568 
2001130205 1.0 0.179803005213 0.180235595986 0.301923641619 0.212316555376 0.354276372276 0.235518636468 0.24857192691 0.191139618767 0.193396226415 0.566214595012 0.290850754896 0.291576593595 0.335436730143 0.343854659785 0.104733977883 0.110119033301 0.157083262315 0.143771232586 0.201509522295 0.198337698506 0.323586280871 0.321205288419 0.158563550132 0.166703745727 0.274437513355 0.282743576805 0.149908005491 0.141509433962 0.158212356899 0.149164040574 0.13408179626 0.193396226415 0.0867206429757 0.0943396226415 0.251065724192 0.236602569886 0.251198621806 0.277461154148 0.311784959805 0.47030454522 0.480345268608 
2001140095 1.0 0.179509431896 0.181216374563 0.26939750824 0.192315744101 0.346213397482 0.232952927031 0.24075193838 0.200672077953 0.207015418761 0.494375408011 0.285451743303 0.290087740047 0.32092442723 0.327257406019 0.0963178242632 0.0969549943264 0.127174651157 0.131459958859 0.192742165343 0.191995306649 0.353778271972 0.332483900524 0.168175239588 0.177670618425 0.277207749024 0.28945026164 0.135761183287 0.138603874512 0.144547749786 0.143264123235 0.131459958859 0.207015418761 0.0782069912722 0.0782069912722 0.23497063269 0.226520468204 0.260173327808 0.257955000723 0.312893568102 0.466830053047 0.466830053047 
2001140102 1.0 0.181600606459 0.184520417539 0.274429130159 0.207366088965 0.352484064559 0.253786336137 0.247765145815 0.200752233339 0.208394569367 0.512732740748 0.31292297261 0.311253124756 0.365877102004 0.374539823125 0.106574714941 0.111357303226 0.149919357588 0.154224978366 0.193153429603 0.198879753205 0.324659539125 0.323876580412 0.174393721596 0.184954413632 0.266825188509 0.293624233588 0.134211479204 0.163478150112 0.146219302595 0.157483008492 0.149919357588 0.208394569367 0.0817390750562 0.0877315815569 0.226580951955 0.207816675442 0.238980230544 0.25728988803 0.314498991561 0.468814748232 0.504641982916 
2001140171 1.0 0.180464948462 0.188136701085 0.276432097752 0.191981740095 0.349889116432 0.242643487137 0.2501865983 0.210607405615 0.222063299065 0.49718810251 0.272670941575 0.275280292335 0.302763723611 0.325276767835 0.0903644252752 0.10286154563 0.12779459578 0.135517333699 0.180112477523 0.189482955831 0.340687159434 0.312625280705 0.18256548416 0.194121336914 0.272087687556 0.307708193915 0.116205154959 0.156617244682 0.172452245424 0.16433890616 0.138646406063 0.222063299065 0.083226029476 0.0812947681133 0.240803260781 0.241001099999 0.273949729386 0.210456486637 0.323710103615 0.422795925205 0.455010550522 
2001140213 1.0 0.177181780217 0.177181780217 0.285697036082 0.192374554163 0.329650426248 0.248212639908 0.24099327583 0.206817515374 0.212220240723 0.499969813143 0.310797402428 0.317047627749 0.347003942767 0.351498328047 0.0940451062479 0.0990476262347 0.158476201976 0.163906959667 0.210291250521 0.20328442952 0.308114910963 0.313938070021 0.182634798692 0.194170661621 0.283629237834 0.300577002869 0.14660284152 0.157425097087 0.14660284152 0.155107054974 0.149457685027 0.212220240723 0.113265293913 0.118348124939 0.22712943607 0.208778603291 0.231799445328 0.281653447651 0.302329361365 0.459478511243 0.485760779991 
2001140268 1.0 0.183259786127 0.18609143551 0.264604228192 0.189341510826 0.345632689953 0.243744550355 0.250736111596 0.204038138905 0.208196138357 0.513861771853 0.295074465978 0.292304681231 0.325414592991 0.329319352854 0.097019886773 0.0930457177549 0.133449974643 0.141480918073 0.201242472834 0.202537575407 0.333396273461 0.335134534844 0.180705517849 0.185622493726 0.293247361934 0.296498649923 0.128118687892 0.139828529505 0.149079859891 0.149469103007 0.141069635464 0.208196138357 0.0869110370972 0.0822746832275 0.224187456581 0.205457058218 0.230701805306 0.257932459598 0.290260044357 0.453560844799 0.469548583522 
2001140287 1.0 0.177245995905 0.184542251691 0.268287695471 0.195499043022 0.329487925716 0.262473696846 0.239979302871 0.217637030938 0.202688550793 0.512330757201 0.30032637685 0.289741061789 0.336300631922 0.341130261593 0.0983183887085 0.100561682407 0.146592583146 0.147603578458 0.185145661208 0.193779916934 0.330501910445 0.341130261593 0.17943494443 0.175559907678 0.264730363384 0.28134286729 0.125702103009 0.172569617525 0.149480765942 0.159001980873 0.162357066615 0.202688550793 0.0873021640281 0.0930734985637 0.237487561876 0.225687945 0.248877466452 0.266200904423 0.312163117297 0.463766912005 0.495846600258 
2001140353 1.0 0.177944272178 0.173767683816 0.262880622802 0.194257172471 0.325716550296 0.255129526468 0.248058334388 0.197258748617 0.195429930178 0.525761245605 0.304157177182 0.311107509946 0.343757697095 0.353357135574 0.0986293743087 0.0986293743087 0.145664869572 0.145664869572 0.195429930178 0.199562098133 0.325315421387 0.327415865605 0.180403818247 0.189923753613 0.265106368642 0.282223425715 0.123336353552 0.171498585143 0.144652905311 0.171212833344 0.149971162164 0.195429930178 0.0872119719637 0.0903375171815 0.222531213585 0.217411457207 0.237778229972 0.288910622483 0.309845831845 0.487219970446 0.498905245333 
2001140375 1.0 0.179798922756 0.197131889476 0.28311932707 0.189072486602 0.349911828572 0.211389466358 0.226043282025 0.171374338566 0.198999005085 0.483478464167 0.301618181961 0.31681681276 0.349559361267 0.364957020651 0.0930577400397 0.101302802018 0.151013301082 0.149371803406 0.193104336367 0.208675000017 0.363391491462 0.322743638978 0.14571657414 0.173785036373 0.248264337676 0.29817570175 0.130663480886 0.138783983858 0.157896899465 0.149474925133 0.121877310063 0.198999005085 0.0918913480504 0.0993057350703 0.216503014818 0.222193114814 0.274890400613 0.246395319844 0.351098793394 0.482042149332 0.511267839937 
2001150077 1.0 0.181043638244 0.188757482641 0.275451003967 0.195954269923 0.365048791668 0.230392091234 0.241243434563 0.18395523348 0.196524319913 0.503754397383 0.293919511329 0.298451785272 0.333543016523 0.343742174043 0.101033615601 0.0975121924751 0.127360119983 0.13840913309 0.170297722909 0.180502169196 0.338825465359 0.339196690644 0.159090318887 0.172905303829 0.25848035271 0.281476893948 0.132208528478 0.143858432088 0.149576875228 0.158738348723 0.147031101128 0.196524319913 0.0793251170869 0.0734679830725 0.229418941832 0.222676214946 0.247876006811 0.25140486775 0.289895651522 0.472648725172 0.482515849928 
2001150081 1.0 0.167967170829 0.168431041281 0.284966519496 0.201114180072 0.346768545205 0.234965504841 0.227405752332 0.203351851558 0.194326879629 0.502785450181 0.2979760284 0.305832449714 0.3403644364 0.352348625243 0.101944149905 0.101944149905 0.150317476068 0.150317476068 0.204956984104 0.197433757584 0.323920956744 0.338202786467 0.173271736553 0.172459309244 0.274251311594 0.277868962556 0.143628598158 0.150421250658 0.147910566676 0.147593728254 0.146639105551 0.194326879629 0.0949705850341 0.0929779735425 0.238655598302 0.212360683999 0.240284665666 0.282491611411 0.314634818436 0.481639679092 0.497982948544 
2001150162 1.0 0.169272842266 0.17877204638 0.273146064069 0.189252791026 0.336586869531 0.248867835348 0.250412927661 0.206250146105 0.203831493977 0.525312548002 0.295622309955 0.298589734994 0.345314045079 0.352108795578 0.0896937212538 0.107057545514 0.134438152797 0.141234208353 0.187791357642 0.189252791026 0.328634875873 0.331971356091 0.179387442508 0.186022482827 0.273750593169 0.285572558444 0.14005886857 0.154998986822 0.142786279222 0.160242817732 0.142786279222 0.203831493977 0.0757011164104 0.0846364211332 0.233090230949 0.220704784088 0.244849974083 0.277151352048 0.302986384833 0.466180461897 0.482558934653 
2001150166 1.0 0.170872104199 0.171185631259 0.284975066948 0.18130194482 0.321408036883 0.224032048449 0.229354216766 0.192142836568 0.201407988316 0.518441093945 0.285351147702 0.288574501022 0.326538973504 0.329115177147 0.0937765280536 0.0893851472103 0.148092777867 0.155338276544 0.203065149605 0.195188518011 0.308815549818 0.305805622355 0.18590183917 0.191583874405 0.279129046907 0.28894589693 0.145812186149 0.170950539872 0.148273709856 0.171498585143 0.132012150551 0.201407988316 0.108860008118 0.104845345711 0.229354216766 0.21286319673 0.233007414817 0.270296536615 0.30968252387 0.454539604816 0.469568308644 
2001150189 1.0 0.163004965569 0.175225072889 0.293610109757 0.184738960978 0.337052157426 0.214330696855 0.228465543327 0.192563689934 0.19978732197 0.500943842275 0.275130406663 0.289967665521 0.321082545375 0.345187577795 0.0896115587389 0.100188768455 0.163004965569 0.156726069737 0.213502629251 0.21869411021 0.328535779099 0.320898596609 0.14127097016 0.165877520819 0.253459763428 0.286896971858 0.137457856298 0.115517770147 0.16623310005 0.132648611857 0.147807148798 0.19978732197 0.0928476690885 0.102519051307 0.21869411021 0.207613699634 0.231035540293 0.248281766581 0.319607990876 0.463347169955 0.476663732259 
2001150264 1.0 0.175642712794 0.172614163115 0.287282634003 0.195533514535 0.367607311047 0.256748082982 0.252084258339 0.203463743837 0.211719893062 0.528676660357 0.289112478197 0.292737854657 0.334758544021 0.339063038729 0.0946840146149 0.103975048982 0.156173761889 0.154476170581 0.16559753771 0.159514755281 0.324966404632 0.328396756677 0.16718223925 0.178250488502 0.252084258339 0.270987841092 0.153190632249 0.163191634462 0.145238648426 0.156173761889 0.149708572096 0.211719893062 0.0925718378067 0.0981033047596 0.242215657054 0.218160343323 0.236431390135 0.279607974929 0.270257086033 0.472025607386 0.463428511744 
2001150351 1.0 0.177921523614 0.177921523614 0.270419860118 0.188118163561 0.365236695195 0.252441766457 0.247184868902 0.20834139695 0.211959276426 0.493810179347 0.297673218078 0.296043395484 0.336680275577 0.331924957626 0.0947910701102 0.0947910701102 0.149647082758 0.134054816942 0.211959276426 0.205670242925 0.352721556676 0.341774063738 0.156863083912 0.174786097007 0.248022312979 0.274226990567 0.137616665765 0.141577666157 0.148720466525 0.143517176615 0.163338815667 0.211959276426 0.0947910701102 0.101140851974 0.231593630355 0.226157820317 0.258929550315 0.268624734519 0.312401491247 0.499930877168 0.501311522927 
2001150353 1.0 0.15940363514 0.148077668815 0.295501331669 0.204741927953 0.352800152907 0.24933808931 0.244638101798 0.207246509493 0.223130408408 0.51157125251 0.298757045037 0.298757045037 0.350599714686 0.36093233814 0.104706723761 0.10774232988 0.160612782443 0.154472427776 0.179570549799 0.183126747499 0.33402053073 0.335369335591 0.154472427776 0.167684667796 0.245690313543 0.264889386735 0.140478811219 0.145441060313 0.160612782443 0.148077668815 0.168834518988 0.223130408408 0.086492630359 0.0976969414933 0.253951106929 0.23876806655 0.255217703848 0.273041730154 0.287312879679 0.473875759584 0.475506070913 
2001150354 1.0 0.184277168522 0.185072804036 0.262852851417 0.194366556428 0.382893533134 0.248944746038 0.258721065678 0.195455453219 0.200973923335 0.525829909735 0.298508449555 0.294156058662 0.333191811312 0.337669611705 0.0978112189159 0.098642255251 0.149554727776 0.146354735981 0.196787362688 0.204836065239 0.347439815869 0.33616745057 0.169221156028 0.170470747 0.2599172517 0.261670085398 0.131922376247 0.155442839421 0.142854810553 0.158870992203 0.149990748316 0.200973923335 0.094586714924 0.0999575433936 0.232603430276 0.223511861892 0.237809283679 0.256821007658 0.274875820172 0.477400173185 0.473589013712 
2001180130 1.0 0.169453196711 0.181002231025 0.26556942767 0.203309353196 0.333264275677 0.230422492015 0.232282156695 0.198551064808 0.212806265109 0.486021046242 0.294909755105 0.301112306834 0.326159878631 0.338765309785 0.101772173856 0.102240812591 0.151689657049 0.148182521868 0.195966074948 0.20703726067 0.349507725888 0.345887211247 0.166033385856 0.180119718546 0.267780303667 0.310543063153 0.123295310936 0.141470924799 0.148504774924 0.139428735329 0.128732748724 0.212806265109 0.101772173856 0.0985910042431 0.245359766474 0.244383659568 0.27563889245 0.257465497448 0.326696848038 0.464152526356 0.491011695564 
2001180251 1.0 0.168624285513 0.180039477585 0.281500820923 0.185628742515 0.341317365269 0.225963619929 0.236204585908 0.180139029419 0.200755145081 0.520992496626 0.278620122734 0.274797458816 0.327101803204 0.329395749449 0.0929591299177 0.0987570209729 0.144210713518 0.140303886394 0.182413727087 0.187454800509 0.330699431652 0.327594715367 0.159105751564 0.174579398049 0.257763392216 0.287549873139 0.135095978116 0.142836651999 0.153951618349 0.151130891786 0.127025170273 0.200755145081 0.0803377716467 0.086360509592 0.241384962524 0.221637790698 0.250783132831 0.268994939464 0.298321406158 0.462475523704 0.461544207726 
2001181088 1.0 0.162718573165 0.163545610631 0.290383745953 0.19754633577 0.331495653956 0.224104020447 0.246740762294 0.191565257044 0.209881368594 0.51769810988 0.277920152995 0.27022856149 0.324918521066 0.314366390918 0.105181466298 0.0945420980878 0.139867333641 0.135581536137 0.18747189032 0.187021560843 0.344762680681 0.340331732393 0.154313758634 0.171596893311 0.256130974489 0.270914184591 0.143673942783 0.140588923987 0.154968095527 0.146579087983 0.139625974819 0.209881368594 0.080682798522 0.0757228166019 0.236480079175 0.232959443973 0.256130974489 0.266521029668 0.322783445556 0.464069204602 0.480495168679 
2001181111 1.0 0.17066508193 0.176171817324 0.284843253615 0.200088131614 0.351717616443 0.257481886858 0.252585251912 0.219017929179 0.211683981409 0.527402347243 0.282967349399 0.287154913961 0.333382302532 0.325522482335 0.104620360443 0.0977225416388 0.155224403497 0.15451290516 0.206145927421 0.205074104245 0.348201663891 0.331559471212 0.180191463424 0.182319184459 0.275669250354 0.289130700739 0.157339595086 0.156403041557 0.139917386503 0.143673356439 0.159080772353 0.211683981409 0.100866735292 0.100319038563 0.233859721841 0.218261968587 0.238832710677 0.270558840626 0.278057190291 0.472096592691 0.454981326048 
2001181168 1.0 0.161632141997 0.161632141997 0.261744966443 0.208053691275 0.348993288591 0.228187919463 0.22228852566 0.195439191659 0.188995004568 0.476557328217 0.283869610504 0.282597359348 0.33937441288 0.331519168731 0.110687399345 0.104189091921 0.147192699325 0.142370492856 0.183308728641 0.180710228427 0.331519168731 0.331519168731 0.178326580612 0.186958231909 0.269962219612 0.279310765727 0.142212215439 0.141577336307 0.135895682761 0.141099302293 0.137706607575 0.188995004568 0.0808160709986 0.0808160709986 0.244022267956 0.221476510067 0.244022267956 0.27377285979 0.270212377707 0.450864870633 0.455980879234 
2001181276 1.0 0.173617171688 0.166463816548 0.271904181354 0.179219160176 0.33315590027 0.245531758862 0.244523410623 0.204944950463 0.205777875346 0.524958638509 0.279147031557 0.278192213602 0.320596980019 0.31443165348 0.0943113609875 0.0865344816364 0.136892464752 0.139505414523 0.206791338665 0.194964743814 0.341939481623 0.348981445442 0.167715014189 0.175359922235 0.263382865194 0.262153280364 0.14511455212 0.159108432794 0.138548482207 0.15790940717 0.144458218805 0.205777875346 0.0924798980824 0.0858730618884 0.244523410623 0.228865690599 0.237264964165 0.284675232215 0.281789822437 0.47760393553 0.479629120312 
