Leaf
2001120126 1.0 0.194313488875 0.187392580914 0.278121923127 0.215686389364 0.408668948268 0.281804293427 0.264099813215 0.23546674421 0.23546674421 0.533811668013 0.289696339418 0.293946660425 0.321531852168 0.342914284021 0.10279596446 0.11408533612 0.156578263425 0.156578263425 0.210699620068 0.210699620068 0.37671429465 0.388834168135 0.193981612478 0.190799997839 0.305659671942 0.31171292635 0.131039657175 0.152829835971 0.158317506896 0.157705846501 0.132991938365 0.23546674421 0.0992887074278 0.104196731057 0.262938391906 0.244132168024 0.25698991115 0.247799594784 0.280945568342 0.482456397261 0.49380831249 
2001120048 1.0 0.174680877899 0.169392450064 0.275128424085 0.201055386832 0.354531874934 0.227571557134 0.211637249296 0.184804283049 0.179658086826 0.534619737061 0.277610074478 0.277610074478 0.317102949017 0.317102949017 0.101083099264 0.101083099264 0.15343700574 0.146339927153 0.209309667536 0.206346318064 0.351160026645 0.35306808702 0.163334740642 0.168148425027 0.28221055465 0.286150857801 0.143928890243 0.126208396833 0.143928890243 0.130676361737 0.118308818999 0.179658086826 0.0946470551996 0.0998290908351 0.293444032772 0.275179293721 0.291049313183 0.286493055925 0.282854589054 0.456678171287 0.4639154158 
2001120104 1.0 0.183651957897 0.180363256677 0.281736413401 0.18902895373 0.373277871767 0.203866337116 0.223766771415 0.189578857302 0.198497937923 0.48280787926 0.300682372937 0.30646896591 0.342974853543 0.338775782161 0.0970615778895 0.0930926040095 0.13783340722 0.126717222159 0.205645752854 0.20123237748 0.363636659372 0.367339340776 0.173449071348 0.172621865339 0.306256597396 0.299424735808 0.156490462334 0.121688403984 0.135067876139 0.12264701454 0.104672864622 0.198497937923 0.0822583011416 0.0868744485526 0.276138443209 0.255530881166 0.267716432974 0.291184733669 0.271193415435 0.477523431044 0.486004516821 
2001120107 1.0 0.192692417349 0.183674110768 0.264122819869 0.203087507913 0.345153418026 0.243453763886 0.233589715762 0.204160883222 0.202453452329 0.51278335869 0.286850768401 0.289749450647 0.331162037667 0.337125934338 0.10255165711 0.104538314472 0.154223975806 0.155221123968 0.200603358346 0.206477765453 0.366121211594 0.365171844069 0.149138263537 0.167951676063 0.277417840571 0.292575479863 0.129976163331 0.122752356027 0.145207134308 0.131549305779 0.154223975806 0.202453452329 0.0907101776718 0.0984581573188 0.26548228454 0.248937056321 0.27709323956 0.285097412899 0.294371647768 0.462560761647 0.475255544258 
2001130105 1.0 0.168016564475 0.154778173593 0.270152720677 0.193652510787 0.361646728108 0.249831601836 0.239240657929 0.205840344907 0.186637966251 0.524397016005 0.276548033579 0.275233812811 0.328235474748 0.318707765842 0.102920172453 0.0950717667715 0.143940777674 0.144658691243 0.179925972093 0.173028549971 0.369825569743 0.355106595383 0.182711258884 0.175480869864 0.271061925567 0.248480308038 0.144837613626 0.163880858149 0.135793458071 0.15971914125 0.140756859603 0.186637966251 0.0917446042703 0.0865142749853 0.269336619967 0.255266703306 0.267067363583 0.279945385448 0.271586916142 0.476963356352 0.465893628966 
2001130134 1.0 0.171169367755 0.164642557183 0.27257095122 0.187695640613 0.324055685071 0.233599863124 0.229914323811 0.204699028292 0.197077764974 0.50012085566 0.284773401867 0.296202121901 0.316304201847 0.330311307757 0.0915441884378 0.0965146024866 0.14902314202 0.136728201656 0.199354316313 0.204699028292 0.375906103797 0.363082869362 0.193112677066 0.18872317917 0.296093284079 0.291816948352 0.140219696389 0.13494858304 0.152866776672 0.140219696389 0.141021940675 0.197077764974 0.0939765259493 0.10155915858 0.269179671236 0.26115715967 0.279287686094 0.269777716122 0.290044315711 0.467406650179 0.465679474624 
2001130195 1.0 0.172122785878 0.171576734422 0.305498610537 0.217720016235 0.352252353008 0.219986399045 0.233926126768 0.190390631119 0.201407988316 0.512720906826 0.303164003997 0.314152222423 0.349731594685 0.351985855648 0.109840748722 0.108860008118 0.157480974681 0.150160333993 0.193325265184 0.193325265184 0.370503408918 0.371226343087 0.173673472931 0.180635255124 0.282660654174 0.292221352191 0.159510888418 0.142181437453 0.154472875513 0.141330327087 0.132620037806 0.201407988316 0.0976972246671 0.102124990315 0.266550907007 0.253772015671 0.26629932516 0.271681667029 0.292633932547 0.465698292308 0.509257954812 
2001140055 1.0 0.18454529376 0.185878684975 0.271758738252 0.218238419213 0.349215147885 0.235449886111 0.24728932404 0.197890894853 0.213443780161 0.505514431928 0.288753204901 0.296191853427 0.329675503169 0.330530509152 0.107134316801 0.111965003487 0.14749916434 0.151044376427 0.194776194824 0.191856211496 0.35433004401 0.353765374258 0.154127232509 0.171464295712 0.279859987371 0.295038190626 0.145895864937 0.128036879933 0.134137253881 0.13058331719 0.144030008398 0.213443780161 0.091118391823 0.0932866624571 0.26246921919 0.247764424044 0.26372078251 0.282494907509 0.28679165462 0.473688543139 0.492410112401 
2001140083 1.0 0.165710058822 0.166397655381 0.278026162589 0.203093142235 0.347440289345 0.22471147576 0.227300621337 0.20111583229 0.206369611706 0.475980899738 0.279664033386 0.286371074111 0.322780855033 0.33697192962 0.102769015824 0.103736600193 0.143757535399 0.139832016693 0.196012544039 0.200760691925 0.364715561361 0.356042401795 0.160725810715 0.167253175958 0.266761084722 0.275032662068 0.140239691076 0.130432093605 0.147771966577 0.13652680472 0.137879103218 0.206369611706 0.0844756106391 0.0876269055776 0.270163515844 0.256950313468 0.273053609439 0.262282827427 0.307519070568 0.453406658822 0.479803621138 
2001140122 1.0 0.180561721916 0.191232120959 0.262381680305 0.202740361027 0.356509718965 0.22944994694 0.230422883941 0.194939712281 0.203913976394 0.525019086333 0.30280813495 0.295731502466 0.337203483687 0.33879199358 0.103913002103 0.100705934827 0.140945988989 0.131531448705 0.190763605463 0.20148590453 0.38884520901 0.405921861684 0.164300882575 0.168690177067 0.280725596538 0.307790955333 0.124781688555 0.130278197141 0.152337002291 0.12738405118 0.127501078354 0.203913976394 0.0806387623451 0.0849617188 0.294113260484 0.284210380953 0.293097322179 0.246012191788 0.286562074463 0.447979971854 0.451990378231 
2001140133 1.0 0.174901515609 0.179949304053 0.264569841878 0.20639102986 0.338746970784 0.23498873022 0.230479124704 0.197663372541 0.199144546091 0.507982735492 0.276366411684 0.276922837712 0.307795898513 0.307568491095 0.100655561801 0.105806777511 0.1348777058 0.135498788314 0.197521729117 0.200754245291 0.366716277844 0.362262690498 0.161160082118 0.163316454173 0.274944973249 0.286753935909 0.136014190662 0.135188603729 0.137345185471 0.127956226772 0.157293082842 0.199144546091 0.080753518205 0.0880487868224 0.276973366467 0.259280582333 0.276973366467 0.288068546123 0.298564529135 0.475454030506 0.475100708166 
2001140140 1.0 0.167553321857 0.167059791118 0.258680266734 0.183994784315 0.333525943185 0.233940187573 0.236677244038 0.198168447438 0.202128907843 0.482784855567 0.283066827703 0.28533302548 0.31697366722 0.318740129788 0.0926680989147 0.0921319241216 0.138406847357 0.134165801892 0.187902445422 0.193189180984 0.370137385908 0.365106158334 0.172889201776 0.170871531543 0.27108693495 0.269375819075 0.131052482284 0.141358284792 0.138168008788 0.141941208028 0.139120902899 0.202128907843 0.0956496673793 0.0926680989147 0.28533302548 0.264425910592 0.280252506002 0.290153956762 0.290153956762 0.484423965748 0.471676912256 
2001140145 1.0 0.179958662893 0.182189640596 0.273253663074 0.179958662893 0.377181139308 0.23011746596 0.229531551665 0.192870746166 0.210241082832 0.483283946733 0.288067115186 0.299525518287 0.332293727536 0.345894720569 0.0944513475875 0.0900728164912 0.153179839695 0.154492833763 0.199814760201 0.210960404358 0.397475623023 0.371198398617 0.148719496497 0.164210710311 0.267715213959 0.288767441459 0.135823682453 0.119613359053 0.147925109682 0.124576373561 0.139733075668 0.210241082832 0.103791122963 0.103791122963 0.252174518699 0.251907384599 0.277350098113 0.247049582158 0.291782765585 0.484397185056 0.496681463328 
2001140146 1.0 0.185005112222 0.177134450594 0.286723728632 0.208754951994 0.339880425263 0.22230726934 0.219266570816 0.173438844253 0.180363129218 0.520135411342 0.275281136543 0.283543088988 0.323474611043 0.330177593128 0.107764168395 0.103754997019 0.134239906131 0.141084491332 0.193408773679 0.19377381101 0.352168177619 0.356026576546 0.15809153423 0.160677919337 0.269705354129 0.269180805132 0.144792452924 0.148566440307 0.146892174214 0.14816952151 0.110675780672 0.180363129218 0.0728018107362 0.0699975097483 0.280032101645 0.267116403633 0.287175230024 0.270751403385 0.308871924325 0.471684823872 0.47704787241 
2001140218 1.0 0.178919380766 0.184638252039 0.258577802191 0.224119087468 0.362101898492 0.234481734412 0.221005141341 0.192599286942 0.195406136798 0.482559428321 0.276704047429 0.27598750575 0.318613875234 0.31684811237 0.115468148439 0.110502570671 0.162689192452 0.15457555069 0.203594639424 0.205931642361 0.344158300511 0.344876744617 0.170803848478 0.174719905311 0.275867901191 0.298063671739 0.132627970436 0.138947088928 0.136551269854 0.13125225415 0.134112658149 0.195406136798 0.097660836684 0.0988365038832 0.262252946662 0.241348094412 0.263069642448 0.272981671129 0.278665036974 0.455033924827 0.468012473541 
2001140224 1.0 0.176224213078 0.175204585157 0.251425509734 0.196797192408 0.338841879736 0.254905000868 0.239939873225 0.201520097427 0.20416985456 0.502999453813 0.317692718115 0.318631251084 0.359494736686 0.358204953368 0.100760048714 0.0997174185295 0.155329731186 0.15114007307 0.197024659861 0.200926517058 0.354560179181 0.349769464608 0.165925972139 0.174607052554 0.262408900624 0.280397630834 0.129889227585 0.147135650468 0.131375030384 0.141760893673 0.143019151129 0.20416985456 0.0904532533183 0.100314534157 0.261496964241 0.257063027024 0.271304734149 0.275672093019 0.289359613003 0.472416934351 0.483011890875 
2001140233 1.0 0.190260597662 0.190553983492 0.274820863289 0.221970697272 0.369988910313 0.221340634414 0.222285058989 0.197323015053 0.203387325346 0.502187828345 0.293020690527 0.291108002394 0.342712035126 0.329752849981 0.117346412117 0.106882846128 0.156956985266 0.156956985266 0.215651992339 0.21790681682 0.378349610099 0.388080032198 0.160737504785 0.173119590791 0.3003173191 0.31199508117 0.143767994893 0.118765976789 0.143767994893 0.115909463078 0.13085086356 0.203387325346 0.0997174938064 0.0970200080494 0.278906705437 0.264303674968 0.286026348449 0.265568797514 0.242535625036 0.463938974545 0.48119778676 
2001140236 1.0 0.169280566083 0.170890243178 0.26693909328 0.212842408662 0.357289365959 0.234624275763 0.246016670939 0.202650899379 0.210167210241 0.504415778697 0.295064163328 0.290010359496 0.335147529515 0.338183544551 0.102889551291 0.112871679627 0.151047062238 0.146258488964 0.183458456288 0.197265381459 0.35544554385 0.367513364196 0.175942273847 0.170569523015 0.279302315 0.27053873984 0.135774422218 0.144121378517 0.141049166921 0.151409141212 0.154747696833 0.210167210241 0.0841536852389 0.0939896337481 0.286464247944 0.259871192 0.273557864509 0.299972012031 0.267485540307 0.487037193058 0.48335059916 
2001140301 1.0 0.184086509467 0.173024124366 0.266662551536 0.205627443687 0.366661008361 0.251534594383 0.238561991334 0.207569482262 0.203818369433 0.505578277591 0.285282976996 0.290216807749 0.333374481787 0.333374481787 0.102437802041 0.106861595701 0.157132415399 0.14163724519 0.191884994825 0.193805493003 0.363957480175 0.35831703705 0.15644345066 0.165175992644 0.263928671952 0.266778265384 0.13356255309 0.138886745591 0.144228385223 0.143369875303 0.16666409471 0.203818369433 0.0846183953469 0.0989123281134 0.281141904288 0.250057861888 0.27441996594 0.297775255477 0.273575161577 0.487173843463 0.468803975422 
2001140369 1.0 0.170012695833 0.165816731189 0.258549176476 0.181832241314 0.370081621982 0.237413428645 0.249415042898 0.203505841293 0.215082901193 0.488843078787 0.277278597085 0.281644489324 0.317767334989 0.309604748603 0.0939831328212 0.0887158253239 0.145621646773 0.146562668822 0.209743417888 0.194172029433 0.357805073633 0.3566023641 0.16787664534 0.178011810182 0.26276851357 0.261785708056 0.147030921353 0.14514884797 0.129772118961 0.146913998137 0.150153436326 0.215082901193 0.104871708944 0.107621318005 0.285883625531 0.258216637205 0.284618514248 0.281461385292 0.28528189128 0.448931766026 0.461055500856 
2001150002 1.0 0.196697949126 0.185290304735 0.275789205238 0.195350687043 0.402356717724 0.236897504917 0.226642223511 0.167314643367 0.185646290279 0.540209426747 0.281710644746 0.27674514989 0.32925895853 0.309410483799 0.104057394599 0.0926451523677 0.146259312901 0.138372574945 0.185290304735 0.20716085848 0.386282686656 0.382503930136 0.145353673773 0.169665784052 0.267278886995 0.292969695655 0.145353673773 0.130008278134 0.145353673773 0.118309318917 0.131020030966 0.185646290279 0.0988511853581 0.0926451523677 0.268018931476 0.252806771468 0.268018931476 0.266536787774 0.250971965051 0.47156011525 0.48112395369 
2001150030 1.0 0.163441326923 0.16897077392 0.282221639876 0.207979718194 0.341584158416 0.215673474364 0.230344358894 0.184965759329 0.19727583015 0.505556809351 0.279385169495 0.289847151848 0.332273746427 0.338846830864 0.106866500717 0.105829496666 0.150888620338 0.154023259268 0.192560894443 0.193069306931 0.367838772045 0.360877167695 0.155369849767 0.166044651795 0.262376237624 0.276962390707 0.142879897917 0.134668024839 0.146604880148 0.137548950391 0.136565487368 0.19727583015 0.086598295468 0.0885571476238 0.256853896457 0.252911678702 0.276031719989 0.272681967404 0.296244837631 0.48172666762 0.476534972321 
2001150048 1.0 0.178127816064 0.172356287337 0.285111962383 0.209719058538 0.34404127399 0.238111337619 0.246166974742 0.203991381546 0.203494965142 0.526922896415 0.302759070008 0.298771747568 0.34446099023 0.341385195995 0.103402594348 0.108049125379 0.140694091337 0.141104279062 0.188760931357 0.185673872369 0.360609222987 0.370724677613 0.169992817955 0.177314814029 0.272943043375 0.268782245304 0.147610158356 0.162518824002 0.14474366882 0.165601276234 0.162518824002 0.203494965142 0.0820556582475 0.0849964089776 0.305467208202 0.284959889141 0.300507685823 0.293354611673 0.294288942698 0.485269205098 0.486785349905 
2001150066 1.0 0.172627884043 0.172851543671 0.294399319689 0.197993801408 0.355401698127 0.211516463718 0.215915368219 0.189485357164 0.189485357164 0.507509607089 0.29286426622 0.283706495171 0.336031151777 0.335916157939 0.0976214220735 0.103512055595 0.154353021088 0.148224086807 0.199031783889 0.204268676523 0.349997700296 0.363852888764 0.150637195651 0.166475528948 0.281473448119 0.299903397196 0.141557885334 0.1070592689 0.162482353294 0.1070592689 0.140002759609 0.189485357164 0.0933045060194 0.0944022438534 0.261994922361 0.243657471252 0.256831954651 0.274665399672 0.292115758265 0.471765600392 0.477301925556 
2001150154 1.0 0.176275512218 0.166194146729 0.271309081297 0.200124253627 0.329885962058 0.247902400261 0.242267518695 0.216690656217 0.211856799304 0.494828943087 0.284235722843 0.295900265748 0.320974211016 0.347222490755 0.0947452409476 0.108345328108 0.149574732056 0.150495200633 0.205234631509 0.205234631509 0.35274683174 0.362783207782 0.159840412056 0.168258749452 0.270544469872 0.268237558761 0.14199634121 0.124922293206 0.145360511217 0.137047204264 0.159840412056 0.211856799304 0.0894982870115 0.091783717478 0.262776018725 0.258804364215 0.258002696731 0.282530049439 0.282530049439 0.483107832412 0.48453503739 
2001150157 1.0 0.169423940217 0.163873816697 0.254386784928 0.220323513779 0.350324938695 0.232850933675 0.219307858324 0.182125263302 0.190513016728 0.525335651488 0.277646273082 0.282599041995 0.331472982613 0.339787820882 0.110955076026 0.117922524388 0.155792250648 0.155792250648 0.159434639344 0.156608991504 0.38177863691 0.381444329808 0.162995653572 0.166863229542 0.26204479511 0.280389654061 0.126910984189 0.13787218326 0.139710560205 0.136593947476 0.113653034203 0.190513016728 0.0784570866647 0.0768138242114 0.301068667059 0.28807606035 0.29550868199 0.259783375 0.282599041995 0.455243104688 0.463298671751 
2001150168 1.0 0.164428556082 0.163415639527 0.257766242764 0.226264190114 0.35771641853 0.244713872399 0.237657466762 0.208107212539 0.206706250479 0.473565087357 0.278858008309 0.285284038303 0.326322855704 0.336550959877 0.113559355637 0.11762915125 0.17581525212 0.175184522725 0.211274530325 0.20462063366 0.359952890923 0.375308890567 0.178935553359 0.176835389348 0.276065368471 0.277215750024 0.136773924732 0.1223569362 0.141644255 0.127235380896 0.130668992704 0.206706250479 0.105866236125 0.108321057075 0.269932632893 0.247748327956 0.256474712754 0.280737193309 0.270802642687 0.474178268046 0.479863505425 
2001150186 1.0 0.180704281218 0.175558351881 0.26293363567 0.190719115769 0.345394701466 0.24488279868 0.244394064366 0.2088714477 0.215261191971 0.500099626071 0.285183349334 0.291586551485 0.32555511157 0.332339921334 0.0991501470193 0.0940620884765 0.131213948168 0.134908025556 0.203066535275 0.194307488973 0.358047923451 0.355067243719 0.166389669828 0.172812700195 0.271631692928 0.274502063649 0.135301344249 0.144419996073 0.138791063552 0.152996133206 0.144419996073 0.215261191971 0.0815009188058 0.0786811068941 0.267442256725 0.252626556311 0.272364315924 0.275082202508 0.299231597343 0.478154159192 0.485105080283 
2001150191 1.0 0.168528688084 0.180114693186 0.269645900935 0.190999179829 0.348292622041 0.221593686003 0.231347872088 0.199089064091 0.202546275425 0.494478475147 0.271744344264 0.273365330442 0.317184343244 0.326596055687 0.0926482109224 0.103583848808 0.151154774042 0.143881350317 0.191987965625 0.200982188115 0.352614929581 0.347021808132 0.15281586539 0.160864240001 0.25865478422 0.281554454557 0.128101512385 0.137143653596 0.149896876106 0.137143653596 0.143881350317 0.202546275425 0.0855650833519 0.0966492394486 0.251227735143 0.24743062393 0.262048712832 0.264446280736 0.305218435486 0.461055943114 0.469332140834 
2001150261 1.0 0.162283747666 0.162283747666 0.27374198132 0.202522899759 0.340062895605 0.235943672105 0.230894990846 0.204035226176 0.206531162725 0.512111846996 0.287927222335 0.294263787991 0.33501565189 0.336503515547 0.102362321102 0.10323456602 0.150318614324 0.147131893995 0.185695338177 0.176572782247 0.366460339333 0.362877491424 0.178017755458 0.183474686254 0.276164523952 0.284975879206 0.140996824518 0.148862917003 0.146083434837 0.147131893995 0.129637423442 0.206531162725 0.093054380296 0.092916623921 0.29982659674 0.285065762785 0.304742114443 0.261292580403 0.283669366832 0.465767193726 0.477821910059 
2001180092 1.0 0.175849120187 0.188255559589 0.284892024148 0.19998530924 0.351541570277 0.220593185987 0.217237961013 0.174906784091 0.192594925854 0.527547360562 0.27000040126 0.275986939234 0.317103383464 0.3252223607 0.0986522718479 0.104614596924 0.145696149159 0.141475880386 0.185899818497 0.19249955822 0.371453753809 0.376803630775 0.144048379825 0.157214169611 0.250527373535 0.290002602437 0.136723461528 0.145948000945 0.153431018792 0.139515380806 0.132909704436 0.192594925854 0.0813055901751 0.0909024132911 0.257824059073 0.242482175622 0.264017222608 0.267540832177 0.305963113563 0.477984985468 0.497154856423 
2001180184 1.0 0.185017065601 0.17821385537 0.273981439976 0.203672977566 0.330968588545 0.242363622647 0.226016933084 0.207319964677 0.199350779378 0.516528509802 0.281852720487 0.270034769215 0.339309071705 0.330294704555 0.106693163949 0.106693163949 0.153284213907 0.153284213907 0.199756789533 0.191473080222 0.367286994981 0.36150608821 0.171376961086 0.169116423194 0.288177695952 0.284214356224 0.13739672867 0.145278817376 0.146942369504 0.141321062471 0.13621225201 0.199350779378 0.0865703749309 0.0829865853264 0.27633704648 0.260956002506 0.290557634752 0.271903544241 0.289859681223 0.485103180996 0.47429360713 
2001180231 1.0 0.16480803957 0.170686672011 0.252936800439 0.199996539882 0.347102665214 0.226981736327 0.229105943254 0.194025143222 0.202831074955 0.482380462238 0.271158380992 0.272875596768 0.314631712364 0.326239641032 0.0970125716109 0.108463352397 0.150659140226 0.158275191664 0.195535089288 0.203171967758 0.36054888973 0.358238272244 0.158384460018 0.168442039489 0.264374309081 0.282470576621 0.124642667691 0.121122964947 0.141418909565 0.129141873967 0.133100150178 0.202831074955 0.094848450194 0.094848450194 0.263390892248 0.252936800439 0.271413468895 0.26417791858 0.308636063201 0.458740171819 0.482559752511 
2001180274 1.0 0.182246836401 0.182246836401 0.272752816762 0.207752791412 0.3441518032 0.223394635857 0.230544323139 0.176608966593 0.190943528248 0.526234811584 0.293950240587 0.300403662393 0.334210297052 0.340148111296 0.104684784518 0.104684784518 0.142977519658 0.160741170582 0.203758157439 0.203344014414 0.374644193689 0.365878707582 0.136492259804 0.162695938449 0.264355988232 0.29034335257 0.141793420433 0.114860065134 0.140148949817 0.124881397896 0.135095485882 0.190943528248 0.0973841209742 0.0929552279009 0.26427625486 0.253281935148 0.27620795147 0.26768334469 0.286617569578 0.484664723934 0.492942820025 
2001180276 1.0 0.163601398569 0.170514837533 0.272751159455 0.18175567399 0.381907310113 0.230573601419 0.233025319002 0.199728495041 0.206941219147 0.48501789179 0.280896750653 0.289763262691 0.322803041987 0.341298350499 0.0926261281642 0.0940013526931 0.132800013782 0.137279959195 0.181452831779 0.193859690308 0.383201183871 0.390029359063 0.172226447182 0.165384572751 0.253522518189 0.271133244087 0.132800013782 0.146579889488 0.157201081734 0.138078879378 0.139400238475 0.206941219147 0.0823590723148 0.0823590723148 0.270049248766 0.273556528805 0.295960434878 0.220992581112 0.291214770204 0.459115268694 0.488107448948 
2001180307 1.0 0.169924388831 0.176209417233 0.264220579881 0.176209417233 0.358704081367 0.228670432975 0.223332449766 0.19526877576 0.190967625033 0.503291908375 0.280204136374 0.280204136374 0.329507618946 0.323755551043 0.0915718982356 0.0900474081643 0.160712951552 0.162304813923 0.230651046108 0.228929745589 0.372126280334 0.351857210469 0.155331381206 0.160343354393 0.265340954857 0.281612206228 0.145197082837 0.129654845362 0.135473164884 0.110015784443 0.146822473953 0.190967625033 0.110015784443 0.109835872982 0.275649982304 0.264445034612 0.290189782659 0.250385352876 0.282453678839 0.459799125854 0.472149765934 
2001180365 1.0 0.17775027755 0.191584147795 0.288143234183 0.202638690657 0.349854794219 0.220995772391 0.235879293814 0.191975935828 0.211083668898 0.51006107104 0.297319403775 0.291255582627 0.339942493137 0.342913401636 0.104917057001 0.1010873337 0.147613570933 0.160887350808 0.201616429792 0.200401580453 0.369033927332 0.364733163095 0.142564344705 0.159833108542 0.271494972097 0.297066581107 0.139769998805 0.11774039073 0.156267609271 0.124109269102 0.152249148243 0.211083668898 0.102012214208 0.0904983240322 0.265902303231 0.258087313786 0.287294504109 0.260189449927 0.294526418349 0.478008365927 0.479577668789 
2001180384 1.0 0.163856189732 0.18457375764 0.261590484564 0.194578855621 0.335761388603 0.244111560033 0.274237572767 0.201734523357 0.228446239077 0.52014514542 0.282376166402 0.286262259685 0.323014765293 0.332454400044 0.0978556174275 0.100088352248 0.154485097198 0.148157014292 0.204724688293 0.201002936094 0.370541657068 0.378652901792 0.171650107998 0.182567461559 0.25351099695 0.28529569893 0.12511044031 0.151718694196 0.148777180311 0.160334432452 0.141676343159 0.228446239077 0.0959553274572 0.101004092754 0.286262259685 0.280806671154 0.306336537567 0.275510454624 0.32443686764 0.476348379269 0.490405890602 
2001180486 1.0 0.175373517821 0.174856952582 0.271287650922 0.222889607453 0.355358955106 0.237279023866 0.237050174087 0.194172807585 0.207679045185 0.530196811271 0.276767429196 0.273942192145 0.333019596417 0.333670873955 0.114131572531 0.116795262162 0.180457861067 0.174856952582 0.205577685444 0.207417539463 0.387412763438 0.379772224027 0.153359692493 0.166808324694 0.26901069628 0.295299745054 0.13716907897 0.121799773055 0.148566012895 0.116795262162 0.12788622508 0.207679045185 0.0995703037841 0.105052035172 0.285202090275 0.28278130058 0.290730750876 0.256972106804 0.29029482576 0.486046572625 0.489163239071 
2001181095 1.0 0.184616520175 0.178964643623 0.291661499807 0.214364572777 0.369089080488 0.214612345435 0.219589761644 0.184616520175 0.182590356437 0.529785958752 0.282027330966 0.288731381134 0.335499310614 0.338076673292 0.109754537304 0.108618835258 0.155785958405 0.151520197463 0.197055382413 0.181324718877 0.365471654931 0.370621769482 0.154415380813 0.165383308161 0.287501684826 0.292813238362 0.14592182772 0.128767407261 0.151753844783 0.130679223079 0.122130482431 0.182590356437 0.0908575423543 0.0908575423543 0.268908498074 0.261900122275 0.274192590375 0.256983937283 0.271073710637 0.468115343905 0.475772645572 
2001181128 1.0 0.165136915292 0.174545692719 0.259937622455 0.201174208889 0.373001518366 0.227511038943 0.242514560443 0.179258684846 0.19387551741 0.503789571614 0.286813895753 0.283156960429 0.337401928182 0.335491749671 0.107555210907 0.100716532468 0.162592933946 0.153696435602 0.180802383395 0.189801096764 0.367937914464 0.371742083645 0.147349731271 0.160982531754 0.246844885897 0.261004584857 0.136073308371 0.133625978667 0.131793606236 0.139726087115 0.133625978667 0.19387551741 0.0952203104621 0.0966686112386 0.269323708938 0.254535731921 0.255012965532 0.266275274968 0.278767622725 0.471408614817 0.476283931766 
2001181238 1.0 0.189395012176 0.189395012176 0.250052056221 0.199044991869 0.346976288488 0.233693520216 0.233693520216 0.180816787211 0.180816787211 0.525534970686 0.298065748347 0.296313950933 0.337815211372 0.329150839108 0.107627668927 0.0931035081168 0.148310631161 0.155507659736 0.198979591837 0.197073550162 0.356997054786 0.351448777537 0.155423940936 0.146100214931 0.280658623255 0.276170787811 0.126217519152 0.127856776389 0.130077028408 0.126011112604 0.11465410742 0.180816787211 0.103308452711 0.0891033122274 0.269250506162 0.255306040882 0.274753306486 0.26852443606 0.297191140392 0.47372112414 0.476706474563 
2001181241 1.0 0.168483664088 0.169520496422 0.287656042849 0.206302321727 0.355906620077 0.24749042183 0.254012616938 0.20827475391 0.211889135088 0.544181337553 0.286367163635 0.288129439737 0.335171392208 0.336041592008 0.106813917805 0.102914954552 0.13742473364 0.141198152765 0.171688803614 0.187308044597 0.363055793199 0.376999233143 0.174053929725 0.187723362279 0.270925392892 0.283840445574 0.146077831704 0.15105769121 0.152978807285 0.16486244861 0.132667104912 0.211889135088 0.0848750217887 0.0848750217887 0.287656042849 0.274636872585 0.287452919809 0.269484290156 0.270925392892 0.458978843302 0.476870501148 
2001181339 1.0 0.172501290594 0.177896376023 0.26631927895 0.207086090904 0.378717930835 0.235632112754 0.251722579356 0.198365454382 0.213823027442 0.503236505602 0.2790923249 0.286213961307 0.323208143908 0.331020625184 0.107970472654 0.102138862722 0.14649173513 0.150615750001 0.195879128399 0.203762955053 0.36631296956 0.361260798603 0.162791162895 0.164821456053 0.262812748686 0.27600206495 0.142248208334 0.139640206825 0.134922555274 0.138001032475 0.149331903838 0.213823027442 0.0924225185354 0.0873596997268 0.286213961307 0.26631927895 0.299424735808 0.256884891957 0.275303565563 0.462945160467 0.468881078878 
2001181370 1.0 0.175915722616 0.169129766892 0.274936799833 0.19405807529 0.387764072098 0.226360386089 0.232483935978 0.19375619581 0.193957501002 0.499795079959 0.288444102037 0.298941221076 0.334138864079 0.343639061921 0.0969787505012 0.100729049749 0.142452388281 0.145836527259 0.188860511179 0.184470236875 0.378185655788 0.362215405525 0.154288295242 0.165985600316 0.262743499142 0.266869841299 0.142452388281 0.133690578321 0.144222051019 0.138704810264 0.133690578321 0.193957501002 0.0928675952305 0.0867854095864 0.265403512392 0.256429517726 0.282842712475 0.245466206506 0.284493559445 0.475137977393 0.481501715925 
