Leaf
2001120105 1.0 0.179573717092 0.177146933689 0.267091280141 0.193566203189 0.33433727709 0.227965080465 0.231964772952 0.186447347213 0.183227449144 0.529017321446 0.296879482781 0.291731956004 0.330635186684 0.32129859597 0.0949132318197 0.0989598275935 0.160227756198 0.147296296991 0.218698485268 0.213249735638 0.335347178735 0.339197260529 0.165950487956 0.156469226027 0.286869416199 0.27151129305 0.142820423872 0.12569299315 0.137315965155 0.125261798078 0.128775985455 0.183227449144 0.104672393796 0.112037558194 0.270513086387 0.246440917727 0.260891520041 0.319356176353 0.277425118427 0.476159622325 0.453102982774 
2001130144 1.0 0.178127816064 0.167423509137 0.279998348706 0.198971492114 0.354955424753 0.224042537295 0.224042537295 0.188760931357 0.185362338807 0.505567900378 0.296246323388 0.301803086977 0.332073910334 0.328442665617 0.102137253216 0.0969108167379 0.161269347183 0.168798673994 0.234688614649 0.227815746709 0.357874248513 0.351025907845 0.166036955167 0.158740891746 0.28848737839 0.271669585216 0.15982941347 0.115043824848 0.134391122652 0.115419990946 0.13352824938 0.185362338807 0.125034311141 0.127777620726 0.266894137919 0.24751327902 0.258142923801 0.289936194148 0.256964823249 0.486547835692 0.455028575136 
2001130165 1.0 0.17399325817 0.163233719139 0.263143316564 0.19479716109 0.326467438279 0.214748163589 0.203149367243 0.169885455604 0.163403312659 0.510606535311 0.277737767018 0.26923046486 0.320127661218 0.306875204066 0.10054692008 0.0960382983655 0.156476265377 0.150521657355 0.214748163589 0.211368138894 0.344788042997 0.338954741614 0.145943752843 0.153437602033 0.265970081402 0.273061120191 0.135307873739 0.121160281739 0.135307873739 0.112998532254 0.13448657405 0.163403312659 0.0988802811149 0.103799949066 0.28715194155 0.263195939965 0.275535053485 0.305971298704 0.277737767018 0.469841636412 0.443613118785 
2001140200 1.0 0.183230467357 0.177999644001 0.282583118832 0.193621766607 0.324616047813 0.239635783556 0.22471543957 0.207018722945 0.207018722945 0.512862728863 0.289476402994 0.283791880953 0.344148206136 0.326508623563 0.101606883153 0.0964921343315 0.172768953729 0.169811320755 0.245115494874 0.233617893476 0.35634527303 0.351236670692 0.149942253218 0.152567460389 0.285523508499 0.285523508499 0.152387863552 0.115245326741 0.142353553965 0.105960593605 0.152118070723 0.207018722945 0.117597514653 0.115837851607 0.273822528306 0.261860273123 0.27196608298 0.287387664372 0.281806790115 0.477468335257 0.469107545221 
2001140320 1.0 0.170414482631 0.170414482631 0.278420779648 0.193029204973 0.312304733514 0.20571997741 0.216186268806 0.190846116358 0.192108618215 0.482873483396 0.283923245521 0.290931982104 0.335299065516 0.328942338483 0.103601542523 0.0924202293402 0.166975271635 0.166975271635 0.228578623117 0.224595616553 0.340308434779 0.342762160206 0.162673077728 0.149885801278 0.28454694187 0.266894879517 0.158355774029 0.126057173373 0.128086393085 0.124642922699 0.117041147196 0.192108618215 0.117041147196 0.114957161905 0.279287686094 0.26115715967 0.274221482445 0.300952021523 0.265077186089 0.44649228278 0.442758913268 
2001140376 1.0 0.172219481806 0.177580715619 0.274150842352 0.209759018714 0.365885089122 0.214653601167 0.213034569119 0.181755877695 0.197064434206 0.50516661252 0.282597791621 0.280136806081 0.336301461224 0.315268321042 0.109555046147 0.102620033723 0.167807214971 0.15613996414 0.209001141641 0.208932107406 0.353247239527 0.351609931804 0.157976968089 0.156601235349 0.288508511127 0.295816180973 0.15277770492 0.117925910998 0.129136686889 0.105803877401 0.129916303121 0.197064434206 0.103320519901 0.108096898251 0.266682294214 0.24266504547 0.252511904617 0.299354951838 0.218120281063 0.474782423519 0.429609519559 
2001150138 1.0 0.168870809075 0.168870809075 0.28105255074 0.202507934962 0.337180740457 0.2160733606 0.231304079703 0.191951623769 0.199051378051 0.494257241546 0.282842712475 0.284399860684 0.331900178829 0.326534233547 0.103564241177 0.101720219989 0.159652619742 0.151126161598 0.216947565224 0.209851983287 0.346956119554 0.337180740457 0.162006347969 0.160833789629 0.286389468111 0.271692905134 0.149868501772 0.115652039851 0.142088966665 0.121504760977 0.151126161598 0.199051378051 0.0905643017114 0.100472071861 0.261999109012 0.235895501647 0.256400711624 0.267008193497 0.267008193497 0.463153366618 0.461789141662 
2001150362 1.0 0.175603022146 0.175225786432 0.267974778172 0.195773229084 0.329307790621 0.2003834334 0.215407083802 0.17717864161 0.178592224456 0.504846810178 0.299505503873 0.296886971771 0.346845422279 0.340646786169 0.101079404708 0.0989623239237 0.157484863608 0.14955377425 0.212125795454 0.197187745263 0.34984682423 0.3453157768 0.171253282032 0.153484324274 0.296842390801 0.26444504253 0.146333339564 0.12903108403 0.130154446676 0.139005009983 0.120106710979 0.178592224456 0.0920330918458 0.0944460879321 0.259698077742 0.236884668594 0.250885145581 0.296172870985 0.260816813626 0.48943307271 0.457193547254 
2001180128 1.0 0.166076425386 0.159738147647 0.289955520227 0.195235513791 0.325446302429 0.198876789995 0.201933253458 0.172486195315 0.179643017066 0.496998340407 0.312217670854 0.304556460664 0.35991870898 0.347247792004 0.102129924734 0.0963092091816 0.150834802207 0.146956047184 0.217053808116 0.21141720569 0.330727182166 0.350058748007 0.153480219601 0.148260240978 0.26727995048 0.264912266468 0.149786921345 0.136201789806 0.145038104657 0.123108723444 0.142481630573 0.179643017066 0.0953963050791 0.0953963050791 0.289169813361 0.260918385554 0.275215891964 0.316449059092 0.27502505693 0.505413466519 0.48415567779 
2001180232 1.0 0.175588209231 0.1697105518 0.278675529494 0.207672558032 0.371536133696 0.208031542843 0.221241764188 0.178621627242 0.181604383802 0.502612188559 0.270413413898 0.269695036337 0.322512521028 0.315211523791 0.10607568964 0.105086287837 0.17154720492 0.167230305948 0.210243567933 0.205940720503 0.333567047351 0.341043983026 0.149115684087 0.149215728167 0.271294959558 0.261605708338 0.159090085409 0.119816802907 0.134930492754 0.109263519252 0.139925577678 0.181604383802 0.112626257726 0.112626257726 0.272776107741 0.246388630239 0.251839968326 0.290371785415 0.246509735496 0.463565852396 0.448113657316 
2001180335 1.0 0.164606608128 0.165057585982 0.292633970006 0.219560135358 0.365792462507 0.213291825238 0.214767910845 0.190949271361 0.19375110529 0.524337973402 0.284650367345 0.287573265795 0.335752849341 0.319414535973 0.116474253061 0.103820352896 0.163814409472 0.150943264736 0.225572018546 0.219813913291 0.360727753538 0.360727753538 0.16584384637 0.150573456264 0.294469874468 0.281301036584 0.154352090767 0.122690521774 0.142325183673 0.120242584513 0.115029306318 0.19375110529 0.10364119771 0.100915710733 0.300219829017 0.280507146845 0.291743536388 0.313067919184 0.246589824476 0.483129241088 0.440472453349 
2001180344 1.0 0.182577339184 0.176419104126 0.282358664504 0.211667024568 0.323469139737 0.215227423024 0.23509490015 0.174746847388 0.185579840029 0.546595642848 0.277795240891 0.273471559474 0.328817850222 0.32330891395 0.108373394181 0.107251983727 0.158797860533 0.162134540564 0.185858837691 0.189721730081 0.357506612424 0.344365883054 0.144564248922 0.158253097828 0.273408394775 0.274165410699 0.145398165804 0.12116513817 0.148687070153 0.129435702805 0.114117931744 0.185579840029 0.0947697840159 0.0949518586967 0.262844088949 0.253000236138 0.276299025841 0.290796331608 0.273471559474 0.487680273813 0.453472711893 
2001180430 1.0 0.183620297698 0.171906707459 0.278718314092 0.202593997626 0.367513089754 0.219390023796 0.21820041323 0.188144173677 0.182197287355 0.506593691376 0.282995571366 0.285881560314 0.328323651499 0.329054614151 0.102035504329 0.103011942886 0.161332297942 0.158199333727 0.208150889828 0.206606149446 0.362632075503 0.385383448054 0.148269155396 0.15239777915 0.298489905896 0.288183437534 0.142765586097 0.0934314068288 0.140503810006 0.10223153814 0.126559466981 0.182197287355 0.0963848184928 0.102035504329 0.260601892576 0.246790960613 0.255088760823 0.291705158081 0.240962046232 0.492526129812 0.472399210303 
2001180494 1.0 0.174159679627 0.156764113801 0.278561239674 0.191820625406 0.313313408648 0.197356712002 0.205790604172 0.197271405445 0.164108174734 0.494031026804 0.276620867846 0.281446715791 0.337570555319 0.332293727536 0.0991463309979 0.10132932306 0.149734658428 0.151855493459 0.211199633772 0.191381374485 0.345115238518 0.345115238518 0.160478161116 0.132308240331 0.301709208327 0.233385827809 0.15932021895 0.106512400369 0.126719780263 0.127249990865 0.124170365832 0.164108174734 0.0836790785311 0.0856669822422 0.272760425012 0.255292407046 0.262123962189 0.297947871027 0.26746360186 0.455418665163 0.426681254309 
2001181127 1.0 0.165455906805 0.167278832626 0.286789611805 0.165822095169 0.306289376847 0.206348885423 0.204775181725 0.172983150158 0.176340111768 0.490673221473 0.293617233248 0.287915384973 0.337026314636 0.323809212322 0.0892526367012 0.0786563260673 0.144168208357 0.139608371424 0.213192095044 0.205465160225 0.347133137694 0.359043524277 0.150749576101 0.148315790788 0.267455700176 0.262187753558 0.157312652135 0.1262222893 0.134894486331 0.122317558508 0.131093876779 0.176340111768 0.102732580113 0.099533891474 0.275865729161 0.254359482744 0.258850611945 0.323059074143 0.263495431264 0.508122460731 0.476202799602 
