Leaf
2001110082 1.0 0.169995112505 0.164049084281 0.296239887309 0.195770188082 0.323028388168 0.224711282088 0.229637046102 0.197477518556 0.202720268325 0.507786403752 0.268707802179 0.269695033241 0.319326558757 0.319545500544 0.0975271948755 0.101738923142 0.151273524758 0.157257876511 0.210771323948 0.220881587408 0.345378160813 0.333929603398 0.156186868296 0.163279899653 0.272018920422 0.273045410562 0.152654206177 0.124828534555 0.154022511454 0.132228868963 0.154475919887 0.202720268325 0.0946152766687 0.097239927109 0.260460665542 0.243358602914 0.26577673732 0.305308412355 0.291335939343 0.487119380298 0.472188531982 
2001150091 1.0 0.163007891941 0.163298027843 0.28093731742 0.202234425701 0.3091734712 0.218799021629 0.223649132823 0.193706196032 0.202546275425 0.483409428525 0.267825733603 0.271744344264 0.316586821188 0.31663665776 0.102511998916 0.102511998916 0.159682846486 0.159682846486 0.207167697616 0.200746523948 0.321581314417 0.339389980999 0.160864240001 0.163298027843 0.269762909359 0.271744344264 0.145841973873 0.12932739211 0.144428637763 0.131024356416 0.151154774042 0.202546275425 0.101273137712 0.105545552587 0.25865478422 0.236007030306 0.254348696238 0.316237745276 0.286443689714 0.456965226111 0.45724137977 
2001150278 1.0 0.167036626426 0.179161283296 0.288888888889 0.188888888889 0.32298759675 0.219145365815 0.243938871112 0.18625616238 0.196889390519 0.522694821615 0.250678092726 0.2484519975 0.303274312532 0.303274312532 0.0916245694582 0.102439382859 0.166666666667 0.160246723354 0.221387320502 0.200308404192 0.335915921285 0.32829526006 0.169239402353 0.165178541637 0.274424200783 0.268741924943 0.161780219762 0.142291649721 0.140545673785 0.13562839573 0.141421356237 0.196889390519 0.113311544747 0.109431753353 0.268512132747 0.256519919569 0.280431765869 0.312891729785 0.301846171271 0.473755680118 0.432192229751 
2001150360 1.0 0.165022765497 0.154644258083 0.270675334772 0.199875548783 0.329416672632 0.231891883706 0.236612813357 0.193907764614 0.193907764614 0.494369737803 0.262903125953 0.271440316047 0.320914162849 0.316577285622 0.108397735761 0.0969538823072 0.158179440561 0.150567996575 0.219646082227 0.211959276426 0.352917458694 0.352329425864 0.174786097007 0.174786097007 0.270675334772 0.254351131712 0.148720466525 0.143517176615 0.134054816942 0.147319614585 0.149647082758 0.193907764614 0.100455143377 0.0947910701102 0.264214371623 0.246905089673 0.258127495058 0.299755683393 0.293934630564 0.473955350551 0.484769411536 
2001180035 1.0 0.164676153425 0.154089330438 0.258226117916 0.186713680036 0.269195006545 0.216040497233 0.22692403154 0.203100589224 0.20575368469 0.477687016888 0.243079456211 0.240086059858 0.284857485264 0.282574128117 0.0947583721369 0.0939600565459 0.136349026431 0.139732349744 0.194537924885 0.194072707977 0.322184076648 0.31913013022 0.167578159185 0.167218162724 0.290046190833 0.274460255708 0.135795434918 0.1182410968 0.133670879632 0.125293436465 0.151426466279 0.20575368469 0.0885107729273 0.083609081362 0.254287093651 0.230807857502 0.245791379903 0.321388154586 0.303151260917 0.454146723775 0.430998739234 
2001180068 1.0 0.159642771523 0.159908326635 0.260605119726 0.18614651409 0.303199544048 0.219865908534 0.226269569629 0.185766234808 0.192202243119 0.489415013762 0.284326916778 0.284326916778 0.326165881706 0.324034197888 0.0970530035189 0.0918110587042 0.159554154934 0.156420949253 0.200203556639 0.195123417264 0.342536012096 0.349646547814 0.143204236664 0.148155481411 0.248094027212 0.248094027212 0.130383939632 0.129840444395 0.135594958248 0.137253673845 0.154235683103 0.192202243119 0.104761745576 0.102716752269 0.261904363939 0.249968176064 0.26656104415 0.317330533864 0.303199544048 0.489415013762 0.494389075899 
2001180113 1.0 0.167451115168 0.167550640357 0.259902086927 0.196321997094 0.317632189356 0.216204163519 0.214889370149 0.184863843814 0.188082218231 0.490940836909 0.256415043807 0.261436955113 0.291810216432 0.294426380626 0.098330680607 0.098330680607 0.119037695684 0.128207521904 0.202755005458 0.191942516873 0.323817541454 0.320297681032 0.157710082883 0.162704774557 0.272367355351 0.279317389805 0.12781684292 0.11889756886 0.142845234821 0.126769146209 0.130909633122 0.188082218231 0.0776835982667 0.0673378894678 0.268669889429 0.254326088078 0.280330168136 0.288766555246 0.330694497079 0.445061290044 0.473623276211 
2001180159 1.0 0.174443786367 0.166433476151 0.264836743127 0.195770658187 0.323036225829 0.220730408749 0.22435221089 0.189884674883 0.200338562667 0.477303399028 0.271097943209 0.266878500372 0.323849920382 0.307808693929 0.101636444118 0.0981789647664 0.14690499338 0.142008675072 0.195097326327 0.200338562667 0.360025074701 0.350205199765 0.156553497561 0.163240211089 0.269637800042 0.270733645696 0.144420640652 0.138727503624 0.126964608625 0.133777811854 0.148020461131 0.200338562667 0.0875512999412 0.0897775357294 0.272067018482 0.253410464477 0.264401616157 0.315931134102 0.282449304535 0.4980469802 0.47885169309 
2001180201 1.0 0.152246450182 0.152246450182 0.260799064165 0.195523879074 0.325953584361 0.214943340864 0.234990457193 0.177530622797 0.189531467983 0.506965483818 0.269501339021 0.263200948147 0.308088386726 0.307662555995 0.0952487077336 0.10241204502 0.154977545955 0.159480250786 0.199243416612 0.206100264942 0.340433411941 0.357709894993 0.149114188347 0.155989379636 0.256030112551 0.251066214495 0.132147258379 0.123107627565 0.133528970044 0.136634710078 0.150688458018 0.189531467983 0.106921314022 0.103684293118 0.275752870335 0.261602142476 0.272981414364 0.301202860626 0.290026861275 0.466227952674 0.472096201013 
2001180277 1.0 0.157084373094 0.151609358261 0.250067594972 0.186137332484 0.325788970375 0.221006718706 0.226221819283 0.200476042437 0.198867806703 0.447825404922 0.258181433851 0.257460346808 0.30698555308 0.309944254308 0.0958861773399 0.0974596198502 0.140018541614 0.144415608702 0.206211021523 0.196731678089 0.323080092778 0.333175553067 0.164134816436 0.161958003223 0.264455009664 0.251550088986 0.136101161753 0.122645483196 0.128697346635 0.127642432559 0.146737551908 0.198867806703 0.0807700231945 0.0807700231945 0.28226130451 0.250270270349 0.265411911872 0.316580311397 0.293532687474 0.456793264545 0.44399728121 
2001180278 1.0 0.156811635282 0.169557383987 0.249660106427 0.186155750833 0.319399701962 0.206246184638 0.225366434628 0.176155887523 0.192534000826 0.478460186875 0.254451462261 0.249323954253 0.293110303879 0.291503579069 0.0928523411003 0.0955236147674 0.131057318242 0.143869547778 0.203709435966 0.20762414657 0.334131911559 0.329328373151 0.145261866166 0.160929234941 0.258635939556 0.274676195997 0.128210719236 0.112459713192 0.129512384275 0.12476284995 0.141400005499 0.192534000826 0.0882206572396 0.0855174107929 0.264661971719 0.250732764885 0.282800010999 0.295901079911 0.305660202317 0.452367310604 0.451179213186 
2001180285 1.0 0.164942981029 0.164628703866 0.264674288399 0.176666801295 0.335129579986 0.228630237862 0.239183923039 0.204391775251 0.212345136792 0.475980152288 0.271881128724 0.276602186374 0.310976294984 0.312802815582 0.0898832276568 0.0883334006474 0.135272234936 0.141265024719 0.218357226741 0.211856799304 0.347669654482 0.328732694399 0.158212114126 0.167229634296 0.260996253481 0.265715804625 0.139667369757 0.135272234936 0.137550131475 0.135272234936 0.163259845347 0.212345136792 0.0947452409476 0.0873507961034 0.244395824749 0.23532762542 0.260996253481 0.266494270564 0.295257828807 0.466010876776 0.449031857634 
2001180309 1.0 0.156639104372 0.168631472651 0.256374496908 0.187472367548 0.318587340595 0.220815662654 0.239052715223 0.187888049583 0.203342332603 0.493442725351 0.276575474008 0.271163072273 0.319015590694 0.310149728034 0.0955394632948 0.0945132309212 0.142421822974 0.145805235834 0.204203753731 0.193915884498 0.354902363073 0.340772300296 0.168168198499 0.169898963119 0.261571042366 0.272311465224 0.133515894158 0.14806180051 0.13041216752 0.145671408146 0.119974252192 0.203342332603 0.0953351005724 0.0894235278168 0.28222971514 0.268633847778 0.287705098578 0.281814772918 0.283539692764 0.482369780769 0.450810196255 
2001180454 1.0 0.151488819739 0.143968521096 0.276958916258 0.184369665372 0.294203468434 0.214005223589 0.219286318211 0.184009568025 0.193154039875 0.472778243745 0.271639262327 0.268199096671 0.315471791791 0.320011938492 0.094975587079 0.0937455090565 0.177869597418 0.17889211202 0.200318112733 0.20675403474 0.333659277752 0.340740369592 0.14431363191 0.142230406823 0.242141185915 0.236389121873 0.146819659683 0.123242435942 0.140234503569 0.118159483161 0.145344047762 0.193154039875 0.122025530738 0.125772798501 0.271639262327 0.259718573616 0.275999332892 0.31330937502 0.312302202441 0.475784924124 0.477281161535 
2001180469 1.0 0.156409205579 0.165284711097 0.268260919076 0.17097752761 0.302107497438 0.23950675551 0.23739772157 0.194836162963 0.204504606939 0.490690729521 0.263563320831 0.259781550617 0.296196539908 0.298922499627 0.0861974421119 0.085630968667 0.143762743957 0.145891018748 0.184046213389 0.187365776666 0.338953092511 0.33640688483 0.173520434052 0.18200759385 0.257901321678 0.281423608225 0.135394449617 0.14010522264 0.146002173826 0.140682978586 0.137179948047 0.204504606939 0.104721290966 0.10093492422 0.247304668324 0.244931754155 0.267776693195 0.292004347653 0.331598396426 0.483094026481 0.476364568071 
2001180481 1.0 0.179368139579 0.162648990099 0.252236446283 0.185058302549 0.297289924963 0.223999878813 0.226232954617 0.200304531253 0.174124139007 0.52177060528 0.269285660353 0.280318765032 0.308441822592 0.328421989048 0.0924442231694 0.0967616927579 0.14925141008 0.15503367535 0.225119185614 0.200069109588 0.346665836885 0.368500181905 0.170477156025 0.153915018278 0.298976091906 0.246885844743 0.142906506848 0.137871027627 0.115555278962 0.14925141008 0.126832427825 0.174124139007 0.0952893241514 0.0905556555733 0.285867972454 0.275571087754 0.267705915526 0.303409472546 0.276083672633 0.480386976932 0.467761750974 
2001180488 1.0 0.175488030386 0.175488030386 0.269186350536 0.187174653075 0.322027449499 0.225672291269 0.231872617964 0.18010186512 0.192841078561 0.532018208556 0.283593366263 0.277809487277 0.327082473166 0.316460066002 0.0951717469334 0.094269624707 0.15567118155 0.157959785096 0.207360210328 0.212810495681 0.342598336231 0.340898085854 0.136859636883 0.151780176115 0.253828732677 0.257836802641 0.137606828806 0.132546011477 0.140555881555 0.140798847823 0.149053364122 0.192841078561 0.104582758646 0.105396644529 0.25295194687 0.239985530092 0.253626666518 0.297934693953 0.28220393466 0.473085284669 0.475571336945 
2001181017 1.0 0.161950193017 0.156494337858 0.260175478577 0.173407507667 0.283232262523 0.243869025443 0.242081407696 0.205259933973 0.192144421683 0.520222523001 0.264189687748 0.268952503952 0.307659215882 0.310469934702 0.0884208265398 0.0884208265398 0.136418804461 0.143578437767 0.175514136643 0.177313357447 0.339266715791 0.346429450996 0.166828076424 0.166828076424 0.255510599693 0.247405514909 0.142761650104 0.143578437767 0.135312189301 0.144506256389 0.13104733729 0.192144421683 0.0932037348202 0.0880421488831 0.266268217747 0.254396687427 0.263683334264 0.297556593769 0.283762605308 0.458064318788 0.441423448488 
2001181018 1.0 0.156954444993 0.156846905107 0.267283788564 0.186255345944 0.319977895501 0.231346951437 0.235252427519 0.202904699 0.199635208776 0.50552910904 0.245706904051 0.25520597848 0.293749782355 0.299044022915 0.0958068676754 0.0936696426665 0.149916454985 0.14810470922 0.189933268568 0.189221238813 0.345680716017 0.343722723966 0.156416006202 0.15802581883 0.256195792067 0.253281370756 0.143710301513 0.137100736269 0.134114518276 0.137100736269 0.148786699209 0.199635208776 0.0909274960431 0.0938496037213 0.286067197232 0.267473105402 0.2807686467 0.297686781313 0.290689504594 0.451920090985 0.448660063519 
2001181270 1.0 0.157073754622 0.162883473967 0.279293029734 0.186124750111 0.319745826459 0.232324308437 0.233846812007 0.194992746405 0.188291163507 0.535131847644 0.277167249989 0.271437871931 0.317198855981 0.306799604018 0.0937408460674 0.0931984643921 0.148899800089 0.144405846603 0.2151017378 0.207748378914 0.331015781926 0.322482344916 0.149013247572 0.150928808399 0.24835541262 0.246716986294 0.148217291682 0.144405846603 0.139767473326 0.140009076745 0.140009076745 0.188291163507 0.101529468961 0.103996131416 0.254803786436 0.244238739453 0.262641710013 0.279353528604 0.266791125028 0.456318209107 0.440336432884 
2001181315 1.0 0.164344047239 0.156889631647 0.246374841359 0.179254891393 0.276111714528 0.240310356032 0.240310356032 0.187900414275 0.187158015425 0.529888542804 0.270302477427 0.271227997463 0.307685882019 0.303861286179 0.0907849725031 0.0898601439136 0.159704019827 0.144895128306 0.206401964373 0.200933390259 0.324338935979 0.333732196253 0.162982996499 0.170170698101 0.256778678747 0.255256047151 0.130326588881 0.151103678504 0.125093939196 0.147183087614 0.147183087614 0.187158015425 0.101500684926 0.113665090255 0.261080128381 0.246713656337 0.247052006653 0.320539307196 0.28834539009 0.469899198768 0.453924862515 
