Leaf
2001120158 1.0 0.19801112874 0.188933659808 0.267673058594 0.160671388216 0.358197491497 0.259438319213 0.255891793483 0.216541383503 0.207861374525 0.529472887537 0.303284135386 0.300968414301 0.332265504569 0.329633742583 0.0801577632269 0.0808671377911 0.12475345496 0.118652745133 0.198371345754 0.206206181298 0.370618307976 0.382561503572 0.194519108257 0.187644512817 0.30688782304 0.292353090534 0.143887588516 0.155798687125 0.138734437954 0.155339779833 0.156073383819 0.207861374525 0.0836444968332 0.0876456711104 0.306235761365 0.278085702625 0.284431451822 0.299732399164 0.241657894336 0.499700064245 0.478953348948 
2001120061 1.0 0.181389550419 0.175453707898 0.276396752757 0.223265519264 0.382780041702 0.24520941003 0.238849857454 0.20513626124 0.202364022172 0.526361123693 0.282110854305 0.284106005432 0.323782435475 0.327985608559 0.112734166596 0.112106116213 0.161978420123 0.165343444341 0.190131592834 0.190502581661 0.363906169163 0.371433940512 0.166789004656 0.164830219789 0.280806404454 0.277162042877 0.143092972346 0.138581021438 0.14456566609 0.137147032891 0.150312222128 0.202364022172 0.102223362819 0.10468034963 0.261700874076 0.249830489301 0.261430940147 0.25264081943 0.263046388724 0.468144755364 0.477374437278 
2001120132 1.0 0.170035168594 0.166215073226 0.281270435277 0.234749863852 0.400913904698 0.244374902235 0.25067030944 0.213516989811 0.22064668278 0.521455272778 0.266390319163 0.27078080258 0.315697934143 0.313656942583 0.119398211682 0.116993077724 0.160609611689 0.155885741153 0.187469946773 0.183381679464 0.364372869851 0.377960493493 0.181535120859 0.178729515522 0.29461678194 0.287490380907 0.151917835779 0.128569606917 0.146914756767 0.131404553211 0.1349620112 0.22064668278 0.0968018134347 0.0917769209649 0.256729429966 0.229625782891 0.244374902235 0.275483681964 0.247500082688 0.465920433694 0.458907548481 
2001130095 1.0 0.182356163063 0.177150299155 0.291697340772 0.20311398066 0.364600753496 0.2429431488 0.226894158359 0.211038546459 0.206030910378 0.536833587373 0.268858528452 0.264587433017 0.305149113285 0.305548843028 0.0990899241236 0.104291135719 0.166738981093 0.163536111882 0.2273718308 0.224369694459 0.346716960267 0.345659237004 0.184058733686 0.184058733686 0.306391004343 0.307671964175 0.153173368891 0.137595085333 0.154846482053 0.133085825028 0.136307733453 0.206030910378 0.115285118579 0.121136171345 0.250094915258 0.229154234591 0.250094915258 0.279153465434 0.263714628395 0.460463559701 0.44573734829 
2001140006 1.0 0.17495067465 0.170625382133 0.27449472121 0.211115511383 0.375245500597 0.265114493896 0.250352199511 0.21761288816 0.213833505674 0.525078511286 0.30184404544 0.291655646152 0.341499543743 0.341101409485 0.105073913164 0.108884469507 0.15855103666 0.142290647594 0.171419916731 0.183017105938 0.325246423912 0.352850076201 0.201229363627 0.197222277378 0.284640974605 0.284581295189 0.138540723073 0.172998039007 0.149849036828 0.172112125729 0.157476101984 0.213833505674 0.0811809428596 0.0989121108173 0.266902376831 0.233138081001 0.248991579656 0.307585476945 0.250691200613 0.470987972397 0.456036799081 
2001140016 1.0 0.177470620223 0.184266197294 0.266595215354 0.216257839844 0.371563242088 0.242956328952 0.245472774436 0.197856010733 0.214115913433 0.511453142152 0.279150981376 0.288728351506 0.319831645119 0.33046330815 0.105903659304 0.112105311144 0.156982672575 0.149153626595 0.182338410568 0.191141707665 0.333793929564 0.333747898546 0.194961736407 0.198708341336 0.291745669873 0.306136035725 0.131761569174 0.156197754294 0.147912382048 0.163784068941 0.137244443839 0.214115913433 0.0917571288682 0.0922580814291 0.233146258761 0.216470866827 0.244469304627 0.256491435414 0.270712759637 0.435947695617 0.454681753052 
2001140042 1.0 0.175124181461 0.169093497505 0.268628231762 0.208849087695 0.378333243972 0.244550137097 0.235804173111 0.209085609954 0.201869429401 0.513213516175 0.270690227125 0.264642841272 0.322361544355 0.304868036953 0.111159153226 0.100536064718 0.147636764927 0.144164465302 0.196094324396 0.196660617543 0.358270624122 0.357165274402 0.187394683961 0.185738928902 0.288243207714 0.285789296609 0.148304807999 0.157908610037 0.132087760873 0.153544553195 0.130487778825 0.201869429401 0.0885094941646 0.0924694505409 0.267568186565 0.239444143977 0.262345021711 0.293679032745 0.239908133495 0.45379626654 0.435936665101 
2001140058 1.0 0.18395766423 0.179688923651 0.278818637021 0.217590314265 0.363244546325 0.233356247304 0.251724878523 0.20818399905 0.209744008014 0.525210444066 0.266638206077 0.262117094068 0.317256948604 0.307315342364 0.11199414541 0.108187058445 0.152999605326 0.130077711829 0.185219102992 0.187302623009 0.346580403058 0.343882538446 0.176199486168 0.182176976569 0.295364160963 0.289578910417 0.142819438853 0.140628826831 0.150028456371 0.147208317463 0.14205656726 0.209744008014 0.0698159197558 0.0870361257059 0.289739683398 0.267973873531 0.284768025442 0.284658981584 0.257275385589 0.446935823054 0.417930918594 
2001140065 1.0 0.172361518302 0.162512288684 0.27089858 0.201969254502 0.349786345448 0.242259016451 0.251107070061 0.225942701327 0.232919183359 0.487561737211 0.286687033721 0.289045944169 0.317513561162 0.319341430777 0.10353409732 0.0984922961723 0.146419324598 0.146253598088 0.198517569491 0.199431699741 0.354606463285 0.358111270973 0.187523745081 0.199431699741 0.300562922737 0.297643979767 0.144837266705 0.143153055176 0.141791282913 0.152026296921 0.148883086837 0.232919183359 0.101404025313 0.0991059612756 0.278752339123 0.256269308314 0.277531647381 0.277924597287 0.282811843249 0.446214671003 0.466618622471 
2001140078 1.0 0.175826269698 0.176130204704 0.274520852967 0.181292896071 0.3416622285 0.250157065629 0.249943164721 0.22326867716 0.22894590548 0.502287975129 0.27094180494 0.270694933084 0.305985538002 0.303528487893 0.0930844957227 0.0885194395155 0.146268173664 0.137698104773 0.217504757969 0.22212785892 0.344274392881 0.342287840795 0.199013425259 0.205101674726 0.315622520556 0.331007494694 0.14571863569 0.122921844704 0.153755612525 0.122921844704 0.146268173664 0.22894590548 0.0950743128816 0.104712076889 0.263739404548 0.243548588055 0.272516489059 0.290748239118 0.272172805394 0.453961839943 0.456312162875 
2001140081 1.0 0.184266891286 0.178531316862 0.281667833445 0.212643678161 0.390846853699 0.25964039076 0.244168342371 0.227356786722 0.218088114494 0.511784755423 0.277354678437 0.273094353345 0.32393610738 0.321274134698 0.110548184262 0.10487521604 0.142755659177 0.13840913309 0.182556093957 0.1903505191 0.376513548371 0.371612946214 0.176297260347 0.176297260347 0.286953740984 0.282136499049 0.147758162439 0.157810692158 0.14367816092 0.149866721959 0.154746115148 0.218088114494 0.0816820138135 0.0816820138135 0.272488956118 0.258684538734 0.273033874028 0.282545943754 0.278780065187 0.475624628418 0.475485719353 
2001140198 1.0 0.181624203637 0.176936336578 0.272571236949 0.201373608002 0.351011122093 0.250141784394 0.244363273127 0.213822470161 0.217910479551 0.493347772068 0.27601824917 0.273494688166 0.316114793111 0.316646078853 0.103921511883 0.0991623529804 0.142761060023 0.13781868828 0.198853713852 0.194257172471 0.347037964773 0.356593445781 0.188771671273 0.2001176273 0.291710061266 0.302390637241 0.139636156072 0.151195318621 0.147822508049 0.154085977782 0.152991214519 0.217910479551 0.0900570152732 0.0881707954535 0.269626110149 0.253147601273 0.271489907291 0.272956387963 0.288814604372 0.440424829386 0.45874469475 
2001140232 1.0 0.168502686597 0.162892271648 0.263900717493 0.207704620715 0.359272857453 0.241647409503 0.248653132999 0.217994283363 0.217994283363 0.505258641711 0.271551598009 0.264794793631 0.321353219168 0.304433153505 0.113528810655 0.0969064236568 0.154859111265 0.143120258661 0.197117858557 0.203489552516 0.375484854466 0.359009621718 0.182853015179 0.193568801659 0.287558592677 0.283196790719 0.145738529239 0.158876876179 0.131411905705 0.155670960138 0.147351324886 0.217994283363 0.0934295632479 0.0934295632479 0.294113939631 0.281186693453 0.304277843664 0.298368973538 0.275983272061 0.459393222409 0.444860920354 
2001140288 1.0 0.179676904944 0.174675637826 0.266304347826 0.195652173913 0.353260869565 0.260246084648 0.260075785087 0.224081827479 0.225461614268 0.505464001025 0.289322427265 0.291306375723 0.318989795453 0.325724436169 0.0979769368333 0.0979769368333 0.14623504399 0.14623504399 0.197829073078 0.204220589435 0.351416590442 0.343123785167 0.182207115372 0.183901351257 0.284950581063 0.281876140867 0.134449096488 0.160487207176 0.139727827524 0.160487207176 0.163043478261 0.225461614268 0.0949143978075 0.10454013077 0.248102439359 0.239685620339 0.266802993666 0.278237516004 0.288862657955 0.465142466539 0.469094470153 
2001140323 1.0 0.177643499338 0.172896104526 0.272073248989 0.211024687024 0.377492436094 0.237154175574 0.238385480295 0.205999568852 0.203667565057 0.510996522335 0.270140805381 0.266985181695 0.315452057068 0.308337910822 0.106058571546 0.106782529245 0.134384181134 0.137892905728 0.183782696101 0.193662097114 0.360282794409 0.348455603029 0.174227801514 0.186198253257 0.292541363435 0.296101410815 0.14571657414 0.137108461866 0.138783983858 0.137108461866 0.130072507794 0.203667565057 0.0755066505411 0.0825268898023 0.270653677322 0.250365691429 0.277179100163 0.261444862504 0.281098385811 0.451575018723 0.4592890247 
2001140565 1.0 0.182291423815 0.180429675371 0.287225683278 0.207485142629 0.387806552731 0.258616291142 0.261214427104 0.218064334598 0.229015165385 0.525811001006 0.277662078074 0.274707600216 0.310843244725 0.30202840803 0.10092425995 0.106618353343 0.146714151349 0.146714151349 0.204686234757 0.195042670252 0.365815591122 0.361988194574 0.192208969942 0.191255073384 0.306100053158 0.300299981326 0.158247293705 0.14709721767 0.144880755501 0.140142222157 0.154922966317 0.229015165385 0.104620330808 0.104485770842 0.278370529944 0.265435160488 0.289421443725 0.263359961517 0.259918605501 0.45423660659 0.4396307347 
2001140567 1.0 0.181479475248 0.186333651162 0.254154073353 0.193304141994 0.350809225968 0.247931020989 0.249021678953 0.205534766141 0.215011334732 0.513953242617 0.271265933063 0.292419776488 0.310710041861 0.325836303973 0.0931240394359 0.101636536997 0.159806195393 0.15576492935 0.199553143393 0.195028273384 0.340899308585 0.344620011513 0.184614669298 0.185733817203 0.296318878995 0.303914626354 0.135750448551 0.141612854438 0.132180573946 0.143957412623 0.127765128048 0.215011334732 0.103809166539 0.107134316801 0.250807717979 0.243060878765 0.265143906677 0.262970559311 0.295564748649 0.448956847499 0.476483478894 
2001141570 1.0 0.169817726944 0.169817726944 0.272496506101 0.20710172704 0.353417506819 0.243487921251 0.244986322601 0.214395040294 0.220786252008 0.514777063819 0.26679624787 0.282454281008 0.320166928099 0.32204742992 0.107197520147 0.103019375681 0.156119455988 0.154232746733 0.205772149459 0.214395040294 0.373357948041 0.342425555048 0.186752474505 0.183689941234 0.293697132246 0.292010101468 0.149656514319 0.148798174098 0.135945740212 0.146318030838 0.141227140504 0.220786252008 0.0992192762312 0.0977327610845 0.267959658856 0.260199093313 0.289682288027 0.289492726034 0.276496179426 0.484300648383 0.462065057226 
2001150068 1.0 0.163530334634 0.158724838897 0.298228523008 0.192305469855 0.355765119232 0.230866701199 0.24570739768 0.197113106602 0.209449703556 0.543794510513 0.280042261261 0.287695988599 0.331169059242 0.335468335039 0.0980569343363 0.0980569343363 0.158724838897 0.164446478131 0.195759978696 0.195759978696 0.336397183153 0.341443763677 0.204536553369 0.199212595368 0.305767208902 0.290573819492 0.16118135469 0.156967683224 0.149269185454 0.167716941931 0.14139683868 0.209449703556 0.105439705481 0.103559664848 0.26244589125 0.24042990888 0.252297887364 0.286246223551 0.292437126602 0.455585417178 0.466340764399 
2001150145 1.0 0.166995398084 0.159047634529 0.266832171411 0.200258963638 0.355641322468 0.258374064023 0.278596468216 0.229004886208 0.226567153891 0.489902986145 0.270278274207 0.267524943251 0.322907876251 0.323861815925 0.102414098548 0.105383237998 0.149447815493 0.157879582238 0.188842266924 0.179461187636 0.326706923133 0.323861815925 0.233540076697 0.210766475996 0.333251059277 0.277709216064 0.144408792353 0.159047634529 0.140510983997 0.169197630316 0.157879582238 0.226567153891 0.0955578002496 0.0895585311595 0.234331293226 0.211351127538 0.23115017789 0.277709216064 0.291581452319 0.463499926255 0.471549921776 
