Leaf
2001130102 1.0 0.173287698674 0.162140844826 0.275692418316 0.194869043289 0.367678175521 0.266150354092 0.252116124365 0.225771382557 0.218606376916 0.535501352842 0.266808057782 0.274577647064 0.309533813768 0.311884142231 0.0986264255537 0.0974345216443 0.153630292431 0.145425464597 0.227254403442 0.218873458722 0.389175558375 0.384797571458 0.190088580096 0.184869006675 0.281096094447 0.276115909223 0.140314038658 0.169624777925 0.147023594611 0.163397073803 0.160693129728 0.218606376916 0.101975578055 0.101544996632 0.282960422066 0.270234741376 0.290298027939 0.261444256502 0.293101937372 0.467810603269 0.485370483889 
2001140563 1.0 0.165576155169 0.177501553269 0.272017969206 0.171591514753 0.331205104648 0.247659251959 0.246456156608 0.209071468076 0.213703360133 0.532241921583 0.292700055307 0.301527159354 0.320691371189 0.330571016438 0.0829990029647 0.0887015116976 0.147835852829 0.139562056366 0.216951317702 0.227571195803 0.376282179343 0.349443430205 0.193704461308 0.203906321334 0.280436468868 0.302915626372 0.138429943473 0.167361677548 0.149599364728 0.169438204582 0.142168598292 0.213703360133 0.106605949546 0.116481143402 0.276859886946 0.274322162574 0.303434663523 0.237717109324 0.278371417125 0.448369349542 0.459005921138 
2001150044 1.0 0.183713973325 0.172614163115 0.264088836654 0.183713973325 0.355945823316 0.252084258339 0.232495277488 0.225587930317 0.211719893062 0.517205614809 0.289112478197 0.290704143663 0.313611241105 0.318409031185 0.0918569866623 0.0918569866623 0.13091634852 0.146143570879 0.215729511539 0.211096269047 0.359447316174 0.376116224901 0.181548310533 0.181548310533 0.296318878995 0.294085848838 0.134394807948 0.143870592993 0.145238648426 0.149708572096 0.140157177048 0.211719893062 0.0925718378067 0.0981033047596 0.29787203988 0.275810067156 0.292737854657 0.279372118308 0.298755935116 0.472025607386 0.464565064063 
2001150137 1.0 0.171247197599 0.16572309445 0.28730647518 0.209915919637 0.370279772823 0.230229880741 0.232340915219 0.206397526556 0.211725261145 0.513860376981 0.25703409163 0.262496639617 0.296711711072 0.301557345241 0.105103230421 0.105103230421 0.14863841391 0.140620708662 0.208237441058 0.200243976913 0.3941129183 0.385462085327 0.180613676031 0.192711250002 0.294181184686 0.306425940288 0.151988146591 0.136435283237 0.150271852119 0.138543802129 0.140620708662 0.211725261145 0.0914401775623 0.0995871857615 0.311365425892 0.292985849427 0.313903242499 0.26515695112 0.276426033228 0.460923433948 0.457834522958 
2001150151_4 1.0 0.161858890035 0.166687439688 0.290432909271 0.185905638741 0.347813893123 0.264071412781 0.256363764217 0.236355712144 0.226214067937 0.547794961745 0.228754479515 0.235539282374 0.273514530328 0.272018996171 0.0956859831189 0.0904505561959 0.142021025455 0.138056112088 0.228159280381 0.225812978848 0.36640818428 0.373938535496 0.19119424885 0.188327964191 0.287728231863 0.287097421059 0.163945682983 0.139037566 0.161858890035 0.138384036807 0.158534363707 0.226214067937 0.0980258392252 0.0981413676557 0.317675694735 0.291367781568 0.303221606711 0.30025484926 0.272393649491 0.441090587652 0.435298080932 
2001150155 1.0 0.17580097527 0.169564550399 0.274811512716 0.198885785202 0.345025702003 0.243689588174 0.251695107919 0.205646780404 0.220178637653 0.526267294212 0.275804960195 0.285549402973 0.322490309932 0.334715084862 0.102114398727 0.100935792403 0.15436664092 0.157328118123 0.216340978096 0.218307397168 0.369152413338 0.355662377116 0.173845397472 0.179362594124 0.278947962552 0.28416920444 0.140572699201 0.144411567593 0.146176336551 0.152472499972 0.1490711985 0.220178637653 0.0915208630645 0.0967859564582 0.274562589193 0.269535846688 0.293810800218 0.271242787135 0.299629400723 0.455094617757 0.463063009133 
2001150251 1.0 0.158722405654 0.160333841949 0.283659522907 0.193067512201 0.340874423726 0.259027248916 0.254774460468 0.244738987978 0.239160915379 0.522624384034 0.229282999997 0.23372472988 0.26876849491 0.276779124582 0.0914043532008 0.102035832206 0.136519347104 0.136519347104 0.218077602282 0.209049753613 0.354914088594 0.34611319604 0.193732118339 0.182808706402 0.290376937905 0.273038694208 0.165073793579 0.163509077757 0.136989294611 0.161133516944 0.163509077757 0.239160915379 0.0914043532008 0.0914043532008 0.286140886075 0.261742234707 0.273978589222 0.29498812664 0.24942092317 0.440990938356 0.408929884437 
2001180077 1.0 0.172308960989 0.17332404465 0.284838961392 0.21863857005 0.364471157473 0.23996388934 0.248846122327 0.213770310875 0.21571046811 0.503692183064 0.281976185605 0.278848233208 0.326113968035 0.317390575594 0.112774920153 0.106782529245 0.159212605113 0.159487821576 0.21571046811 0.213975366377 0.365732411025 0.36734765976 0.183643981204 0.192504942258 0.297638573252 0.299840614913 0.155025738389 0.130613579025 0.14659243855 0.136523682569 0.140481710394 0.21571046811 0.103656507369 0.0977781410272 0.308136027747 0.284838961392 0.302316872873 0.311533128411 0.271840075369 0.469114501003 0.440275647046 
2001180154 1.0 0.160313775717 0.160313775717 0.287288433103 0.204416769708 0.376050306607 0.235046660095 0.227524265462 0.2145435526 0.210377261774 0.513834015296 0.261771866523 0.264382398472 0.301442313567 0.311795264816 0.100057977211 0.105550727073 0.152807796984 0.156459515534 0.22271090344 0.205310724861 0.376212607135 0.390660767699 0.183652115772 0.18530667276 0.287341551053 0.297364448181 0.141611160486 0.138450528813 0.16248858276 0.136451939968 0.140854742925 0.210377261774 0.103801146336 0.0988302254719 0.284405331828 0.270770469836 0.286650249938 0.250144943027 0.293281920415 0.449684313636 0.461575244402 
2001180196 1.0 0.159509202454 0.166097992278 0.263875008191 0.196319018405 0.337646328977 0.255173427523 0.250408977079 0.231020495506 0.229959077472 0.509534964242 0.26952003235 0.257960687627 0.324167970886 0.295116894989 0.105905990808 0.0938469849128 0.147494666014 0.139089374831 0.198226925416 0.207594163383 0.36527547599 0.345742400088 0.194004764428 0.180539128461 0.287493853101 0.273333366993 0.14939626579 0.156772175941 0.134550381592 0.153374233129 0.143222300981 0.229959077472 0.0852297177267 0.0852297177267 0.318309736713 0.294542426605 0.326597095809 0.343777318432 0.282808112187 0.471395649382 0.434154748784 
2001180314 1.0 0.166633277599 0.162513615471 0.277789933339 0.200157108005 0.322743638978 0.236177558486 0.241276664425 0.216787512989 0.210659276037 0.489307533152 0.286581365696 0.285071897291 0.322743638978 0.328047293324 0.100078554003 0.101302802018 0.142184174529 0.133694437412 0.199308490505 0.198999005085 0.367439606973 0.382721842211 0.200157108005 0.198611470141 0.303502518185 0.294222045779 0.135184434288 0.156721471958 0.153543013097 0.156721471958 0.131016785219 0.210659276037 0.0794833698931 0.0800628432021 0.302892666561 0.288884121342 0.308487795581 0.289629904936 0.300492164115 0.481210324469 0.494195716437 
2001180358 1.0 0.178175626662 0.17216585899 0.269637800042 0.189364204261 0.37859808963 0.2490234901 0.246700768552 0.214302554258 0.208466390601 0.533911065402 0.243344139105 0.24522951203 0.289864536439 0.287471275407 0.0990131255914 0.0924850024163 0.151426201159 0.150554676216 0.220655875434 0.213148105812 0.369940009665 0.370872577042 0.177898454142 0.175477954225 0.286382039417 0.272489905188 0.157809294399 0.143391909102 0.133408429248 0.143391909102 0.14690499338 0.208466390601 0.10033335889 0.100169281333 0.293137395294 0.269637800042 0.284769255656 0.276266757646 0.252630338055 0.454314811073 0.422108372155 
2001180446 1.0 0.157946307929 0.177535552528 0.249864851705 0.184228323637 0.35531455459 0.248128452269 0.242577566263 0.205526986155 0.208969189764 0.512922633289 0.263097812921 0.276009813717 0.293250636552 0.31486442842 0.0929900689585 0.0922900082946 0.145997369702 0.149074421069 0.206366732191 0.217684170367 0.376408821196 0.371087469916 0.179473242143 0.183405084111 0.251245331005 0.285481026195 0.126991890312 0.160525747829 0.139330033792 0.156847537664 0.140719508946 0.208969189764 0.10292114619 0.108842085184 0.297132009994 0.289615923891 0.31486442842 0.233495822642 0.322261239723 0.441874091845 0.476523069544 
2001180489 1.0 0.168502686597 0.174113309342 0.280906375675 0.213392109993 0.331394903657 0.23882716401 0.240274215975 0.20831061652 0.198472088908 0.545245851697 0.260414743057 0.25484929119 0.308801140734 0.298843873611 0.107980490563 0.107248411 0.146922977105 0.151047561078 0.202402610849 0.202869156095 0.374097512747 0.36656671884 0.176182411209 0.168876307203 0.283363655188 0.276211546105 0.152707474226 0.141681827594 0.14595459834 0.139439885073 0.146922977105 0.198472088908 0.0934295632479 0.0878673394087 0.286240517322 0.275068281488 0.288706972343 0.270388630789 0.269513112146 0.461070782703 0.44062591738 
2001181078 1.0 0.179589210525 0.173706085034 0.269383815787 0.185575517542 0.347257409274 0.237423305924 0.241315750677 0.203270165245 0.210544468705 0.520946308598 0.26670996483 0.26670996483 0.302530686611 0.299853634486 0.0959678020424 0.0899939276058 0.144169364257 0.14026365733 0.229127807242 0.225660749127 0.364132840208 0.375041059688 0.180087378501 0.191281010593 0.286155494184 0.295762341819 0.140135854426 0.151087558315 0.145776102028 0.150016423875 0.144169364257 0.210544468705 0.0990910129521 0.0965263002708 0.290628886408 0.263669473229 0.275760257767 0.305829405317 0.276409259036 0.461411870041 0.461567175286 
2001181091 1.0 0.1875860684 0.1875 0.272727272727 0.1875860684 0.386363636364 0.247729879052 0.241126081522 0.197233579065 0.205333079541 0.556818181818 0.253143970568 0.259690792773 0.297306260272 0.302473446687 0.0924932988415 0.0972570611854 0.140675209127 0.132643381022 0.208376372965 0.211452205295 0.381359640785 0.392703663537 0.168262419261 0.172525300576 0.272786451913 0.289995458072 0.145636427477 0.152882091444 0.145636427477 0.142045454545 0.136600173638 0.205333079541 0.0867291904686 0.0852272727273 0.295290601368 0.272786451913 0.29984715459 0.272963912488 0.26921267592 0.437942515285 0.442598683958 
2001181133 1.0 0.177864562151 0.172222222222 0.266666666667 0.205555555556 0.311111111111 0.23733343737 0.234389145664 0.200770122218 0.206155281281 0.516666666667 0.257720300105 0.257060784472 0.305606056433 0.300719302283 0.106863244787 0.101379375505 0.166666666667 0.170058087389 0.234454976067 0.233201020687 0.335410196625 0.340524287127 0.179505493571 0.179505493571 0.292762491695 0.291282816198 0.151738892042 0.127898493702 0.141639430933 0.121969435556 0.137997137204 0.206155281281 0.119670329047 0.117720111669 0.32298759675 0.30005143592 0.315885977241 0.297001475658 0.290221286369 0.448109885113 0.447834294751 
2001181155 1.0 0.165591660113 0.172078472476 0.273937177269 0.19106730013 0.350347944636 0.251229080293 0.242520867623 0.219888866145 0.222456462852 0.522250620355 0.252356757369 0.257606467225 0.296342583343 0.299067629957 0.0963790970766 0.0963790970766 0.144111982491 0.135404884028 0.205785780091 0.202407126331 0.381762899734 0.384515524231 0.179350134129 0.167176305406 0.276516333338 0.277687397692 0.143123451589 0.146623319294 0.147037705385 0.145233493432 0.153383664362 0.222456462852 0.088479725509 0.0918537263577 0.265439176527 0.248387490169 0.265439176527 0.273863130186 0.286600950195 0.450349945283 0.459356944188 
2001181235 1.0 0.164660307952 0.164765287438 0.27057727644 0.17642175852 0.341132758612 0.239382361062 0.238151222923 0.21822166351 0.20882785868 0.511927184786 0.275642335129 0.26781522836 0.315592835808 0.305175081107 0.0889915217269 0.0889915217269 0.137286914077 0.129509540131 0.210805751529 0.216231637784 0.345013687552 0.33991406073 0.18239730955 0.178565005912 0.285805668843 0.28012259435 0.148771889529 0.145243200248 0.139783244254 0.140277179518 0.16350108497 0.20882785868 0.0897653756118 0.0897653756118 0.289592135467 0.264697971107 0.289293432824 0.27739325686 0.253485864874 0.44077987702 0.420173603365 
2001181242 1.0 0.165774495222 0.165668872723 0.289920527266 0.189335854541 0.34908798181 0.234664420317 0.233392922467 0.204277725444 0.206663034097 0.53845634496 0.247161374344 0.24836239424 0.286213961307 0.289195120306 0.0948526453531 0.0948526453531 0.142494099976 0.142494099976 0.213331291197 0.219876960645 0.353126120618 0.344240704848 0.183705180135 0.185695338177 0.281092116352 0.292325550031 0.151658085968 0.156206562315 0.1572118348 0.14113639461 0.129764358464 0.206663034097 0.095404653769 0.0926117152914 0.272555892453 0.254695103328 0.287251745952 0.278087036357 0.307670763629 0.435835679318 0.44027106842 
2001181295 1.0 0.167550640357 0.173225291553 0.282993556904 0.196406893096 0.358417784304 0.243681189512 0.245045596533 0.203411703551 0.20504424742 0.565987113808 0.269599009975 0.268669889429 0.317632189356 0.32024562973 0.0996777389995 0.100841655295 0.155367196533 0.15244263088 0.221008439742 0.214578836215 0.363589758867 0.361520625513 0.1716786062 0.173705806461 0.280627348511 0.286680734203 0.144354409628 0.145733623211 0.148453614454 0.150572098311 0.145733623211 0.20504424742 0.0955796261858 0.096101447859 0.289228028262 0.265674869088 0.28940089093 0.278121164224 0.276317116012 0.469700057732 0.471683417726 
2001181327 1.0 0.173792430466 0.173503818426 0.277512216676 0.173407507667 0.352642641508 0.256749841524 0.248819464593 0.211986294623 0.213165096822 0.537687565856 0.266456371028 0.258500649968 0.307713510282 0.297275747464 0.0874710586474 0.0874710586474 0.14804664204 0.141113892435 0.217202085027 0.220105372208 0.347007636852 0.344979746836 0.179467229511 0.183699226855 0.272837608921 0.275336564691 0.142995494077 0.166727909452 0.144506256389 0.170002260161 0.147368044233 0.213165096822 0.106268607969 0.103400259987 0.276788899503 0.260368034773 0.271733247078 0.281279117363 0.263239475986 0.465946973404 0.453703621628 
2001181387 1.0 0.16870486196 0.157084373094 0.28488372093 0.197759899438 0.325788970375 0.234367957799 0.232340013985 0.215743899015 0.206456754704 0.523288112698 0.268010013293 0.257460346808 0.313090977159 0.293992950692 0.104812537077 0.0937471831198 0.147999093737 0.144415608702 0.21511627907 0.206047036589 0.35882032847 0.369220379286 0.177111002462 0.182469242168 0.291973942546 0.286067781399 0.158156633823 0.141936693206 0.141579019324 0.137828716176 0.139776921862 0.206456754704 0.0962380544026 0.0939272931477 0.301653994676 0.279311910453 0.289357375305 0.320242775673 0.250607698398 0.458565791551 0.419411367369 
