Leaf
2001130076 1.0 0.177063128153 0.164398987305 0.259515759657 0.183863257856 0.346325804965 0.266185345994 0.264036210634 0.215403879407 0.22424290284 0.470301334793 0.282945996288 0.284388031091 0.322245590504 0.321655687499 0.0933117648737 0.0925256365872 0.14188545674 0.137811338205 0.188570416676 0.193767008961 0.322608071597 0.314861964956 0.181705257448 0.186701795018 0.275675675676 0.274454103239 0.135135135135 0.142706797648 0.136747142061 0.142706797648 0.169733172628 0.22424290284 0.0899638755519 0.0918918918919 0.207668894187 0.194669655193 0.21143359152 0.296115587563 0.310187388874 0.474507164267 0.500839324752 
2001140167 1.0 0.181645049087 0.181645049087 0.262348080568 0.1858699173 0.34976424257 0.241980975441 0.24437536537 0.211070159243 0.209151622786 0.475434141781 0.302966324218 0.292128237486 0.342997170285 0.337954431794 0.094330157218 0.0954316309091 0.151137816558 0.14864773158 0.1858699173 0.190628449433 0.306201455162 0.310702879752 0.168689820673 0.171498585143 0.283517554382 0.281297170159 0.133066818338 0.122187682685 0.14519269843 0.13034625546 0.153100727581 0.209151622786 0.092894787929 0.0955879481816 0.209151622786 0.191253975148 0.209151622786 0.274092873956 0.279112615079 0.464248880442 0.47196722409 
2001140455 1.0 0.189074761473 0.185479234749 0.257502507999 0.193047623442 0.321792543022 0.26908085288 0.259066734583 0.212547165936 0.206647603725 0.524614498641 0.283612142209 0.289084813477 0.326213548367 0.339167038666 0.0960788526959 0.102012078945 0.154114322144 0.148449379969 0.183621742101 0.1925396025 0.30058708471 0.306356107565 0.192157705392 0.19298419396 0.283050405108 0.297063657902 0.122214307364 0.161560703516 0.14762235749 0.159347961304 0.140134257718 0.206647603725 0.0864185654955 0.0960788526959 0.211392009742 0.193047623442 0.212834975365 0.289592574079 0.309892401787 0.462078089317 0.479475921864 
2001140520 1.0 0.176056065178 0.174781818766 0.262556115235 0.180238502551 0.333194220865 0.249040719093 0.254661778102 0.212350743338 0.217344650237 0.502727043015 0.307468699484 0.298866813409 0.348880895402 0.342022086539 0.0900365351025 0.0942415572103 0.157469331836 0.15613884894 0.205140622917 0.201992872684 0.321170110563 0.309015721575 0.189900892887 0.194858356648 0.283146020108 0.282461009658 0.139184540463 0.170902084327 0.132941834754 0.171337504356 0.157469331836 0.217344650237 0.107535085408 0.107535085408 0.218370673172 0.191074339025 0.215139447728 0.303861045847 0.286598509989 0.478924275681 0.455775221315 
2001150063 1.0 0.178265680113 0.178931869791 0.274415636407 0.172091161815 0.35816586183 0.23716113303 0.26000509199 0.204701795913 0.213394338254 0.493368825517 0.2937206072 0.292095788761 0.339148712478 0.333455896935 0.0903082689342 0.0857622765977 0.144484247097 0.152567833148 0.200214050644 0.195568080355 0.335396490798 0.323912502814 0.17477293958 0.179535351672 0.285087017179 0.269684320409 0.153416224302 0.141992301545 0.130976516678 0.154049451492 0.156280147872 0.213394338254 0.104520753414 0.0958851401888 0.229748008587 0.209351734316 0.230921996857 0.289753482172 0.277278090297 0.490311974375 0.472242546764 
2001150101 1.0 0.175260666361 0.164854094375 0.278647933881 0.179102261068 0.293570864162 0.244740729856 0.238076379253 0.209248563055 0.207764722444 0.492531217938 0.279047365702 0.28217861551 0.327070179369 0.327334937002 0.0917356254623 0.0917356254623 0.152288939822 0.146320986863 0.184077323876 0.187276590001 0.289239044375 0.302212031977 0.180341737872 0.180341737872 0.287565516089 0.281607891938 0.144876015777 0.140187347685 0.143588966145 0.144619522187 0.147919251436 0.207764722444 0.0914654168475 0.0960844223947 0.212126783758 0.184681407875 0.198815859909 0.321190301445 0.292641973725 0.457381202584 0.460858411792 
2001150200 1.0 0.181178526554 0.180484922867 0.281420106733 0.185672045776 0.323316002962 0.259698114267 0.257062925037 0.219624869535 0.217904864591 0.514961601128 0.308164014812 0.310019044447 0.3458614459 0.342843490825 0.0965263002708 0.0899939276058 0.135718967199 0.135454665162 0.183634297659 0.190247813193 0.329681966278 0.324477720463 0.177985703329 0.176062571341 0.279246945974 0.277315309142 0.146756120473 0.161186249376 0.142292893409 0.156103788427 0.164378366179 0.217904864591 0.0857108727062 0.0911807119744 0.227951779936 0.22157424092 0.23415568264 0.281420106733 0.284585786819 0.481479235353 0.475977290357 
2001150297 1.0 0.165022765497 0.152846007893 0.270675334772 0.200221055608 0.317449401009 0.242099379353 0.231891883706 0.205333905427 0.202963937602 0.506114124258 0.294873721233 0.297673218078 0.353699981737 0.347390445533 0.111540349894 0.0969538823072 0.167103840976 0.150567996575 0.20834139695 0.197089690606 0.315483751143 0.332756851055 0.185900583156 0.185900583156 0.277484254959 0.275484342372 0.143034764572 0.173595712462 0.134054816942 0.157741875572 0.150567996575 0.202963937602 0.0918281141239 0.0947910701102 0.225851994862 0.200221055608 0.211959276426 0.316577285622 0.27946985635 0.484769411536 0.457330548183 
2001150349 1.0 0.154949503946 0.175523378472 0.288598455141 0.175523378472 0.319519718192 0.244345378026 0.244345378026 0.210224164908 0.215218309262 0.51535438418 0.295150074275 0.303315718261 0.341225318438 0.341225318438 0.084994422424 0.0933346486276 0.146491240068 0.131995125929 0.18581366572 0.184378789685 0.300500662295 0.305931308944 0.176127591544 0.169988844848 0.265994762431 0.265994762431 0.153225874089 0.14019154916 0.153225874089 0.153225874089 0.154606315254 0.215218309262 0.084994422424 0.0972368707336 0.244345378026 0.226755929039 0.239736744318 0.272894623653 0.272894623653 0.430066244196 0.445118237556 
2001180431 1.0 0.177511137909 0.172945668005 0.274285714286 0.188571428571 0.354469998155 0.232607227852 0.248094781098 0.206031501455 0.200977204515 0.502986996221 0.284683856162 0.282091315365 0.3322158138 0.322642153451 0.0986438657236 0.0930218319777 0.149993197125 0.146357125427 0.176496516703 0.163731986079 0.322287740622 0.312618956951 0.197039310281 0.173511159436 0.317541576902 0.264713938786 0.146913830082 0.144561264465 0.135827020846 0.153861851632 0.1661079069 0.200977204515 0.0997957096947 0.0945882591843 0.2172180321 0.188571428571 0.209255239127 0.303772202514 0.272913232829 0.489331071933 0.453701331229 
2001180464 1.0 0.173381012829 0.173381012829 0.281221204488 0.20317600204 0.327964899966 0.244450603519 0.25495097568 0.204968766211 0.21025536158 0.507564726138 0.292695629806 0.275083135992 0.338756693751 0.325070348859 0.102707256257 0.104180893337 0.139029738879 0.13251783129 0.175478440063 0.182796701683 0.325445285949 0.325445285949 0.174607573942 0.168204289264 0.282950482611 0.269258240357 0.150203114514 0.150203114514 0.136372874779 0.143348458268 0.160980229054 0.21025536158 0.073667016149 0.0780868809443 0.236075638974 0.21083457855 0.23177470137 0.321960458108 0.291547594742 0.485898714729 0.481929556638 
