Leaf
2001110009 1.0 0.171596705825 0.166080242493 0.255864623518 0.198971703983 0.331754833927 0.218230133642 0.21042899037 0.189141220596 0.179772507003 0.464653876646 0.299808049551 0.295092309692 0.337821672308 0.333441790975 0.100495886536 0.100495886536 0.144083050664 0.137385224179 0.19185094947 0.182989613733 0.312849216865 0.320923158383 0.161072331796 0.148304751902 0.275423110675 0.262788149654 0.134746126537 0.131372722089 0.126410172991 0.118719443099 0.147546154846 0.179772507003 0.0828710310259 0.0881211341899 0.21838434174 0.185002224589 0.201047596369 0.323812377913 0.281707336208 0.492714613973 0.466605959307 
2001140343 1.0 0.180150939644 0.16907040729 0.25144301904 0.195598309566 0.357519583757 0.220355887411 0.213815248578 0.180497051279 0.164296350188 0.480709155242 0.286264321324 0.286264321324 0.338186955103 0.330911260678 0.104359640777 0.0975595484903 0.142421822974 0.142202543671 0.187784215339 0.170174251925 0.33933842917 0.33340093973 0.154911276254 0.141322024098 0.272354435763 0.239883468875 0.135919170495 0.135113204733 0.120590423508 0.128604983151 0.138308891083 0.164296350188 0.083793652443 0.0776065748824 0.223240157429 0.206691009359 0.213815248578 0.294008405364 0.286264321324 0.489872468207 0.474074308842 
2001150003_12 1.0 0.209257127876 0.166861316406 0.245029058051 0.163620982388 0.328350797958 0.249580483292 0.235463550234 0.223612915117 0.184714433342 0.476578114407 0.288023411477 0.278531274023 0.349342873184 0.314551132839 0.096930609095 0.0756938674358 0.140599288391 0.143706070628 0.201609215526 0.153998501948 0.316927753183 0.334810003823 0.186210633105 0.143570023953 0.335334885268 0.223822552271 0.167958562488 0.134344742237 0.0910251997358 0.116656271998 0.185116009906 0.184714433342 0.0891598202811 0.0810786867745 0.249345480745 0.199465412341 0.16784217514 0.385346323027 0.200929577421 0.535871366868 0.439752741479 
2001150003_13 1.0 0.209984196027 0.160256369178 0.21917315486 0.154141633287 0.319357178513 0.253630625751 0.240615138524 0.222963815975 0.190020410456 0.473381360016 0.299935500259 0.284370508586 0.354992629276 0.31375125364 0.0943267867618 0.0675254214908 0.130313992429 0.133675076958 0.202089008771 0.168868295193 0.333957138595 0.325283387272 0.180712992929 0.161634614642 0.325699859218 0.216286565103 0.164356436526 0.143972464005 0.0675254214908 0.14328605979 0.173759870351 0.190020410456 0.0848345704607 0.075780837397 0.25977548326 0.213534131874 0.175523975176 0.425507188582 0.183084211382 0.567895337398 0.412895668918 
2001150003_5 1.0 0.195112728623 0.179953671067 0.263025946967 0.171930352452 0.302025565026 0.240897333378 0.23651811384 0.206093884613 0.187968417828 0.519129494175 0.289772007415 0.278528995824 0.342361348739 0.321493858565 0.0923998903228 0.0862608928848 0.147313864245 0.149387588428 0.18684293051 0.178160869946 0.305490676554 0.313512332636 0.162681102664 0.162155312012 0.294337735339 0.262763729133 0.154932350572 0.142022478481 0.117847249942 0.138998274117 0.169258525434 0.187968417828 0.09123448004 0.0927111516626 0.21866557788 0.186914504131 0.173811119825 0.321077544162 0.261775125154 0.490455448579 0.461375459016 
2001150003_6 1.0 0.206663507489 0.186844120527 0.257472677375 0.16120415045 0.32209195937 0.263664830161 0.253995045572 0.226905517226 0.213989422723 0.519336470994 0.292053773401 0.274058984645 0.349853225933 0.309536614668 0.0948874351723 0.0733686494975 0.136819832862 0.136794138192 0.199925698087 0.183356132848 0.320564057368 0.322455543673 0.184623461911 0.175346436773 0.312531562065 0.266212290146 0.159824471288 0.166889733246 0.109409610453 0.153359383414 0.179898220207 0.213989422723 0.0896947304714 0.0810189446669 0.235660000913 0.203969815941 0.194054828253 0.331472106036 0.230278351868 0.492026616072 0.447165383373 
2001150188 1.0 0.174416165099 0.168985531457 0.275374365318 0.20783523996 0.32863410197 0.220250811727 0.233555127487 0.199070055829 0.209622142178 0.487667863392 0.30248323432 0.300317639975 0.356434495958 0.338005547999 0.108928210433 0.102420698757 0.168155810251 0.157637696444 0.179423083837 0.17574760553 0.319826751554 0.31737565539 0.163374480981 0.154274571419 0.291694277925 0.265153366915 0.156375683751 0.127558436931 0.125346273142 0.130002133846 0.162228984077 0.209622142178 0.101506209924 0.105889772623 0.223194628588 0.198894328218 0.200818874685 0.331599918914 0.248544647295 0.495045149677 0.452509437359 
2001150251_10 1.0 0.197815569522 0.179866844011 0.271416558277 0.188247438591 0.334351997208 0.225975977839 0.213696896508 0.198430223213 0.167600380788 0.490550109851 0.288960912203 0.271416558277 0.345657987102 0.300150965458 0.107293908745 0.0834117749063 0.135003529983 0.129007180047 0.18575110956 0.179686209424 0.307433188338 0.278240325562 0.179866844011 0.149581043374 0.325331251894 0.260472664521 0.169646565348 0.12497970219 0.111122386184 0.114858630644 0.139149337608 0.167600380788 0.0805901464745 0.0730330833652 0.225670398283 0.196931220394 0.205346792815 0.348360171918 0.229452049815 0.50529764773 0.400566268007 
2001150251_15 1.0 0.197364473787 0.171070553713 0.265655794161 0.183862553701 0.325086835026 0.226769506755 0.221424506126 0.1981012164 0.174675391491 0.498784537543 0.27923147548 0.258694708898 0.339981718321 0.291483740753 0.102572921735 0.0857714973473 0.138261414867 0.131141611892 0.178161903809 0.164633656506 0.296439429536 0.286357551775 0.185112811535 0.143630267039 0.329132097863 0.244806858946 0.170786461814 0.134943605357 0.104449411238 0.115523776595 0.138932945065 0.174675391491 0.0744571375261 0.0719699228571 0.221314826681 0.186376394883 0.186484923627 0.36263888399 0.214046251994 0.504920752206 0.402505104737 
2001150251_24 1.0 0.20390529222 0.175134131815 0.279216200881 0.186816996535 0.319513317301 0.230006873789 0.209901147859 0.204832964248 0.165727071111 0.512826351533 0.279334262705 0.26316752578 0.335237507973 0.300844536477 0.100281512159 0.0901528407914 0.142630871708 0.13810920842 0.194088167142 0.187499656544 0.29699773743 0.291719161593 0.179802097383 0.138585859392 0.330482827698 0.24686033379 0.17378756223 0.13225547163 0.114626522549 0.118376479365 0.146676727699 0.165727071111 0.0812563325472 0.0799782356889 0.227411915331 0.183612655987 0.18881392256 0.364996340344 0.237621779847 0.509666200559 0.417962364926 
