Leaf
2001130192 1.0 0.185908979956 0.173477835495 0.277915851969 0.204244396754 0.335223729185 0.241336100922 0.246115497587 0.206247495323 0.205715242835 0.497795606595 0.302109889096 0.289129725825 0.348885733888 0.323786356252 0.105877695181 0.100020554281 0.159569793017 0.152184765411 0.189775658616 0.185540039366 0.367704023834 0.353567925859 0.173398820307 0.167611864593 0.292897047236 0.259926935475 0.160169842704 0.14096517278 0.129302744252 0.139401017041 0.149733672478 0.205715242835 0.100703296365 0.103123747662 0.272085323863 0.251295124134 0.264940050001 0.324505083787 0.293037379615 0.510919546564 0.495477698716 
2001140185 1.0 0.176443926172 0.173246160077 0.247072932664 0.206752925953 0.342953582432 0.250292093265 0.250342857304 0.209682275123 0.212032573774 0.494685592593 0.295161069465 0.292392791942 0.340499367181 0.328417549493 0.106941168596 0.102821831155 0.167579082243 0.155300114117 0.210528990957 0.210649672532 0.366593189011 0.356327945233 0.171180118345 0.175360329888 0.273252764478 0.267186516775 0.132326942999 0.152409404611 0.126031375837 0.146543656308 0.149887287801 0.212032573774 0.102077634417 0.108240335902 0.261562931674 0.242452398626 0.26146575057 0.298968100947 0.290299260538 0.48500960754 0.494068713302 
2001140225 1.0 0.178695478382 0.168257715146 0.26730047676 0.19291807275 0.366083098063 0.232280421023 0.230747897815 0.206695217149 0.1991589441 0.490114671391 0.313554670307 0.30432753588 0.354641754733 0.341710658341 0.104933598042 0.0902672941798 0.140086244217 0.14345190025 0.201419062745 0.207993344319 0.352183863376 0.358143287618 0.168257715146 0.154932600816 0.283471813349 0.256557342062 0.145568448644 0.148480938232 0.128421653061 0.138593587301 0.173060923361 0.1991589441 0.0950214144201 0.0908078217304 0.275815500064 0.242434715681 0.257081366517 0.316119418476 0.28200057129 0.520688742123 0.502246105056 
2001140303 1.0 0.178180041319 0.184638252039 0.270064597157 0.18966394004 0.356915305124 0.240594842742 0.249417657784 0.200655669246 0.210762843512 0.523277503717 0.319286439168 0.317836071465 0.357561975031 0.356360082638 0.0983343676769 0.0935178376261 0.15457555069 0.148254755825 0.212555938665 0.208163164939 0.350759523264 0.364961537965 0.16973782823 0.172820719502 0.288670371097 0.285740214846 0.138113279751 0.131126473331 0.1421173924 0.146800694412 0.146463091755 0.210762843512 0.100327834623 0.103565045373 0.270064597157 0.24127971416 0.25517320117 0.307921016867 0.274368445031 0.507915627388 0.49177251173 
2001140321 1.0 0.180907113291 0.172624750778 0.292914350226 0.220979226307 0.348327828305 0.245125727615 0.234960614945 0.205235565349 0.190434973594 0.503661939434 0.311681123776 0.305553629992 0.370683436328 0.353887526458 0.119219896667 0.107232506582 0.156207102328 0.152351982923 0.187854871684 0.188907288163 0.345999613186 0.340131773905 0.187773672254 0.169414506269 0.293953794054 0.265207275621 0.162522961978 0.155620223225 0.138068876657 0.144015832446 0.159300612587 0.190434973594 0.0862681919332 0.0843011973858 0.26514976564 0.232546683711 0.244627504076 0.333612807057 0.274253588501 0.524748925448 0.488256527504 
2001140374 1.0 0.180131570311 0.180879007423 0.261409893114 0.180037922491 0.342849634037 0.239174691783 0.24156018335 0.213071237856 0.209398697119 0.487982951584 0.312213171119 0.31495594566 0.345593258739 0.339885460533 0.0931041116553 0.0873084983274 0.161470074618 0.151445633204 0.220385767849 0.21823261032 0.349668334104 0.345446831252 0.1672166676 0.165289325887 0.281956486598 0.270914184591 0.145191872976 0.141783413795 0.126841534836 0.140468916347 0.169619904594 0.209398697119 0.112164833219 0.116877203192 0.244267796917 0.226796955772 0.243229974081 0.285994822184 0.273022497981 0.484653864724 0.48677185925 
2001140421 1.0 0.175263884436 0.185497784051 0.260865712669 0.212023055766 0.337345769118 0.246066614328 0.238632327976 0.196402653806 0.201083986849 0.505456536281 0.331917521713 0.327708495767 0.372940980642 0.38046798163 0.105522832034 0.112039259108 0.176941089009 0.16430427413 0.196402653806 0.194817213409 0.347863406246 0.362213839904 0.163493335005 0.160484837085 0.267628053066 0.289267105884 0.122612473705 0.138558266596 0.143891378171 0.131447913327 0.146030765572 0.201083986849 0.0979754898997 0.113088830121 0.260242241307 0.244561605627 0.253515903597 0.290693079132 0.321383502443 0.502467550325 0.524047356001 
2001140508 1.0 0.173031386414 0.171524553195 0.269684320409 0.19743958788 0.348864442149 0.250037854617 0.238343988911 0.206018558467 0.206018558467 0.493500349621 0.292095788761 0.297816510612 0.338606099726 0.335976483242 0.10061894724 0.0995381538428 0.155238500087 0.158411182957 0.212530904093 0.216364233621 0.362249709199 0.347559806953 0.172655910992 0.177109086744 0.262859875837 0.28099802971 0.141992301545 0.156901817213 0.135602065685 0.147081090951 0.160581300281 0.206018558467 0.106061683015 0.106265452046 0.265154207538 0.250037854617 0.277512047383 0.287316803121 0.289192993901 0.49015752803 0.485946665072 
2001140517 1.0 0.183262378469 0.175599623261 0.285171652868 0.18175567399 0.333088810609 0.260019572709 0.250320612777 0.214595396684 0.216127632383 0.540132439306 0.328990803877 0.321836137918 0.373510583776 0.368370738261 0.0940013526931 0.0926261281642 0.146579889488 0.141876920758 0.197976861209 0.195648188551 0.354834408777 0.36351134798 0.187807580575 0.182158680414 0.290773774084 0.284656902172 0.153304391856 0.173499073705 0.13979421073 0.157899239492 0.168350855971 0.216127632383 0.089403357479 0.0976365119471 0.258676523934 0.236461534597 0.25185387281 0.304749622846 0.296949858231 0.514688550937 0.514937820669 
2001140535 1.0 0.187461878354 0.180518006827 0.247128620773 0.18543154544 0.387908734266 0.246617495881 0.244691268816 0.195372329164 0.197540076994 0.499905353818 0.338674350162 0.332564834409 0.369499619018 0.369499619018 0.0905643017114 0.0969568507885 0.163267116774 0.15123049448 0.19593664076 0.197859204952 0.375680245272 0.387339057857 0.153405094532 0.163749443132 0.271460589653 0.276583482357 0.128077263747 0.12330874794 0.128077263747 0.13314918935 0.159058745571 0.197540076994 0.0995256890256 0.116873033646 0.249478952287 0.230347426529 0.234083217428 0.284732427386 0.259336693325 0.530727730847 0.499115937677 
2001140539 1.0 0.174058447084 0.163215637309 0.286849214095 0.191232809396 0.343237681391 0.242932899054 0.238545931452 0.205918114456 0.209785815232 0.528536249907 0.301843850297 0.306507808334 0.346664888281 0.359784859352 0.0969262794963 0.0994943077576 0.151078510276 0.152738763536 0.186644221914 0.183320913638 0.360135185491 0.366684817465 0.174148984644 0.183921826697 0.286574322595 0.296681945094 0.143918324883 0.133933600458 0.15529737978 0.135687497949 0.143808756291 0.209785815232 0.0954514064654 0.0966004759543 0.256319866371 0.242022791336 0.258524282302 0.284088329691 0.303666123817 0.49461157012 0.512147519732 
2001140557 1.0 0.171186335681 0.165486432692 0.291471821918 0.202727967269 0.329338122495 0.229896752242 0.246593551502 0.21469986042 0.219942822298 0.508355799296 0.321226311347 0.324014517558 0.361955624111 0.364103093982 0.107675304202 0.0967219485413 0.147609857027 0.157057865355 0.216276851855 0.213953724852 0.342722805429 0.353461502547 0.173966268522 0.181060633116 0.288369135806 0.280854024235 0.1520131042 0.14922607152 0.147609857027 0.15552306112 0.154361943636 0.219942822298 0.101953885707 0.098969220713 0.280070011979 0.259239374656 0.274519238629 0.290165845624 0.277776667242 0.469643807625 0.462264947602 
2001150001 1.0 0.185596251585 0.160967960622 0.271604938272 0.20987654321 0.345899400645 0.237473877305 0.2484519975 0.21096305544 0.215608014773 0.493981457376 0.298602138826 0.297323322933 0.342356163552 0.332417580687 0.111794878249 0.0995340462753 0.148661661467 0.139675413568 0.206951291534 0.199450548412 0.353741945232 0.364563532351 0.156161859761 0.171955410829 0.271043190125 0.267077872257 0.14076239816 0.14076239816 0.14076239816 0.14397412086 0.150698217478 0.215608014773 0.0828173325 0.096422835505 0.277434630299 0.247222029562 0.2484519975 0.312567627189 0.257785345899 0.488863947487 0.474305499069 
2001150016 1.0 0.174660372984 0.175036391445 0.271843246784 0.210318940045 0.343628011646 0.240807320654 0.233938353394 0.21568964969 0.207676479296 0.482051282051 0.289414380708 0.288321903526 0.339547597072 0.338072814848 0.109628504238 0.105720657067 0.155968270008 0.156305134914 0.198084183752 0.194601702164 0.342209243502 0.349207800743 0.183830239271 0.174434372838 0.293026556455 0.28497321004 0.145951276623 0.13997275963 0.139502261628 0.13303714637 0.153846153846 0.207676479296 0.0967587808416 0.0917361221538 0.25768911849 0.241080190227 0.248069469178 0.285710528763 0.264736605111 0.488554066208 0.474961502298 
2001150039 1.0 0.175917608312 0.161099291754 0.262905695959 0.221622987463 0.350625117712 0.238759800906 0.246801830581 0.191255229707 0.200146048415 0.510664590328 0.300528599696 0.304262017373 0.350625117712 0.345665530994 0.115247457057 0.110180426534 0.175085126251 0.165009246814 0.202127086946 0.190698849678 0.348077848101 0.372126168805 0.171327661956 0.174401048907 0.277552630823 0.260163317016 0.143759365654 0.145868866197 0.127503486471 0.149821694174 0.139254032196 0.200146048415 0.103722711351 0.108724233539 0.266019491834 0.237979720125 0.237420950347 0.319466283566 0.260622384102 0.508161573079 0.500975274103 
2001150240 1.0 0.168235157601 0.168699768145 0.280664744509 0.235606306945 0.354106422983 0.233805468005 0.215913547485 0.223396673853 0.209062073395 0.478890650858 0.307951398551 0.30401199594 0.364776631973 0.352910787303 0.12220577614 0.118696742663 0.158262323551 0.155568724532 0.195439552445 0.199718022888 0.36589071802 0.36627557367 0.171278298331 0.160228390531 0.300542194242 0.285585667445 0.15200599797 0.12574138312 0.134522975018 0.122844597932 0.139885452736 0.209062073395 0.0791311617754 0.0806982676053 0.287606668023 0.265118916856 0.278480985637 0.299080201305 0.262090244344 0.487925592529 0.487957674956 
2001180105 1.0 0.176423725177 0.182368541549 0.270540064267 0.195234936657 0.333155539739 0.233893830218 0.251393399335 0.196846810753 0.197347821517 0.540641947767 0.304019757249 0.304019757249 0.354856721296 0.34083280712 0.103652153904 0.0951068111437 0.152139746122 0.146720949999 0.208917595235 0.198743932658 0.373987289718 0.376723305239 0.1602324811 0.164969436198 0.278383429477 0.277174761196 0.154074623516 0.139545982847 0.127258209224 0.132578739215 0.146720949999 0.197347821517 0.0993719663289 0.0899851427042 0.279162720408 0.264037878165 0.275459377451 0.29585489366 0.261406830112 0.486861791231 0.468336187173 
2001181433 1.0 0.194702599871 0.195673691182 0.279149182405 0.201297338133 0.357013762344 0.194810737952 0.214271171941 0.194810737952 0.171343204549 0.49990521826 0.301980879985 0.300302418371 0.357190691616 0.355535927693 0.107037251314 0.102617280325 0.142338712829 0.151512598692 0.194486143329 0.189216915609 0.357426461075 0.366273260366 0.175352485486 0.145122749569 0.334097659294 0.282076219856 0.152758497591 0.110902649502 0.132372314146 0.122454710237 0.129801733248 0.171343204549 0.0882747223375 0.0756867662434 0.259359974055 0.240220894372 0.261623757405 0.289737124298 0.295566270762 0.492092391594 0.516930411827 
