Leaf
2001130037 1.0 0.174723844383 0.175261871351 0.291134551061 0.198914318154 0.340855074697 0.219664117119 0.219181397197 0.194849534415 0.193698539997 0.504656439263 0.270385198966 0.275985614326 0.318951442011 0.327651548521 0.0989529746148 0.103714693617 0.188400850704 0.180553983853 0.23533859281 0.215335335731 0.324330182195 0.334195268638 0.158921278299 0.166939089272 0.288576593839 0.297532119094 0.142688917242 0.106513758041 0.16002824277 0.113157055644 0.137394507876 0.193698539997 0.129456000505 0.132510899625 0.24974978652 0.228230086927 0.244896117791 0.280762927724 0.279376228142 0.470301974561 0.469776175612 
2001140183 1.0 0.172070290923 0.179280031617 0.292744336642 0.195097326327 0.327737571312 0.221400079487 0.233548402693 0.182282646424 0.205606197887 0.523959608258 0.286841169234 0.289580661593 0.336063650002 0.338939165442 0.0990131255914 0.100169281333 0.176692349021 0.175102599882 0.218408048988 0.210898253891 0.334444529634 0.34628478067 0.175946021085 0.19280747182 0.283379564129 0.310416161375 0.14701692101 0.140025705064 0.159983221149 0.138608882394 0.103401376151 0.205606197887 0.123550250004 0.118243997418 0.266816858495 0.258360229572 0.264650347742 0.276861519923 0.272067018482 0.458459611794 0.469380223826 
2001140223 1.0 0.180977355613 0.181822829304 0.274633335315 0.186906530992 0.326926835946 0.234829040145 0.245542379827 0.198233568028 0.208620985651 0.526584430587 0.26911754449 0.270128792936 0.313570683796 0.311225075598 0.0941345862939 0.0950354162573 0.16839306719 0.173280821619 0.225349022473 0.234465920954 0.360303126455 0.360303126455 0.166151801221 0.174944668861 0.281739207453 0.292598679514 0.136663589554 0.134400374577 0.150093980079 0.141201879441 0.128036879933 0.208620985651 0.125753920817 0.118210069499 0.274447122161 0.262709064599 0.26650870661 0.279370333009 0.276919668702 0.463522314635 0.482331567327 
2001140252 1.0 0.17503824664 0.180168930763 0.272818900371 0.180535053739 0.325240949259 0.226362678755 0.22764256018 0.187566844481 0.203311119 0.525818445258 0.284292022381 0.279230038565 0.317473984537 0.31588931532 0.092507397854 0.0887180712868 0.15664329744 0.154264627642 0.220750728251 0.222953230396 0.333540166322 0.338140937676 0.158320468348 0.165737441139 0.267293005578 0.294199669439 0.126931343613 0.135681410206 0.15723234227 0.134016544575 0.127243087047 0.203311119 0.113763252413 0.114918238902 0.253081168633 0.237299902571 0.262305757665 0.268476160039 0.297414085969 0.443887968246 0.454965937609 
2001140407 1.0 0.15268846306 0.15268846306 0.305195532028 0.205487353889 0.342676493343 0.223866683426 0.221254090282 0.204338804694 0.203115614959 0.510440340307 0.269391375823 0.256059578846 0.315894866927 0.310769519253 0.100530214696 0.107323998157 0.160382889961 0.165229898203 0.229847276988 0.222999220001 0.337506640061 0.353181198096 0.169694140886 0.19153939749 0.281700923578 0.306146651967 0.15475982557 0.118248561679 0.164810425837 0.11334677506 0.142171193052 0.203115614959 0.106547215946 0.108351045464 0.267172426211 0.236848096279 0.252685213765 0.285896181202 0.289600838182 0.446556830143 0.439305425461 
2001150069 1.0 0.162008645058 0.16759515006 0.296137463294 0.190023306794 0.329651134981 0.21272777275 0.227405752332 0.192633191183 0.210293145492 0.508862839502 0.253617482838 0.272424471534 0.307460853636 0.330549304218 0.0989931208477 0.0975641154929 0.175330837463 0.176660799663 0.206700685074 0.208579479249 0.347353050137 0.345099535689 0.15258421429 0.174885269176 0.263514913915 0.291356454766 0.146639105551 0.123030010553 0.161236251409 0.140997011648 0.140997011648 0.210293145492 0.120337000527 0.116649649069 0.250148199005 0.246060021106 0.278933920628 0.263277940024 0.321551773979 0.45371226075 0.481995933484 
2001180432 1.0 0.163498340411 0.168783307463 0.268909269312 0.19375619581 0.343809362945 0.237876787127 0.232399991604 0.192442579336 0.196158223841 0.525672623709 0.269778590338 0.267089096307 0.310907405242 0.313096260426 0.0955599671257 0.100729049749 0.165042492681 0.177571696272 0.189993581406 0.185735190461 0.332558448925 0.337855503823 0.158036735464 0.162180267062 0.249643648466 0.267381156641 0.140937626751 0.147433325154 0.138282143531 0.142452388281 0.150186875462 0.196158223841 0.125717453239 0.115188075264 0.249643648466 0.237466300562 0.254290020713 0.272870915609 0.291673054518 0.45194430911 0.473162685373 
2001180434 1.0 0.166622234526 0.166622234526 0.288242715486 0.192540828069 0.333551975317 0.229288689778 0.224041942235 0.194764359236 0.192647292456 0.538072715609 0.27506593241 0.265352856796 0.318521291282 0.309510252283 0.102660927047 0.0916886441366 0.158550953189 0.152754760363 0.212872597273 0.215267190004 0.335268798296 0.358270284678 0.180333002521 0.189210721551 0.282058690307 0.294853678659 0.143907791771 0.147426839329 0.160095317108 0.149361294823 0.129667324054 0.192647292456 0.106001961441 0.103258376865 0.278988771222 0.24983078136 0.266893827107 0.309046168962 0.278988771222 0.452908491985 0.457906192126 
2001180441 1.0 0.177101302491 0.183309479708 0.271877201548 0.208689296876 0.297692365985 0.238529403158 0.236679658332 0.202371271115 0.202371271115 0.531115868569 0.259469837268 0.264049070173 0.306357442429 0.319883409318 0.10424887545 0.10911766372 0.161897016892 0.161154933458 0.207055507965 0.219422141988 0.344016643282 0.351257473045 0.147023094495 0.152754266945 0.271435961547 0.283037588476 0.130311094313 0.119264701579 0.150248847975 0.130311094313 0.147565616982 0.202371271115 0.0989395587183 0.0962788555593 0.270033945031 0.253550778825 0.268550230807 0.285217266735 0.328935886344 0.451322351664 0.475884815559 
2001180463 1.0 0.17145381621 0.177897820627 0.291533605941 0.199918417292 0.348616468469 0.223424336032 0.235232695178 0.189874174873 0.198690656956 0.526275348322 0.267731695941 0.277073967898 0.319563323586 0.321953661059 0.104233393528 0.0986036275552 0.166824286534 0.163365901027 0.216753443952 0.210026021848 0.339080418455 0.340089231166 0.159116647989 0.161255271674 0.269432368098 0.273518551551 0.149932012869 0.133835378903 0.152413963642 0.142798869494 0.137324706593 0.198690656956 0.10731788702 0.105013010924 0.247993579878 0.223058964838 0.25035048841 0.264605958387 0.281281151981 0.461078953086 0.461078953086 
2001181005 1.0 0.149162040189 0.160196465785 0.276257480753 0.204341778226 0.337171843693 0.218958216097 0.222068082951 0.189723808306 0.17974210249 0.524586018403 0.236039660061 0.238991072435 0.289720250991 0.288877426657 0.106193454035 0.101797319712 0.173354588839 0.174580963019 0.227625726803 0.22357271914 0.326144153931 0.326050689492 0.171231799523 0.170428936962 0.267285677971 0.275650017292 0.138459324193 0.124063084306 0.155465303301 0.134778312568 0.134778312568 0.17974210249 0.118920266855 0.118920266855 0.246894765633 0.232133604553 0.260412539335 0.271920708453 0.283499273111 0.438333826822 0.437219888994 
