Leaf
2001140231 1.0 0.187650227863 0.197822090537 0.302576900712 0.216298830457 0.432289558558 0.234942849002 0.240309544438 0.185610490895 0.213107361255 0.536816887285 0.284083598271 0.293313768198 0.324257527522 0.344023880889 0.106509013394 0.111229480856 0.158026582982 0.161481775364 0.212749798316 0.221171820946 0.386740134693 0.371528496117 0.157302240362 0.179352148773 0.276271075408 0.314664975769 0.139199322306 0.130154214425 0.172094911077 0.145614903698 0.122469047645 0.213107361255 0.106150998891 0.102687626143 0.240309544438 0.235185767745 0.270421932584 0.218661865753 0.291621684416 0.460598746028 0.48987619058 
2001120140 1.0 0.184331345559 0.171990948008 0.267610283777 0.189269666541 0.378092295226 0.252961305775 0.26156706662 0.217468431457 0.22977522597 0.516776749228 0.284756154392 0.275312871491 0.332758850197 0.307546805154 0.102248633552 0.0888964904894 0.14555517986 0.133315907556 0.209253653296 0.203894917439 0.363285371977 0.339890207051 0.178569561636 0.187063555777 0.295201103942 0.282751376782 0.152266276341 0.151354797259 0.128978311415 0.14930936814 0.157624504618 0.22977522597 0.0909482180405 0.0970015708993 0.26156706662 0.244052277389 0.272788298724 0.293634485219 0.251498384752 0.48621095697 0.459583906637 
2001130201 1.0 0.192394811806 0.170312413546 0.282501792469 0.203360622519 0.350232183228 0.24803780343 0.24257431868 0.21436091785 0.205623288763 0.519730068331 0.3027834791 0.306918126474 0.343655979141 0.344166302172 0.102306042158 0.102306042158 0.159974789002 0.152625040414 0.205623288763 0.205623288763 0.359449803286 0.353902957876 0.181908813039 0.179525046869 0.311100398236 0.283854022577 0.153666861658 0.136628812884 0.141222654527 0.138944720414 0.140315918639 0.205623288763 0.101050705756 0.108658879922 0.265558678459 0.242902965787 0.257877362196 0.291617087769 0.263083819194 0.48333646932 0.469403370142 
2001140257 1.0 0.186167095909 0.187443685237 0.288077890898 0.198083022853 0.373229791077 0.233450648077 0.244819131187 0.196956170021 0.203311222268 0.548824441047 0.287525487914 0.283964663379 0.330822552448 0.328797974611 0.107286224014 0.0929981109951 0.147582533294 0.148869614637 0.208637033541 0.214720582287 0.349653473698 0.342997170285 0.158791140783 0.157079870927 0.279961387299 0.272362332314 0.146392768289 0.148012803984 0.148334687953 0.153392997769 0.135801220109 0.203311222268 0.0958602586539 0.0938489806049 0.239567708184 0.221714665024 0.245855955863 0.253246017363 0.267473606858 0.458552363717 0.469380405454 
2001140383 1.0 0.188651298315 0.194457307341 0.291709209404 0.197913982305 0.343745337687 0.24233817402 0.24233817402 0.206039293399 0.203122244997 0.520852309885 0.29462382943 0.301405001466 0.328492357718 0.33773485331 0.0990939559115 0.0990939559115 0.140140016399 0.147311914715 0.215813211981 0.215813211981 0.343034384832 0.343034384832 0.17461278391 0.177997663796 0.280473529565 0.291383563107 0.149141946556 0.164699727599 0.148138226732 0.163459812392 0.13145060735 0.203122244997 0.100182933179 0.0957527445648 0.24233817402 0.229222735621 0.250105091163 0.265212591525 0.303333797853 0.477487206404 0.497518595105 
2001140397 1.0 0.182105445175 0.175509027698 0.292411137791 0.21057511805 0.368781778292 0.235339362166 0.232856655954 0.207385021177 0.20894525517 0.508828048466 0.282842712475 0.284529901693 0.334868260868 0.334715084862 0.107814338675 0.106698713135 0.153478192443 0.157110663813 0.209190544147 0.20894525517 0.347100320482 0.329205207091 0.167536193309 0.16996731712 0.292878435153 0.290828465906 0.150327278291 0.128369125878 0.151798336759 0.131396184362 0.157978685136 0.20894525517 0.0958988070655 0.0973143641509 0.256738251756 0.233882138482 0.256738251756 0.257336787542 0.288823135186 0.478494790941 0.488989888557 
2001140494 1.0 0.167051515164 0.172498157285 0.281649228614 0.18972969718 0.356483633904 0.241705192878 0.241705192878 0.207679511248 0.214716180827 0.511492751537 0.288770454107 0.294208743372 0.332964348836 0.34446941951 0.0947777766593 0.0992042313837 0.157800268386 0.163353237044 0.213559504174 0.216630251318 0.347903705227 0.338082634721 0.174496823316 0.189032159167 0.267887178287 0.291955100509 0.136598612649 0.154735893798 0.154735893798 0.162644103365 0.153018937535 0.214716180827 0.110540882292 0.110540882292 0.242455514175 0.224196790326 0.253443914311 0.258284146111 0.305497839578 0.47126827952 0.496021156919 
2001150019 1.0 0.183185826362 0.184938840719 0.306949283554 0.216152109962 0.386931590538 0.259312860316 0.264243203945 0.212235440707 0.215554177669 0.545786885816 0.287630018186 0.287630018186 0.330242944943 0.345522282797 0.102875538177 0.115856889273 0.160664598034 0.161465922696 0.194131772437 0.198731132398 0.324924041002 0.343461681547 0.176365533025 0.183537768716 0.270995030692 0.284698393063 0.143702785113 0.154522262415 0.173785333909 0.17041054015 0.145487981326 0.215554177669 0.101613213829 0.0977284596867 0.214353309397 0.193465795269 0.218231971989 0.249159661488 0.262282188318 0.459652401721 0.46620425993 
2001150021 1.0 0.181603705044 0.175462966394 0.27490260356 0.186660544873 0.362379491506 0.24509730303 0.258516663577 0.214932308031 0.227953668711 0.521112834124 0.292324132792 0.284830063511 0.33178788506 0.321114884224 0.0946088288951 0.0933302724367 0.147568117772 0.158935726896 0.22570254625 0.218398063714 0.380690635143 0.350797521757 0.161931245568 0.188979398316 0.279507657645 0.296152198051 0.147568117772 0.133797088944 0.144690468765 0.142915058352 0.176487078007 0.227953668711 0.10641288305 0.105846853062 0.243437274601 0.23044360731 0.256884891957 0.265169910149 0.289225202868 0.495587716447 0.469058865843 
2001150068 1.0 0.163530334634 0.158724838897 0.298228523008 0.192305469855 0.355765119232 0.230866701199 0.24570739768 0.197113106602 0.209449703556 0.543794510513 0.280042261261 0.287695988599 0.331169059242 0.335468335039 0.0980569343363 0.0980569343363 0.158724838897 0.164446478131 0.195759978696 0.195759978696 0.336397183153 0.341443763677 0.204536553369 0.199212595368 0.305767208902 0.290573819492 0.16118135469 0.156967683224 0.149269185454 0.167716941931 0.14139683868 0.209449703556 0.105439705481 0.103559664848 0.26244589125 0.24042990888 0.252297887364 0.286246223551 0.292437126602 0.455585417178 0.466340764399 
2001150145 1.0 0.166995398084 0.159047634529 0.266832171411 0.200258963638 0.355641322468 0.258374064023 0.278596468216 0.229004886208 0.226567153891 0.489902986145 0.270278274207 0.267524943251 0.322907876251 0.323861815925 0.102414098548 0.105383237998 0.149447815493 0.157879582238 0.188842266924 0.179461187636 0.326706923133 0.323861815925 0.233540076697 0.210766475996 0.333251059277 0.277709216064 0.144408792353 0.159047634529 0.140510983997 0.169197630316 0.157879582238 0.226567153891 0.0955578002496 0.0895585311595 0.234331293226 0.211351127538 0.23115017789 0.277709216064 0.291581452319 0.463499926255 0.471549921776 
2001150153 1.0 0.17474011732 0.172452245424 0.282739344964 0.191733327129 0.355832074027 0.24705554828 0.264988523907 0.20572309126 0.217582550544 0.533472720323 0.284364136107 0.293978372418 0.333523918445 0.329883973483 0.102086391059 0.091760097445 0.143488941564 0.140014660325 0.196075627829 0.197206687392 0.353008143178 0.327951986306 0.18256548416 0.199926908132 0.27150318057 0.286201816348 0.149772914032 0.171806181757 0.14371020452 0.171713688516 0.147528597879 0.217582550544 0.0908903138582 0.0924500327042 0.224411734472 0.206724557649 0.243166708202 0.257076629093 0.285757403322 0.478362897333 0.464581312325 
2001150164 1.0 0.177387035362 0.177080931536 0.296870973457 0.208395600804 0.354315014155 0.240314907106 0.234082294392 0.206039293399 0.204652252416 0.541759469631 0.288153929056 0.297236240865 0.324169901519 0.340454694723 0.099503719021 0.109497452573 0.140140016399 0.151398382518 0.188795032658 0.189583623658 0.35876576103 0.359973475823 0.1713193868 0.168284117739 0.278824526858 0.28602800006 0.150319520442 0.153179601235 0.155377412263 0.148959955095 0.144053428309 0.204652252416 0.096879286196 0.0911073876423 0.252855655739 0.244788346535 0.268869467815 0.259212466274 0.284935288815 0.471052738256 0.495469779558 
2001150289 1.0 0.168641162824 0.168332295966 0.285700346097 0.199003554376 0.357396276214 0.244261789511 0.244261789511 0.210318738324 0.220229991053 0.520324828091 0.282816952832 0.285153376203 0.324223276035 0.328567969996 0.0981192837238 0.102528402271 0.152176822082 0.151662999044 0.205627023854 0.213145234346 0.358740627244 0.345551303833 0.185678426143 0.19524158267 0.276489983678 0.297960036214 0.142279819525 0.167091119248 0.153453852768 0.164501619084 0.148980018107 0.220229991053 0.0981192837238 0.102655215433 0.235364705396 0.234866695587 0.257485761876 0.264858216984 0.306143724444 0.466425857737 0.479844592175 
2001150310 1.0 0.170458980179 0.162486485851 0.297124038445 0.219288407793 0.356216337579 0.248806222169 0.259118211851 0.21387169198 0.214921850032 0.536305726962 0.300928395515 0.298397546723 0.343997616759 0.346503194995 0.107543597877 0.11365090592 0.145234453229 0.148062649678 0.175527968661 0.169832162603 0.344685887988 0.33745925759 0.174783772727 0.192589152341 0.266868238427 0.267754846313 0.152478690804 0.165807299244 0.154716038799 0.179598916931 0.169552833199 0.214921850032 0.0851599433705 0.0837568829021 0.219935914343 0.205911129565 0.228134421997 0.266868238427 0.282065728217 0.475049362149 0.475223943887 
2001150328 1.0 0.18287210277 0.183109034983 0.301118916162 0.20967438905 0.344123048215 0.256487915531 0.252741707989 0.214040231731 0.217854911567 0.564507970518 0.289021200483 0.282854975239 0.351107653968 0.346258268588 0.107121348853 0.112259737884 0.181921288168 0.184993568695 0.219375386084 0.226122977616 0.3282605789 0.323694100832 0.17086041863 0.190535366157 0.273133381502 0.292500514779 0.155168399263 0.17145148683 0.156559240333 0.170012470872 0.160389444242 0.217854911567 0.108861097291 0.110834570902 0.231429378401 0.220492476298 0.2416331213 0.272550724541 0.268705772453 0.469462279552 0.46126360413 
2001150345 1.0 0.192447373407 0.191344092541 0.287102184037 0.191933298223 0.361639800209 0.235339362166 0.245150566555 0.202315460405 0.218417998385 0.52070740656 0.288671060111 0.299092959542 0.33841341802 0.342228983997 0.0992562319281 0.0962236867037 0.166748979909 0.165985434397 0.220987710295 0.208364264935 0.34730538485 0.34481746268 0.164018003384 0.173713641017 0.289890836778 0.302518247465 0.148195449727 0.134095679931 0.15121246042 0.134095679931 0.157700483462 0.218417998385 0.112079213846 0.110940039245 0.232867431491 0.217900419462 0.235998157954 0.268664592705 0.283988131791 0.482436769344 0.488628631282 
2001150363 1.0 0.177130920053 0.17850653678 0.257245547129 0.194171622443 0.388511177108 0.259768859583 0.270772775031 0.214064674366 0.223018948714 0.5265217369 0.281925660787 0.292653824035 0.324720490806 0.333001585238 0.0985859383539 0.0985859383539 0.160007990407 0.166794358746 0.201911869035 0.191975613511 0.365900854034 0.363396492188 0.184967142157 0.189840112004 0.271314260957 0.278843142159 0.135747258136 0.163336593664 0.137300070944 0.163635836529 0.149469343899 0.223018948714 0.114930250699 0.110296379871 0.250305576268 0.240470169901 0.259768859583 0.241012075197 0.268838659022 0.460996236875 0.472905012357 
2001180134 1.0 0.16297817661 0.176519504758 0.295213951252 0.207236470761 0.371160766167 0.241881946883 0.241231288147 0.21024823947 0.214228638671 0.521219666802 0.301209089373 0.301925711989 0.356196894846 0.355092063106 0.108209213063 0.105077387517 0.155703612454 0.142941316768 0.202343830003 0.205331683372 0.358560755416 0.356031388652 0.178401547034 0.185103380025 0.277088426447 0.300163675063 0.154817847212 0.142941316768 0.155071439269 0.14016549298 0.15070235044 0.214228638671 0.0870832765406 0.0931863376075 0.238281338066 0.227050793587 0.249636277652 0.258452398782 0.270050566465 0.474289873481 0.476562676133 
