Leaf
2001130124 1.0 0.18111213305 0.174887215816 0.272256502252 0.20124742324 0.35971035142 0.238600049794 0.224661577778 0.194930496736 0.187741629578 0.523221393496 0.299265187262 0.281909079331 0.346647219207 0.322671530524 0.102876760513 0.101380291533 0.160057779232 0.164065737275 0.202477726965 0.198234638781 0.3696892872 0.368524745584 0.154469811692 0.143173373776 0.269860203742 0.25100809263 0.145883103325 0.141832769593 0.135565735285 0.132933140307 0.151472537766 0.187741629578 0.107951160493 0.106436294036 0.276434595494 0.259686725748 0.262976343908 0.301079028706 0.25553384342 0.493050374983 0.479297253584 
2001140456 1.0 0.189563510991 0.176887855004 0.256146026221 0.198864555373 0.369212924048 0.239619495578 0.233137481723 0.186821037178 0.181833576564 0.51194562185 0.308581812086 0.296207874963 0.351259329661 0.32906964226 0.103641637294 0.0972178379842 0.156676722071 0.133075565593 0.205877948048 0.205877948048 0.360683486812 0.381205840683 0.155124917016 0.152925937552 0.274503930731 0.252275857519 0.138188849725 0.14027396273 0.125721683666 0.134041644087 0.136545083591 0.181833576564 0.0866942130958 0.101121098676 0.271490883391 0.24096191222 0.241630323801 0.318560194312 0.231749746289 0.498246983383 0.476335917797 
2001150003_14 1.0 0.215748270391 0.17527133538 0.263795618412 0.179613160717 0.370710136074 0.242742858471 0.228051476809 0.209448815086 0.181715083794 0.514605983036 0.312537464078 0.2904731121 0.375101953923 0.331917100777 0.105793354629 0.0830157555513 0.147531789148 0.146745853646 0.207115406027 0.159551823596 0.35992603038 0.366858244544 0.156026037788 0.136689194217 0.303666355818 0.215574361634 0.175458472126 0.16138267837 0.0947597793952 0.138314406565 0.158884404085 0.181715083794 0.0934144228643 0.0814383409656 0.270256589748 0.22477296916 0.192432645642 0.359161061741 0.188336730131 0.53516111558 0.447821899046 
2001150251_14 1.0 0.187707926462 0.154609849142 0.255480005287 0.196892301891 0.348550033627 0.249073550528 0.236421157423 0.222803085168 0.199971117369 0.516161828641 0.278886232962 0.246991090267 0.344833427382 0.265145078741 0.118351445389 0.0806109345222 0.150827662009 0.132058344658 0.216301835186 0.208802576575 0.345846628545 0.328197086003 0.208056470036 0.170008121643 0.341336762997 0.242039410015 0.188534577511 0.158055914035 0.0896778744451 0.130365218932 0.145313874111 0.199971117369 0.087483396078 0.0849713858016 0.288479467198 0.237919880244 0.230834587246 0.43671807853 0.171017854014 0.548150301898 0.409832390845 
2001150251_22 1.0 0.182962465565 0.165295261232 0.28173710497 0.205023538558 0.347501164483 0.245265751042 0.236610424361 0.217547919099 0.191852924027 0.535795732679 0.300569178413 0.285347296912 0.361644259862 0.325427970312 0.112876361925 0.0971111324283 0.166476894504 0.152121128913 0.222864096269 0.214878518384 0.339432096355 0.338741621853 0.189597599614 0.167097165502 0.312871325958 0.259273548135 0.173146285154 0.156461765317 0.119621089918 0.141937102962 0.140083655387 0.191852924027 0.0945543799575 0.0962098495201 0.266665396186 0.224058041369 0.225873286061 0.367365439868 0.252377644813 0.525027295108 0.473232354632 
2001150251_25 1.0 0.182678428103 0.171191026178 0.286034861733 0.211486750444 0.355995732481 0.238629764453 0.225404988633 0.214091786539 0.185537228741 0.5281817991 0.313385523337 0.300096664457 0.376601227296 0.347591966455 0.113235311014 0.105663918699 0.169349501726 0.158698879952 0.227555871912 0.217310611777 0.342725308981 0.344696462074 0.182064381229 0.150996896363 0.311988792151 0.259751257994 0.171485140976 0.145174033529 0.123045994215 0.128564869307 0.140110309358 0.185537228741 0.0929796236766 0.094473127906 0.269796189925 0.221824320692 0.226025154303 0.371511787578 0.251426533155 0.535300075889 0.475201986097 
2001150251_26 1.0 0.178702272291 0.173992756632 0.283064647657 0.213686807089 0.351798621566 0.245015463754 0.225971357847 0.215807634188 0.192668574624 0.523157419875 0.298344410803 0.292797211459 0.35632349996 0.342600889829 0.113871391555 0.106025343187 0.168262892149 0.159735571711 0.218178132401 0.209355124963 0.34258524988 0.339837174477 0.185296918266 0.16279235317 0.304565401869 0.275058007903 0.161237977178 0.153892721382 0.129502786657 0.136237255638 0.140115014941 0.192668574624 0.092648459133 0.0954402142592 0.257449347089 0.221299301334 0.234352115169 0.349920231199 0.279022838253 0.522306648505 0.485030312856 
2001150251_29 1.0 0.173970452304 0.166082057924 0.280111045989 0.209832931044 0.353349271106 0.24340330936 0.230529076199 0.211892338311 0.186416622352 0.532679997657 0.300247439943 0.290760600278 0.363970269585 0.333963045289 0.115336049556 0.100842418607 0.166511766425 0.161790152585 0.225782841739 0.214291341951 0.354421040924 0.336586261205 0.184876941545 0.154419507464 0.302509085471 0.259979626988 0.163311882574 0.152845217432 0.124988318624 0.127986900309 0.143036071428 0.186416622352 0.0948307179876 0.0901962012086 0.256424364633 0.223728449078 0.234289685782 0.347134258246 0.26168664081 0.52815123131 0.471246428321 
2001150251_31 1.0 0.183219090631 0.169196346007 0.282305979727 0.209112544282 0.355367924953 0.240358281354 0.227586640478 0.213178422942 0.185458103538 0.526230628527 0.303263413659 0.29262444439 0.363573572239 0.328506980667 0.118414672342 0.0943615496401 0.166969981291 0.155466553714 0.222549724245 0.214105738003 0.341967846106 0.33309844937 0.191760450553 0.160928056789 0.316145963692 0.260762271541 0.175078736342 0.155961333722 0.117668745723 0.132578549027 0.13606104411 0.185458103538 0.0984710928479 0.0955208259112 0.259110922856 0.213977184562 0.218179458484 0.370277681594 0.24813157638 0.53537485637 0.466659171836 
2001150251_32 1.0 0.178276248205 0.158175656703 0.261792672801 0.203471154228 0.339700218151 0.24831008056 0.241502271322 0.217434250547 0.190702453115 0.521681229453 0.286699553871 0.278289241235 0.345177643972 0.321918518152 0.110417140789 0.0994435620806 0.160367420574 0.153359027445 0.215121567015 0.21398020166 0.339331912783 0.331282878747 0.192199248809 0.165767211176 0.310717903554 0.242127116535 0.164600155123 0.151582080331 0.109801998728 0.144147177547 0.132469107336 0.190702453115 0.0896916918873 0.0911323830396 0.256301807193 0.215024665403 0.216545829045 0.381746269321 0.232466203161 0.530269600305 0.445485994238 
