Leaf
2001120022 1.0 0.167808684402 0.163006057048 0.266975569365 0.204185642723 0.351016555995 0.200325708597 0.199297511687 0.167236375407 0.169109546385 0.476391640025 0.280534118925 0.278180767717 0.323015499264 0.316850841416 0.105198260306 0.100674327519 0.155612330815 0.156139533898 0.202163285424 0.192444817919 0.349883169957 0.339391432829 0.135776749482 0.155348058339 0.255171676 0.271603931409 0.134560813804 0.112008405348 0.138572446416 0.117031528562 0.155612330815 0.169109546385 0.100674327519 0.0960799626802 0.229811305597 0.215159847392 0.238698419137 0.284749998719 0.308484098539 0.492339831655 0.478113543133 
2001120141 1.0 0.172190358332 0.160288744546 0.266034676013 0.181071492085 0.292597574957 0.216412498947 0.224300936509 0.178714712765 0.180524328976 0.483913058826 0.278289209484 0.281520542261 0.321853380662 0.320973998197 0.0928476690885 0.0910028295176 0.144622859958 0.143050825662 0.174877814084 0.173172440583 0.294858906961 0.303782448711 0.159315948697 0.159935685208 0.266300153253 0.255299954376 0.140760271131 0.135855641138 0.132911051663 0.13130643286 0.127815936058 0.180524328976 0.0857250524881 0.0908474018559 0.207613699634 0.186757763984 0.19613276384 0.326171411549 0.307665400832 0.470287308598 0.469926566554 
2001140121 1.0 0.163439324199 0.163439324199 0.247571218831 0.183166072383 0.277268522553 0.227935116537 0.223866941068 0.18641524429 0.181553427004 0.504944307651 0.245782960294 0.248756249387 0.285670520218 0.281479104837 0.0945779161991 0.0896561799822 0.129565267091 0.126017486139 0.1885069254 0.184963492856 0.307764170206 0.316595664225 0.148347925406 0.154973109359 0.261577880141 0.268329983923 0.128520751746 0.115462979117 0.127275273408 0.121764585925 0.149663675561 0.181553427004 0.0798233560161 0.0798233560161 0.283388047892 0.262419720658 0.276958996955 0.326766170795 0.287125194547 0.426800947909 0.414005511626 
2001140201 1.0 0.173859393519 0.1739702379 0.261084602091 0.167765076431 0.285895987035 0.232495277488 0.22499480573 0.197333498668 0.204246093778 0.49709027274 0.248525745292 0.251149188166 0.281136387179 0.280587292149 0.0869296967597 0.0809588983142 0.132010764573 0.132884053685 0.210840861766 0.210108137181 0.313798292035 0.324905341202 0.151205460671 0.15005364606 0.265259876677 0.269585051107 0.131571946413 0.124185281085 0.140087382332 0.129206415171 0.149280832444 0.204246093778 0.10031373079 0.0945766923834 0.255486883111 0.235952034062 0.247281553521 0.305833832648 0.305266012768 0.452765637862 0.443994944756 
2001180116 1.0 0.166796240167 0.16124157186 0.253327703891 0.159996444563 0.313397282988 0.209226748255 0.218373005376 0.183420143938 0.173072887122 0.473369760151 0.273327259462 0.2687359531 0.313042560426 0.302060241204 0.081101698164 0.081101698164 0.124004412629 0.132326614383 0.187849196335 0.17332948161 0.303235005934 0.298508208921 0.152312077442 0.145598962289 0.262968595296 0.233232892898 0.142513888569 0.138721264317 0.116425740767 0.134986711871 0.155631441961 0.173072887122 0.0894407315503 0.0866647408049 0.24156357774 0.219995111274 0.235697022742 0.323377689526 0.29287192696 0.474775951268 0.443210688012 
2001181106 1.0 0.156954444993 0.156954444993 0.244260543906 0.156954444993 0.332392738096 0.230396857274 0.224160733149 0.199635208776 0.190288284333 0.488106442594 0.238174929978 0.240711775947 0.270296946662 0.275490683927 0.0757419793351 0.0821537112663 0.110983552392 0.110983552392 0.181854992086 0.167561350744 0.315891435755 0.337980408088 0.15802581883 0.158665170674 0.256787848866 0.261088578792 0.125132804962 0.125671013058 0.132468879042 0.127536856564 0.140624502009 0.190288284333 0.0757419793351 0.0743933496044 0.247144799838 0.220823918962 0.243291526877 0.274016804334 0.314177532646 0.423589825216 0.457449392481 
2001181170 1.0 0.154268455491 0.154543036169 0.271190662364 0.175523121863 0.281821580175 0.190355354818 0.195193805794 0.154817129856 0.169876755113 0.478952125474 0.2710864184 0.269203124454 0.311499954405 0.309314601812 0.0910028295176 0.0865454066101 0.127815936058 0.128036879933 0.171614881665 0.174877814084 0.316227766017 0.318631897395 0.140358098105 0.156992652844 0.245306421132 0.261804409622 0.13668530162 0.121233531864 0.140760271131 0.128587578732 0.137201291758 0.169876755113 0.0784963264219 0.0784963264219 0.245306421132 0.22860700886 0.243455898365 0.317209426464 0.300978243018 0.47373048941 0.464238345443 
2001181173 1.0 0.165215397669 0.170937372523 0.255342042633 0.164958386265 0.308517211695 0.219865908534 0.210936251838 0.181919726429 0.168184846579 0.48932831235 0.259735346354 0.258808009384 0.306862459056 0.307276982642 0.0877144845068 0.0840924232894 0.136219343553 0.137253673845 0.183699123961 0.185766234808 0.281879007051 0.292080478872 0.148155481411 0.13828026761 0.252669396426 0.249741755568 0.126418632249 0.126865342588 0.135594958248 0.128746571118 0.150617018893 0.168184846579 0.0857577814596 0.0785262955378 0.212738873246 0.18622247676 0.209590981406 0.300576012889 0.287836953379 0.432892243923 0.436244389693 
2001181230 1.0 0.151983492959 0.151568236738 0.264079774881 0.208386242087 0.320764300128 0.207096851685 0.200996477654 0.167470932086 0.166243330467 0.494510246433 0.235839632264 0.246617044416 0.284584338422 0.297522835079 0.104871419772 0.107248411 0.143779296338 0.151672157379 0.181382207636 0.179724120423 0.316362268495 0.311392524408 0.130569898555 0.13307993863 0.233489570183 0.243725018153 0.131051707936 0.120137107987 0.138873744347 0.111427540616 0.128010650929 0.166243330467 0.0887594164867 0.081735808828 0.229129988165 0.224615695428 0.236106721401 0.274150237103 0.321206090635 0.42869971204 0.462674156029 
2001181240 1.0 0.161115750115 0.151503749764 0.266328295667 0.175877176384 0.311594377368 0.18118119361 0.195138117509 0.153078933696 0.151170040659 0.47748668639 0.259411991014 0.26115823954 0.305703902521 0.307885030917 0.0926575683824 0.0877589381815 0.147791512596 0.150751865472 0.18215417211 0.18118119361 0.31923979192 0.319753516 0.119866430722 0.123600186941 0.243547092164 0.227074992835 0.137157505092 0.106834287434 0.132188747465 0.117740970844 0.131901899935 0.151170040659 0.101127425679 0.0970500707184 0.248219761192 0.2313712382 0.247200373882 0.296180421839 0.304711086142 0.462141831007 0.476136243037 
2001181255 1.0 0.173306205547 0.174170581011 0.254444884469 0.179176230218 0.306664393475 0.196753222258 0.203506717698 0.157147949582 0.16092507478 0.497650076055 0.269724940388 0.273045135317 0.31269912728 0.318619582226 0.088369172391 0.0952746388059 0.130970781359 0.139125537679 0.188170071935 0.181305498071 0.339854996022 0.331503962807 0.137314715962 0.147621444149 0.258672373147 0.271574504504 0.131732984388 0.119093298507 0.129174818842 0.116257336958 0.123630492119 0.16092507478 0.0802548917861 0.0802548917861 0.240487296608 0.238606556078 0.26460351003 0.270774577864 0.318357624127 0.453438574632 0.46631930689 
2001181319 1.0 0.16309998633 0.157202843935 0.280764847751 0.197098423247 0.320258828113 0.200738444713 0.202300635159 0.183448608875 0.179633570745 0.48305132253 0.231747513733 0.242241487238 0.286096301918 0.292624053642 0.0994238082983 0.101616092802 0.135126200989 0.13582333133 0.188610033369 0.181117089112 0.321338300182 0.331465462849 0.160473092483 0.154067573654 0.283720642185 0.276300354186 0.147277085463 0.0953837717162 0.151075685476 0.0920241278526 0.107194376466 0.179633570745 0.0763152681183 0.0703032490591 0.247448811936 0.23065821269 0.253544059204 0.282553176963 0.303035692944 0.424534819169 0.453365955314 
2001181352 1.0 0.167450176939 0.163220445359 0.271775520355 0.185023172094 0.306717666262 0.227413002887 0.237442274656 0.182212070957 0.198985070069 0.509916972188 0.249145196854 0.249812610846 0.294928098869 0.297065694599 0.0930499703363 0.0951730565146 0.130576356288 0.138977201342 0.186278796976 0.181112189252 0.324907095747 0.320521487231 0.153331687572 0.160026805174 0.259361345044 0.260706024652 0.135088955661 0.123498676677 0.147124921237 0.137653005519 0.139694199401 0.198985070069 0.0826240531382 0.0801693236234 0.242644636168 0.231979839302 0.252925867049 0.293172727404 0.305193864314 0.461548921394 0.462557930234 
2001181402 1.0 0.153409090909 0.147727272727 0.2616105553 0.170549216134 0.295672996165 0.201764555734 0.208608633531 0.176411076094 0.187413892074 0.472138236603 0.24668515166 0.256375322106 0.28215247768 0.302473446687 0.0859815110819 0.0869151053453 0.137542254965 0.142045454545 0.19983528858 0.201524407397 0.315123286906 0.33556416046 0.160102304586 0.160806496569 0.268010827615 0.269931216369 0.127682983263 0.10675167175 0.146079092411 0.116995797057 0.133129255839 0.187413892074 0.0992286886169 0.0940508258934 0.258444668535 0.238703994745 0.257255259606 0.310062810219 0.300868233974 0.450622274066 0.462187184809 
2001181426 1.0 0.16485670445 0.164287249538 0.246525929614 0.171132551602 0.308114642408 0.205359061923 0.198985289644 0.156096903817 0.1544370539 0.50012884334 0.268367271581 0.264498078255 0.301271068301 0.306131214836 0.083276693808 0.0900358914007 0.130779312306 0.126221133407 0.177977853666 0.171679302361 0.31584968479 0.318508896508 0.123405437941 0.119548061073 0.229598411127 0.238801970562 0.118168235088 0.12187713826 0.132911724281 0.116168628211 0.136906041282 0.1544370539 0.0798292540828 0.0835575603518 0.251326083306 0.239585572243 0.260211532611 0.292431432367 0.2971996505 0.460063376389 0.455096768546 
2001181440 1.0 0.163378488372 0.167262109576 0.240950071134 0.178023193022 0.303207630094 0.232172690562 0.226935933773 0.182569197674 0.179627382082 0.503118519196 0.261556040285 0.261399310396 0.292568650912 0.299536096525 0.0850884335723 0.094230017581 0.129834519099 0.12941297734 0.16611478122 0.157243202843 0.334932324976 0.348797962405 0.150495965301 0.142188165664 0.245721822903 0.249363979766 0.127284329261 0.120333216759 0.133261368846 0.110880161172 0.145323998472 0.179627382082 0.0796143922337 0.0796143922337 0.245721822903 0.240950071134 0.250511743327 0.278797404948 0.309097439742 0.436191273604 0.455794043928 
