Leaf
2001110026 1.0 0.175907351257 0.160188568127 0.269282765039 0.2143529095 0.351814702515 0.216524868936 0.233173350366 0.17736009634 0.177954838452 0.527922235554 0.282148094393 0.281076099277 0.324357129057 0.322490309932 0.110436526635 0.105687328099 0.189059239992 0.190490924857 0.224196679153 0.220667939725 0.337359334767 0.352414849879 0.159716730377 0.160188568127 0.282842712475 0.256301709003 0.142643506026 0.123471790377 0.135924507349 0.135702226731 0.138672955832 0.177954838452 0.133797932691 0.13060093328 0.239559343891 0.20907703735 0.2195707648 0.312748014789 0.256124969497 0.501920838681 0.47804633864 
2001150039 1.0 0.175917608312 0.161099291754 0.262905695959 0.221622987463 0.350625117712 0.238759800906 0.246801830581 0.191255229707 0.200146048415 0.510664590328 0.300528599696 0.304262017373 0.350625117712 0.345665530994 0.115247457057 0.110180426534 0.175085126251 0.165009246814 0.202127086946 0.190698849678 0.348077848101 0.372126168805 0.171327661956 0.174401048907 0.277552630823 0.260163317016 0.143759365654 0.145868866197 0.127503486471 0.149821694174 0.139254032196 0.200146048415 0.103722711351 0.108724233539 0.266019491834 0.237979720125 0.237420950347 0.319466283566 0.260622384102 0.508161573079 0.500975274103 
2001150062 1.0 0.190591185525 0.176776695297 0.280178514522 0.220510770712 0.385810834477 0.22825424421 0.232647802483 0.201556443707 0.19137659209 0.500224949398 0.318198051534 0.310362691057 0.368951216287 0.358921997097 0.120933866224 0.104403065089 0.169852877515 0.161012421881 0.18117670932 0.17 0.366230801545 0.385129848233 0.179234483289 0.166207701386 0.31304951685 0.26856098004 0.156604597634 0.125299640861 0.134629120178 0.138924439894 0.138293166859 0.19137659209 0.0961769203084 0.0970824391947 0.264007575649 0.225887139962 0.221472345904 0.316227766017 0.226384628453 0.531083797531 0.493963561409 
2001150128_12 1.0 0.179059743329 0.177260102244 0.291889202882 0.225151595378 0.383566226694 0.241493045065 0.253228717491 0.203308850606 0.204159518968 0.55142795567 0.352706790015 0.349721354791 0.406020549121 0.387767909287 0.121372851786 0.107031798511 0.199869975065 0.205639721294 0.224187344286 0.213414917964 0.374142578408 0.370535235147 0.167818090836 0.164005326033 0.292156269763 0.269957310959 0.163582085776 0.144991483644 0.135539233738 0.141543852021 0.144332564175 0.204159518968 0.142276611976 0.136938549641 0.249540305264 0.233168217555 0.237038340872 0.304131003425 0.24992199823 0.547659269902 0.503523116248 
2001150128_14 1.0 0.176191825805 0.160928358769 0.292674711721 0.227959855781 0.375911334956 0.249751511048 0.271169979625 0.231691397026 0.235904312947 0.531027607677 0.334432537065 0.315192295652 0.400496422872 0.355574011484 0.131934869855 0.101362041193 0.201252763223 0.199728099118 0.228889170094 0.210128197101 0.365187126127 0.380602972583 0.194908443071 0.192100070155 0.31180667335 0.269977466125 0.180759109924 0.166120925866 0.126076918261 0.160293947527 0.16156027884 0.235904312947 0.1399304768 0.127216695557 0.261704850064 0.235219433827 0.220615363608 0.339947400893 0.201083926983 0.547590769503 0.478474408972 
2001150128_27 1.0 0.181308761391 0.173234933041 0.271283233168 0.219841992322 0.357333289598 0.241613411679 0.252124019851 0.208458569632 0.203255254618 0.547816958715 0.351286957357 0.341692963648 0.40906926936 0.369528988297 0.124921486756 0.0979964767131 0.198660283528 0.196181317673 0.240540930873 0.231423676568 0.378100562626 0.378783759864 0.178899065191 0.161768409296 0.311230059774 0.25648132431 0.167819998055 0.153869592091 0.109563391743 0.146175796636 0.154049521514 0.203255254618 0.138854205941 0.131826767087 0.290513882159 0.262284078575 0.253693991268 0.378686235722 0.238961828356 0.576128125293 0.509295292158 
2001150128_28 1.0 0.176357792586 0.159626968996 0.279640777601 0.207121723351 0.357557873828 0.249444649444 0.246161358058 0.208589585993 0.211756880246 0.53813520331 0.32912156708 0.306397516096 0.390010241104 0.336538461538 0.120710421742 0.0897893656148 0.195455014573 0.186548374043 0.255704155978 0.245145168923 0.404875062912 0.399264301245 0.179011503382 0.171358995461 0.300548069386 0.258937862369 0.178390652367 0.152518308145 0.114257313673 0.136660292342 0.161584242597 0.211756880246 0.135982073305 0.134958354304 0.319253937991 0.292535336459 0.273895036692 0.369811242433 0.20003697883 0.554783528337 0.471251952109 
2001150128_29 1.0 0.178824854916 0.173765398463 0.260901461641 0.207632559968 0.366342149846 0.255915623845 0.265420658697 0.219203288668 0.21494207546 0.514037114775 0.27420560732 0.276395567088 0.32620120809 0.314942819206 0.110408722741 0.100542786178 0.182889056165 0.186112018831 0.225004106454 0.218863935304 0.364103440394 0.36534886144 0.198189722703 0.191535590151 0.300256190749 0.272786329738 0.158138692048 0.151197026394 0.127553776143 0.14732379158 0.142247043684 0.21494207546 0.128521328133 0.12605577328 0.258196757308 0.239787873638 0.236458288272 0.296017849326 0.21494207546 0.500573662091 0.435685406772 
2001150128_4 1.0 0.178374126185 0.16811849093 0.287746011337 0.232896429388 0.387113577269 0.247258268818 0.241402331415 0.208477729822 0.199479785044 0.54108319861 0.354737272677 0.363408801143 0.415955750729 0.410449543423 0.127079041905 0.11295914836 0.209095609401 0.213782506485 0.222202023549 0.217804187235 0.370012849564 0.366669722971 0.177979201436 0.165977213861 0.303379659051 0.270801568871 0.16387952742 0.142727241082 0.128957046269 0.145494161126 0.14057461875 0.199479785044 0.140907931888 0.135476551298 0.234926994775 0.212434228305 0.223255119607 0.301712831726 0.288417721541 0.53766952759 0.535604313005 
2001150128_5 1.0 0.187560091235 0.188857435369 0.242450069519 0.221189377925 0.374275452017 0.261922045563 0.268503084831 0.213576356601 0.215599224388 0.514876625917 0.311185832121 0.31045845552 0.370389294018 0.364581608087 0.119761499803 0.113001181157 0.188905314045 0.206690530115 0.21892913919 0.217935507106 0.375120182469 0.354010312278 0.172227523382 0.169475093247 0.288097613888 0.27430094121 0.13741396839 0.129834045254 0.123990980786 0.131357483514 0.150481390963 0.215599224388 0.1276565279 0.11862341729 0.234216149889 0.226042373354 0.246702282017 0.279817212179 0.29870066551 0.523377768669 0.524051212356 
2001150128_6 1.0 0.17070381199 0.17070381199 0.295137109759 0.222329362455 0.395891858332 0.233051708944 0.245521707871 0.199885433459 0.208013548852 0.524405860973 0.328228640782 0.33551239848 0.387551174626 0.38622679542 0.1187675575 0.110348283291 0.199492997736 0.20141760544 0.20963010921 0.203797807461 0.373402922592 0.37846994075 0.169605571229 0.16702695801 0.275706775931 0.2697835606 0.152539932109 0.150230397534 0.149143070353 0.152183853453 0.149949254985 0.208013548852 0.135103883202 0.131760774901 0.233051708944 0.218858882205 0.228691313083 0.270207766403 0.288944733496 0.518754309976 0.533466185957 
2001150128_7 1.0 0.169016556747 0.17323925273 0.282318209815 0.215695386902 0.372585733546 0.238800269027 0.252902463841 0.202572590528 0.209255261919 0.52555721893 0.323911154583 0.318791787454 0.377423647032 0.368519531422 0.11611977663 0.105578478327 0.189230501059 0.194677094934 0.209034722323 0.21708091051 0.372090218664 0.371200766942 0.166819064921 0.170420711455 0.274363983412 0.277733614088 0.149310515945 0.141376775206 0.141702653722 0.140558773498 0.138742194499 0.209255261919 0.126694173993 0.126572761244 0.237379595003 0.227456802307 0.240340517851 0.270355982232 0.253933856362 0.50460282044 0.483233116478 
2001150128_8 1.0 0.177556474644 0.160823103854 0.262066996159 0.203567363152 0.359338103276 0.248600620403 0.260288859263 0.209832435051 0.212370822943 0.545606891832 0.355515115837 0.329356166641 0.420812484691 0.356242885515 0.123217848572 0.0855768087381 0.202025998042 0.194824524936 0.262747690803 0.248744278676 0.391318671622 0.396915858594 0.192796967599 0.165691829198 0.316495953069 0.236561658426 0.183493141464 0.157228837641 0.0945037758557 0.139980478104 0.168259189269 0.212370822943 0.144439368209 0.137664464795 0.342437662557 0.295994515855 0.26356220381 0.419452004315 0.218178908833 0.580179299877 0.514520771731 
2001150128_9 1.0 0.183854785789 0.169768443617 0.285743438746 0.224638169891 0.383695179586 0.257692965186 0.272034003313 0.223746450182 0.216133915018 0.539161889903 0.325841108755 0.314391712843 0.391347483674 0.354421115855 0.128165865046 0.102040816327 0.195960879741 0.200374493202 0.23006074565 0.220898924534 0.36755096375 0.37943819581 0.194038601208 0.184171659962 0.309047252183 0.257175249013 0.17945263622 0.160018741093 0.124339152749 0.149857630618 0.153210811258 0.216133915018 0.138835521238 0.126727956704 0.269511412559 0.238976019074 0.218319659107 0.335613470378 0.196003382915 0.542626926787 0.468677368384 
2001150222 1.0 0.170542476152 0.175851504376 0.287229979233 0.234099678554 0.404284592794 0.240302068594 0.23560554561 0.210422985415 0.206897608627 0.51065877695 0.320250644519 0.32555164452 0.379298814775 0.379298814775 0.121293542101 0.12000377228 0.196877592765 0.186167579133 0.19766639706 0.192738453539 0.363102271132 0.379149602018 0.155076314043 0.157160401216 0.264567110802 0.273816076999 0.146056765901 0.144694447843 0.146056765901 0.141631261889 0.168203879011 0.206897608627 0.114576353757 0.116656393326 0.27007069591 0.244908544601 0.261934002026 0.274589934624 0.252865876517 0.503404732594 0.500106085789 
2001150270 1.0 0.18958655147 0.18958655147 0.283596625973 0.245239370319 0.433885039795 0.236372346354 0.262074939705 0.203177604056 0.215089156388 0.528207874533 0.377762658735 0.35892286466 0.441608190135 0.41758499039 0.137336120392 0.119309997254 0.173922713641 0.160071158554 0.177967968648 0.177967968648 0.423928416706 0.41416210487 0.168729816244 0.178964995882 0.295277178427 0.287955117104 0.150916535581 0.168729816244 0.133392632128 0.168729816244 0.188645669476 0.215089156388 0.0943228347381 0.0800355792768 0.241584331702 0.207510236424 0.230271385613 0.272068653676 0.272068653676 0.575910234207 0.575910234207 
2001150281 1.0 0.187874776362 0.183551007787 0.309809110957 0.245578685686 0.344931374696 0.240730567602 0.253587665365 0.205257887171 0.210760874559 0.538067696007 0.358912836368 0.351505825339 0.416055156177 0.40502718059 0.130708345688 0.120507140401 0.190852089118 0.195364163621 0.224041882818 0.220118442549 0.355997323263 0.35829348675 0.156850014826 0.172614215311 0.28499215593 0.290278487822 0.164609505222 0.154324438298 0.147184794154 0.149030443609 0.152990196211 0.210760874559 0.11763751112 0.105380437279 0.245578685686 0.216597572247 0.228646222789 0.360764505595 0.305141705438 0.5742248362 0.550373716711 
2001150350 1.0 0.183278376082 0.184490815164 0.268212917002 0.23163842832 0.341361894366 0.236716038237 0.240453891051 0.189262917242 0.192764480819 0.524376080198 0.342231607608 0.341579530279 0.405264112881 0.397113545044 0.127282957416 0.115658688491 0.181239621049 0.173273717606 0.192764480819 0.189262917242 0.3707898822 0.3707898822 0.154211584655 0.169807893134 0.267658184418 0.278276075717 0.14831595288 0.156127329968 0.124329354326 0.147310409402 0.129597382572 0.192764480819 0.0879141295447 0.0879141295447 0.257179894658 0.244134521698 0.245349128806 0.304787405684 0.278543007266 0.518389530289 0.514504252116 
2001170395 1.0 0.184458386271 0.183330189839 0.326556280217 0.224994236902 0.38916870655 0.265592581009 0.255235632731 0.207734270093 0.232253974592 0.591081714622 0.328456720783 0.331599918914 0.393410452622 0.391825179071 0.109695920712 0.123906001047 0.237553226182 0.209722203139 0.232253974592 0.264810274211 0.401242882332 0.395514266835 0.167975497126 0.19324698792 0.265592581009 0.305550316398 0.167975497126 0.172845360575 0.174041536512 0.159094950641 0.172845360575 0.232253974592 0.148295992005 0.155133458807 0.255235632731 0.264810274211 0.282989377101 0.291654317067 0.255235632731 0.542393649824 0.52568864142 
2001170431 1.0 0.136599993644 0.15611427845 0.312837783932 0.215542320678 0.371284589989 0.21017527955 0.244513287789 0.20373511468 0.218176336796 0.507371404963 0.429757543363 0.436352673591 0.463849254605 0.471584000912 0.099503719021 0.117085708838 0.22840884763 0.238202202789 0.271802535733 0.260353032337 0.402297287323 0.411654288958 0.167868225257 0.160918914929 0.271101108665 0.249904780038 0.157329193882 0.130905802077 0.160918914929 0.165584197398 0.167868225257 0.218176336796 0.185128760691 0.199007438042 0.297872629793 0.273896039339 0.288124962312 0.317669541423 0.314658387764 0.620173672946 0.589964306303 
2001170446 1.0 0.169781102529 0.170825919175 0.282968504214 0.170825919175 0.339562205057 0.245963860436 0.262074939705 0.210912270305 0.210912270305 0.547397596007 0.437560366959 0.418861361142 0.459382224808 0.453534949235 0.0943228347381 0.0777806021065 0.194222604063 0.203177604056 0.245239370319 0.256585850998 0.39660480792 0.39660480792 0.173922713641 0.173922713641 0.268115872332 0.256585850998 0.133392632128 0.177967968648 0.152091001042 0.188645669476 0.133392632128 0.210912270305 0.161178930654 0.155561204213 0.337459632488 0.320697638109 0.329455498159 0.287336523227 0.322357861308 0.533903905945 0.565937008428 
