Leaf
2001140228 1.0 0.178305344911 0.192735836123 0.288904303485 0.192403245994 0.369523510953 0.214800519567 0.235454556515 0.166491513573 0.187889746249 0.513710171286 0.268020168416 0.277090631595 0.319195137317 0.330550629721 0.0982763789359 0.0994425204796 0.158934042035 0.162992585656 0.158449731995 0.177152185879 0.342278067892 0.315156574653 0.155264898173 0.161492500886 0.260556197782 0.288105119925 0.1362848167 0.137687441816 0.158207021004 0.1362848167 0.132471897424 0.187889746249 0.104345310598 0.097753628532 0.188094159451 0.195572764607 0.22573342063 0.235291292039 0.318713211822 0.458113872226 0.494111454042 
2001130129 1.0 0.191250062887 0.180831933801 0.279084067465 0.194764796485 0.352592725822 0.217531026477 0.217531026477 0.174202929825 0.17002016259 0.510521700508 0.268309995392 0.280666974551 0.322530489243 0.320593093083 0.102169402347 0.0960223420674 0.145158511516 0.137719508331 0.176492574839 0.176492574839 0.337506640061 0.335779410631 0.136507876204 0.129427888215 0.269750872624 0.253123143407 0.150680517824 0.122842438524 0.133222994918 0.119991877748 0.145158511516 0.17002016259 0.0803208208833 0.0848470704428 0.238246817668 0.221003661124 0.229244160553 0.31014521481 0.278488157744 0.498585883762 0.481148669882 
2001150004 1.0 0.172794907854 0.167010753675 0.252741707989 0.198921856278 0.39246744617 0.21944125469 0.226824927309 0.181921288168 0.189088723069 0.48386397473 0.270741857272 0.264313353218 0.305360572198 0.293683933698 0.102290444183 0.0969220206244 0.144460587919 0.14071035702 0.186394465537 0.180725735535 0.349457315083 0.334021507351 0.15674375335 0.158120738102 0.264750415696 0.256487915531 0.138223380101 0.135690828874 0.12412074788 0.132783984553 0.152822204289 0.189088723069 0.09404625201 0.0986951314146 0.236066463535 0.209743304216 0.22516224684 0.276760251243 0.25308456373 0.476429426777 0.440984952596 
2001150120 1.0 0.172130112564 0.164247292706 0.279373124806 0.182847610839 0.343757532879 0.202588733807 0.211497945945 0.173464474491 0.177731977294 0.473532829927 0.276052078107 0.270355320047 0.322294345866 0.313039941657 0.0972293130331 0.0885410662112 0.137503013152 0.152604020549 0.173131848156 0.168063472753 0.333544625985 0.331638145892 0.129737856694 0.139995717844 0.249740469392 0.251350972757 0.143251867467 0.121477340658 0.141225572079 0.116140374464 0.144454002116 0.177731977294 0.101294366904 0.0817719374718 0.221092097262 0.204288808931 0.223426272078 0.28529400229 0.273745487843 0.494027039911 0.483173163785 
2001180019 1.0 0.175467578058 0.178648518207 0.251902981481 0.196178716193 0.367859813739 0.214378221848 0.209595949886 0.159317434173 0.155017219373 0.491584264954 0.282468109074 0.272109316072 0.325628419764 0.320631862186 0.0951258338565 0.105778666431 0.134388619794 0.138922156076 0.180217935044 0.167362968077 0.354183392352 0.350131793393 0.145651237662 0.147317342085 0.247011195789 0.252349750348 0.123922911809 0.134528244372 0.133828664776 0.134946251317 0.134388619794 0.155017219373 0.078471486477 0.0747968123382 0.244873852309 0.232929169916 0.24943144902 0.265474060035 0.286100226916 0.478580361007 0.481123417821 
2001180442 1.0 0.154239646874 0.15326343677 0.263687233002 0.184177090732 0.325582174489 0.202887227338 0.207278442488 0.168538580993 0.16942680101 0.478153107274 0.282378001684 0.288360832953 0.325524544225 0.33152102704 0.0950954886942 0.0926977375349 0.131094397623 0.138877839877 0.172608287788 0.176371601565 0.348085085887 0.323674957981 0.134345749794 0.137656613861 0.232854865459 0.236373476225 0.13601125657 0.131094397623 0.132234370364 0.126283281423 0.147524920781 0.16942680101 0.0833176970946 0.0796333059381 0.249351880332 0.245331647491 0.266869841299 0.255814191481 0.294349538868 0.453462807542 0.454826111547 
2001180470 1.0 0.180685651446 0.175850865661 0.253372571209 0.195274298918 0.369235892311 0.226945781626 0.245732485967 0.185816547664 0.19660724476 0.508443130595 0.272158418506 0.274737271451 0.320135000775 0.313123594273 0.102211239521 0.0964258905121 0.138079780956 0.138079780956 0.193932191612 0.18111877788 0.332775686212 0.347066989491 0.135019461227 0.144005444017 0.252856642001 0.242415239515 0.130294276206 0.122653487425 0.133267151704 0.138834320896 0.158509828244 0.19660724476 0.0842855473337 0.0824053357788 0.224516009144 0.20236792962 0.214521888437 0.292331292581 0.24456054894 0.466435030965 0.461764091344 
2001180476 1.0 0.171189020657 0.170014468051 0.254898900653 0.177086372169 0.361036924088 0.190575460413 0.212333847418 0.158264305583 0.16823726453 0.481290054147 0.270442163931 0.273481452752 0.331373861989 0.335654676293 0.0949585833501 0.0985822757074 0.147279371622 0.145912480133 0.159053658638 0.167041957992 0.358181180606 0.355654792784 0.137425918873 0.136694924758 0.264258740813 0.250237838974 0.130508089737 0.0983278694105 0.132224120774 0.120530504208 0.140490217639 0.16823726453 0.0707779491393 0.0806992782475 0.225824919127 0.219525770632 0.239497352941 0.277572311547 0.280445064004 0.48754654455 0.470447137272 
2001181280 1.0 0.156282062352 0.15674375335 0.258116783222 0.215050655436 0.371001337033 0.20577830782 0.204722124758 0.166924197176 0.170012470872 0.473111441958 0.238078170218 0.23174140413 0.29096480835 0.281317987001 0.109654748848 0.109654748848 0.152063776757 0.152063776757 0.185383768598 0.168732559538 0.348919274248 0.34483625737 0.13947241193 0.142039289269 0.247658631618 0.250097532786 0.133001485083 0.111872856534 0.134406659647 0.104388210901 0.126884442783 0.170012470872 0.0913965285601 0.0866896906531 0.228159016245 0.204368850768 0.22516224684 0.258955280666 0.263930329836 0.44157446115 0.4297315336 
2001181291 1.0 0.191096736994 0.183938574343 0.257918418842 0.188601351529 0.371189017903 0.214459538845 0.221344276164 0.168596538327 0.166949358887 0.496533582052 0.277601821711 0.273735112768 0.330213057351 0.326062295594 0.0993464629464 0.0975418361051 0.138373610988 0.142173084462 0.16092900451 0.160560604933 0.346033870307 0.346945386856 0.137801816761 0.147086456148 0.262545467271 0.258529963076 0.13563612174 0.120696753383 0.133139087353 0.120696753383 0.133583132234 0.166949358887 0.0804645022552 0.0766964988847 0.224970937282 0.213998830389 0.219193511536 0.261566238189 0.268419361838 0.475038178697 0.484297448837 
2001181325 1.0 0.166120048845 0.166549855641 0.267379679144 0.208556149733 0.363675682052 0.202150354775 0.200231499752 0.155724275707 0.158995387672 0.502702240633 0.268713251902 0.269297931808 0.320900175159 0.325325372711 0.105063543874 0.110243465926 0.143889027241 0.13995991795 0.14596089908 0.149828082632 0.354920716707 0.359523771422 0.125183956264 0.129341033395 0.234380823538 0.249280471033 0.124840829197 0.125298123143 0.14596089908 0.121238332072 0.143889027241 0.158995387672 0.0727351364103 0.0760035850457 0.227508528194 0.2248534336 0.250653297225 0.267379679144 0.294700443496 0.473405519201 0.491629729821 
2001181396 1.0 0.166465506388 0.169088701903 0.257000822886 0.19992174253 0.382934520815 0.210641459849 0.211952919073 0.167927896175 0.168702654135 0.468510254158 0.289117116491 0.285714285714 0.342202326157 0.332244859511 0.105282030408 0.101176491995 0.133294750019 0.14136601985 0.149873346369 0.133783010812 0.351785468124 0.350578653356 0.155949579158 0.155949579158 0.260653553883 0.252844546071 0.133294750019 0.138099697227 0.126776352661 0.140440536776 0.145569862472 0.168702654135 0.0811503651041 0.069696011851 0.239127535476 0.217044465926 0.245584332973 0.300507058826 0.283480542489 0.496745619479 0.486902190625 
