Leaf
2001110159 1.0 0.182078811662 0.179932424534 0.299092773382 0.196447976471 0.299092773382 0.26361552746 0.261871467717 0.20357030007 0.211113371425 0.553555177373 0.33834951645 0.330213993464 0.382150767938 0.379797439427 0.0998085511965 0.100702821887 0.14532344412 0.148644389757 0.173620984028 0.180871160756 0.297857881916 0.296248190067 0.19068396932 0.187735613307 0.274899639727 0.283498454888 0.149712826795 0.182188201166 0.154944538495 0.174593658216 0.148644389757 0.211113371425 0.0858585621824 0.0838629435788 0.194613878444 0.183060964011 0.20061270509 0.305420690026 0.304211486677 0.481776610663 0.480409983236 
2001110101 1.0 0.185695338177 0.185106228436 0.301657148795 0.206691009359 0.391196619131 0.213815248578 0.223240157429 0.170174251925 0.185695338177 0.536395743083 0.327069666914 0.327879659317 0.370423128065 0.374944735097 0.101939377871 0.107453539111 0.163152742202 0.166653663611 0.212350743338 0.220072471361 0.377639976621 0.379618025823 0.145242330901 0.154911276254 0.264919904463 0.279814485051 0.149059568213 0.134534558799 0.159965669589 0.138759409836 0.126648899833 0.185695338177 0.102549798763 0.110177943705 0.226018611059 0.201182337618 0.223449739848 0.262315624124 0.259865418798 0.503537184069 0.507241983385 
2001120064 1.0 0.197386593784 0.178425269145 0.275937424296 0.2355622531 0.379128544715 0.215063500661 0.212594971248 0.16696331478 0.161744416498 0.528920780336 0.3221091255 0.316738542495 0.381859710124 0.371170070052 0.125444577574 0.118409669489 0.179439319139 0.178886913562 0.18753023861 0.17619253966 0.38551395329 0.386155230063 0.138921875207 0.134456865648 0.279737085779 0.251742410461 0.151093489417 0.126492149645 0.130976800018 0.122113005739 0.138326917975 0.161744416498 0.103546252175 0.0976431148794 0.251742410461 0.224666551543 0.226057235773 0.294445813847 0.267745738373 0.540031180981 0.523907200073 
2001120066 1.0 0.179618411424 0.189813585078 0.291835370049 0.2 0.346199385613 0.219953545195 0.215189612535 0.188733775346 0.193319069866 0.497115768802 0.346873417666 0.362473255998 0.38276748674 0.403813934171 0.0986033860333 0.103232428561 0.163358903604 0.168808620529 0.205045837852 0.220748560601 0.353996989554 0.329077454109 0.157535768155 0.16219300029 0.268273746236 0.297385198361 0.137761032915 0.140904274593 0.158183114808 0.140904274593 0.119975666633 0.193319069866 0.116016610943 0.116393493184 0.227201315921 0.228546661849 0.262609031927 0.261885359663 0.358830216241 0.48438387383 0.534967084055 
2001120128 1.0 0.171976381641 0.182554701012 0.309419559929 0.199092369887 0.359979198038 0.234921209153 0.23224525866 0.195694112397 0.206164709761 0.535731236764 0.328769150767 0.332458120653 0.379402283375 0.382762723495 0.0978470561984 0.10621449831 0.171532570884 0.169025697016 0.208151708086 0.225585462309 0.385263818568 0.363686946785 0.158121114322 0.173300994651 0.269270554841 0.303750780066 0.146198174236 0.139364658921 0.170104595398 0.134805021481 0.14077956483 0.206164709761 0.10621449831 0.118558692948 0.232966213645 0.226664179577 0.254244092443 0.267110443722 0.32835154812 0.525618939042 0.543865101856 
2001120216 1.0 0.18665485404 0.185148536041 0.285051786997 0.207944335376 0.376917851107 0.188953569253 0.202313181216 0.150062798482 0.162026348923 0.497584767075 0.362816838298 0.371680894738 0.404885803007 0.415467631259 0.104280317049 0.107258777868 0.161449227414 0.157275950016 0.175108435224 0.186404646348 0.382479813992 0.383576445209 0.131852242623 0.136119277661 0.259691841457 0.264632014144 0.135345622201 0.132646274681 0.150062798482 0.14108599331 0.11633847894 0.162026348923 0.0929202236845 0.0994700446433 0.246317948347 0.24655467877 0.266783707854 0.261482840897 0.305901474856 0.520012313865 0.548618654715 
2001130008 1.0 0.172452245424 0.172452245424 0.288815434424 0.22459571915 0.364259740717 0.218267805692 0.2082787556 0.175899989783 0.17484009607 0.502780373612 0.328339293186 0.321963165968 0.373561486449 0.36445594851 0.113437968597 0.113437968597 0.185320595702 0.164734776135 0.204957153923 0.196116135138 0.357684543657 0.370872577042 0.134008394993 0.13944618595 0.25421806189 0.264147860258 0.139957916793 0.126205935806 0.151250624796 0.12194215217 0.143688093557 0.17484009607 0.10654852384 0.117402056113 0.2448789188 0.230005408299 0.250649713366 0.299890362198 0.30273748645 0.516250089579 0.516250089579 
2001130029 1.0 0.178560041177 0.172382126395 0.282869765388 0.232375158985 0.353566917438 0.217227665576 0.212178622596 0.159708956055 0.156807845534 0.540609508314 0.328628101396 0.330176781517 0.381868088261 0.384630099882 0.120047603532 0.11887325459 0.175316501009 0.171566375037 0.169321624502 0.17640430773 0.363982282048 0.359575767836 0.133335458896 0.140325927388 0.251357746539 0.264606461595 0.136735492181 0.137386838804 0.147244382057 0.130336599345 0.13447835516 0.156807845534 0.0927137657904 0.0996102595144 0.262039522084 0.252572531287 0.262477186989 0.286097543885 0.299172007063 0.510319474521 0.516677602999 
2001130048 1.0 0.194186838279 0.19348650278 0.285606526741 0.219765972954 0.379335924296 0.21949126538 0.231726010842 0.176869994522 0.189707720656 0.521896771987 0.336655242407 0.342121720168 0.389614490187 0.389614490187 0.113229411262 0.11202409639 0.17822924598 0.187065534327 0.225992102829 0.222562176912 0.357008158427 0.351901700024 0.159658902153 0.154765813692 0.287763666645 0.287763666645 0.146556397473 0.131014968682 0.146556397473 0.126445308099 0.124279576498 0.189707720656 0.120583616046 0.111213296133 0.263751194786 0.241729467045 0.258202784238 0.295776580095 0.311958602185 0.515528569991 0.537978155076 
2001130053 1.0 0.167258638378 0.172258272516 0.285900758966 0.211706120889 0.326117185811 0.222531213585 0.215602176454 0.180675034363 0.175264096231 0.509010025294 0.326467338577 0.329700998755 0.374001685237 0.380748790641 0.101242525478 0.115547299532 0.174423943927 0.182204300165 0.209614188414 0.212014281344 0.370493971769 0.352617313489 0.174049241145 0.173767683816 0.271433799242 0.28635710524 0.133381745689 0.150839309284 0.158026115095 0.141111712858 0.133381745689 0.175264096231 0.11268677415 0.110344975326 0.242737429779 0.240576118596 0.267801604342 0.248321386778 0.336754224885 0.48648241829 0.521553467244 
2001130054 1.0 0.182561205551 0.181075353941 0.293490687644 0.2133734381 0.352319607239 0.217073067472 0.231342006841 0.188462916798 0.181389176281 0.496654526562 0.355973181594 0.358282393208 0.398525649135 0.394617561759 0.112492791687 0.102575950783 0.177586710286 0.168633824305 0.199244984662 0.200383536699 0.356492064121 0.343450428841 0.157471850698 0.155472704019 0.281573042671 0.271547586719 0.157922672836 0.133316743837 0.140280639278 0.126419144457 0.135956935663 0.181389176281 0.114869221938 0.119242120704 0.219612781784 0.203271970067 0.219871606602 0.310945408037 0.316564812085 0.54346158148 0.535422350767 
2001130058 1.0 0.200220088102 0.190156123708 0.27626528262 0.221012226096 0.341483206382 0.250568644114 0.243117565888 0.199154913436 0.195349054747 0.533099414027 0.355168745241 0.354463484923 0.416400912864 0.407900801557 0.123549590352 0.107986471487 0.181883004583 0.184071149501 0.185695338177 0.178550514622 0.360240592688 0.348375224481 0.167784815037 0.163861246128 0.289835823466 0.273351394611 0.145843089299 0.152141347569 0.136079358141 0.153125030322 0.149235242486 0.195349054747 0.113411723857 0.0996716495089 0.229128511716 0.215625066866 0.221577620282 0.302219737826 0.299808924353 0.532794215615 0.525844736641 
2001130090 1.0 0.177553474872 0.190276828698 0.279402193069 0.199531447637 0.370733773517 0.215128675686 0.229810565677 0.176819779689 0.18639410015 0.507892148648 0.332416649337 0.339430941578 0.376992792937 0.388540386868 0.0995619121166 0.105119374407 0.171026955117 0.167668455129 0.196577694108 0.210316028268 0.350037025105 0.368623817904 0.144222591854 0.164439054976 0.252518273084 0.299609200864 0.128618132741 0.134546035875 0.155604246713 0.130125427933 0.129248308648 0.18639410015 0.107110158456 0.11243929393 0.227036090942 0.222627203463 0.253160977796 0.270357260302 0.342528655654 0.496010932542 0.556531511197 
2001130094 1.0 0.178309125404 0.178309125404 0.272628075093 0.193069658939 0.346808336383 0.247390612817 0.231778213393 0.187305081625 0.179570549799 0.522454643617 0.354986951653 0.359365492685 0.395463113859 0.396887477511 0.0980264430746 0.0980264430746 0.154472427776 0.161413848672 0.180376807258 0.188762730703 0.381138227564 0.358107080392 0.176308653759 0.172985260718 0.263057065547 0.276911528905 0.139210613803 0.168547791605 0.138164339662 0.152370664157 0.134017869599 0.179570549799 0.110256902496 0.104398308588 0.236665537312 0.232888534543 0.247390612817 0.295283007788 0.317692733269 0.533901627662 0.538382336069 
2001130142 1.0 0.19640642685 0.179150224981 0.300444060931 0.205842930857 0.355577007164 0.221234207897 0.228034543692 0.18887723016 0.17399436842 0.533763148206 0.330756820134 0.326058331138 0.375665479548 0.360447266356 0.106856648901 0.10014802031 0.153649590038 0.149268884406 0.203733211163 0.187976444826 0.382665048303 0.377754460321 0.157223314024 0.151118122106 0.297138972439 0.253600173052 0.15712514148 0.132512492045 0.149578678343 0.145393828997 0.145393828997 0.17399436842 0.10014802031 0.0993746649507 0.252685856268 0.233583315518 0.241188371689 0.288871057892 0.301264667611 0.532199809707 0.538884261578 
2001130158 1.0 0.166982850876 0.16945896371 0.277241346691 0.188163188586 0.35148124905 0.248090741957 0.235161661484 0.188488449311 0.189719354481 0.515175339626 0.323114544466 0.327183777886 0.361617418722 0.372004406645 0.0912725531052 0.100106526947 0.170324291705 0.160625660307 0.199538830765 0.192603279634 0.360837375551 0.376976898621 0.161234669735 0.169169537429 0.24375672814 0.266562921366 0.135920953764 0.153767444606 0.146588714751 0.153767444606 0.164841483178 0.189719354481 0.106625168546 0.115451662268 0.265872640739 0.252641449405 0.2612241593 0.281146655752 0.320984262882 0.519060649686 0.550869523358 
2001130185 1.0 0.174225571144 0.173001488741 0.327328767643 0.208385127979 0.357135520162 0.210330718361 0.212924909219 0.186309295567 0.194585439012 0.511823163951 0.354347689803 0.364157623325 0.397856688258 0.409915014521 0.102737647736 0.107785020284 0.178542964169 0.170215120964 0.212675241466 0.207874587903 0.351487369947 0.368460464753 0.160798841689 0.164608479569 0.291862989318 0.301708848689 0.1575725252 0.109253771093 0.175138018548 0.11555590975 0.130525096846 0.194585439012 0.114941246297 0.122547488224 0.244298858962 0.226154421281 0.249250639039 0.28893574787 0.322147893674 0.518560682929 0.554889268574 
2001130215 1.0 0.172005229038 0.168739261863 0.287300651591 0.198591752373 0.344837928446 0.238633352632 0.233284341656 0.190143075111 0.201239306706 0.522653321774 0.329007634501 0.329255039701 0.368136758458 0.369057239863 0.104327929206 0.0960655911135 0.154725784536 0.15322740783 0.188278179061 0.198386630866 0.397388467435 0.373988692982 0.148276016612 0.185518843227 0.257349491264 0.305789813469 0.141724280466 0.13282660709 0.152517195859 0.13024720413 0.143058633991 0.201239306706 0.0957826285221 0.102755056304 0.253738134884 0.254432504302 0.274200527174 0.250508413058 0.331841658105 0.513669609926 0.536112428018 
2001140046 1.0 0.183839188191 0.177772923623 0.274390243902 0.207317073171 0.372400767917 0.226924317877 0.223872679886 0.18912271243 0.18912271243 0.5 0.331294578225 0.330676752755 0.397512341781 0.395402264314 0.112102294578 0.112102294578 0.16406858594 0.156173761889 0.210608732185 0.19635661205 0.374392230073 0.387375126202 0.155457912 0.155457912 0.278158407999 0.272691216768 0.136345608384 0.133868892684 0.142348994267 0.137025640575 0.15243902439 0.18912271243 0.0879402750113 0.0906467606544 0.268915574039 0.250074349444 0.259415212027 0.29784572541 0.281942146871 0.525700292129 0.523183523637 
2001140082 1.0 0.170374810924 0.18081014267 0.289198381598 0.216935377267 0.337539977743 0.224174020109 0.213903522601 0.177161132203 0.186830565961 0.518349787477 0.325779182072 0.329764396698 0.354629347171 0.363671409447 0.108593060691 0.108425865733 0.153573779208 0.157654248655 0.207707089728 0.213479026206 0.363671409447 0.358648082422 0.145568302264 0.145568302264 0.253280365201 0.272133430092 0.145692879354 0.142163461999 0.146561954088 0.137360563949 0.119262367647 0.186830565961 0.110579683817 0.107754491688 0.266746782837 0.253065386779 0.274985155952 0.255278100438 0.321462550327 0.488065105462 0.51971299437 
2001140306 1.0 0.146054599002 0.130036415295 0.242472522232 0.1942192674 0.435483870968 0.180328062702 0.15885254519 0.15885254519 0.144262450161 0.387096774194 0.374110113056 0.370967741935 0.428559040503 0.430376260133 0.10200895678 0.108196837621 0.202096194938 0.216393675242 0.182479169338 0.183899262113 0.484139710316 0.46186519559 0.108196837621 0.103276197378 0.209677419355 0.204017913559 0.129032258065 0.125971768966 0.114049480837 0.108196837621 0.138747181726 0.144262450161 0.144262450161 0.137806512021 0.196879929286 0.1942192674 0.216993936243 0.303037003678 0.277494363453 0.645161290323 0.620496260054 
2001140478 1.0 0.186411527092 0.183841284857 0.268717780061 0.209432389501 0.43497496281 0.244971341736 0.226563133151 0.197454750422 0.183527294389 0.495473643655 0.349425558199 0.341030602084 0.399158500031 0.399880306226 0.10699771278 0.112130171245 0.176151106855 0.172929314123 0.202644226769 0.208535458658 0.375328484136 0.384550383703 0.161548723369 0.146672486495 0.266670992265 0.266670992265 0.135959092012 0.149206550806 0.138063847047 0.126737996772 0.162350017076 0.183527294389 0.108070398373 0.108735453255 0.210531058755 0.193396775496 0.211624024225 0.277170082453 0.271387404319 0.543756822981 0.534260376068 
2001150295 1.0 0.183904725124 0.186746339819 0.271312178901 0.205825060499 0.357646556112 0.207805553438 0.213088410214 0.171046412899 0.189236400958 0.489802386681 0.316690019978 0.325258145667 0.363649661973 0.3798616976 0.0997363405402 0.112942452866 0.160820016861 0.162268875109 0.18134146771 0.189236400958 0.366055308901 0.358137043048 0.136837130319 0.162268875109 0.261650699131 0.297640418303 0.136837130319 0.122390850096 0.142287588191 0.116512618071 0.114996120218 0.189236400958 0.096758462767 0.093059309627 0.237255617855 0.240196915511 0.261874236719 0.251618517386 0.314465003993 0.493373289754 0.528198412992 
2001160382 1.0 0.159968009597 0.181071492085 0.279944016794 0.199960011996 0.339932020393 0.212560408423 0.22798949168 0.161212915606 0.164891250072 0.560244991249 0.364892780558 0.360483038147 0.43854654345 0.41222812518 0.126465815772 0.0894248359209 0.199960011996 0.178849671842 0.170845909141 0.178849671842 0.360483038147 0.33099271522 0.134137253881 0.126465815772 0.250549176897 0.241612601783 0.139972008397 0.144193215259 0.139972008397 0.156173761889 0.161212915606 0.164891250072 0.134137253881 0.116595721084 0.250549176897 0.240783739643 0.244082300735 0.312986925723 0.30522571141 0.540262201807 0.504676253406 
2001170207 1.0 0.164837775418 0.179084531682 0.283550508496 0.194008242655 0.328321641417 0.18699356253 0.20022259328 0.166852161066 0.20022259328 0.462875682608 0.331360158386 0.331360158386 0.401833215632 0.396532857844 0.113655596672 0.10011129664 0.220345951926 0.213675023319 0.217292511686 0.221856913297 0.348077763116 0.333704322133 0.133481728853 0.153649008514 0.247031372272 0.287063312201 0.134313398761 0.140790007744 0.149237109735 0.153649008514 0.140790007744 0.20022259328 0.137589816788 0.141578753455 0.207326818814 0.209464265202 0.233115817588 0.313753055691 0.340640036907 0.529318593778 0.534343883001 
