Leaf
2001130121 1.0 0.172683366013 0.167814089366 0.284310309633 0.200977977499 0.338231230426 0.216184432754 0.217734955726 0.170512923238 0.175170134482 0.514723040335 0.27402464614 0.271779406767 0.322372265032 0.313606811605 0.103985042019 0.0991348305887 0.149085525725 0.145744020986 0.196871023196 0.20025934119 0.355683568463 0.348621387685 0.160270454074 0.171216072296 0.267591766655 0.272397589807 0.149969360352 0.144169259734 0.140369108268 0.144751428136 0.12497446696 0.175170134482 0.0901203697496 0.0876878867647 0.256636918836 0.245144108629 0.254757458034 0.291364364131 0.297242858878 0.485461555762 0.482108966349 
2001150086 1.0 0.17709626777 0.166203618924 0.296745515696 0.197694797126 0.329674328462 0.221029502586 0.235815961444 0.191810622326 0.194620040574 0.505220037099 0.288918786407 0.280013785633 0.339054244124 0.33403625122 0.10125866506 0.10125866506 0.163274691392 0.149385552935 0.187678343008 0.197999646647 0.33403625122 0.335297789974 0.167288746569 0.177436510673 0.275234300889 0.271261183501 0.157253262799 0.149385552935 0.149385552935 0.143201377435 0.125225971863 0.194620040574 0.093839171504 0.0982353344825 0.271261183501 0.252848667652 0.255459093815 0.312582920241 0.298771105871 0.490808151661 0.489331293293 
2001150236 1.0 0.180180220578 0.176216966192 0.274795030641 0.179993473019 0.341743302526 0.223501491963 0.229050245725 0.176915360797 0.190169128844 0.521627665802 0.280448179815 0.281923288811 0.319781156952 0.320201553045 0.0904626416241 0.0910801412269 0.144010347943 0.135425199849 0.208179883101 0.205578887057 0.354590287523 0.347597724803 0.163272769926 0.167943482244 0.270560520737 0.273691349599 0.143776627993 0.144941459031 0.141259555927 0.144554224946 0.127406655806 0.190169128844 0.0914486395945 0.0933894104909 0.267351108841 0.252559650959 0.273158357175 0.291733253346 0.272665439437 0.498888949864 0.475581957487 
2001150242 1.0 0.184729416359 0.175805343353 0.273689587797 0.174945374019 0.340925162489 0.221508323502 0.213039883771 0.183199087137 0.179035558544 0.497778046696 0.275301264182 0.276503856672 0.314956586326 0.313260075275 0.0901334136423 0.0862573276308 0.149872421229 0.145515522328 0.210810031812 0.204908693431 0.343539905386 0.318890523723 0.194693213866 0.184674980107 0.317088242685 0.300983393624 0.151739231531 0.130738831723 0.136163465925 0.127625555792 0.128254256915 0.179035558544 0.104302272194 0.100272106614 0.250880730596 0.229401893496 0.250238680328 0.290789109182 0.291479820628 0.491578825418 0.464574856727 
2001160030 1.0 0.186108807799 0.166666666667 0.277777777778 0.203703703704 0.333333333333 0.232036371966 0.223760110622 0.199450548412 0.21675370205 0.481481481481 0.280236036119 0.280236036119 0.306536025134 0.314814814815 0.0925925925926 0.111111111111 0.118576374767 0.133538936128 0.199450548412 0.193339009424 0.349406708595 0.33126933 0.182386255589 0.182386255589 0.298602138826 0.292803487053 0.134816849801 0.141032835294 0.152707615764 0.149301069413 0.118576374767 0.21675370205 0.0828173325 0.0925925925926 0.2484519975 0.241451940933 0.267077872257 0.292803487053 0.323412022159 0.498282372114 0.484676012159 
2001180414 1.0 0.168779175216 0.17479945637 0.271079418694 0.192767586627 0.325518336605 0.229386594049 0.229386594049 0.200246609218 0.201960848905 0.499990927813 0.279450676552 0.280293471366 0.329066325183 0.331538271223 0.0993501401071 0.0993501401071 0.159037822528 0.159037822528 0.211869714663 0.208067502257 0.339487883553 0.355772413536 0.151080827406 0.156275739978 0.264507229511 0.280293471366 0.130040008805 0.127076146709 0.147679858611 0.130318765843 0.149632734939 0.201960848905 0.0973204896991 0.102407780395 0.256285077327 0.240959483283 0.251063709393 0.291463877821 0.307164276812 0.48361024519 0.489872762944 
2001180488 1.0 0.175488030386 0.175488030386 0.269186350536 0.187174653075 0.322027449499 0.225672291269 0.231872617964 0.18010186512 0.192841078561 0.532018208556 0.283593366263 0.277809487277 0.327082473166 0.316460066002 0.0951717469334 0.094269624707 0.15567118155 0.157959785096 0.207360210328 0.212810495681 0.342598336231 0.340898085854 0.136859636883 0.151780176115 0.253828732677 0.257836802641 0.137606828806 0.132546011477 0.140555881555 0.140798847823 0.149053364122 0.192841078561 0.104582758646 0.105396644529 0.25295194687 0.239985530092 0.253626666518 0.297934693953 0.28220393466 0.473085284669 0.475571336945 
2001181057 1.0 0.162512626567 0.162961433349 0.281116624248 0.183852514415 0.3297547641 0.232670114708 0.237332060125 0.194057017782 0.194057017782 0.519001191424 0.285243327493 0.285243327493 0.32394483379 0.328823188949 0.0925202301575 0.0933063125093 0.150277043134 0.154589341107 0.206881523926 0.208779236891 0.346684989227 0.338412134958 0.176059954889 0.184724421723 0.267046434616 0.275871450345 0.152208703942 0.154589341107 0.140324286468 0.152304643884 0.122541855997 0.194057017782 0.101552412952 0.103968973544 0.263522368464 0.254556191778 0.268845481671 0.284474130603 0.284474130603 0.478128979751 0.467282418551 
2001181130 1.0 0.170519133055 0.175654563653 0.274515142271 0.192122178996 0.318421213839 0.226059302494 0.219362262794 0.196157495515 0.196157495515 0.499789035885 0.275829143281 0.274515142271 0.31499620725 0.324188569008 0.0947583721369 0.100168593569 0.15261569763 0.15603252613 0.211886161535 0.218743274144 0.348596939808 0.348726569911 0.144919173443 0.147290829332 0.260260112237 0.275118171768 0.135795434918 0.121880132849 0.147801371 0.1208872028 0.144085099331 0.196157495515 0.100917808148 0.105586968564 0.251367238778 0.236035819909 0.258925287385 0.282947093095 0.310516332764 0.477592391046 0.473537407465 
