Leaf
2001120017 1.0 0.181801325391 0.182067181725 0.27830538769 0.204741927953 0.35225133201 0.21585844089 0.225216120748 0.179570549799 0.184966383105 0.528376998015 0.295119158886 0.284436576637 0.340379754689 0.329011276352 0.10284236001 0.104706723761 0.144774405649 0.144774405649 0.219340850901 0.215484659759 0.364222906761 0.363158962209 0.147313532729 0.14241654153 0.279346217622 0.266648662275 0.145994280493 0.121525621655 0.139210613803 0.129490164973 0.141051495253 0.184966383105 0.0866788364525 0.0887013083031 0.263057065547 0.238565405826 0.241587466693 0.30437075764 0.283812375916 0.50618514142 0.497543300368 
2001150204 1.0 0.177165869221 0.17336580851 0.281202483137 0.187267252815 0.35487812541 0.215695577663 0.224660342105 0.185251820129 0.188363334923 0.513324515886 0.278128193174 0.282062431576 0.319882819426 0.318022467984 0.0985484379551 0.089804825912 0.146154385441 0.140751881956 0.207453741776 0.202491145691 0.357868342474 0.365369392435 0.140061917595 0.140923845224 0.258261415209 0.255385205707 0.150963643958 0.129177587514 0.140923845224 0.126046119028 0.156941585238 0.188363334923 0.096937858516 0.101335236839 0.268649285961 0.246112915072 0.258261415209 0.298417558929 0.267836700139 0.501294038712 0.489190492895 
2001150236 1.0 0.180180220578 0.176216966192 0.274795030641 0.179993473019 0.341743302526 0.223501491963 0.229050245725 0.176915360797 0.190169128844 0.521627665802 0.280448179815 0.281923288811 0.319781156952 0.320201553045 0.0904626416241 0.0910801412269 0.144010347943 0.135425199849 0.208179883101 0.205578887057 0.354590287523 0.347597724803 0.163272769926 0.167943482244 0.270560520737 0.273691349599 0.143776627993 0.144941459031 0.141259555927 0.144554224946 0.127406655806 0.190169128844 0.0914486395945 0.0933894104909 0.267351108841 0.252559650959 0.273158357175 0.291733253346 0.272665439437 0.498888949864 0.475581957487 
2001150265 1.0 0.18081596302 0.174898890733 0.270226198811 0.185716182329 0.349998296118 0.201724109602 0.217392646529 0.177684713883 0.15589520308 0.519590667618 0.292565913592 0.302331003347 0.328617992128 0.338793804706 0.0914496269319 0.095502664084 0.152804262534 0.153993418699 0.21322165666 0.207755233994 0.369652538834 0.370676036517 0.155805168303 0.127581529063 0.292181968659 0.221864900111 0.156882175376 0.114603196901 0.122303084627 0.13905397785 0.123672191659 0.15589520308 0.111374288021 0.112252746718 0.279918442524 0.26508854923 0.267879309059 0.285280971657 0.256971387616 0.493922312976 0.464554825892 
2001150307 1.0 0.190826254499 0.185049028691 0.271658147678 0.196603641069 0.369917477689 0.227777386207 0.235847890475 0.188270627072 0.190651104159 0.543347038958 0.286967912786 0.290439425067 0.328289550038 0.321035058058 0.0989369885932 0.0984291820481 0.143105100967 0.130785578477 0.199052309882 0.193865771761 0.382876037468 0.382876037468 0.150278975311 0.151717084397 0.281858283194 0.269621377184 0.148602325872 0.135428805949 0.13180338043 0.136411968082 0.134934538584 0.190651104159 0.0882272692955 0.0913892012346 0.287491311988 0.265941005327 0.274045724345 0.297204651743 0.234070563786 0.512203658173 0.4777828839 
2001150327 1.0 0.181584339741 0.170412944866 0.262883105519 0.195873686465 0.371164884048 0.218750652378 0.214519336145 0.169553254726 0.171345869418 0.51032853147 0.286484714271 0.284670471155 0.339145683079 0.333098552525 0.101271245865 0.101271245865 0.153256404673 0.146520428761 0.177739284594 0.173273330155 0.374833349443 0.369011104449 0.14760444178 0.145519656592 0.267491925638 0.258346342824 0.137541101254 0.125839107763 0.132523601603 0.125839107763 0.13202142624 0.171345869418 0.0853233270785 0.0886825874857 0.270504483926 0.24741939343 0.256384843714 0.295253881484 0.2641434594 0.514967152608 0.480592888701 
2001180344 1.0 0.182577339184 0.176419104126 0.282358664504 0.211667024568 0.323469139737 0.215227423024 0.23509490015 0.174746847388 0.185579840029 0.546595642848 0.277795240891 0.273471559474 0.328817850222 0.32330891395 0.108373394181 0.107251983727 0.158797860533 0.162134540564 0.185858837691 0.189721730081 0.357506612424 0.344365883054 0.144564248922 0.158253097828 0.273408394775 0.274165410699 0.145398165804 0.12116513817 0.148687070153 0.129435702805 0.114117931744 0.185579840029 0.0947697840159 0.0949518586967 0.262844088949 0.253000236138 0.276299025841 0.290796331608 0.273471559474 0.487680273813 0.453472711893 
2001180430 1.0 0.183620297698 0.171906707459 0.278718314092 0.202593997626 0.367513089754 0.219390023796 0.21820041323 0.188144173677 0.182197287355 0.506593691376 0.282995571366 0.285881560314 0.328323651499 0.329054614151 0.102035504329 0.103011942886 0.161332297942 0.158199333727 0.208150889828 0.206606149446 0.362632075503 0.385383448054 0.148269155396 0.15239777915 0.298489905896 0.288183437534 0.142765586097 0.0934314068288 0.140503810006 0.10223153814 0.126559466981 0.182197287355 0.0963848184928 0.102035504329 0.260601892576 0.246790960613 0.255088760823 0.291705158081 0.240962046232 0.492526129812 0.472399210303 
2001181238 1.0 0.189395012176 0.189395012176 0.250052056221 0.199044991869 0.346976288488 0.233693520216 0.233693520216 0.180816787211 0.180816787211 0.525534970686 0.298065748347 0.296313950933 0.337815211372 0.329150839108 0.107627668927 0.0931035081168 0.148310631161 0.155507659736 0.198979591837 0.197073550162 0.356997054786 0.351448777537 0.155423940936 0.146100214931 0.280658623255 0.276170787811 0.126217519152 0.127856776389 0.130077028408 0.126011112604 0.11465410742 0.180816787211 0.103308452711 0.0891033122274 0.269250506162 0.255306040882 0.274753306486 0.26852443606 0.297191140392 0.47372112414 0.476706474563 
