Leaf
83 1.0 0.172633595377 0.161790372064 0.255249160066 0.191370215803 0.328479018287 0.234507731701 0.220249590436 0.203060089073 0.186605064275 0.47696135604 0.285745160209 0.281426345045 0.329464512306 0.315958058876 0.09995075755 0.0936237121999 0.163120785827 0.163781940112 0.228438493765 0.216344243687 0.372727216817 0.370432892499 0.171166724562 0.162899804755 0.276563041753 0.255813039605 0.141436638332 0.140414191396 0.127412715786 0.130485586625 0.135540830494 0.186605064275 0.111855742864 0.107028296794 0.275911025816 0.255249160066 0.265215627418 0.309041796864 0.282108178497 0.505130851187 0.495991472351 
134 1.0 0.172895831617 0.167411113119 0.259442124768 0.210683205009 0.324066509124 0.217695410305 0.217226021842 0.194712694333 0.183373782696 0.491907150068 0.291819303068 0.288704599187 0.328046775515 0.330879396035 0.103877969582 0.108545862222 0.152745204299 0.145107944085 0.198127664492 0.19657601616 0.373054950656 0.386606832522 0.154642733009 0.155489066235 0.273292289808 0.265113053295 0.132391415693 0.130617246183 0.135008962192 0.13183955245 0.130057854978 0.183373782696 0.0893918389564 0.09446769167 0.314892305567 0.287032990826 0.299950903465 0.317842180807 0.292866773382 0.495098315936 0.489023259901 
139 1.0 0.167670886313 0.155393307791 0.269646515696 0.186655844132 0.316469211412 0.233879102344 0.23410817106 0.189929509159 0.187515353716 0.513453657268 0.291059757959 0.290368348895 0.332653699271 0.331078950575 0.0954573501645 0.0937576768581 0.143932763167 0.142811192077 0.206687434423 0.208430573435 0.360529482547 0.366684005246 0.16452450879 0.159478823135 0.264021985085 0.243369445602 0.142152855779 0.143839632932 0.135887505676 0.147155194247 0.154441822983 0.187515353716 0.0905587937772 0.090410700802 0.275691279633 0.260136089348 0.264427704856 0.322841151383 0.275204793848 0.501278081353 0.495821794333 
170 1.0 0.161718414883 0.160313668054 0.256609868286 0.229629683677 0.342334663945 0.212690749083 0.217228487241 0.199308936418 0.202475560842 0.466285359245 0.27833248104 0.281865400984 0.32578849515 0.338012712896 0.112796303229 0.122758681158 0.184578933773 0.191716850409 0.210687337883 0.205387032941 0.373157115136 0.377188919078 0.143171842096 0.159518061813 0.265863436354 0.278586318285 0.126390034791 0.106345374542 0.139875501527 0.114537473677 0.13916624052 0.202475560842 0.111027830602 0.111789173217 0.276497973808 0.267189446756 0.286195537066 0.263191374202 0.314933167958 0.473804150389 0.491610178626 
223 1.0 0.168818188856 0.16804595421 0.284942118452 0.19362024586 0.360249967011 0.214107741662 0.217722194581 0.17371248321 0.168389606827 0.505397636626 0.28142071404 0.291014473761 0.325475099698 0.341551626635 0.0938924559103 0.10341454875 0.136857399081 0.133110102075 0.170775813318 0.173379381306 0.372866458149 0.370767537196 0.158850249418 0.161108683026 0.259679788409 0.266924993624 0.142344204015 0.140195875016 0.147627223607 0.140195875016 0.125510202523 0.168389606827 0.0700979375078 0.0799239456965 0.276499033392 0.263491907059 0.27418958568 0.279151986773 0.289520805351 0.500455034727 0.506311867129 
226 1.0 0.153123474299 0.166884726032 0.230138176103 0.191617974696 0.3276967293 0.223912644067 0.232069439411 0.198257704998 0.193472385403 0.449979501768 0.284592025195 0.284487453439 0.339163876623 0.329552869848 0.100581503744 0.100285239467 0.174638743662 0.173270348483 0.221507784611 0.239266115905 0.379882716588 0.360718490084 0.160430419631 0.175911946985 0.259833960862 0.278141210054 0.119633057953 0.119757352072 0.123065850352 0.129659066242 0.128737853394 0.193472385403 0.108686078462 0.11232116363 0.315672129148 0.301793811865 0.320025141835 0.316566319601 0.293242954923 0.496656279663 0.465994290104 
245 1.0 0.165095604031 0.175474963663 0.264717942631 0.193548685915 0.345362466746 0.214471959547 0.217201572046 0.189837402051 0.190071480317 0.482070715041 0.284824409803 0.294759324089 0.32752083557 0.348566268811 0.0961694073669 0.102979188217 0.150070385146 0.141452793685 0.21275469919 0.215248003427 0.359647572169 0.354761801737 0.182127147647 0.18364667296 0.289508253599 0.299547606135 0.117877328071 0.144638891971 0.15154458935 0.158500083809 0.123405796714 0.190071480317 0.0823455612822 0.0905739811696 0.273190721471 0.265556455794 0.286420077245 0.26205909 0.308793604921 0.466818032154 0.466960884618 
251 1.0 0.178981412731 0.167051515164 0.258603607143 0.201218218525 0.367971338841 0.23950907518 0.240678257801 0.198158630396 0.192751748266 0.511492751537 0.288770454107 0.294489236088 0.326757012642 0.32447498494 0.104078011591 0.097863572037 0.169016894718 0.167840428715 0.18762930372 0.190251172366 0.395858680734 0.385717605684 0.151718469724 0.156328414934 0.269852447573 0.253443914311 0.143668670635 0.122985752738 0.127209663732 0.132300047279 0.150406758048 0.192751748266 0.123788715039 0.121771382044 0.285318890403 0.270097100794 0.282702564124 0.317946266324 0.275004503386 0.520136147201 0.496819474748 
273 1.0 0.162512626567 0.168340557622 0.292074956052 0.183852514415 0.335159139219 0.198448509053 0.20546451051 0.174643788416 0.183852514415 0.481538576345 0.295900886149 0.313774643436 0.328823188949 0.343255105295 0.0920453584327 0.091886522493 0.137803285655 0.1338237303 0.198301237412 0.200644612535 0.355464267271 0.360240196957 0.152304643884 0.155906620411 0.263577794349 0.278244014862 0.147034332452 0.115673967925 0.154778210257 0.116929965308 0.126183086261 0.183852514415 0.0894701521115 0.0945504516073 0.275659567479 0.254269109029 0.279030386703 0.280908697723 0.305758038374 0.46784476973 0.481629572896 
291 1.0 0.171628137674 0.175884791873 0.255750344549 0.19880014399 0.329684935658 0.223689474628 0.228102482484 0.179324964353 0.187048918228 0.49954154626 0.289430714677 0.287144011677 0.329977425677 0.329684935658 0.0990354485336 0.102701710071 0.154261167186 0.156434695644 0.19912339647 0.208047874449 0.367944064169 0.358021741185 0.154781442414 0.167551328253 0.268927664898 0.284951826054 0.125911156456 0.129561511116 0.134792266858 0.134433934987 0.128564869307 0.187048918228 0.0964028058762 0.0990354485336 0.259680876531 0.249513144621 0.277171663316 0.301884403388 0.326450249766 0.530177524859 0.526525701865 
296 1.0 0.170601851699 0.17088015833 0.268265814219 0.209653231353 0.341516909984 0.206858110174 0.207087697492 0.17882911457 0.192026671783 0.478306507546 0.288616829896 0.294443945103 0.323216802147 0.338055677787 0.102824285833 0.108227881122 0.176623326255 0.171712371816 0.205706330007 0.207374324201 0.35862016815 0.357525344785 0.144020003838 0.163780678997 0.264205340547 0.29448428818 0.124939102275 0.10544806697 0.154908904689 0.111258847773 0.131155038542 0.192026671783 0.118697902047 0.126451279586 0.239785754991 0.240082826038 0.268088624098 0.256169566546 0.330090268926 0.475816348461 0.514952594223 
313 1.0 0.181927538027 0.17442383272 0.278201655977 0.196906976109 0.329938943532 0.236903690322 0.231897002182 0.209765168962 0.21040157242 0.485881235692 0.317315751817 0.326180510021 0.353458839341 0.358342424898 0.0940944437009 0.103564150678 0.148276288548 0.150365490508 0.219726546381 0.233047228594 0.386119002394 0.379600447957 0.173912074651 0.168356556512 0.29775239013 0.29544846822 0.150760151267 0.126781089478 0.137894147403 0.114595346372 0.151546389461 0.21040157242 0.0953490916788 0.107367220357 0.300977866355 0.273896535031 0.280594260854 0.318996659261 0.280964612637 0.515520594306 0.510860131116 
321 1.0 0.175478417239 0.170388798981 0.246090794038 0.205031171913 0.333215081098 0.23850025793 0.229518179862 0.199378978554 0.18805393814 0.471599552074 0.292887944074 0.298001364638 0.336002554786 0.340777597962 0.104545794648 0.104545794648 0.141400918685 0.148647599637 0.186581182782 0.179987125469 0.357961468039 0.355309319376 0.155641484072 0.158981810596 0.254952779111 0.25939684644 0.129673098916 0.132280862301 0.128144482446 0.130983470548 0.145702023443 0.18805393814 0.0853099696084 0.08265070772 0.289413682384 0.287226645887 0.298001364638 0.280610084263 0.303115202679 0.471237286875 0.464159056749 
352 1.0 0.16796370309 0.16739748625 0.276041666667 0.213605173483 0.40628338538 0.215312777173 0.208137929195 0.169651015364 0.171321710452 0.500027126 0.291852619294 0.301409089505 0.324968281038 0.340100577444 0.10986991203 0.104296793721 0.158747402647 0.158405274227 0.212011796219 0.209631372891 0.401176925243 0.401953778783 0.16552342273 0.170607701606 0.268115368255 0.286505677906 0.135216197768 0.130520459231 0.150321559267 0.123471558241 0.13750394565 0.171321710452 0.105460712142 0.104815686445 0.27163343355 0.255261474059 0.272680002348 0.26664428617 0.279168610068 0.495476499751 0.508446452578 
390 1.0 0.161993641775 0.166878966206 0.282483485389 0.212956231832 0.361044069616 0.214409874863 0.215356941572 0.1863465823 0.191785192206 0.500208820814 0.288300760057 0.294548920993 0.331826819197 0.349834016713 0.103493941409 0.113466369828 0.167711285415 0.171312955695 0.215157905539 0.218320708574 0.363556996233 0.358304335667 0.151327820483 0.165719623187 0.261984850289 0.291918967262 0.129098062083 0.124623208381 0.159057764148 0.12633045517 0.144001694708 0.191785192206 0.107653599907 0.111945813735 0.24639384085 0.236772786833 0.27122521988 0.253549595626 0.345861825452 0.482286208746 0.53055157381 
422 1.0 0.162412941907 0.15825226055 0.270733870303 0.196206058548 0.360400527054 0.224298729882 0.209961234885 0.182099078779 0.17075572407 0.495834162041 0.295663594032 0.290542669748 0.345114288198 0.33493698429 0.100031959759 0.100724230717 0.155058500805 0.149118841296 0.182784666524 0.180180981491 0.408446823092 0.389746846609 0.155684640939 0.148465012974 0.252678345485 0.248854283247 0.13798529699 0.136771326501 0.140084433261 0.130532231999 0.138387587339 0.17075572407 0.0950449852017 0.0920740923999 0.299586024145 0.295428473841 0.304600556945 0.2762222772 0.293019471739 0.505081607017 0.507058880547 
497 1.0 0.177670816432 0.160434348308 0.283478303542 0.187374678397 0.310415307598 0.234686697582 0.218158660088 0.190998698386 0.187983533546 0.51380040721 0.301640517598 0.305030901514 0.347414800029 0.344234451385 0.0985540367383 0.0914889765157 0.145395450982 0.147444062153 0.218354993105 0.212789205135 0.375548924529 0.361004486668 0.169861770263 0.176945790806 0.279826909995 0.281658523869 0.14676436908 0.14850586617 0.1439143042 0.138657220808 0.136894777016 0.187983533546 0.0919561573058 0.0895958964106 0.255939305046 0.251207624637 0.253415463674 0.282266420671 0.316430960975 0.504571304291 0.5148834674 
510 1.0 0.14933555679 0.145868168173 0.257348391001 0.205389414833 0.33163391378 0.223077798256 0.219386239548 0.177887755061 0.176659233766 0.500408178883 0.255479830112 0.266167655293 0.306906653086 0.310258995367 0.104351392638 0.105286366554 0.159626936199 0.169100779773 0.194888623196 0.190652021966 0.395380252309 0.377976820015 0.152581577214 0.15866902909 0.252392347152 0.25066064679 0.142163214644 0.109345123502 0.13141648317 0.114786531902 0.146464159085 0.176659233766 0.102349514146 0.10052457311 0.316031427187 0.310258995367 0.319560699834 0.261711961295 0.323085123787 0.485183480529 0.5097221063 
624 1.0 0.18002935564 0.18399762018 0.28740615996 0.194813778947 0.343712615621 0.222505845282 0.234180643136 0.193189174248 0.194813778947 0.488185790854 0.298522917265 0.303928853199 0.337037948869 0.33785520045 0.0975079514647 0.0979111562921 0.148622220326 0.145677147044 0.194476438817 0.194813778947 0.353432652583 0.364481223053 0.174322091018 0.171894510836 0.289228087302 0.279953019869 0.151769863629 0.149415347798 0.1392239426 0.151423356639 0.112397922849 0.194813778947 0.0989783393817 0.103136706502 0.293375584529 0.276744824055 0.284282087178 0.307024106659 0.296580997133 0.5005643713 0.502658792043 
650 1.0 0.191040179975 0.184430470748 0.264823312534 0.194523561705 0.356790232592 0.230834727744 0.218822329023 0.179618411424 0.179618411424 0.508181242454 0.303363143906 0.30114138106 0.338394664416 0.348007886478 0.0932777032683 0.103937094957 0.146989249321 0.160655591182 0.188733775346 0.203042550645 0.360129741422 0.361424594108 0.145491866479 0.152545314555 0.266088180324 0.273073878402 0.132466770382 0.131914593029 0.138921812805 0.131914593029 0.122265715184 0.179618411424 0.0991938307477 0.101951756159 0.261383182097 0.248616610423 0.276157154031 0.283667328546 0.320036494269 0.488614905163 0.515822636863 
679 1.0 0.173987207366 0.17450120319 0.269340385075 0.215555421779 0.353185891136 0.227915028997 0.238288781338 0.194960511174 0.210169892076 0.485145098174 0.30618987413 0.31267325211 0.354552577584 0.356818755899 0.110364251304 0.109222240149 0.174808875253 0.170135383086 0.235186620139 0.229090866701 0.380857797277 0.37210346319 0.147827039825 0.16060357603 0.259863115073 0.275715799029 0.136486794688 0.128091910113 0.142269952604 0.126260925501 0.128091910113 0.210169892076 0.107069050687 0.115130350005 0.305721514584 0.294257328729 0.322320525076 0.276364695664 0.323928118715 0.507626157831 0.523469392529 
721 1.0 0.156578964397 0.162143170964 0.290532823322 0.202039937326 0.341893547991 0.20959825178 0.202808444997 0.190630211182 0.192336290124 0.486429512892 0.279396292107 0.293568999089 0.317988920285 0.328149016712 0.101787025757 0.10055692588 0.165561084211 0.1617589449 0.210265173835 0.215309623638 0.359633649227 0.354273162801 0.154981178057 0.157470594939 0.264465156232 0.27234752514 0.147682595558 0.125347592385 0.151735139213 0.130694249688 0.123849360159 0.192336290124 0.1172685195 0.120410196726 0.284472627238 0.279117759198 0.304698079576 0.253226588109 0.306834909788 0.432097865516 0.475660669385 
1070 1.0 0.168817562721 0.168537212299 0.286574322595 0.202444082545 0.360047635912 0.221481882925 0.216661008107 0.188242016422 0.188242016422 0.511223343003 0.310645506192 0.312920587084 0.362838744627 0.359214850686 0.104892907616 0.10246027742 0.165135887336 0.163215637309 0.188325735357 0.193933855939 0.369255069608 0.355332286808 0.163697811587 0.165897763987 0.269626802938 0.277350098113 0.144355767609 0.141710857781 0.152738763536 0.132513769538 0.143808756291 0.188242016422 0.105492300538 0.103226632731 0.278767328077 0.269509853549 0.288766127547 0.261735887209 0.293100570649 0.495407662008 0.504987732861 
1173 1.0 0.153817713851 0.174109829998 0.249953785007 0.174109829998 0.307635427701 0.22422592251 0.207974120386 0.196079881115 0.200738009888 0.481064746373 0.329116893762 0.31002951383 0.353488032724 0.346623533977 0.0961360711567 0.0792758351622 0.165398750797 0.171973432157 0.219223971597 0.243207160124 0.361246558164 0.361246558164 0.146430101044 0.139976232469 0.250692202525 0.261518387333 0.135956935663 0.138649413591 0.116954578288 0.138649413591 0.150169343719 0.200738009888 0.121603580062 0.121603580062 0.283886416067 0.28840821347 0.27529181291 0.318267026544 0.310625152254 0.523036774666 0.519490721747 
1195 1.0 0.169504415548 0.175962162214 0.244186046512 0.197674418605 0.348885655551 0.222530921035 0.234367957799 0.174902429727 0.189377877615 0.482873250996 0.309015866649 0.309015866649 0.353170756942 0.353170756942 0.101536332538 0.101536332538 0.140018541614 0.147999093737 0.179480802796 0.18477033235 0.395904192703 0.369540664699 0.167397442429 0.182469242168 0.266238445159 0.284170916508 0.119857721675 0.140500534577 0.13116876945 0.151162790698 0.122645483196 0.189377877615 0.0872093023256 0.0807700231945 0.300137430213 0.297422222382 0.320189995651 0.270520700561 0.289649272258 0.493946590413 0.4794308867 
1222 1.0 0.158931090148 0.158580119333 0.268237329266 0.182841872674 0.341359241879 0.239872308564 0.223768706836 0.206951729248 0.195126537756 0.488187419595 0.282008851344 0.279694283 0.316925912635 0.321637742866 0.0922299869426 0.0922299869426 0.13817706558 0.13817706558 0.188148541596 0.193693520534 0.387387041067 0.392578149364 0.156220164493 0.158462956318 0.251956424889 0.260366940822 0.133110892543 0.131849149446 0.146527225127 0.130432898392 0.138981206602 0.195126537756 0.0899875966012 0.0930320019247 0.291847806369 0.280622401209 0.289034133425 0.276689960828 0.304797395654 0.476013558932 0.487159134307 
1445 1.0 0.168633624968 0.18099809216 0.279012457851 0.197590948983 0.348883572806 0.212815138935 0.219302268773 0.174828575761 0.180250162959 0.517517122848 0.281902607911 0.28765449985 0.327564431144 0.332831982501 0.100322018587 0.100322018587 0.148846987592 0.156371431925 0.206123947252 0.195356268737 0.364784386111 0.363857359489 0.142943962656 0.143533424797 0.262548554989 0.276275484743 0.138137742371 0.11622996999 0.148164721261 0.11622996999 0.136167762817 0.180250162959 0.0967226116391 0.0909643398721 0.267896843898 0.262097938036 0.287066849594 0.263575643722 0.320265771629 0.477816868804 0.505867494225 
1515 1.0 0.154575668289 0.154575668289 0.252696756058 0.215804772665 0.339039478942 0.227376131186 0.213682051173 0.181373885192 0.194609209801 0.493220900409 0.277350098113 0.285915002079 0.323560439524 0.344540929414 0.103316329821 0.119670329047 0.162716726686 0.170023181482 0.202735330998 0.198952623126 0.399905021962 0.396949431165 0.140545673785 0.159890750926 0.227376131186 0.275218983863 0.121090329904 0.131901139992 0.139051187225 0.126910845766 0.131034310405 0.194609209801 0.093877129694 0.104776703731 0.306064067926 0.302003440167 0.317277114415 0.29072395473 0.302066324799 0.488811182636 0.483772764187 
1639 1.0 0.176179652999 0.176038878184 0.26757909484 0.176038878184 0.338067987689 0.221109316021 0.225439761526 0.174198453352 0.179525135002 0.542199744807 0.270894034532 0.272081170659 0.30886672098 0.314907918642 0.0856642153675 0.0926171974302 0.16210877294 0.158239270723 0.218401752888 0.21450754465 0.381155678079 0.393634898302 0.145165377794 0.135995018225 0.264691298569 0.258531537977 0.12983986109 0.126943440354 0.143620108002 0.134528721815 0.126943440354 0.179525135002 0.11133676236 0.116558477253 0.305476913018 0.295829131509 0.30886672098 0.283067012837 0.282453269172 0.473672176951 0.483616958916 
