Leaf
216 1.0 0.177118714374 0.172387782039 0.26656113188 0.204648242858 0.347458682864 0.237629691257 0.220472498272 0.187009303399 0.174607178446 0.514088364792 0.292220203999 0.296452711723 0.334403741636 0.334978987557 0.105672753552 0.100959181592 0.141342854229 0.144747286459 0.170604753789 0.170272514421 0.36432449577 0.342732919729 0.162652591018 0.157559589836 0.268592748176 0.268212992314 0.138591785735 0.137278089871 0.137360563949 0.12814703666 0.128588163737 0.174607178446 0.0885273805271 0.0857988061694 0.260718928264 0.253852064573 0.271945049497 0.258625467059 0.285952017792 0.481532845846 0.480897407195 
1227 1.0 0.17167257665 0.179057541255 0.254672815416 0.195325133036 0.331783821223 0.227294045521 0.223254321626 0.17410202634 0.175902095148 0.515255542827 0.273749423629 0.279631739428 0.309967424079 0.323179860544 0.0953963050791 0.102129924734 0.142481630573 0.150834802207 0.187087546586 0.182638078815 0.34805323882 0.346692961856 0.145038104657 0.148378235618 0.242853760312 0.261989373681 0.119794480407 0.130291399534 0.145038104657 0.134910748443 0.134130158969 0.175902095148 0.0926036110065 0.0903072963297 0.256657931233 0.2437169873 0.279255974323 0.269821496886 0.339758402087 0.469735066342 0.481109731068 
1229 1.0 0.160365205236 0.173013072532 0.278443646359 0.191162783712 0.308720977543 0.217120935137 0.228791780911 0.188561808316 0.202735330998 0.507793020026 0.250279995152 0.268512132747 0.297696123516 0.322502088894 0.0942809041582 0.101648333315 0.135172500673 0.143884516318 0.19136139445 0.185412965327 0.334073252853 0.339207500499 0.167660852448 0.162833411338 0.26759099064 0.283915105753 0.13276231001 0.133333333333 0.156043191722 0.13850373948 0.122338716821 0.202735330998 0.0803600634088 0.0752330977254 0.250962061506 0.247225823464 0.27700747896 0.249291493663 0.345641701962 0.422941357889 0.476015433844 
1232 1.0 0.167451115168 0.167550640357 0.259902086927 0.196321997094 0.317632189356 0.216204163519 0.214889370149 0.184863843814 0.188082218231 0.490940836909 0.256415043807 0.261436955113 0.291810216432 0.294426380626 0.098330680607 0.098330680607 0.119037695684 0.128207521904 0.202755005458 0.191942516873 0.323817541454 0.320297681032 0.157710082883 0.162704774557 0.272367355351 0.279317389805 0.12781684292 0.11889756886 0.142845234821 0.126769146209 0.130909633122 0.188082218231 0.0776835982667 0.0673378894678 0.268669889429 0.254326088078 0.280330168136 0.288766555246 0.330694497079 0.445061290044 0.473623276211 
1234 1.0 0.164671349739 0.170848657817 0.25887140561 0.199917078392 0.352838208251 0.213939588437 0.21369725543 0.168302335662 0.180292652658 0.500129521378 0.272649276989 0.277235106532 0.315412906739 0.316506195656 0.106443743243 0.0956766925649 0.137208642634 0.141301618401 0.181438592072 0.176125153734 0.371949926373 0.365391100975 0.13758576284 0.144564248922 0.24495320494 0.262844088949 0.135689680974 0.120593601313 0.132599567653 0.119007722836 0.138710971823 0.180292652658 0.0881605875561 0.0766315619253 0.260335095231 0.247129361559 0.270614552457 0.273724072509 0.315029359242 0.491525474201 0.500440235914 
1261 1.0 0.163642916116 0.176549293681 0.270513373177 0.188679245283 0.327104493684 0.198885387432 0.198885387432 0.165086852181 0.163522012579 0.496895150066 0.278510563843 0.28745647502 0.318837530959 0.337519694717 0.0900491890772 0.102382519472 0.138507644941 0.146825377735 0.192929077361 0.191591776248 0.362931774749 0.362877276396 0.123885003796 0.139645303844 0.239076450425 0.276801019933 0.122116275717 0.111977948521 0.152118070723 0.116987894577 0.120813664857 0.163522012579 0.0873738615689 0.0873738615689 0.259314819221 0.264823940521 0.293381227414 0.260608167989 0.329993952763 0.484317567501 0.502554685559 
1270 1.0 0.17277083263 0.173247969226 0.247089713929 0.183970480939 0.344824227295 0.221809092617 0.226449798651 0.171427785245 0.171427785245 0.511450526519 0.265326000879 0.273053771674 0.30944623992 0.316253869262 0.0947699525146 0.0935425377718 0.139102526793 0.142271021016 0.203080128805 0.198475284358 0.3366844919 0.349059445203 0.138149758547 0.147288519156 0.244469958294 0.254528086476 0.125500483947 0.126548522886 0.131035171915 0.127587953264 0.146501775922 0.171427785245 0.0897596445643 0.0848426954921 0.255240598101 0.235877308515 0.251854603474 0.265326000879 0.287371077826 0.4621732299 0.483541227002 
1324 1.0 0.169272842266 0.175385732216 0.259733815952 0.194847673955 0.344284678713 0.206195134539 0.218208694952 0.183257598421 0.193000734889 0.467374836892 0.273868971809 0.275403263768 0.323069406207 0.322351255684 0.100772341896 0.0992980588947 0.14295643175 0.146881740676 0.194523017789 0.193000734889 0.368864493634 0.354356955883 0.142513612622 0.148167069663 0.264316998084 0.275785503041 0.127534147214 0.104669344447 0.141772507169 0.111680843571 0.158473248331 0.193000734889 0.0831294207241 0.0813359711253 0.247181993969 0.240266440114 0.268351397632 0.262878310058 0.318273193531 0.486848788429 0.500505390965 
1332 1.0 0.167700432055 0.167585529382 0.254557412103 0.217329152555 0.31034357293 0.239508041971 0.244601141413 0.203316494153 0.200165590039 0.521524964238 0.266967635888 0.268693737722 0.312385125475 0.319216689708 0.108398349884 0.113264775416 0.140445468746 0.150252449018 0.180746825149 0.173126101643 0.358604650733 0.369191476321 0.167125128706 0.17167358206 0.261941741869 0.264648654835 0.135560118862 0.151529043318 0.13152124822 0.151529043318 0.140719508946 0.200165590039 0.0794867381503 0.0723839377851 0.248041991457 0.235942770653 0.258685842265 0.266606624721 0.316793757602 0.455645245836 0.478573537599 
1335 1.0 0.145724785478 0.161161923169 0.254298803375 0.213662850807 0.364255124321 0.213662850807 0.222176204905 0.173152473356 0.180735251335 0.484717582381 0.271072325035 0.270950082718 0.305978202266 0.317873504219 0.106131393963 0.109511239659 0.142970683009 0.151957030796 0.178800227308 0.174771200913 0.363526795425 0.370701022349 0.131378189173 0.146744248408 0.226751552051 0.260604157839 0.124250277755 0.10376385315 0.142157352736 0.106131393963 0.142506491255 0.180735251335 0.0899082041571 0.0849831171299 0.263574641895 0.254884371307 0.274895134131 0.228062686633 0.312724989407 0.431683722774 0.4900872602 
1367 1.0 0.159002399389 0.159441512071 0.259344476651 0.179881351642 0.354949738382 0.230392091234 0.22709099915 0.188757482641 0.192498523124 0.486785984934 0.263463435933 0.266314054983 0.312191341541 0.315266753435 0.0923569074902 0.0937096437364 0.13093317524 0.127360119983 0.17980359873 0.168730406092 0.343212932507 0.347786338743 0.165635707249 0.162223689502 0.253895455589 0.252293226942 0.132208528478 0.145212878943 0.134826773315 0.149670331579 0.142098031467 0.192498523124 0.0734679830725 0.075161449592 0.267623503605 0.243321167579 0.264046613585 0.273872766945 0.291435101584 0.456209469446 0.464230815157 
1407 1.0 0.169770242617 0.175131751092 0.248509024412 0.175131751092 0.344481210402 0.206772006908 0.216120600915 0.166067790613 0.183922578129 0.485629615105 0.272497234018 0.274769297314 0.316655969011 0.315899925029 0.0931240394359 0.0863744475738 0.141161856941 0.14025551141 0.204679824856 0.204679824856 0.366368732485 0.358717804486 0.146808331218 0.171730810821 0.257766343738 0.293453738169 0.135750448551 0.120839826505 0.1268887278 0.114332390095 0.112929485553 0.183922578129 0.0910466619907 0.0959900627196 0.277769806995 0.259983199742 0.285747305145 0.273897657292 0.294484069533 0.467976572462 0.467158311765 
1431 1.0 0.161520280166 0.166584161328 0.238122843692 0.184698145571 0.333433478546 0.215442431235 0.211133147285 0.182386920276 0.191925525243 0.452494343856 0.255731804154 0.260049703742 0.295193873712 0.303227827523 0.0923012111224 0.0958706236059 0.132014713632 0.143190061335 0.188955512014 0.192109626509 0.364628444742 0.36506445845 0.146846566276 0.152398805532 0.244856592991 0.265498123145 0.122572584461 0.125423490767 0.125985930767 0.120390108732 0.138675049056 0.191925525243 0.0857492925713 0.0851286622723 0.276648187157 0.267553965462 0.289876807193 0.27760489844 0.303227827523 0.460585956231 0.476579595513 
1439 1.0 0.161318870785 0.161011498888 0.247110113492 0.206962686252 0.344852695756 0.231658770603 0.226176653233 0.195135694412 0.203665226385 0.465486492858 0.264911939208 0.271073505608 0.311651754977 0.313921798607 0.105964775683 0.104868288782 0.146513871012 0.150406758048 0.189032159167 0.182634471188 0.339496090954 0.326554811501 0.150845262646 0.169796676919 0.245501131998 0.274162589526 0.132673953009 0.131045990092 0.127209663732 0.126035997458 0.159776098291 0.203665226385 0.0828807613844 0.0877202831992 0.244152214471 0.236735280706 0.259877524247 0.264911939208 0.303273640339 0.45107386912 0.455191686653 
1444 1.0 0.167632689485 0.17370860699 0.23265312293 0.178354929308 0.32446179613 0.217400448383 0.23265312293 0.178273021185 0.191542872695 0.476717368752 0.254938945137 0.266808057782 0.286040633523 0.302373234495 0.0871480855008 0.092513473453 0.126173871175 0.129937676335 0.191695314321 0.183839087761 0.336526351709 0.340838756617 0.149486472721 0.158956843654 0.244409359549 0.259537925105 0.116420689514 0.127555378097 0.128468129476 0.140937198076 0.122294283609 0.191542872695 0.0824990860533 0.0779476173155 0.261052914511 0.24867470181 0.273511736025 0.273671887343 0.33039443659 0.447154806183 0.47487556907 
1465 1.0 0.164636879959 0.171594076112 0.262090670155 0.182906059131 0.347542346282 0.224799199141 0.234421021894 0.187714924594 0.198483033606 0.494173688131 0.277504527549 0.276633449978 0.318847061592 0.31686118404 0.0982544821599 0.0872454179803 0.152337107711 0.157254402093 0.196886503504 0.198950163067 0.351525921926 0.340636128338 0.15049796052 0.160872601953 0.257084384611 0.269907652904 0.140679009423 0.125620397159 0.133083706122 0.12547252142 0.142253823514 0.198483033606 0.112027345965 0.106418128438 0.262515338006 0.257084384611 0.279039003516 0.251683769909 0.306860028971 0.448192236662 0.465424144878 
1468 1.0 0.167120104589 0.173825427084 0.265427041905 0.203793327486 0.352332131709 0.215957066921 0.229140217101 0.181545197657 0.197237542378 0.481828295539 0.278867699369 0.286350433517 0.320981539047 0.328548885794 0.100484632477 0.105659979387 0.144103643826 0.144103643826 0.176759855411 0.188040197889 0.353735205942 0.340899709484 0.143573849224 0.166205623829 0.25674368071 0.287147698448 0.133250752352 0.119852579797 0.139262953861 0.12158852058 0.144103643826 0.197237542378 0.0839580949462 0.0857541933243 0.254208246778 0.240815278743 0.262612865719 0.271178569815 0.319673104129 0.463406588042 0.498272879122 
1513 1.0 0.160135270138 0.167195433974 0.246661185368 0.19332903718 0.333392584693 0.245939424683 0.248098407642 0.201765462378 0.203956248233 0.506699264559 0.280707139085 0.281970880484 0.314459049834 0.322207399211 0.0942788090968 0.100882731189 0.131990332736 0.13678552388 0.183420143938 0.184868220181 0.343180045228 0.349022647033 0.16343171052 0.177133800478 0.246751257011 0.273652262263 0.118131009207 0.149811371257 0.137433800137 0.152166114709 0.141418213645 0.203956248233 0.0777442976327 0.0813752291199 0.268322194651 0.260335870686 0.283620995864 0.264148966837 0.300659246325 0.439029599256 0.462350815902 
1531 1.0 0.159281561661 0.165497485968 0.253456281789 0.170519133055 0.313654160094 0.220799821482 0.238132827603 0.189516744274 0.206630479932 0.486158912423 0.277136914232 0.288796883414 0.302105822795 0.322184076648 0.0878272818266 0.0830667464624 0.140592249243 0.146161360505 0.206630479932 0.203988788458 0.354935585164 0.347601502973 0.153108484504 0.169455593783 0.25034627098 0.273029332254 0.130476916057 0.128616187392 0.134569517514 0.139947819956 0.128146783682 0.206630479932 0.108124801229 0.103132800763 0.266042467799 0.260838340259 0.287804002382 0.265532318782 0.330493912723 0.450315599158 0.465774499146 
1548 1.0 0.163473502172 0.170378447487 0.254898644766 0.183060662013 0.333283525272 0.208465450815 0.217485386351 0.177736269315 0.177736269315 0.483671479747 0.278201266179 0.28866897284 0.330388988423 0.32883481757 0.0951323293386 0.0935485651671 0.134695989566 0.138601029809 0.182008244503 0.189927807439 0.372020357254 0.34499006219 0.140740532702 0.151970339183 0.248796462654 0.2659631417 0.138446943014 0.11559322193 0.130183353171 0.114293337145 0.129360961156 0.177736269315 0.0797541580131 0.0797541580131 0.25481489295 0.25042120334 0.2772790495 0.263382480137 0.293435834748 0.466829264757 0.467742825836 
1549 1.0 0.164398987305 0.172711561805 0.262232532235 0.177761440773 0.366150041689 0.210785471746 0.220112564262 0.171748180224 0.187453520412 0.496364126391 0.253655840364 0.251612549451 0.290769719842 0.304580762122 0.0912854099424 0.0902699677886 0.112949730765 0.124591438057 0.190574709264 0.200475081921 0.382356736784 0.391504864775 0.140843979844 0.155168564104 0.237127581827 0.269513338487 0.119608767003 0.128811135168 0.153736208243 0.131362098358 0.125181922114 0.187453520412 0.077762295935 0.0686992720894 0.236270819821 0.226714103415 0.25890717741 0.225981057871 0.317211496269 0.447287792405 0.498365752227 
1563 1.0 0.149979171006 0.166736077373 0.244473615296 0.188862659785 0.355549577228 0.22495161146 0.223920506209 0.190893936321 0.196862050466 0.477840597139 0.251503547437 0.257025089022 0.293301017297 0.29835965297 0.0958904411503 0.0958904411503 0.137529993307 0.137529993307 0.194020267907 0.203717494767 0.37551326636 0.365308889454 0.149567139538 0.151717821585 0.24804459133 0.263896095203 0.126911926332 0.107854398146 0.135267832571 0.115587569767 0.131097612387 0.196862050466 0.0801122357501 0.0801122357501 0.278626553532 0.272694077533 0.296284082359 0.255761467445 0.322608165216 0.432132215555 0.462383646101 
1584 1.0 0.161509445042 0.172786843312 0.259253718353 0.228325471519 0.351744645313 0.198720200791 0.218176336796 0.184097394668 0.202986085987 0.482756744788 0.246838347588 0.254883752605 0.293364027105 0.314718893175 0.113786855968 0.119818344353 0.139905310161 0.154273967243 0.185642294994 0.181493339946 0.36741827925 0.364452452662 0.13477577215 0.163034813285 0.246838347588 0.290100699485 0.117085708838 0.118540245463 0.151282911861 0.130176516168 0.145639854609 0.202986085987 0.0785434812464 0.0667491239235 0.27597366233 0.265638089929 0.298511157063 0.277761698781 0.309533713145 0.436701616209 0.45115574694 
1602 1.0 0.153854096958 0.163466561364 0.259842625823 0.198010631563 0.373093390764 0.217509524011 0.214271718461 0.168161252127 0.179139606547 0.496836495592 0.281838898903 0.28857881093 0.313741259619 0.325813568808 0.0973058747469 0.101462003605 0.140919449452 0.147958711322 0.16730883815 0.174102543747 0.363080267332 0.356501141507 0.131953589393 0.14655622743 0.221848572215 0.258125044789 0.120500549999 0.125156782178 0.146339267685 0.12779459578 0.123624192347 0.179139606547 0.100359978646 0.0910649351793 0.254655131213 0.248018231035 0.279859072795 0.233569470773 0.29896186577 0.464581312325 0.480682005242 
1619 1.0 0.15417994731 0.164864511337 0.258377975562 0.192313609555 0.340707988004 0.216655431168 0.231008893883 0.181167058019 0.205214239881 0.477873253637 0.269353314777 0.269297310344 0.304074515621 0.314750449061 0.0948140976518 0.0994721960619 0.137310830164 0.151515517173 0.189150341049 0.187709479551 0.36108310258 0.361750848139 0.142803263371 0.167316500401 0.241167232092 0.274236920497 0.123914941258 0.123427085265 0.14259185946 0.135653093376 0.14778626293 0.205214239881 0.0990162477667 0.0887329740286 0.26568847306 0.252651927502 0.288235024318 0.265745238037 0.332462385458 0.475690378068 0.504945525786 
1649 1.0 0.152840218858 0.153740610852 0.276645803991 0.170754308639 0.31769198028 0.218530148878 0.22605850223 0.183607576575 0.196936616496 0.501507337677 0.260721249999 0.261711961295 0.29726796205 0.304832658222 0.0824472984404 0.0898568614338 0.133950700274 0.146853169834 0.204331819248 0.205174428263 0.35774348485 0.357888134826 0.135614747931 0.158165704401 0.236283053805 0.262698936368 0.137509782707 0.120527004904 0.149761435723 0.123914840455 0.137635190652 0.196936616496 0.102587214131 0.0998601554869 0.305454593254 0.28837116891 0.318397179772 0.271801375486 0.329789193762 0.457201820545 0.473587242542 
1667 1.0 0.169759144907 0.173024940219 0.260705534386 0.203676428774 0.362349247896 0.22085422169 0.216465952048 0.166429278139 0.195012168138 0.477780732423 0.279189157452 0.289316128422 0.323897581607 0.335013623035 0.103203137423 0.104282213755 0.144851402044 0.132028909017 0.144961765033 0.164398987305 0.363934643523 0.361686615373 0.138646215487 0.185514098034 0.236856647544 0.304557839122 0.11983783488 0.12821898747 0.148772900689 0.128965176044 0.11768327116 0.195012168138 0.0735214622094 0.0840750085852 0.254182980716 0.261685173477 0.277638254136 0.247359314394 0.299474458382 0.459907026531 0.484032583593 
1684 1.0 0.163378488372 0.167262109576 0.240950071134 0.178023193022 0.303207630094 0.232172690562 0.226935933773 0.182569197674 0.179627382082 0.503118519196 0.261556040285 0.261399310396 0.292568650912 0.299536096525 0.0850884335723 0.094230017581 0.129834519099 0.12941297734 0.16611478122 0.157243202843 0.334932324976 0.348797962405 0.150495965301 0.142188165664 0.245721822903 0.249363979766 0.127284329261 0.120333216759 0.133261368846 0.110880161172 0.145323998472 0.179627382082 0.0796143922337 0.0796143922337 0.245721822903 0.240950071134 0.250511743327 0.278797404948 0.309097439742 0.436191273604 0.455794043928 
