Leaf
164 1.0 0.180687015199 0.183944576273 0.256920767417 0.204228030498 0.32706382549 0.247227207922 0.250228972724 0.202224109283 0.2066235069 0.502657027627 0.307434079154 0.308755908592 0.351712800034 0.346512034181 0.105505798716 0.101739436388 0.173793852782 0.172912886999 0.226224729977 0.222976051223 0.347441219203 0.334299150582 0.179462004361 0.198155479975 0.278472625811 0.299890248935 0.136373405877 0.155118117425 0.131431147275 0.158472995665 0.152470102932 0.2066235069 0.112510699205 0.11205732987 0.244951745241 0.234185545558 0.250567806965 0.282585823857 0.317053049597 0.486078505854 0.494076773118 
1348 1.0 0.169458597351 0.170032710562 0.274169507639 0.177510211706 0.338629529752 0.237061226159 0.239243654017 0.18817014683 0.189717483361 0.54028222778 0.305123437071 0.299969679687 0.360468625455 0.34920834139 0.0997006955353 0.0868123409221 0.178968225615 0.169458597351 0.211573896106 0.223519615942 0.35392071889 0.353277643724 0.166167825892 0.163209111686 0.259562441664 0.264029427264 0.142829296365 0.154833758346 0.140767498257 0.14530954843 0.138675049056 0.189717483361 0.117360081686 0.115406269624 0.248958328803 0.233749381579 0.241944006512 0.281534996514 0.27023128617 0.484759944449 0.47583223952 
1462 1.0 0.180756570146 0.187204079866 0.296768017379 0.20009986685 0.34192836785 0.221990870813 0.229095630959 0.194081237748 0.197903773598 0.548527462781 0.282173840184 0.287434913678 0.337579437763 0.337579437763 0.100153881436 0.105022463339 0.160251404917 0.151162976841 0.22245910772 0.220485830607 0.357868119949 0.360937023367 0.151025242892 0.170323923475 0.275607288259 0.29767824347 0.148943950335 0.132373274339 0.161286965967 0.138067672155 0.127732760235 0.197903773598 0.0923711167421 0.0930445481373 0.241564588524 0.225801752354 0.246932399162 0.271345847675 0.297398470623 0.47360181211 0.488654259267 
1517 1.0 0.182845268666 0.181826624145 0.258582258763 0.215657534908 0.344884070795 0.243946015025 0.248621758105 0.188250725921 0.194462722318 0.525783926151 0.293186621873 0.303643060961 0.338030305402 0.35096978784 0.106616196579 0.113370619977 0.172388172508 0.17109037609 0.198994500659 0.185667743952 0.340002622138 0.34745946988 0.161023841599 0.17174050019 0.258725875691 0.275011819279 0.125500483947 0.143455549908 0.142154928772 0.155388598816 0.134086530355 0.194462722318 0.104148710686 0.10800088052 0.239489303102 0.224104624261 0.251296785284 0.286522418988 0.292679378202 0.495522297881 0.488196486885 
1550 1.0 0.170687238981 0.169488216939 0.267276814308 0.190986740916 0.328323459622 0.252824621053 0.254089039411 0.196253215398 0.193261375376 0.526923422083 0.301203738153 0.299262972209 0.358849369924 0.343077104374 0.103824994167 0.0944195152845 0.161026019203 0.16810743453 0.198467500011 0.193110566632 0.341800929693 0.331414669993 0.168971745803 0.164781711574 0.25659918516 0.247702412701 0.148213146169 0.158840044243 0.12795852084 0.148213146169 0.161928132811 0.193261375376 0.106046101063 0.103824994167 0.220179922401 0.213734230782 0.22254893178 0.309127737427 0.273099582369 0.502702172683 0.485484438913 
1576 1.0 0.168812955268 0.169159475555 0.262492378165 0.20628022274 0.368634819613 0.216619014924 0.233947468171 0.18194589802 0.185030848079 0.51237801522 0.263605425044 0.264271002993 0.313400482747 0.312964208621 0.103045443969 0.107858027766 0.161243218122 0.168117771991 0.226486346077 0.211420495361 0.337914850179 0.33448945873 0.148119589747 0.150990897385 0.268302550469 0.262789651622 0.133568006058 0.123230764672 0.134876814735 0.126513325332 0.137598979195 0.185030848079 0.103988239858 0.100746743414 0.230501313912 0.212433624862 0.233947468171 0.270692659538 0.295513506214 0.473245799251 0.472750599465 
1583 1.0 0.181312816274 0.1790925756 0.283464428372 0.196661361214 0.358185151201 0.229954354386 0.213019376332 0.186569348756 0.184502781274 0.509732570114 0.278660101208 0.277461041854 0.331349188722 0.328113476772 0.102318666229 0.0996777389995 0.171387048776 0.168641540927 0.193671763668 0.188789961911 0.330896078626 0.339647244542 0.157604343627 0.15244263088 0.276739112508 0.276498050518 0.142845234821 0.121806384284 0.15342368046 0.118476193988 0.134799504987 0.184502781274 0.111068500407 0.111517869068 0.230967055404 0.207950531294 0.238704759046 0.284345210697 0.283170225461 0.478107383569 0.486026527139 
1641 1.0 0.174409392112 0.180122997964 0.267342436573 0.20917509441 0.348673574149 0.232198778611 0.235304047135 0.198746918491 0.204358319515 0.517159958511 0.268853569306 0.263077922388 0.317399970685 0.317027466609 0.101474610403 0.112817935467 0.148819346321 0.164343475236 0.189708187722 0.181987674973 0.343159250842 0.349833567065 0.142917417592 0.148932732506 0.267657959446 0.271042202912 0.136761027574 0.120906993234 0.138112089835 0.132497945661 0.156342393345 0.204358319515 0.0967046499995 0.0909474475586 0.233720459539 0.221101533042 0.234225489675 0.290520964459 0.299954981993 0.477233191683 0.481143416427 
1660 1.0 0.173645299793 0.16671081412 0.277957276537 0.194327336034 0.340143649688 0.226597162966 0.242909170043 0.182569788735 0.188540236142 0.570158469306 0.29551175956 0.307336869025 0.34763716249 0.349295878051 0.106165594121 0.0925946441374 0.158262323551 0.158262323551 0.167719009659 0.164529593067 0.327371503855 0.329717232048 0.143077166503 0.143077166503 0.254150082317 0.240617992777 0.148365855732 0.157040202377 0.132593519358 0.158262323551 0.134755512746 0.188540236142 0.10247174044 0.0993694294658 0.235968908042 0.222088384039 0.227339932526 0.28455074205 0.270670218048 0.471222835754 0.468300574896 
1695 1.0 0.180763387395 0.179935669749 0.271282683274 0.216196098547 0.35922549886 0.240424515361 0.213416318796 0.184532061186 0.160133465648 0.544731548359 0.282073454506 0.267991676914 0.313197306282 0.334776001191 0.0968058453991 0.122788953976 0.19348314479 0.194679606735 0.216426135248 0.226682537114 0.362488954082 0.3535944377 0.131149529309 0.102546770335 0.243441080064 0.224919587186 0.118387462633 0.125791572273 0.157206497637 0.149749611331 0.146841575064 0.160133465648 0.133964888962 0.139187033711 0.211307487337 0.228104901476 0.247729781786 0.238624076027 0.301816252473 0.483874998423 0.483412017472 
1700 1.0 0.179599420367 0.192917460103 0.268226599589 0.207791071473 0.366888535969 0.249733787594 0.212427835642 0.188104506853 0.172294224512 0.555481869561 0.268562130805 0.253411087286 0.309492230295 0.322294878848 0.09618249565 0.117972635188 0.195447080275 0.190225158426 0.214155075674 0.231638123639 0.372820757411 0.354703517863 0.138290784087 0.131742151066 0.238224320475 0.26868403827 0.11191866863 0.121460261865 0.171913673579 0.139762943777 0.14817884543 0.172294224512 0.124127105807 0.136922418299 0.215412916427 0.230681888483 0.260986764229 0.215830567666 0.311811346197 0.471890540752 0.490469806782 
1728 1.0 0.179443472917 0.183971568557 0.28294018644 0.207703708079 0.363229036876 0.235453160424 0.240684015656 0.195629263607 0.19901020392 0.547017693784 0.293737400921 0.305464766851 0.342430366489 0.350136496004 0.106390359439 0.104704861008 0.161300723676 0.160194016105 0.198282559057 0.192651126718 0.350104739032 0.363596182222 0.141862521417 0.1402069421 0.261581564605 0.263824761227 0.143421497033 0.140681952864 0.143421497033 0.143731263046 0.153531084483 0.19901020392 0.10201553501 0.0972160228687 0.240684015656 0.226793812302 0.246886818249 0.279341247999 0.274685234458 0.487633089911 0.486880058649 
