Leaf
317 1.0 0.19703543456 0.192395016617 0.286221550091 0.236241171201 0.406152609461 0.240724565357 0.233999439329 0.198861284551 0.175703256199 0.535752649786 0.312866855928 0.30501895689 0.371407454664 0.368149431584 0.121483114463 0.123815999705 0.170924274238 0.16691245455 0.192003252789 0.174412884345 0.341716364975 0.374556742629 0.181769574744 0.170394822452 0.302689588007 0.281606909822 0.156096130791 0.147259772634 0.140669700293 0.144888616815 0.132851568242 0.175703256199 0.0867736531877 0.0913393174454 0.24848192787 0.205710300928 0.215994944467 0.303087340593 0.258637894804 0.52208614359 0.500617051932 
1322 1.0 0.181071492085 0.187250315914 0.26713234813 0.205329192142 0.397921310481 0.222634354785 0.236496445954 0.186837869784 0.198451089947 0.4968948906 0.2991469711 0.306597339585 0.35182401141 0.353137200466 0.104110319057 0.107213321183 0.150345150958 0.153769731037 0.187764599541 0.183399800931 0.365377177941 0.356669475501 0.141897867572 0.161478224452 0.261145019695 0.280583494519 0.141625771699 0.123278893699 0.137479725866 0.125757109264 0.154270610966 0.198451089947 0.0882706454416 0.0895720027894 0.239655812343 0.223585233856 0.242932899054 0.25342399704 0.271287512015 0.480316514095 0.483159003798 
1495 1.0 0.205844837988 0.191526484594 0.285978493544 0.204039146625 0.360533316582 0.250911927304 0.23580036748 0.195825619456 0.18712860649 0.551577020671 0.322255557978 0.308767256982 0.36884148001 0.356339050252 0.104039959018 0.104039959018 0.168940908671 0.160516559059 0.195825619456 0.197706340834 0.332430083453 0.348993769198 0.163514459434 0.163514459434 0.282888501603 0.274169365139 0.145395291929 0.160516559059 0.148542740915 0.149783202876 0.135002047318 0.18712860649 0.103594389694 0.109667746056 0.212479557174 0.18376113889 0.200032377803 0.31352466389 0.277856404822 0.512043862031 0.496495256788 
1585 1.0 0.174421358915 0.173783618722 0.27323619995 0.206593224352 0.37326016126 0.247388204625 0.238894385921 0.208731927571 0.200483515727 0.50666196044 0.320510451818 0.323269955615 0.354149576011 0.36677862382 0.10084912191 0.107458569276 0.14137109989 0.146159456092 0.184806630971 0.181899923485 0.349732786354 0.362393201964 0.163377262925 0.164596007845 0.249533229199 0.272014389387 0.122883575257 0.158968293876 0.155579593041 0.157283070018 0.161187853914 0.200483515727 0.083503409083 0.0813481188028 0.23665295041 0.213361626151 0.23665295041 0.265319404142 0.292774356104 0.499822316981 0.494821288964 
1597 1.0 0.170155451024 0.171542610807 0.270320973883 0.207399554451 0.383580938801 0.225028689915 0.231858457244 0.173829946608 0.175300711059 0.528262718898 0.297054040229 0.303304339137 0.34663585596 0.354856721296 0.103652153904 0.109759924309 0.160970316841 0.164969436198 0.171542610807 0.167346639927 0.357352423294 0.357849475046 0.143316287977 0.155223973563 0.242516464377 0.255832157523 0.137262867945 0.137837192076 0.141792340206 0.139545982847 0.13077894434 0.175300711059 0.0983732277514 0.0927944764923 0.233302014048 0.226602947904 0.244058844049 0.254671564101 0.277459627419 0.475700152146 0.475700152146 
1599 1.0 0.187583530337 0.188271912579 0.251875243765 0.208735489383 0.381255500671 0.239447401771 0.255445226823 0.195684356553 0.200645787925 0.517981953364 0.296333786139 0.29528419446 0.341975086661 0.332616737282 0.102995246 0.108857408186 0.163087925396 0.152935908077 0.190050037668 0.176936705269 0.341748036672 0.361254104217 0.150204690008 0.162292757688 0.264110212598 0.261550753956 0.13264158634 0.143870000253 0.127469144987 0.149687038761 0.152935908077 0.200645787925 0.0965109301467 0.0965109301467 0.235635168703 0.223462115239 0.225192170342 0.266936043331 0.251258153633 0.468075247431 0.47307860184 
1648 1.0 0.163624791726 0.16812550706 0.243753207582 0.203014988601 0.390714729365 0.245069805728 0.249081205183 0.204279104107 0.195192575649 0.492575851252 0.274172481515 0.270628526216 0.317750492068 0.320010940732 0.0996841452773 0.108465228909 0.143508435741 0.139966713583 0.156302362831 0.15932021895 0.370108506179 0.38416996496 0.187730207929 0.17517437022 0.273090557921 0.25277453823 0.125518617797 0.159239407269 0.128357847065 0.160447308831 0.15932021895 0.195192575649 0.0792551240886 0.0864035200915 0.246327119525 0.22854591366 0.24543718759 0.257766479065 0.275156609474 0.467284710475 0.484673052236 
1669 1.0 0.173463427536 0.168284243273 0.279891150717 0.190763384055 0.363713992853 0.24284879855 0.236871654743 0.196251465437 0.20132662076 0.506043339284 0.307147558417 0.306281945916 0.346160729318 0.354696719998 0.0959367793058 0.0981257327187 0.138898230105 0.139407016534 0.164991522679 0.170166909918 0.354846391594 0.35389740243 0.160201826758 0.171307243122 0.254173281013 0.264278603541 0.143041606782 0.147788636621 0.145859827861 0.155150406232 0.145251822597 0.20132662076 0.0798242254592 0.0925563338003 0.234166179083 0.22086305215 0.234468329118 0.261585934184 0.290137848225 0.484274277641 0.48471266724 
1671 1.0 0.186649858974 0.185115304087 0.246991558931 0.216200090164 0.396424133616 0.253976101913 0.246452022973 0.206758362955 0.210946760421 0.500142603176 0.283953914269 0.286951751297 0.333764094947 0.344750528113 0.11117870466 0.113715427352 0.149289319117 0.161878637455 0.171462707118 0.176598436994 0.388917714372 0.376394325872 0.1482667775 0.166053843615 0.256509220467 0.287679804425 0.121163994231 0.133414445593 0.136514244298 0.1300947991 0.167762847577 0.210946760421 0.0916803085269 0.0772733526781 0.239486259056 0.234430359117 0.265471338146 0.221070856135 0.290311879425 0.468739025785 0.510230781608 
