Leaf
449 1.0 0.175535147676 0.171337402226 0.252744447523 0.1842175894 0.31533530582 0.217213663202 0.23023055 0.155152616573 0.182424051384 0.506324491182 0.294022171114 0.306267703258 0.334103541045 0.344894998351 0.0932176249369 0.0940952816517 0.151398677067 0.14928984862 0.168573714525 0.169060621255 0.326711269534 0.322951687394 0.148659265659 0.158447730875 0.25371823948 0.262274976803 0.127205761573 0.125064567636 0.132274250024 0.143105199654 0.123553157826 0.182424051384 0.0935947712847 0.097526959094 0.227562904553 0.214110062433 0.23552505728 0.276273259734 0.318816505693 0.466239263895 0.491472610065 
1306 1.0 0.171354257857 0.171354257857 0.246835443038 0.177328173748 0.316518981014 0.210674898444 0.21602592615 0.174136917623 0.180129740136 0.474725736521 0.311736971039 0.306161686644 0.344457337321 0.346717618349 0.089507187492 0.0906191206536 0.139384275605 0.144326003177 0.184523794141 0.184523794141 0.342533142474 0.348158798468 0.130478026127 0.136333286257 0.246266790612 0.249097071572 0.124347358889 0.112686669714 0.130478026127 0.121578308306 0.116703094396 0.180129740136 0.0906191206536 0.0934482472167 0.25513473887 0.240506329114 0.258333311797 0.280915709129 0.297939298631 0.466812377584 0.475147452636 
1393 1.0 0.163580946376 0.164453901592 0.265353869749 0.186485384141 0.310444775298 0.201966217123 0.201808615681 0.169691077802 0.179264958704 0.474659323264 0.29315480072 0.288560299346 0.322903638875 0.321570646677 0.0902515566214 0.0965536128084 0.139657722619 0.144472982417 0.167710730661 0.17183384442 0.338631309207 0.335658525074 0.133722003957 0.141018057221 0.254833325029 0.26607233822 0.128628258671 0.10492349969 0.142811681698 0.106428935288 0.140112634972 0.179264958704 0.0963887047243 0.10090430784 0.247228424321 0.237513930323 0.259718358289 0.299808502097 0.312284161359 0.474659323264 0.484609943711 
1397 1.0 0.154239646874 0.15326343677 0.263687233002 0.184177090732 0.325582174489 0.202887227338 0.207278442488 0.168538580993 0.16942680101 0.478153107274 0.282378001684 0.288360832953 0.325524544225 0.33152102704 0.0950954886942 0.0926977375349 0.131094397623 0.138877839877 0.172608287788 0.176371601565 0.348085085887 0.323674957981 0.134345749794 0.137656613861 0.232854865459 0.236373476225 0.13601125657 0.131094397623 0.132234370364 0.126283281423 0.147524920781 0.16942680101 0.0833176970946 0.0796333059381 0.249351880332 0.245331647491 0.266869841299 0.255814191481 0.294349538868 0.453462807542 0.454826111547 
1415 1.0 0.158999682001 0.158999682001 0.276179015761 0.190754313968 0.342407461207 0.209745287351 0.199935166674 0.16434569464 0.170919522425 0.479934452453 0.299379941177 0.298440197403 0.344420899868 0.350453465964 0.0941228899348 0.102053250967 0.15831873805 0.151340880894 0.193342075523 0.194122808165 0.348412872636 0.352788619223 0.145517881237 0.155842705976 0.235651325277 0.258728357564 0.129155223422 0.131476555712 0.153467554898 0.136792495005 0.134883668947 0.170919522425 0.091562825865 0.103941343741 0.256041942329 0.243586710924 0.264428085912 0.279058795922 0.30791910397 0.470063163523 0.489871484037 
1453 1.0 0.157978685136 0.158841963066 0.268964459254 0.175411603861 0.309893833488 0.201617391734 0.206641851281 0.179362594124 0.183508075232 0.456220069853 0.284529901693 0.284529901693 0.321800490297 0.321800490297 0.0884819745997 0.0884819745997 0.132561870735 0.132561870735 0.179362594124 0.185822265969 0.335072386617 0.32686022523 0.138982874183 0.151685684916 0.243689588174 0.256271757467 0.137623293596 0.128767995174 0.137623293596 0.123343727906 0.137995416745 0.183508075232 0.0863307097908 0.0863307097908 0.253657013193 0.246201918383 0.270864396641 0.280962935171 0.325865055181 0.455094617757 0.471404520791 
1474 1.0 0.171783861611 0.17292026118 0.240236657274 0.177208962122 0.319952989953 0.234529835311 0.217561551431 0.187153523101 0.177208962122 0.479963492333 0.28709712086 0.293395339477 0.318316391037 0.333148302326 0.0864601305899 0.0930081664755 0.129280530775 0.129532785709 0.179314851648 0.186804355776 0.340992717174 0.324511676067 0.14454002749 0.148219614061 0.250871693072 0.263376858492 0.117785711858 0.128393735678 0.126859094056 0.127756541989 0.149535198561 0.177208962122 0.0793737320032 0.0793737320032 0.232573056362 0.223117208579 0.247201480931 0.255065544141 0.317340666965 0.457396968378 0.476995778024 
1477 1.0 0.169157222171 0.168747342184 0.263206875554 0.173681804978 0.310700373398 0.207408290437 0.20438125177 0.159810696578 0.166433361169 0.500020774616 0.276900300378 0.272564801232 0.315828955956 0.31543403248 0.0856768164861 0.090854933744 0.138149715513 0.134800748491 0.189763228322 0.183831655942 0.338968824923 0.355443371836 0.125102102285 0.125102102285 0.237830885497 0.24009130051 0.128056384911 0.123318023731 0.139347567832 0.126533145162 0.130732319298 0.166433361169 0.085027740346 0.0920663863487 0.241012517518 0.231635540033 0.245510363596 0.296326174951 0.308912154959 0.486600600693 0.495652968361 
1498 1.0 0.164133702678 0.164746525106 0.254089825129 0.188696356834 0.311896040491 0.193443070953 0.195515734453 0.155516627938 0.158299665226 0.475464520137 0.280601111082 0.272462488905 0.319661392904 0.32290252343 0.0916390518354 0.101384437491 0.133428473502 0.133428473502 0.158299665226 0.153997238545 0.326420309326 0.340916979581 0.129597189949 0.129597189949 0.234853566109 0.230959500556 0.125381513859 0.128032578991 0.133428473502 0.133428473502 0.127506775624 0.158299665226 0.0660818600455 0.0755674980298 0.246029948665 0.229500487213 0.238965410854 0.316705411652 0.29790444911 0.475393866371 0.457901920313 
1530 1.0 0.159847669873 0.166602484433 0.23672304892 0.189319286101 0.289955520227 0.221523031811 0.223254321626 0.181001762649 0.17797916684 0.47936050038 0.279631739428 0.284533034905 0.326305568089 0.327536813226 0.0975729266949 0.0975729266949 0.150834802207 0.143216708352 0.170752621716 0.170342158089 0.344210580962 0.352052832768 0.159299305753 0.166602484433 0.249676023891 0.255975147551 0.123534460934 0.141124044017 0.121966158369 0.148260240978 0.129753003018 0.17797916684 0.0847074894442 0.0903072963297 0.254053591121 0.248481563007 0.264912266468 0.309967424079 0.309967424079 0.485923662822 0.49090431792 
1537 1.0 0.154268455491 0.154543036169 0.271190662364 0.175523121863 0.281821580175 0.190355354818 0.195193805794 0.154817129856 0.169876755113 0.478952125474 0.2710864184 0.269203124454 0.311499954405 0.309314601812 0.0910028295176 0.0865454066101 0.127815936058 0.128036879933 0.171614881665 0.174877814084 0.316227766017 0.318631897395 0.140358098105 0.156992652844 0.245306421132 0.261804409622 0.13668530162 0.121233531864 0.140760271131 0.128587578732 0.137201291758 0.169876755113 0.0784963264219 0.0784963264219 0.245306421132 0.22860700886 0.243455898365 0.317209426464 0.300978243018 0.47373048941 0.464238345443 
1565 1.0 0.154982347613 0.154140046009 0.26819469993 0.2 0.297535305356 0.215282659011 0.223151479017 0.170195885803 0.185740661044 0.502038156739 0.279602181651 0.292070412947 0.319325978513 0.339673897124 0.0996331758577 0.103321565075 0.138102920313 0.149748908368 0.189642290999 0.199266351715 0.327378322914 0.327775747428 0.153611262131 0.170959099882 0.245579303825 0.272169955996 0.128710194144 0.133061833696 0.146674556584 0.137985034742 0.129340821114 0.185740661044 0.0855746858078 0.0816828692628 0.240693329963 0.233973703779 0.252699018877 0.287125423727 0.35098373898 0.465576626123 0.503397731256 
1578 1.0 0.161115750115 0.151503749764 0.266328295667 0.175877176384 0.311594377368 0.18118119361 0.195138117509 0.153078933696 0.151170040659 0.47748668639 0.259411991014 0.26115823954 0.305703902521 0.307885030917 0.0926575683824 0.0877589381815 0.147791512596 0.150751865472 0.18215417211 0.18118119361 0.31923979192 0.319753516 0.119866430722 0.123600186941 0.243547092164 0.227074992835 0.137157505092 0.106834287434 0.132188747465 0.117740970844 0.131901899935 0.151170040659 0.101127425679 0.0970500707184 0.248219761192 0.2313712382 0.247200373882 0.296180421839 0.304711086142 0.462141831007 0.476136243037 
1587 1.0 0.16763762385 0.168064726768 0.263430551764 0.191585855828 0.287378783742 0.191679380782 0.20258916217 0.157153144747 0.164725716321 0.497250307137 0.284495521278 0.282979548563 0.33495435889 0.330212165974 0.0987410899942 0.0987410899942 0.158062866643 0.158062866643 0.209118945545 0.209118945545 0.350843641844 0.345904833925 0.136657139761 0.14786942447 0.262408046087 0.270546134931 0.135074185122 0.111365716211 0.135074185122 0.109907774867 0.13783242586 0.164725716321 0.0967238820329 0.0911921505175 0.24902131181 0.245542379827 0.257721811141 0.299352899732 0.301084140428 0.492906161795 0.486243477274 
1590 1.0 0.173306205547 0.174170581011 0.254444884469 0.179176230218 0.306664393475 0.196753222258 0.203506717698 0.157147949582 0.16092507478 0.497650076055 0.269724940388 0.273045135317 0.31269912728 0.318619582226 0.088369172391 0.0952746388059 0.130970781359 0.139125537679 0.188170071935 0.181305498071 0.339854996022 0.331503962807 0.137314715962 0.147621444149 0.258672373147 0.271574504504 0.131732984388 0.119093298507 0.129174818842 0.116257336958 0.123630492119 0.16092507478 0.0802548917861 0.0802548917861 0.240487296608 0.238606556078 0.26460351003 0.270774577864 0.318357624127 0.453438574632 0.46631930689 
1634 1.0 0.173937301201 0.173937301201 0.244213884893 0.181096748281 0.314950866576 0.207873536833 0.214189746172 0.156883788992 0.164409179115 0.496297512916 0.285200139644 0.293027043307 0.324643922443 0.329006846843 0.0957885665047 0.0880314434046 0.151250214553 0.146460619134 0.169606232266 0.172685294068 0.3281577955 0.320511834929 0.129857568977 0.124495261178 0.232509690883 0.235950544904 0.120445546087 0.13408549983 0.126960753219 0.13408549983 0.12817571634 0.164409179115 0.0995962089425 0.0995962089425 0.236344343027 0.220606164862 0.238043273637 0.309390136663 0.311487043951 0.484412964984 0.473540437098 
1650 1.0 0.184497518525 0.175610520883 0.236592041817 0.167990013723 0.31358548239 0.212081283588 0.221738421079 0.154455907907 0.163068732791 0.511135172372 0.276299127686 0.277245180349 0.311631079873 0.307495864208 0.0852840081074 0.084254384752 0.13581327671 0.129900731061 0.180834276969 0.185754756365 0.324079230808 0.315343314176 0.11339887162 0.116686476238 0.236592041817 0.225253132238 0.122998345683 0.124175390164 0.116686476238 0.129452022532 0.151412143326 0.163068732791 0.0889573937247 0.0852840081074 0.241219601838 0.229348979211 0.235482721626 0.321917477515 0.292363730105 0.47465741595 0.469294579701 
1675 1.0 0.16485670445 0.164287249538 0.246525929614 0.171132551602 0.308114642408 0.205359061923 0.198985289644 0.156096903817 0.1544370539 0.50012884334 0.268367271581 0.264498078255 0.301271068301 0.306131214836 0.083276693808 0.0900358914007 0.130779312306 0.126221133407 0.177977853666 0.171679302361 0.31584968479 0.318508896508 0.123405437941 0.119548061073 0.229598411127 0.238801970562 0.118168235088 0.12187713826 0.132911724281 0.116168628211 0.136906041282 0.1544370539 0.0798292540828 0.0835575603518 0.251326083306 0.239585572243 0.260211532611 0.292431432367 0.2971996505 0.460063376389 0.455096768546 
1716 1.0 0.153247066638 0.173737149544 0.256438193648 0.175336604677 0.309721966526 0.193501572703 0.207090692134 0.173837546634 0.167915318881 0.463050025481 0.265267320978 0.271025833212 0.300108737898 0.317153344927 0.086112085115 0.091989976863 0.162475957243 0.16838225563 0.224358511003 0.214498720149 0.348727365899 0.33603838949 0.142265185649 0.122921708049 0.258909699459 0.243991193593 0.138411065018 0.108442516849 0.120267118455 0.12142217131 0.153360878066 0.167915318881 0.123981702158 0.121206437344 0.221383632897 0.234845308246 0.256744185635 0.26434487842 0.334190079725 0.486496297469 0.49824341614 
