Leaf
118 1.0 0.165361822093 0.170071281346 0.278338761849 0.193394074927 0.283369268224 0.231562286321 0.231562286321 0.187790639504 0.188795032658 0.533033809169 0.272195802912 0.267537606927 0.333403782373 0.327138641455 0.104413666811 0.0999499262772 0.166167160406 0.168889760647 0.178559270441 0.195681488278 0.272195802912 0.274758563703 0.15226257394 0.155157558826 0.248569161605 0.26050089953 0.138809200758 0.154726764218 0.14431026759 0.148114564205 0.160652801112 0.188795032658 0.105473731215 0.0999499262772 0.197492344574 0.174590090943 0.205660253151 0.356526174829 0.339946269959 0.494760623244 0.501904261207 
79 1.0 0.175148037617 0.17465750224 0.283852027134 0.222731119453 0.358154362235 0.247195904218 0.246268626535 0.190228401176 0.19822857073 0.57643591174 0.30242111688 0.303302445901 0.352033450183 0.349805883798 0.115607567348 0.110549369118 0.163901432864 0.163668618211 0.211625872732 0.208723022894 0.355831174288 0.352709787886 0.169842634505 0.172736622915 0.27128195471 0.277706801652 0.147298520518 0.15989748861 0.144026266008 0.15989748861 0.139316046869 0.19822857073 0.100522941526 0.0976365119471 0.247157337105 0.222731119453 0.238361102642 0.261585690364 0.246771334469 0.471292161233 0.460881569149 
136 1.0 0.190032422953 0.190441535209 0.279032992665 0.217602218186 0.362842001308 0.219879347233 0.22297243117 0.178283676827 0.187559010493 0.524744179121 0.298283907267 0.302120847366 0.354333996091 0.34611166997 0.119277028493 0.102881708952 0.165704004395 0.154322563429 0.195920666444 0.189786532287 0.356043118103 0.357134407115 0.153513527379 0.164856408021 0.274760680035 0.289491781513 0.150233821453 0.142251020094 0.138030296915 0.134951166894 0.114482672483 0.187559010493 0.094852248953 0.0976021589581 0.236785752705 0.217602218186 0.23367567487 0.288252443858 0.278865589595 0.485420332877 0.492329558575 
150 1.0 0.182810713318 0.181504905793 0.292789752317 0.195145772329 0.3804153948 0.233389450935 0.246813136097 0.196603010532 0.203674529355 0.516997772065 0.304302613977 0.304185341465 0.343274451794 0.34685894086 0.0986336568982 0.098028907746 0.152366113536 0.148652199019 0.194229446532 0.189957424005 0.324685846083 0.34139843123 0.18124261533 0.186673338039 0.288039281723 0.289521907209 0.15024380969 0.1506390848 0.152755897016 0.155609952495 0.132672019832 0.203674529355 0.0960681315127 0.10253558553 0.211747922658 0.185587089986 0.204257623961 0.286258304247 0.279191184861 0.484040383528 0.493168284491 
155 1.0 0.178613967291 0.17983631837 0.293235994309 0.214553849483 0.324616047813 0.22526315574 0.234027801112 0.188679245283 0.197264753081 0.513503073795 0.309943295636 0.314373474709 0.362931774749 0.350963683731 0.111009133097 0.10583129448 0.167538409007 0.170856323361 0.188679245283 0.173953669006 0.323982732426 0.327847808362 0.180216602826 0.177999644001 0.295329732877 0.28566733699 0.161207617836 0.148104656183 0.138551573786 0.149850908553 0.136961259139 0.197264753081 0.114769104345 0.110885721015 0.229359184973 0.204154887031 0.216333355014 0.314417025789 0.296440346886 0.496061659008 0.486445798646 
163 1.0 0.177470620223 0.172643567435 0.294627825494 0.200248739127 0.327802567268 0.21732088659 0.225713116617 0.182843271001 0.203822854816 0.524005824613 0.310916588295 0.312198723996 0.349576580514 0.358215834478 0.0999323763486 0.102212495797 0.156786811397 0.155309979634 0.172108789999 0.180985231121 0.333747898546 0.339634397684 0.156492560006 0.174061608234 0.281453070467 0.302805628698 0.138581271925 0.127615218729 0.161612146024 0.133958710379 0.130825418283 0.203822854816 0.0982266557994 0.101760559187 0.242956328952 0.227543527771 0.239837703237 0.294627825494 0.285732941166 0.478264027335 0.472706386072 
168 1.0 0.177415839093 0.187481931245 0.277777777778 0.217171717172 0.383838383838 0.237427460072 0.244310840858 0.201261200456 0.207624290819 0.515176271934 0.310718957884 0.308742458901 0.370756609136 0.361172912703 0.115169234858 0.110304695292 0.168795706738 0.172014003696 0.194296808704 0.187685900768 0.345987243605 0.345987243605 0.181044932616 0.172606136269 0.290173382267 0.287568501929 0.148625646157 0.160428082568 0.1337192151 0.153605114401 0.139324386102 0.207624290819 0.0980630698937 0.0948903748892 0.229728594253 0.212121212121 0.233964339836 0.282692969074 0.295573230069 0.489586487854 0.500025506951 
175 1.0 0.167624375117 0.162528873187 0.287422157959 0.203765820736 0.3175944013 0.222652322782 0.224891698468 0.193123979983 0.187385873349 0.508852128756 0.31093143814 0.306058330429 0.348082091654 0.338912199528 0.107689868984 0.0964692756253 0.148608936256 0.140180794055 0.185755148791 0.18556235668 0.335515561855 0.337218157308 0.179980988648 0.182253690662 0.283787722428 0.277151480142 0.14800556821 0.152882907736 0.145567088877 0.160534578357 0.127195445539 0.187385873349 0.0911268453312 0.0945959074761 0.239086360806 0.215462815979 0.228992445875 0.312137827928 0.264868540933 0.486521015819 0.457085232299 
176 1.0 0.189241513139 0.184077272816 0.281096094447 0.210852377847 0.335134662721 0.240068246027 0.242910820839 0.210228039777 0.201936063509 0.535092083667 0.315747064037 0.315145155456 0.36053811379 0.36130698207 0.109303188458 0.104940191392 0.160511247237 0.153630292431 0.199315296962 0.210783098273 0.352964229281 0.372728069383 0.171763888639 0.174631034271 0.300337680686 0.291051723785 0.150751268542 0.140937198076 0.138954273069 0.147519459744 0.133813957222 0.201936063509 0.0894636181526 0.0945435466368 0.256367185697 0.232966798579 0.239398088469 0.299217104688 0.270288782921 0.492094421855 0.478460511497 
179 1.0 0.173024940219 0.170041527933 0.272404812543 0.192619290177 0.334870383397 0.264783585279 0.243252127705 0.229030176365 0.211155389305 0.508680447056 0.328797974611 0.321717762778 0.375569294403 0.366954173467 0.100215663815 0.0976290167729 0.164884657454 0.168719697009 0.192286901163 0.193447764066 0.342379515463 0.35304981348 0.189691139198 0.174222358937 0.288430351744 0.276657299117 0.149737229191 0.154468595311 0.134429631271 0.145951276623 0.158454877441 0.211155389305 0.106707705736 0.101955923786 0.245542379827 0.217571317288 0.220564386628 0.317161971201 0.270342226148 0.513530347263 0.491898218485 
190 1.0 0.175680892623 0.169851219212 0.26878074034 0.204590540293 0.315741552371 0.243523133518 0.251523185011 0.205506311275 0.208557123459 0.520065127103 0.298511157063 0.307413798369 0.341956294289 0.355467464714 0.102044648446 0.106625831492 0.1533733576 0.152927503873 0.192200248368 0.192732414357 0.33463952569 0.340705992866 0.164542051522 0.174315223662 0.265778936627 0.262937680767 0.144549310768 0.154261199214 0.133242258641 0.160444925932 0.1533733576 0.208557123459 0.0891904334801 0.0914583488065 0.240915517946 0.211079263419 0.225469427987 0.314115404809 0.27536871213 0.486379872811 0.468356854024 
249 1.0 0.171822320372 0.169360996132 0.276818266179 0.189818521811 0.323099069907 0.250229517275 0.249809668796 0.212269924784 0.216189839035 0.492210888019 0.324193705691 0.327615901109 0.364580170151 0.366733221368 0.0944588767643 0.0978700365858 0.146514285078 0.148559803516 0.190370722313 0.18794286735 0.357419796504 0.341422859658 0.19978732197 0.202656477381 0.289967665521 0.29123193415 0.141688315146 0.16552117772 0.144258001754 0.174173562743 0.152051697391 0.216189839035 0.0940412230895 0.0894650147999 0.254802195683 0.245945444788 0.264455086812 0.295614297595 0.323545479687 0.52002870456 0.521641044302 
281 1.0 0.184024306655 0.177621489733 0.28161613946 0.206202134774 0.37370672919 0.238789580362 0.249634309519 0.192480724227 0.195539125265 0.524625846478 0.301328020495 0.304053295675 0.343731045831 0.345075720093 0.100506690505 0.107599995933 0.170130531686 0.156019994102 0.185512503617 0.192856296729 0.339324055285 0.347208031137 0.173499780185 0.181490288197 0.282744454864 0.275590456762 0.152169373559 0.144360543171 0.139879994713 0.153871756375 0.130236005458 0.195539125265 0.0987636677254 0.108270407378 0.252114850008 0.222929430634 0.235985214346 0.308166463491 0.263784632493 0.480840773771 0.472705776469 
311 1.0 0.195015902929 0.201507164548 0.266544289126 0.220609117272 0.359072597423 0.250229710089 0.248808686469 0.20137678138 0.196157338171 0.543336527513 0.326146902913 0.317744057249 0.373696540492 0.359839808406 0.113791338736 0.110631475733 0.163113711536 0.160107123881 0.179956395412 0.18112023225 0.333118769696 0.323559677892 0.165590720784 0.170359707691 0.293688757183 0.293375584529 0.140725052758 0.149415347798 0.129752209488 0.153576199326 0.145677147044 0.196157338171 0.0895026031697 0.0896492086786 0.227640373677 0.210682808719 0.226541633082 0.309749478114 0.284651404757 0.49679859695 0.469844996285 
315 1.0 0.178178622265 0.161179925712 0.259925647086 0.201844275786 0.336139084646 0.234483418839 0.237243391141 0.196310485482 0.189298047074 0.493604566634 0.310394131348 0.309974396022 0.35736755218 0.34157724239 0.105340614045 0.0988668902767 0.155358309422 0.142444500257 0.186526642286 0.170421727922 0.334256774632 0.338869072611 0.1741421495 0.172175685566 0.278237531951 0.25050774678 0.158232601996 0.156578335547 0.108985396843 0.154323438224 0.146807113223 0.189298047074 0.0906218432704 0.092156058448 0.254434875083 0.221525642795 0.218200405879 0.3553722473 0.254316762175 0.522407277941 0.476193385307 
316 1.0 0.180973558878 0.177873877591 0.284845626161 0.180032096285 0.319218108563 0.244639738973 0.242164399691 0.213914253603 0.211663608312 0.502765409824 0.32359215089 0.331655491985 0.374409262292 0.367916123677 0.0949846922709 0.089110474451 0.151719125467 0.149358792236 0.19925707838 0.187513839028 0.354050081077 0.342336822781 0.188089667044 0.181740218949 0.308737781065 0.300625024791 0.151004668838 0.14590554773 0.140621647359 0.13672246559 0.150183985213 0.211663608312 0.0989673235432 0.0970760538692 0.265184614286 0.250690379981 0.273727269852 0.316056733023 0.311130360195 0.519598889851 0.523479310574 
327 1.0 0.180416893837 0.16983030905 0.303679617287 0.190485333941 0.329408075681 0.241934273525 0.227955860307 0.226498886028 0.209994721821 0.51014030788 0.317327212162 0.320978586863 0.350104695294 0.352141301242 0.097916424238 0.092634714027 0.131005268924 0.131207281794 0.207456928035 0.198652664355 0.333919904838 0.354054005696 0.177456612666 0.177232598338 0.303941147077 0.294064671978 0.168578086923 0.141314567272 0.14492317955 0.133508461764 0.166999605656 0.209994721821 0.0885415490089 0.0900247602141 0.272806315448 0.243842517075 0.246650362248 0.310876713268 0.268500637061 0.491094514399 0.469562472907 
329 1.0 0.18892749017 0.179617306793 0.284195963173 0.203846527346 0.346157940437 0.249816117036 0.255285903572 0.209027148538 0.206453088542 0.520961189987 0.294021955773 0.292578614887 0.347122081029 0.333537510066 0.107637987976 0.0995735302595 0.160765514196 0.143560435019 0.185776000198 0.188100152801 0.340283003711 0.347410801446 0.183665183427 0.182386967779 0.291434085993 0.272018434645 0.15641019928 0.168876369568 0.132923109709 0.170190602382 0.158673032188 0.206453088542 0.0866520516151 0.0992373215441 0.255067617168 0.228968038079 0.234923738037 0.334071490812 0.282308119661 0.522071982698 0.50750791094 
362 1.0 0.185434135957 0.179731486795 0.255149735267 0.219444217001 0.362383872376 0.262640207698 0.255710224627 0.211655087206 0.211655087206 0.50519852651 0.321788608372 0.322071606135 0.367908607005 0.366668362566 0.110136490747 0.114083616057 0.158900090051 0.158736190998 0.197070985218 0.201834520454 0.345618757872 0.339655109423 0.187180587537 0.203695969011 0.284477968028 0.305650425957 0.127549360312 0.157501511704 0.138788709015 0.1582434753 0.14074423168 0.211655087206 0.0892481021035 0.091266892846 0.222272830626 0.214343654509 0.234912543215 0.284249122388 0.301707490362 0.491963686399 0.498063511903 
371 1.0 0.172394884224 0.154215712453 0.263008774363 0.20537534851 0.313750499203 0.252305163623 0.235820766182 0.205848746023 0.199688281137 0.527126641662 0.3194382825 0.310162284005 0.36747489561 0.354532820274 0.106411692488 0.103943839301 0.14522230162 0.14522230162 0.186236795311 0.179855704288 0.354532820274 0.351868848915 0.169356850961 0.176854108845 0.265708888557 0.270129095863 0.144213411972 0.161210340512 0.128003641946 0.145557044212 0.14522230162 0.199688281137 0.0774751635067 0.0764210305309 0.25758661586 0.240318186707 0.249849894913 0.306214363844 0.281826835381 0.499082575483 0.484401908992 
447 1.0 0.190260597662 0.173095605911 0.252661024397 0.20301024324 0.331944438404 0.269840676068 0.257930352088 0.223647812723 0.220342490811 0.510929823536 0.317905583291 0.312199470264 0.366441094114 0.347319792523 0.106760588058 0.100018342454 0.165289241038 0.154505131425 0.199056107018 0.192051927265 0.338402609743 0.333414852858 0.187671897478 0.174852966762 0.288374900364 0.262861647196 0.140667011138 0.172529469951 0.120432955859 0.160484164115 0.15529463647 0.220342490811 0.0951302988309 0.100140539619 0.258167311579 0.228837045827 0.234537734972 0.339665108542 0.283800962693 0.514365005311 0.491383503325 
504 1.0 0.187169909845 0.167853056366 0.28989338694 0.219752663883 0.32821730199 0.247631366879 0.251296785284 0.22040186076 0.213017873593 0.526066453805 0.308562605063 0.310086836473 0.364908310687 0.350244432388 0.118086624113 0.105023006912 0.170471299793 0.157216762869 0.211807152792 0.199582373434 0.34745946988 0.336598667116 0.184633719134 0.174775135972 0.311374272529 0.270517637089 0.163978008556 0.145414145617 0.1362848167 0.148236095061 0.158754150589 0.213017873593 0.0982763789359 0.100859264092 0.229546806117 0.210182009962 0.223811168224 0.319884323017 0.271414004389 0.508528251889 0.480800661905 
505 1.0 0.186916525112 0.16849873216 0.300876277787 0.204439390974 0.35709442708 0.243895786531 0.23610295101 0.198770149103 0.192934392391 0.536023404298 0.309221345239 0.315046801861 0.351041851619 0.339646343147 0.107514381765 0.0969707694598 0.155343974862 0.144155610593 0.189195658018 0.180770216028 0.357966276419 0.354942027516 0.175742776658 0.171326987344 0.29446231537 0.277148299818 0.165072337282 0.14859220225 0.142159653079 0.141610418625 0.147803444205 0.192934392391 0.104946868627 0.107151360869 0.26858051135 0.245117530665 0.253094724366 0.311564598688 0.269160182193 0.505367712072 0.491452249624 
517 1.0 0.183584039368 0.177162702522 0.279944063394 0.182871780468 0.320328135187 0.230256258406 0.248847260819 0.195211852126 0.210646484121 0.525530882055 0.32170021407 0.325982014936 0.365029217361 0.370617402964 0.0942039715431 0.092983887113 0.146297424374 0.141882013341 0.197289958933 0.204117485282 0.349970868049 0.340089231166 0.166040149236 0.171833980349 0.288665716003 0.285197621876 0.149932012869 0.12356847505 0.146408889094 0.131499074237 0.133346926985 0.210646484121 0.0856793216966 0.0903139349799 0.260755584244 0.25703796509 0.280991021784 0.283591508258 0.292706334692 0.479940181156 0.494405900174 
518 1.0 0.190195511991 0.185413712776 0.297842078526 0.223503231764 0.36163192604 0.265722986235 0.250052614226 0.216422283197 0.204693338802 0.555231167203 0.323843627088 0.322236452765 0.37883855195 0.367215075359 0.115699903199 0.111751615882 0.165500273156 0.157507028618 0.196652021378 0.191445602271 0.336549837238 0.33269192445 0.189900177167 0.1702644449 0.291412561217 0.263176061775 0.164990779059 0.18266895041 0.13905397785 0.172475232362 0.154720664391 0.204693338802 0.0943199229226 0.0947651807377 0.23417260424 0.207687682299 0.220341782103 0.303997261544 0.267879309059 0.504685758427 0.487891149718 
524 1.0 0.182103050673 0.16442060254 0.282094188945 0.205381754731 0.328361027839 0.250072308483 0.248066207317 0.199470713936 0.209187793504 0.523170587203 0.304682163481 0.310411219901 0.351492598439 0.348864158406 0.104593896752 0.103074292056 0.15630307966 0.148715993228 0.199470713936 0.199470713936 0.374072952535 0.351005947822 0.183254701998 0.193038797341 0.276158666548 0.281113638437 0.148006973727 0.163618937098 0.144409668728 0.165377471545 0.13074237094 0.209187793504 0.0897057726731 0.091734915917 0.240804154282 0.236395467427 0.247482458881 0.282606452855 0.300116564251 0.49363486506 0.487847369588 
531 1.0 0.180794995304 0.172581425124 0.297053663304 0.20338916002 0.338697291319 0.251565018699 0.247433592328 0.197639673119 0.20338916002 0.536855430151 0.320424579311 0.321944788802 0.373400108991 0.365952269209 0.10737108603 0.100182933179 0.147311914715 0.136313279565 0.172424175501 0.168284117739 0.331410885606 0.325172491237 0.17507821197 0.182883455606 0.274856163757 0.281679872894 0.157630632329 0.166175414175 0.144053428309 0.160867039069 0.147495939665 0.20338916002 0.0751146327717 0.0823498637996 0.233211557483 0.218747033074 0.226124988693 0.29333201813 0.292080932026 0.486352467214 0.493989370777 
581 1.0 0.177093533415 0.175385195731 0.261667306826 0.195606201038 0.306571361921 0.242766750421 0.255653392701 0.217702629992 0.207554829989 0.497503615771 0.296207133152 0.284101304018 0.351770349809 0.336197975838 0.10613799203 0.0984104797546 0.159816489086 0.16680669198 0.190735572744 0.193543058835 0.346017380631 0.343616221656 0.177093533415 0.168005677344 0.291209840729 0.260514158475 0.146635156706 0.147997649687 0.123712223947 0.147317978358 0.177093533415 0.207554829989 0.0972564407357 0.0950383629821 0.248688760918 0.230901717797 0.241938545874 0.326313757585 0.295231439264 0.506128237415 0.488983434953 
595 1.0 0.182937754159 0.17467148984 0.276204423326 0.213579103407 0.354467900867 0.25395202981 0.242759160222 0.21747983939 0.207916962494 0.489634370225 0.303658345783 0.30883886481 0.352165140021 0.359746005855 0.111327860619 0.107359437733 0.15872802785 0.166075756642 0.186679800089 0.175059218375 0.333658616 0.335886406923 0.176217285369 0.179873002928 0.283185769458 0.275171512061 0.140221551009 0.151829172891 0.142998484964 0.158385941185 0.161774259277 0.207916962494 0.098258643061 0.0931581279147 0.235788540281 0.213579103407 0.22967068523 0.285284884077 0.301372303139 0.494319973351 0.493935779675 
615 1.0 0.18336352884 0.18849030794 0.271844588082 0.182890331848 0.336409835057 0.274635412961 0.277710371178 0.221699751682 0.22741101827 0.514368923972 0.297009940371 0.300778884911 0.342536162369 0.340709830953 0.0949322480286 0.0913977727279 0.155433089808 0.161663793027 0.212274959849 0.205639721294 0.347808190332 0.342536162369 0.184869620083 0.186177455834 0.268508945337 0.273940372264 0.147656447008 0.162838768331 0.139943043626 0.160696059598 0.163687998436 0.22741101827 0.108239416252 0.102819860647 0.255612900573 0.230288794653 0.256695437553 0.288725160613 0.305523955441 0.491875059871 0.504571819438 
661 1.0 0.177284689665 0.175364582261 0.282766892422 0.212731017836 0.341435593201 0.240670638827 0.237840508402 0.214119055359 0.220353052577 0.49051493134 0.31379162595 0.30215716185 0.356236456016 0.346846434223 0.108336624861 0.1067626435 0.150423545281 0.150423545281 0.198317035997 0.215236148699 0.349318584745 0.327129761795 0.180595761373 0.18651345812 0.292188485868 0.299578381833 0.150235867671 0.152102223302 0.141133784271 0.14497955835 0.152194940301 0.220353052577 0.0913849106579 0.0975087494157 0.259619142372 0.239023801818 0.264197366147 0.299154283242 0.292574468185 0.493754013268 0.473481392744 
701 1.0 0.170273190543 0.164001848408 0.251645954188 0.201253881336 0.364772659921 0.251331396622 0.256703497033 0.204760989284 0.209911814107 0.515713070923 0.328003696815 0.321733399494 0.368065044829 0.362160888906 0.102380494642 0.102380494642 0.174857406845 0.167462435882 0.180094816329 0.185717371757 0.3526993111 0.3526993111 0.169341456105 0.181516783506 0.26173887436 0.264220579881 0.128274683515 0.160712951552 0.129654845362 0.166158283787 0.160343354393 0.209911814107 0.109835872982 0.112504339851 0.242684274293 0.226410616503 0.242684274293 0.292362502056 0.273344453201 0.503488345644 0.497004713887 
712 1.0 0.183921903064 0.178919380766 0.264258734557 0.201066428467 0.350618363077 0.249417657784 0.233918075581 0.221750523361 0.211232074914 0.48259362208 0.323547544824 0.322986051462 0.358437732388 0.358437732388 0.0983343676769 0.104041939892 0.166597897873 0.148254755825 0.2131760886 0.218376269565 0.337965460933 0.344876744617 0.170803848478 0.177344600212 0.286835340208 0.290720936209 0.134112658149 0.1568012988 0.134112658149 0.149363632575 0.144991063522 0.211232074914 0.0962996434709 0.111542967519 0.233847522699 0.218602840198 0.237488481515 0.305391959136 0.283769968815 0.503772769936 0.501639173116 
716 1.0 0.192952037864 0.197847512039 0.293362134982 0.227010035082 0.35971612116 0.240077930459 0.254029177375 0.209115093623 0.207072049997 0.52640568542 0.329766317983 0.330823632373 0.367276728866 0.372938202827 0.115723998069 0.11239598559 0.163843896287 0.168684015229 0.219390979908 0.222142071452 0.313333613317 0.344052764688 0.178055086212 0.167600380788 0.304336508816 0.289611612547 0.153707101541 0.151317726515 0.143700603153 0.152815464038 0.140494981987 0.207072049997 0.108547542975 0.106997790533 0.252350023711 0.220495535561 0.229669880202 0.299913946561 0.263707132183 0.48746822021 0.487187806395 
740 1.0 0.178985191635 0.176549905484 0.266016779991 0.190782987859 0.335148851615 0.248408970351 0.25034526094 0.214139377158 0.200734606128 0.502880576368 0.299910628623 0.300576111605 0.348400148429 0.346723410584 0.0996179721953 0.0967347970815 0.160442459914 0.166452847181 0.202633433492 0.199319498994 0.342568570093 0.340667698305 0.175224579141 0.178985191635 0.281762174669 0.271284950424 0.145988804457 0.148924681382 0.130193246348 0.15235122623 0.142876170814 0.200734606128 0.111451002918 0.106093289484 0.24550981128 0.225131824656 0.238561631596 0.313589338152 0.277594746201 0.502052134278 0.477820710228 
746 1.0 0.182186526157 0.177231204662 0.290719776429 0.216315801893 0.330248127403 0.247914784207 0.239273968483 0.211164686722 0.212464173982 0.524025291752 0.319178538256 0.324561015811 0.371589060795 0.367117730785 0.109459934605 0.110490514892 0.169192245676 0.166199165145 0.21541573224 0.215941228795 0.336176255735 0.32321127605 0.176682216649 0.175671282794 0.281150080387 0.287977867598 0.153222775729 0.166199165145 0.144073244688 0.152693507219 0.148935973359 0.212464173982 0.0972401786448 0.109459934605 0.241764719763 0.228757320312 0.252701475432 0.311943945232 0.305651992374 0.499019471841 0.503509267889 
747 1.0 0.193264769053 0.189288611583 0.302381479627 0.209383059365 0.354698814946 0.23153846223 0.23673573339 0.197759899438 0.200222969276 0.511925125086 0.321612015952 0.314813636527 0.377235539477 0.358631872402 0.111833628266 0.101536332538 0.156437488919 0.160806007976 0.171683989072 0.174902429727 0.342036420467 0.334036800517 0.158690047255 0.156004742616 0.291626423348 0.276392193582 0.166486291433 0.136225285045 0.142530821769 0.130652354967 0.161644636912 0.200222969276 0.100027037989 0.0962380544026 0.224421617042 0.203571411628 0.217693549149 0.320664703096 0.288655618309 0.522900396088 0.497696152536 
881 1.0 0.175225072889 0.164447515508 0.304275935729 0.195605958683 0.337052157426 0.233324335702 0.242993455788 0.195907587172 0.203012270688 0.521729075434 0.321817289003 0.318126601715 0.364490183683 0.35530263468 0.0984048495105 0.0984048495105 0.154449056652 0.154449056652 0.189783955932 0.195907587172 0.335647767329 0.331755041638 0.16552117772 0.161549534954 0.272326181926 0.253459763428 0.16623310005 0.154449056652 0.144983832761 0.147807148798 0.154449056652 0.203012270688 0.0971973823153 0.107027515125 0.235089104606 0.21761145945 0.233324335702 0.309280176669 0.286896971858 0.5 0.502356280723 
897 1.0 0.17264266799 0.165069039475 0.281912102052 0.213650996278 0.345912015729 0.238339587474 0.241733868746 0.205982991534 0.204020964484 0.509394833573 0.300196232652 0.300058780158 0.353462221119 0.347666642378 0.110503254457 0.107953925543 0.160571780052 0.158177466699 0.18240275729 0.174780003866 0.338924390957 0.349441972947 0.169690263675 0.175427884788 0.269798819155 0.267186810089 0.150971633592 0.158177466699 0.138947948729 0.154416296577 0.151789175491 0.204020964484 0.0873604932367 0.091961520584 0.229836502693 0.21350613176 0.222957834011 0.287239532372 0.251887943634 0.494936302825 0.476246263065 
940 1.0 0.181240551577 0.172625105168 0.297458190941 0.191570197059 0.330910006897 0.231402847729 0.22583813967 0.190610540694 0.189404132746 0.513720069158 0.304691116079 0.293930970591 0.34515060456 0.336269778447 0.0968264331998 0.0962327646162 0.150338681642 0.152683728396 0.199311134578 0.204533153519 0.331878391095 0.331981979005 0.165990989502 0.158503025741 0.286346414926 0.274368250646 0.159152483154 0.137184125323 0.144031196875 0.127483916621 0.149113906193 0.189404132746 0.10279754493 0.103131484775 0.235575257626 0.211150484775 0.223337538628 0.329799800348 0.291699888952 0.52765361565 0.492301768754 
1018 1.0 0.168100120592 0.166995398084 0.266832171411 0.188842266924 0.344538548571 0.243878661591 0.243878661591 0.193999318141 0.204828197096 0.511105686434 0.325192630285 0.31281450117 0.369259283646 0.358922375272 0.0916019544833 0.102414098548 0.125676844721 0.133762471626 0.169561888284 0.169197630316 0.352854667795 0.348632924565 0.165137771911 0.175638729997 0.25908945274 0.271189839271 0.146107777769 0.16020717091 0.126654889392 0.149034404424 0.135594919636 0.204828197096 0.0711282644936 0.0711282644936 0.249629537954 0.24463644279 0.248390674039 0.309841853747 0.27480586345 0.494914911869 0.471549921776 
1027 1.0 0.184013761145 0.170426724667 0.285758355447 0.203064648881 0.345632514122 0.240644851635 0.234371864695 0.203878242064 0.191625789113 0.511662681593 0.310348056551 0.298735193958 0.365977213734 0.346502250057 0.107787324822 0.101161089836 0.172271128401 0.164586911487 0.18162654349 0.172183747656 0.336275044227 0.350088565039 0.159949727233 0.144007016176 0.283219171252 0.248399645368 0.159949727233 0.14306338523 0.130406207502 0.132807575669 0.172271128401 0.191625789113 0.103076910637 0.103076910637 0.248096534034 0.225536789118 0.22819025439 0.333759459545 0.238193397032 0.534647154732 0.476418383653 
1079 1.0 0.176220695227 0.181990119709 0.305662557426 0.196935565456 0.353240103959 0.2204090985 0.236334035573 0.198293757864 0.211650061574 0.518486423285 0.316999188791 0.309198364729 0.368414493958 0.361909632065 0.100591412357 0.101785023947 0.150240918057 0.147263768929 0.180954816032 0.167073242168 0.339129558072 0.345286427866 0.14916519359 0.171512393588 0.264774902702 0.289842721969 0.152457634415 0.150597785348 0.157565487392 0.15377232648 0.151042683763 0.211650061574 0.0880722623092 0.0891324996927 0.218574871616 0.202313634752 0.221744555547 0.276186386275 0.280190345031 0.492250318735 0.478985633504 
1099 1.0 0.17389366578 0.172750869179 0.275789205238 0.195350687043 0.344736506547 0.246726889888 0.246726889888 0.203624881991 0.21467364733 0.505613542936 0.323595605561 0.325020695336 0.371292580558 0.371292580558 0.105943784939 0.0947590019667 0.138372574945 0.146259312901 0.20068547525 0.196362000206 0.344927973658 0.344927973658 0.16005413055 0.156297447569 0.262291902512 0.25823298216 0.13979668699 0.14982713751 0.13979668699 0.156297447569 0.165728686784 0.21467364733 0.0897492729511 0.082864343392 0.229824337698 0.218333120813 0.232679407884 0.313649181084 0.288198253286 0.517104759821 0.498909414082 
1191 1.0 0.161116313431 0.161116313431 0.299760287617 0.199840191744 0.319744306791 0.233051708944 0.233051708944 0.184243553214 0.184243553214 0.53956851771 0.322232626862 0.32531626293 0.367401722314 0.375465632108 0.10189890373 0.10189890373 0.15608017928 0.15608017928 0.189585052187 0.189585052187 0.32285171029 0.360267029116 0.170743534673 0.164792443761 0.260559731735 0.243936041479 0.161116313431 0.171909033081 0.141308354736 0.171909033081 0.15608017928 0.184243553214 0.0893712506754 0.0893712506754 0.255920315074 0.223428126688 0.215234473527 0.339728325965 0.277626867065 0.532115555924 0.527593245396 
1305 1.0 0.160599116392 0.161073560901 0.270770469836 0.193446123881 0.326149102846 0.252029186209 0.229992714137 0.22112917869 0.204416769708 0.475259335963 0.312528614159 0.311158297318 0.356208935272 0.35500726315 0.100817729785 0.0964860920577 0.173481534304 0.168664138815 0.194312011164 0.200268423742 0.325024124146 0.326289452463 0.166203087248 0.158205553027 0.253056524401 0.259723312884 0.128977230784 0.161073560901 0.144597266407 0.148759188408 0.159358950215 0.204416769708 0.115360742233 0.119007350726 0.239866983874 0.23230359318 0.2483078684 0.320103533096 0.297004971124 0.50433079552 0.477629721421 
1433 1.0 0.173333394963 0.172115784541 0.279169024624 0.17053751172 0.325663882411 0.2462310541 0.249984977316 0.193792626954 0.199295719472 0.519422085561 0.307147558417 0.299520908964 0.354211362353 0.347099852918 0.0883830363274 0.0883830363274 0.148905392002 0.139745850658 0.19145299237 0.190666734459 0.340369593473 0.339751140748 0.178962008686 0.178962008686 0.264581944463 0.268750620103 0.142934379176 0.163522397764 0.144813801604 0.156960064869 0.148905392002 0.199295719472 0.0936642088332 0.0946216191533 0.236649285375 0.217047742189 0.230083351758 0.328511371473 0.309486279179 0.526659765268 0.507248267806 
