Leaf
1205 1.0 0.158252540723 0.158252540723 0.231854652739 0.180833045116 0.316353848621 0.202236655971 0.20906250339 0.16301905213 0.160653474912 0.480236290009 0.250123593632 0.243924419989 0.285615141288 0.272993484637 0.0910757039889 0.0905487427443 0.13673026985 0.139844728516 0.169259881017 0.16467411032 0.333439659758 0.33908474673 0.136496742319 0.137544493881 0.245228837953 0.238300999591 0.121929507967 0.114368859758 0.11968480965 0.112965507718 0.13673026985 0.160653474912 0.0960206815602 0.0965177721033 0.290762771538 0.265529024374 0.288006664108 0.302749668242 0.300209954713 0.455588646167 0.459736308422 
31 1.0 0.161785228734 0.161449574371 0.270868713663 0.20311398066 0.343770804553 0.228264772438 0.226894158359 0.2010334588 0.197150692001 0.495011460355 0.268100823249 0.262270736121 0.309780534577 0.300491442254 0.104680525259 0.0994996705612 0.151033472799 0.147489938569 0.212766563403 0.202579117373 0.352073478084 0.356627908801 0.149135878489 0.143292397894 0.256466758087 0.248462779603 0.149135878489 0.133391184875 0.130201269654 0.126073560642 0.166738981093 0.197150692001 0.0982653057028 0.0982653057028 0.260037720201 0.244999905897 0.249388967937 0.286868590012 0.270417724834 0.47964988497 0.469447353868 
274 1.0 0.17506988945 0.166139438928 0.273698798003 0.19813408954 0.344794796883 0.236372346354 0.215295873549 0.202848926132 0.180511826684 0.490569427288 0.271454825744 0.276125970531 0.314287591851 0.322806035654 0.100044474096 0.100819595056 0.160210048956 0.151871480599 0.21185924959 0.206866126531 0.367375030196 0.377556528727 0.160418159088 0.154485139619 0.274388676711 0.270099493992 0.138705889721 0.122981930218 0.14528472475 0.116480108424 0.153546450482 0.180511826684 0.0954945918984 0.103540526217 0.266159251823 0.245284713644 0.256455791422 0.294824877148 0.278412185789 0.480259790314 0.475231728454 
344 1.0 0.187451207788 0.18253209176 0.266055460421 0.197105901712 0.345144119322 0.236555806966 0.239157361457 0.20251039203 0.199613789058 0.517264836437 0.269679126959 0.267147721438 0.3194382825 0.306608203342 0.100473290908 0.0996243764343 0.154682940572 0.157095750927 0.213704551364 0.209113155436 0.348328463639 0.340472141786 0.156476651963 0.144881193792 0.29080733287 0.260292508643 0.146959939805 0.124329354326 0.12930448028 0.126169935713 0.157095750927 0.199613789058 0.0971580439572 0.0970330817911 0.272053227024 0.2514246336 0.2666021503 0.289929831913 0.274804446916 0.463394697148 0.463918070589 
426 1.0 0.174725247262 0.162621036569 0.272670381138 0.219930480558 0.35109350378 0.224798560904 0.216413375849 0.18567498131 0.1790630589 0.493087320369 0.279862159236 0.267444285042 0.323086308823 0.299812675598 0.110431526075 0.110058655479 0.159214982955 0.14806692657 0.206233364427 0.204431582333 0.349332841023 0.338495696878 0.152623894477 0.139096249092 0.272217732402 0.241546583472 0.14806692657 0.129293885169 0.130873909809 0.1226589494 0.156173761889 0.1790630589 0.0936457468202 0.100696396753 0.259909126772 0.236095952922 0.250513312429 0.337644541889 0.269180622869 0.497403507611 0.463079164898 
435 1.0 0.171687244917 0.155438328045 0.274656588508 0.207315859914 0.378375191093 0.225727756677 0.229501941037 0.183624946032 0.207380595547 0.502610634253 0.26606755967 0.266722589215 0.315207399498 0.312813601036 0.105677742382 0.104784854687 0.161868286832 0.157922757434 0.206277326845 0.208863977444 0.363613483112 0.346565120216 0.146273624261 0.159949656509 0.257244041028 0.265865687441 0.139510168978 0.125425450464 0.145906102011 0.126491106407 0.146548661089 0.207380595547 0.0977601502652 0.102190767783 0.2548851564 0.24891711782 0.26480333338 0.269276933869 0.262665735471 0.476283148541 0.462151374138 
570 1.0 0.188167143299 0.176879185494 0.287288433103 0.215466324827 0.348104830939 0.220022142056 0.217931291884 0.200268423742 0.193997590228 0.502785112934 0.279752391237 0.277616636545 0.328619788118 0.323753850581 0.106271218216 0.111731711422 0.16021854923 0.148656560463 0.207969535648 0.206274804363 0.342045756343 0.344003370309 0.161073560901 0.153206773634 0.299053305542 0.276901057626 0.160883950993 0.118235403008 0.139767045235 0.114963173874 0.15801250164 0.193997590228 0.0864764472879 0.0950518671927 0.269414348774 0.254199812581 0.272063742859 0.295356075823 0.250571655802 0.4612444846 0.447063416156 
573 1.0 0.18109964713 0.170484604654 0.260763108687 0.202126163583 0.367045633542 0.203520153643 0.216968021335 0.173851107674 0.170235661317 0.49985154289 0.2836153582 0.27777322259 0.318681441888 0.302337113059 0.106478223281 0.0957108370876 0.135355563875 0.139571973861 0.202475560842 0.191716850409 0.347213983585 0.362862199267 0.143171842096 0.14812196681 0.278586318285 0.257215145968 0.146007203329 0.118062525515 0.122758681158 0.119490753164 0.13916624052 0.170235661317 0.0946712781629 0.0903935683605 0.290558450736 0.26249218264 0.267612382434 0.317347854889 0.244015712986 0.477519152773 0.462602379257 
636 1.0 0.191084818139 0.187613765607 0.264885190755 0.205449505544 0.362154884742 0.237314727888 0.23265312293 0.191695314321 0.174631034271 0.50275283552 0.272173477012 0.271582553934 0.323921176266 0.3122585531 0.110234577562 0.0986264255537 0.1688480641 0.15785040206 0.188777874599 0.18127897548 0.349471094875 0.351305163789 0.140209909487 0.138533198546 0.272012443485 0.249905047108 0.146824779652 0.135117370688 0.12085265032 0.128922081878 0.153630292431 0.174631034271 0.104381994926 0.106460141637 0.275639436204 0.259481644518 0.263503123561 0.311133968824 0.26400150125 0.516056383132 0.488729074194 
786 1.0 0.176278497889 0.162520744815 0.260789679695 0.195217202361 0.369169813019 0.238292963776 0.225655704971 0.20836460053 0.206172344526 0.462792425682 0.276979910001 0.268815848864 0.315708203558 0.30513122696 0.0988026345822 0.0976086011804 0.141707127357 0.134053033385 0.196862110198 0.197085352126 0.343971125364 0.344354427672 0.151698482667 0.159883869675 0.275706920146 0.279508497187 0.138039407594 0.108961712469 0.133724605697 0.104147121368 0.153236656174 0.206172344526 0.0901127602978 0.0976086011804 0.253782363069 0.233383024281 0.254243995762 0.282637421124 0.284961568786 0.485362671697 0.490110930507 
921 1.0 0.186417134708 0.181944098237 0.269589039928 0.208276904681 0.38504861069 0.213181554256 0.225408224307 0.175234158159 0.189050162788 0.524104417443 0.263007904025 0.273724505394 0.309815461415 0.308167237284 0.109604660238 0.0998800958801 0.162735748705 0.148892455991 0.199234604929 0.189761920782 0.374957557015 0.391644303718 0.152471156502 0.161627433321 0.285457386859 0.284037061186 0.145431734689 0.124090459669 0.133173461174 0.13227057984 0.132383776763 0.189050162788 0.100627152631 0.103271820472 0.286400357488 0.262950945084 0.265727575531 0.285929260904 0.238956188278 0.487900332621 0.476688446865 
959 1.0 0.182161188279 0.170443540932 0.249983860034 0.19316934639 0.340887081865 0.233976487648 0.22411147277 0.204847642134 0.201351149352 0.477377168096 0.256358770551 0.249983860034 0.305955519411 0.276704763504 0.102895460497 0.0916106505687 0.161497191312 0.15455218636 0.234252240823 0.223245617095 0.346894364976 0.335542496484 0.167771248242 0.158266921163 0.294779189937 0.271047510123 0.15455218636 0.122908585281 0.111911613192 0.111911613192 0.16069571147 0.201351149352 0.111911613192 0.111911613192 0.271047510123 0.238891349412 0.24397186812 0.321391422941 0.244764415529 0.490714292091 0.447790645541 
963 1.0 0.163004965569 0.163366797236 0.282750843816 0.195605958683 0.369637696201 0.195907587172 0.199491559673 0.171822320372 0.175561720794 0.489497636111 0.27705516675 0.284416548027 0.320898596609 0.321082545375 0.0984048495105 0.0984048495105 0.138314299825 0.138314299825 0.194394764631 0.184738960978 0.355966752334 0.365299263887 0.145796073473 0.175225072889 0.262837609334 0.287102706536 0.144983832761 0.123902837274 0.14293303875 0.14127097016 0.138314299825 0.175561720794 0.0876125364447 0.0934814489312 0.272326181926 0.249940947206 0.257618906878 0.2858660775 0.255778748273 0.47641592162 0.469298313383 
988 1.0 0.171542243632 0.160483951718 0.295128803019 0.201965524694 0.342302438179 0.204208921781 0.207076066733 0.174023996329 0.169578104654 0.523097671684 0.275156097963 0.271627052892 0.322342683019 0.30561263624 0.104054435739 0.0984972717382 0.143932763167 0.157449317456 0.208687577939 0.200032157788 0.365915773334 0.362235175109 0.158467319337 0.141396718205 0.290322196411 0.253033481383 0.168547707005 0.114945871025 0.134400184284 0.118051521208 0.140826950737 0.169578104654 0.100517248287 0.098224802968 0.29580908545 0.275156097963 0.289629026628 0.324001261928 0.27024220092 0.502586241433 0.485912274886 
1036 1.0 0.177165869221 0.17336580851 0.281202483137 0.187267252815 0.35487812541 0.215695577663 0.224660342105 0.185251820129 0.188363334923 0.513324515886 0.278128193174 0.282062431576 0.319882819426 0.318022467984 0.0985484379551 0.089804825912 0.146154385441 0.140751881956 0.207453741776 0.202491145691 0.357868342474 0.365369392435 0.140061917595 0.140923845224 0.258261415209 0.255385205707 0.150963643958 0.129177587514 0.140923845224 0.126046119028 0.156941585238 0.188363334923 0.096937858516 0.101335236839 0.268649285961 0.246112915072 0.258261415209 0.298417558929 0.267836700139 0.501294038712 0.489190492895 
1059 1.0 0.176813372228 0.152898857384 0.270768926052 0.200290285946 0.317776895334 0.221914605488 0.212032565484 0.185964861912 0.179915597863 0.506289123096 0.261146582776 0.261146582776 0.315592835808 0.299859329772 0.108435216394 0.094823845973 0.141626619398 0.125025934507 0.190012049039 0.182586813299 0.35245125064 0.347311473136 0.168398344677 0.163818050214 0.284471537919 0.261146582776 0.143084221634 0.147370553218 0.134101169011 0.137160904951 0.133065623251 0.179915597863 0.0753100291993 0.0788982089521 0.268460101021 0.259019080262 0.273564362134 0.309395458707 0.265350419647 0.482362884287 0.459299327434 
1095 1.0 0.158816094678 0.158816094678 0.280469265322 0.185182593134 0.349241541851 0.208236965189 0.212955874199 0.190767238534 0.195764455599 0.471011762009 0.267911358992 0.274975758713 0.310050375993 0.321834782509 0.0913356342575 0.0965504347527 0.146339927153 0.142953089905 0.211240056736 0.208438517388 0.350202097986 0.370213985941 0.158551474509 0.158551474509 0.265866004028 0.265866004028 0.143928890243 0.121806384284 0.147578100246 0.129168092695 0.13654293428 0.195764455599 0.0925534964853 0.095383619267 0.278817517977 0.254460240503 0.267388400541 0.291433790647 0.282359308357 0.477621948293 0.490803390574 
1129 1.0 0.164081669871 0.163745551383 0.278782758858 0.199996327007 0.357569190709 0.220355455683 0.20685739089 0.182319184459 0.178244498241 0.503167079721 0.269129642942 0.270015276359 0.31168859988 0.31168859988 0.103738960067 0.0977225416388 0.145704175979 0.141483674699 0.190206868326 0.195162987749 0.337923535979 0.334701762712 0.138466058953 0.135516782557 0.246700104878 0.252075786831 0.144056315865 0.124350955825 0.144056315865 0.115785589772 0.158618327269 0.178244498241 0.0925094375359 0.089482132756 0.252585251912 0.230378530346 0.253818266931 0.285294210084 0.285294210084 0.467130103984 0.458559637516 
1142 1.0 0.174623638147 0.164787474663 0.266659875662 0.210462143935 0.374841694371 0.214728075653 0.223368609974 0.178347375467 0.180326223432 0.502693776663 0.279181339341 0.272510514466 0.32560281322 0.321826756644 0.108762778678 0.105698421737 0.152956888646 0.141809313671 0.171969052635 0.1679476373 0.358349102895 0.362542595593 0.160913378322 0.147622074074 0.273473452147 0.248017294828 0.143009153522 0.136520275224 0.131818014946 0.132315630966 0.130515334413 0.180326223432 0.0802522245631 0.0873118190734 0.262035796414 0.235847821587 0.248017294828 0.295866745327 0.243740813972 0.489768076598 0.45961479649 
1260 1.0 0.174443786367 0.166433476151 0.264836743127 0.195770658187 0.323036225829 0.220730408749 0.22435221089 0.189884674883 0.200338562667 0.477303399028 0.271097943209 0.266878500372 0.323849920382 0.307808693929 0.101636444118 0.0981789647664 0.14690499338 0.142008675072 0.195097326327 0.200338562667 0.360025074701 0.350205199765 0.156553497561 0.163240211089 0.269637800042 0.270733645696 0.144420640652 0.138727503624 0.126964608625 0.133777811854 0.148020461131 0.200338562667 0.0875512999412 0.0897775357294 0.272067018482 0.253410464477 0.264401616157 0.315931134102 0.282449304535 0.4980469802 0.47885169309 
1280 1.0 0.187784951407 0.187404125724 0.262156570251 0.20855016245 0.352977035138 0.22686111521 0.229926522253 0.180886414192 0.184329198022 0.523986024026 0.263894884001 0.257482192587 0.315576458067 0.299071738333 0.109030968931 0.102826266717 0.151387630112 0.151198749652 0.203557546377 0.202854409401 0.338301923019 0.32922638065 0.165111526888 0.147079161744 0.296480662087 0.267924866995 0.136288711164 0.129184268331 0.133642076482 0.129405285205 0.129405285205 0.184329198022 0.0889698976149 0.0836731749472 0.241740748473 0.219238186995 0.244794931516 0.285281230281 0.269678981676 0.461218148976 0.450213160668 
1297 1.0 0.16024350899 0.154458365545 0.252805236078 0.191315328952 0.333080376869 0.211915129235 0.220768789313 0.182383652503 0.183730440168 0.487507506738 0.279320787641 0.271050942984 0.333819734886 0.313849966753 0.100255694342 0.0973769385355 0.152481216957 0.141782962644 0.191216176145 0.201078072967 0.350665158634 0.355339109583 0.157015595443 0.157015595443 0.271610099727 0.256676448405 0.144170495607 0.114557667275 0.122710398238 0.115710685072 0.121467729273 0.183730440168 0.0837668098791 0.0923798752039 0.303278751544 0.289522452534 0.300262228146 0.30817916522 0.25615873137 0.467612129586 0.446322181249 
1331 1.0 0.175828027817 0.176313607388 0.280762663957 0.204678362573 0.356916830869 0.201223982855 0.202747787408 0.162905126049 0.165094669164 0.508906347774 0.266322749397 0.271284526427 0.319075388671 0.324337418102 0.102130112261 0.107830929325 0.163847084516 0.17446121509 0.206673649673 0.208977408014 0.358303477942 0.368235356525 0.136396535552 0.142766732348 0.267220108978 0.275847401522 0.150350410903 0.111724989325 0.137644471298 0.102297401664 0.120558644024 0.165094669164 0.112487626092 0.105425475891 0.272793071104 0.257575620416 0.272039844435 0.269577323313 0.278806957686 0.461247462847 0.487945030292 
1354 1.0 0.162336271951 0.154965256284 0.252796722858 0.189749506764 0.333333333333 0.210490120557 0.205501306488 0.180131095362 0.169969255207 0.466169458277 0.276984405765 0.277637741821 0.324063211096 0.313523417247 0.100235253798 0.0925459139403 0.151525931931 0.146327938097 0.208050257332 0.203406765742 0.370050152004 0.370183655761 0.146327938097 0.136425262657 0.248989127999 0.230865922883 0.139646941396 0.132132152366 0.119843316581 0.126398361429 0.14700174644 0.169969255207 0.0925459139403 0.0950048673905 0.294507259349 0.265011167187 0.269815386125 0.331201802316 0.267977802523 0.503831222188 0.471404520791 
1394 1.0 0.17654813931 0.17546056342 0.271176048342 0.197770311694 0.356020614486 0.233500005038 0.231854652739 0.182326469439 0.186307488149 0.525411065135 0.250123593632 0.25259855437 0.300634730241 0.30068778499 0.104149052055 0.0975043507788 0.14826050459 0.147829513839 0.186991187651 0.192124408038 0.371328466612 0.374877020298 0.14826050459 0.152084469146 0.250187360005 0.253858405349 0.139730616112 0.140300250011 0.141206884647 0.144003332054 0.147829513839 0.186307488149 0.0910757039889 0.0910757039889 0.260066128994 0.2374963794 0.25784856586 0.298076997293 0.278832650801 0.4840740067 0.479338620227 
1405 1.0 0.162800063444 0.156845359734 0.266121427386 0.18664323618 0.373911300473 0.209317868784 0.204983696123 0.190452674501 0.182262471582 0.477994854182 0.255167460215 0.236467083609 0.302856455571 0.265445819727 0.0975549534118 0.0898912972557 0.141434052862 0.139902230951 0.19657691926 0.191486984462 0.377971259884 0.365754373108 0.156271883007 0.157302635806 0.270803490443 0.263953395931 0.150893668733 0.131567889452 0.125990419961 0.116358218666 0.14885690017 0.182262471582 0.0966302410406 0.10045684835 0.279354873357 0.253472914894 0.271531903153 0.30656900915 0.233717372865 0.478858101845 0.432309752414 
1420 1.0 0.165745267267 0.159968385843 0.264068997004 0.184137440304 0.355801438666 0.217839809992 0.216887594859 0.184545727813 0.186270965976 0.484975405581 0.255154221333 0.272416344885 0.307276987838 0.315793104839 0.0952331670866 0.0938399213131 0.148500704588 0.143736107122 0.208663450994 0.203088336974 0.371378446941 0.359431891165 0.148247073823 0.162071785836 0.260987071151 0.271724756197 0.143605140255 0.113114730405 0.13397966753 0.115256933042 0.147483564504 0.186270965976 0.0884731262753 0.0884731262753 0.288387108805 0.27054499814 0.291437535551 0.276665610999 0.285435940778 0.468477204895 0.468798409736 
1438 1.0 0.173013072532 0.166410058868 0.253372316689 0.209644025157 0.364106576761 0.213682051173 0.232987126146 0.175411603861 0.186536381069 0.511705340187 0.265309938982 0.254568886824 0.312451325744 0.303196017885 0.107638027292 0.106395667143 0.167660852448 0.170469437319 0.201230780847 0.200758296559 0.380383172636 0.37312366925 0.148943732723 0.152472499972 0.264664851049 0.251491278672 0.133048128016 0.124798032468 0.13276231001 0.131034310405 0.135733384828 0.186536381069 0.104776703731 0.107638027292 0.287504903133 0.271466769656 0.28671105467 0.274597175399 0.247763021292 0.4719682575 0.44941663147 
1482 1.0 0.169637016448 0.168779175216 0.283191470576 0.216947185309 0.367660666729 0.220925157895 0.218281231303 0.194640979398 0.198151635963 0.48206954272 0.260776723969 0.261540957382 0.315210556548 0.312551479956 0.111076833427 0.109927448718 0.158122489329 0.16186488039 0.202050669167 0.196219300802 0.361639968747 0.354392752301 0.159037822528 0.162200816165 0.266829310152 0.270744545905 0.149025210161 0.133754219522 0.144826471928 0.133754219522 0.143694506463 0.198151635963 0.095247598874 0.0917546376195 0.259101481423 0.228990758389 0.257344840955 0.28827154323 0.306039887861 0.473295276665 0.485594641169 
1508 1.0 0.179257008292 0.1800008165 0.254362695352 0.185033575358 0.370608316713 0.211642555537 0.215086669436 0.177289665122 0.181387236084 0.485785660482 0.281241533301 0.278376519374 0.328262134775 0.319966011289 0.0997692574717 0.0897216246948 0.151263412456 0.141095037024 0.196587222817 0.192379365565 0.375666064011 0.390318057809 0.13204557725 0.144833301244 0.258466109529 0.27169693852 0.131792373609 0.114719360902 0.130390964901 0.11398912203 0.134923270282 0.181387236084 0.0931912810875 0.0994338976742 0.289493581108 0.277475135941 0.292078140097 0.275542329578 0.244452103251 0.482508531806 0.463980863506 
1521 1.0 0.172606816844 0.167079456694 0.285756034521 0.190555671117 0.339470450921 0.216409176887 0.218526893351 0.193873137012 0.188217476172 0.506056558849 0.267308577462 0.265179654947 0.306395852765 0.306106663599 0.0954171646637 0.0959724583798 0.147363586548 0.144081676646 0.192313687353 0.189156222525 0.338896006242 0.346289467164 0.14383559333 0.133089853739 0.266512224418 0.250265552601 0.147243338803 0.126540388367 0.145914073414 0.1221239924 0.13053665623 0.188217476172 0.101707123419 0.0985224554311 0.266512224418 0.244102901338 0.258413752661 0.298904522957 0.281509423676 0.484015430187 0.46809046819 
1534 1.0 0.153979642942 0.155968270008 0.282051282051 0.211538461538 0.378693730455 0.206724557649 0.217948717949 0.180514459491 0.174377827035 0.487348148942 0.2910143452 0.290236703145 0.341191881594 0.335850946088 0.110658182703 0.104351414078 0.149648942691 0.154113016412 0.183673702332 0.160640565207 0.355581493548 0.361767975885 0.149098760892 0.152370055436 0.252860037478 0.24096084781 0.149648942691 0.137185477943 0.137035630298 0.138675049056 0.140587898714 0.174377827035 0.0924500327042 0.0835795180154 0.258405697061 0.237266096453 0.263133022459 0.287891174011 0.292984484155 0.485023908667 0.476131477044 
1535 1.0 0.162061145148 0.150359209066 0.266096307022 0.188437463272 0.357476177008 0.224745564048 0.238003772425 0.191972354469 0.190764623923 0.506668561344 0.262679070645 0.252898481054 0.318234614302 0.293147065338 0.104526297853 0.0881707954535 0.146681004417 0.143933655161 0.217910479551 0.206015350551 0.368588471095 0.362669524982 0.162578913704 0.151750165691 0.271489907291 0.235697307991 0.163994348442 0.133008667487 0.116863953718 0.119001886213 0.134890959187 0.190764623923 0.0900570152732 0.0845207525789 0.287721295952 0.266096307022 0.272648310677 0.291710061266 0.24539289822 0.483930969778 0.448602111305 
1631 1.0 0.16260228335 0.161780016217 0.277400952835 0.202178644885 0.369547288647 0.214345640526 0.219874086111 0.184502781274 0.191942516873 0.485168277261 0.255698890198 0.252550092117 0.294426380626 0.295105043948 0.0988379789728 0.10409544515 0.151124658327 0.14296189081 0.191159252372 0.188524869393 0.346113592256 0.369953062648 0.157604343627 0.160122814865 0.265988423864 0.269351557871 0.141555674096 0.126769146209 0.144354409628 0.124914534181 0.143427565954 0.191942516873 0.0955796261858 0.101006834202 0.264479970734 0.237374136851 0.260862437853 0.287145559372 0.283875800207 0.467244697607 0.478142250106 
1657 1.0 0.175226963616 0.164206700226 0.249766100058 0.193508265658 0.362101530932 0.216416346223 0.220695172358 0.177656186772 0.177656186772 0.474776821175 0.271948038531 0.274940483244 0.321033730098 0.311985236878 0.101615688403 0.0954873312222 0.136902180343 0.132417103415 0.189849165749 0.181453847446 0.358478531931 0.337829454975 0.152007554938 0.152007554938 0.260158329885 0.243125558933 0.144112426672 0.132711037414 0.118437457848 0.123115469997 0.132711037414 0.177656186772 0.0799391913533 0.0761957873179 0.254096732812 0.237941740391 0.261428313486 0.275294559995 0.269501248037 0.455680754613 0.451600782587 
