Leaf
1001 1.0 0.163590732707 0.157788052489 0.265794367278 0.211672004619 0.384363797962 0.211385767835 0.209371153627 0.187396536401 0.180551079136 0.45791655974 0.291021700942 0.292391613103 0.339959965161 0.339282504806 0.111029005481 0.105204825076 0.129177587514 0.137883527951 0.158477253766 0.162997473336 0.383006677223 0.380850662244 0.162923164021 0.155624352884 0.264332441486 0.248414687787 0.145739526854 0.139281622289 0.127763707788 0.135133564168 0.141951250164 0.180551079136 0.0699444473887 0.0630230595141 0.279647912044 0.26101317208 0.277387039841 0.271072428632 0.246112915072 0.46989793443 0.45243615484 
230 1.0 0.192692417349 0.183674110768 0.264122819869 0.203087507913 0.345153418026 0.243453763886 0.233589715762 0.204160883222 0.202453452329 0.51278335869 0.286850768401 0.289749450647 0.331162037667 0.337125934338 0.10255165711 0.104538314472 0.154223975806 0.155221123968 0.200603358346 0.206477765453 0.366121211594 0.365171844069 0.149138263537 0.167951676063 0.277417840571 0.292575479863 0.129976163331 0.122752356027 0.145207134308 0.131549305779 0.154223975806 0.202453452329 0.0907101776718 0.0984581573188 0.26548228454 0.248937056321 0.27709323956 0.285097412899 0.294371647768 0.462560761647 0.475255544258 
529 1.0 0.172122785878 0.171576734422 0.305498610537 0.217720016235 0.352252353008 0.219986399045 0.233926126768 0.190390631119 0.201407988316 0.512720906826 0.303164003997 0.314152222423 0.349731594685 0.351985855648 0.109840748722 0.108860008118 0.157480974681 0.150160333993 0.193325265184 0.193325265184 0.370503408918 0.371226343087 0.173673472931 0.180635255124 0.282660654174 0.292221352191 0.159510888418 0.142181437453 0.154472875513 0.141330327087 0.132620037806 0.201407988316 0.0976972246671 0.102124990315 0.266550907007 0.253772015671 0.26629932516 0.271681667029 0.292633932547 0.465698292308 0.509257954812 
593 1.0 0.18454529376 0.185878684975 0.271758738252 0.218238419213 0.349215147885 0.235449886111 0.24728932404 0.197890894853 0.213443780161 0.505514431928 0.288753204901 0.296191853427 0.329675503169 0.330530509152 0.107134316801 0.111965003487 0.14749916434 0.151044376427 0.194776194824 0.191856211496 0.35433004401 0.353765374258 0.154127232509 0.171464295712 0.279859987371 0.295038190626 0.145895864937 0.128036879933 0.134137253881 0.13058331719 0.144030008398 0.213443780161 0.091118391823 0.0932866624571 0.26246921919 0.247764424044 0.26372078251 0.282494907509 0.28679165462 0.473688543139 0.492410112401 
642 1.0 0.179958662893 0.182189640596 0.273253663074 0.179958662893 0.377181139308 0.23011746596 0.229531551665 0.192870746166 0.210241082832 0.483283946733 0.288067115186 0.299525518287 0.332293727536 0.345894720569 0.0944513475875 0.0900728164912 0.153179839695 0.154492833763 0.199814760201 0.210960404358 0.397475623023 0.371198398617 0.148719496497 0.164210710311 0.267715213959 0.288767441459 0.135823682453 0.119613359053 0.147925109682 0.124576373561 0.139733075668 0.210241082832 0.103791122963 0.103791122963 0.252174518699 0.251907384599 0.277350098113 0.247049582158 0.291782765585 0.484397185056 0.496681463328 
689 1.0 0.190260597662 0.190553983492 0.274820863289 0.221970697272 0.369988910313 0.221340634414 0.222285058989 0.197323015053 0.203387325346 0.502187828345 0.293020690527 0.291108002394 0.342712035126 0.329752849981 0.117346412117 0.106882846128 0.156956985266 0.156956985266 0.215651992339 0.21790681682 0.378349610099 0.388080032198 0.160737504785 0.173119590791 0.3003173191 0.31199508117 0.143767994893 0.118765976789 0.143767994893 0.115909463078 0.13085086356 0.203387325346 0.0997174938064 0.0970200080494 0.278906705437 0.264303674968 0.286026348449 0.265568797514 0.242535625036 0.463938974545 0.48119778676 
990 1.0 0.176275512218 0.166194146729 0.271309081297 0.200124253627 0.329885962058 0.247902400261 0.242267518695 0.216690656217 0.211856799304 0.494828943087 0.284235722843 0.295900265748 0.320974211016 0.347222490755 0.0947452409476 0.108345328108 0.149574732056 0.150495200633 0.205234631509 0.205234631509 0.35274683174 0.362783207782 0.159840412056 0.168258749452 0.270544469872 0.268237558761 0.14199634121 0.124922293206 0.145360511217 0.137047204264 0.159840412056 0.211856799304 0.0894982870115 0.091783717478 0.262776018725 0.258804364215 0.258002696731 0.282530049439 0.282530049439 0.483107832412 0.48453503739 
1004 1.0 0.164428556082 0.163415639527 0.257766242764 0.226264190114 0.35771641853 0.244713872399 0.237657466762 0.208107212539 0.206706250479 0.473565087357 0.278858008309 0.285284038303 0.326322855704 0.336550959877 0.113559355637 0.11762915125 0.17581525212 0.175184522725 0.211274530325 0.20462063366 0.359952890923 0.375308890567 0.178935553359 0.176835389348 0.276065368471 0.277215750024 0.136773924732 0.1223569362 0.141644255 0.127235380896 0.130668992704 0.206706250479 0.105866236125 0.108321057075 0.269932632893 0.247748327956 0.256474712754 0.280737193309 0.270802642687 0.474178268046 0.479863505425 
1020 1.0 0.180704281218 0.175558351881 0.26293363567 0.190719115769 0.345394701466 0.24488279868 0.244394064366 0.2088714477 0.215261191971 0.500099626071 0.285183349334 0.291586551485 0.32555511157 0.332339921334 0.0991501470193 0.0940620884765 0.131213948168 0.134908025556 0.203066535275 0.194307488973 0.358047923451 0.355067243719 0.166389669828 0.172812700195 0.271631692928 0.274502063649 0.135301344249 0.144419996073 0.138791063552 0.152996133206 0.144419996073 0.215261191971 0.0815009188058 0.0786811068941 0.267442256725 0.252626556311 0.272364315924 0.275082202508 0.299231597343 0.478154159192 0.485105080283 
1422 1.0 0.175373517821 0.174856952582 0.271287650922 0.222889607453 0.355358955106 0.237279023866 0.237050174087 0.194172807585 0.207679045185 0.530196811271 0.276767429196 0.273942192145 0.333019596417 0.333670873955 0.114131572531 0.116795262162 0.180457861067 0.174856952582 0.205577685444 0.207417539463 0.387412763438 0.379772224027 0.153359692493 0.166808324694 0.26901069628 0.295299745054 0.13716907897 0.121799773055 0.148566012895 0.116795262162 0.12788622508 0.207679045185 0.0995703037841 0.105052035172 0.285202090275 0.28278130058 0.290730750876 0.256972106804 0.29029482576 0.486046572625 0.489163239071 
1579 1.0 0.168483664088 0.169520496422 0.287656042849 0.206302321727 0.355906620077 0.24749042183 0.254012616938 0.20827475391 0.211889135088 0.544181337553 0.286367163635 0.288129439737 0.335171392208 0.336041592008 0.106813917805 0.102914954552 0.13742473364 0.141198152765 0.171688803614 0.187308044597 0.363055793199 0.376999233143 0.174053929725 0.187723362279 0.270925392892 0.283840445574 0.146077831704 0.15105769121 0.152978807285 0.16486244861 0.132667104912 0.211889135088 0.0848750217887 0.0848750217887 0.287656042849 0.274636872585 0.287452919809 0.269484290156 0.270925392892 0.458978843302 0.476870501148 
1678 1.0 0.17965998472 0.179958837133 0.269406880665 0.209828706961 0.377835818079 0.225862409857 0.233121191054 0.194960511174 0.202531092899 0.503089259941 0.283594063571 0.276364695664 0.318575409613 0.3214858568 0.101926699586 0.109222240149 0.157108099058 0.170135383086 0.217869733441 0.211529129474 0.370559859074 0.38835599245 0.144642322462 0.155273197008 0.27040235227 0.281056258053 0.130721840064 0.11621431803 0.146732460095 0.129482742525 0.131268795759 0.202531092899 0.112454364495 0.107069050687 0.26075765512 0.233428333731 0.255693917649 0.271460165022 0.278495327589 0.4881999433 0.487612546555 
