Leaf
47 1.0 0.176224213078 0.170803274405 0.245901639344 0.191256830601 0.349726775956 0.222974926373 0.213744341154 0.164389168923 0.167626903281 0.491803278689 0.306790575904 0.307762357166 0.352533139154 0.358204953368 0.096830847796 0.10208492728 0.171588179979 0.162194776827 0.178664292069 0.185792349727 0.347714497703 0.347714497703 0.136612021858 0.146627408361 0.239503901648 0.259145479812 0.117961929754 0.128966379467 0.133963395324 0.122798934723 0.143436117469 0.167626903281 0.100463258529 0.107776409417 0.262408900624 0.24043715847 0.262408900624 0.287184335376 0.307665317164 0.494135333055 0.507961635502 
195 1.0 0.167015213983 0.166251226788 0.255304702497 0.196797374841 0.335087422027 0.212554368365 0.208047878822 0.163159508564 0.163159508564 0.478725865425 0.314936888695 0.315430555657 0.358578726614 0.358578726614 0.103273346901 0.0980747106177 0.16281236028 0.15956543906 0.217032461359 0.220395500764 0.345110859052 0.347683453862 0.135604547911 0.147496171191 0.243042835884 0.254527855263 0.123369758523 0.124055786565 0.133925169832 0.135917121236 0.136228977374 0.163159508564 0.102310083443 0.102310083443 0.243566071874 0.223391614685 0.241934510445 0.305220319196 0.310139466414 0.515022705773 0.514198097187 
214 1.0 0.173658783129 0.164571756133 0.264439276026 0.168251731384 0.312800129718 0.224089424264 0.213473982861 0.173725306319 0.158564493757 0.51919902617 0.288511648262 0.291658344522 0.329038180722 0.327630524297 0.0877230280558 0.0829850059918 0.152016768983 0.149332781465 0.20998133032 0.206485558589 0.351221248504 0.344645852995 0.136815092084 0.137657039059 0.245166808588 0.24511967472 0.138743932038 0.132612305679 0.132960370072 0.120179808131 0.139408577432 0.158564493757 0.109831458076 0.103550091724 0.267004807991 0.255912453544 0.276068479503 0.301054617237 0.331452337658 0.515177630654 0.506788432927 
263 1.0 0.173706722957 0.16626107223 0.27436628603 0.183059320438 0.323400599332 0.206328747023 0.209442013791 0.17271030906 0.164084216449 0.505968973683 0.286721325273 0.283999704252 0.321840314405 0.309493120535 0.0918042302045 0.0913330334395 0.150267033034 0.144310578029 0.191881837171 0.195225625185 0.374661264145 0.355272991258 0.134081509863 0.134509886386 0.264599591936 0.252130288049 0.15169591177 0.110566445522 0.130603925291 0.106457679157 0.14036995765 0.164084216449 0.107933533409 0.108597746037 0.269500499444 0.257659871213 0.261483009038 0.310930366935 0.287472758356 0.510947321406 0.48595993097 
285 1.0 0.162100782019 0.165252264218 0.276300380115 0.182111027601 0.314172520065 0.206987210799 0.20050910716 0.175059970479 0.165710662503 0.487268500292 0.298726448907 0.293965359338 0.344968911759 0.342497250055 0.0923377576739 0.0950898792787 0.145426165489 0.140437419986 0.197459361264 0.189940287623 0.332791784298 0.341032346802 0.141084103774 0.130585309222 0.261286771715 0.253745794885 0.138150190057 0.110854588868 0.141620751219 0.113023099208 0.157544343875 0.165710662503 0.084082211246 0.0888204231745 0.261286771715 0.237884191471 0.251282476808 0.313205237843 0.306596272625 0.504613542425 0.503198496145 
349 1.0 0.179254215861 0.168747342184 0.273680419965 0.189471059976 0.352665969522 0.203157807943 0.21372272939 0.163240501375 0.162133773351 0.5263348147 0.302936150157 0.302936150157 0.35109156001 0.346964662299 0.102190625885 0.091915827971 0.165264221228 0.159115864172 0.202474922623 0.196504169961 0.383772378822 0.391065278111 0.125544160561 0.128164495006 0.264885374035 0.237772643575 0.144519369074 0.107989475515 0.134182865566 0.130307862596 0.131577124983 0.162133773351 0.105917542469 0.103670751514 0.281759441001 0.263995000511 0.259176878786 0.324267546701 0.261305677408 0.525808269135 0.506378800667 
350 1.0 0.186032261617 0.17940630802 0.288210186274 0.201353752946 0.337305920815 0.185873463243 0.177420199141 0.143566188755 0.145811140944 0.516693138907 0.317462625871 0.318947405095 0.375383066318 0.367472683393 0.108272886103 0.100199122584 0.171840077556 0.166339064812 0.189803569383 0.189024085312 0.347525049631 0.343894888126 0.113075471727 0.116293970663 0.259757180847 0.264656035389 0.147121602705 0.115273828402 0.142947810337 0.0999039846154 0.117556700086 0.145811140944 0.109358355708 0.110031336556 0.248841995446 0.239345532178 0.250320922026 0.297288300607 0.278571793628 0.493333679168 0.489819583692 
377 1.0 0.177555206057 0.165726647114 0.266593096199 0.201131728619 0.356881547351 0.2 0.192939692895 0.170748666724 0.157294272051 0.483784992837 0.327048785267 0.324571693718 0.378021663811 0.369314828599 0.10968256387 0.0975099826752 0.156892908111 0.149315377531 0.197653319741 0.192219399656 0.372849022317 0.366916877448 0.137899939966 0.11756246495 0.26687675625 0.233672365236 0.140974808371 0.124034734589 0.128036879933 0.120737540119 0.150660588286 0.157294272051 0.0894145170753 0.0905357460425 0.262157120086 0.236515264551 0.24730578506 0.328740958669 0.289757910868 0.534980642188 0.524314240171 
404 1.0 0.164366043817 0.169171909846 0.271665180468 0.208117130538 0.387222880943 0.201596566162 0.204311516707 0.16547971623 0.170743808052 0.462340304705 0.289171177583 0.293583635119 0.330808044437 0.346390880621 0.100922444429 0.111157482763 0.147331129931 0.151245731612 0.170645988618 0.179515311891 0.36484339511 0.375043827794 0.139770582248 0.147670733447 0.248958424665 0.264060285471 0.129217948999 0.113975798095 0.147331129931 0.120249087504 0.139889993276 0.170743808052 0.0833430728432 0.0902677784799 0.224408091397 0.208036884871 0.232448688359 0.268885133892 0.312536523162 0.511317889678 0.543852543047 
427 1.0 0.175999812088 0.175243181735 0.260834898421 0.2010602342 0.375107642408 0.226150943453 0.218581659404 0.163474022677 0.165002270586 0.516264335984 0.295245057834 0.294694460485 0.348204141729 0.344109487141 0.106762346969 0.101516625618 0.169765473405 0.159820510574 0.170546407381 0.161291846651 0.38432293621 0.369396217669 0.125455025932 0.127208092178 0.231187179966 0.238356496823 0.132216395559 0.134541014237 0.132216395559 0.130869504116 0.146215610905 0.165002270586 0.0972074272957 0.099756088184 0.264934826191 0.255920591552 0.273058154873 0.259757180847 0.288875385991 0.500464865843 0.502408197337 
437 1.0 0.177555206057 0.172585121641 0.271374995898 0.180792705943 0.366607431495 0.217285790502 0.221481882925 0.16519314997 0.168368777976 0.512270617323 0.308353639857 0.301404865276 0.340387732333 0.339200157034 0.0909526434709 0.0909526434709 0.153726308932 0.147702027843 0.173168674013 0.181071492085 0.337074424597 0.334332256906 0.124034734589 0.143808756291 0.238744086766 0.253947398511 0.132108709869 0.128036879933 0.143808756291 0.12862646193 0.13853858022 0.168368777976 0.10353158652 0.107827333834 0.236088341343 0.226213973186 0.252353362212 0.274010888859 0.299642494002 0.489408629942 0.490103831293 
439 1.0 0.172639551864 0.166903202817 0.288417315643 0.193895224017 0.329308739732 0.205626109875 0.203692978305 0.173343248606 0.165253981582 0.504986496643 0.311840929738 0.308406273405 0.374725999557 0.352173440397 0.108291238664 0.092858971071 0.147752738085 0.149730591803 0.169316968069 0.166659903558 0.366625225755 0.352662790299 0.141438570904 0.133011026339 0.272092351394 0.253885565195 0.163153471763 0.12170007116 0.128984144733 0.109964507119 0.135129651534 0.165253981582 0.0900864343557 0.0828109472136 0.268186876295 0.252282230149 0.251799238837 0.317131120167 0.281042243687 0.509964019723 0.496641046599 
452 1.0 0.177242721047 0.163566085871 0.278008887872 0.180500032115 0.327640648834 0.217760736605 0.231676924583 0.165013601572 0.176233549506 0.51749419109 0.316678661349 0.315173168338 0.366913403813 0.365874906337 0.0958099585479 0.0925269507931 0.153128298698 0.154211584655 0.183829006004 0.170122708739 0.421593150775 0.407305463731 0.135495742789 0.141757274421 0.260841043436 0.244608935875 0.144416493734 0.11426235535 0.138704726628 0.125850259248 0.150227730419 0.176233549506 0.0938032448878 0.0961815564206 0.247219976951 0.261387498734 0.276077502086 0.317915326114 0.299067118718 0.585049567501 0.548026401718 
488 1.0 0.166271324593 0.160169228105 0.274742892132 0.197851618722 0.340613070441 0.237696365916 0.231847052743 0.178863840851 0.171718427029 0.544131819892 0.31004471878 0.31004471878 0.357094348043 0.352029527136 0.101299914376 0.100251697849 0.16923988672 0.16481277602 0.19997585343 0.194854275844 0.361170275977 0.371387874072 0.145972810651 0.141244111001 0.2433431476 0.227112297718 0.140063926836 0.140708890769 0.141244111001 0.14761762663 0.134119754445 0.171718427029 0.108214506329 0.110559771222 0.260996930211 0.247280198264 0.250794770844 0.278507042457 0.300102096331 0.500052814643 0.5319593162 
530 1.0 0.183316163674 0.173491066461 0.273796620204 0.190793779482 0.358279252348 0.181666818272 0.195197292509 0.140441432754 0.146971312072 0.487993231272 0.345601663646 0.357140833665 0.385878564174 0.39696083394 0.0981413676557 0.0959520654642 0.160227352635 0.164588077112 0.165339379706 0.180983307261 0.37790424016 0.363333636545 0.127350423288 0.122532299032 0.262708166482 0.248650749984 0.137382450397 0.10727767048 0.138025329202 0.11811791295 0.110689315862 0.146971312072 0.10727767048 0.103924411406 0.245064598063 0.244051032605 0.253166910198 0.274313461854 0.314205684965 0.513348723755 0.548626923707 
711 1.0 0.18303528542 0.186765162848 0.278198914475 0.216556116801 0.384568225815 0.217050941281 0.21298822661 0.168108704113 0.171001109091 0.511267675504 0.301465132401 0.310826361205 0.346852293361 0.368074621786 0.106494113305 0.115602701847 0.156787676426 0.157373071155 0.185612788567 0.186025170299 0.355450175955 0.366447165229 0.129602989417 0.141800139963 0.252557796579 0.280666966991 0.120916043829 0.114135095056 0.1606500206 0.127456701385 0.134021214081 0.171001109091 0.091643152679 0.0979483013217 0.240178732936 0.2280686863 0.249136439561 0.261149830014 0.27347627325 0.493823925064 0.494970876499 
826 1.0 0.196132323684 0.197474562262 0.258646098354 0.195710986304 0.368165247765 0.223144857006 0.216840902245 0.180345091393 0.174766052733 0.499958723738 0.334519928602 0.329347141138 0.367222326501 0.374611129615 0.0983603399755 0.100354333441 0.150394341591 0.143656810424 0.16703772464 0.173723795361 0.354968972966 0.381381100303 0.144115779038 0.144001174027 0.277729895163 0.281801792558 0.124044973124 0.12121774943 0.139812842187 0.124310879053 0.138388565568 0.174766052733 0.0899433901907 0.0942458750267 0.248621758105 0.235877308515 0.246755402162 0.298806165681 0.252051185736 0.510642879035 0.510351813055 
866 1.0 0.171895618824 0.183416097809 0.286408577742 0.218675863037 0.406112317068 0.177329321931 0.182229885864 0.142206999315 0.14466391329 0.510482701545 0.277710751821 0.283507079148 0.335692447949 0.346970015422 0.108716335057 0.118728021475 0.162658389373 0.169513578242 0.179532255116 0.184888160727 0.388543965018 0.383063323521 0.119864200678 0.118728021475 0.257185495476 0.26533071884 0.137851205328 0.0994713451723 0.152420004381 0.10682984708 0.122879421021 0.14466391329 0.0968477662149 0.0938627424864 0.240236719894 0.234526856409 0.252773388355 0.245096120362 0.256393747587 0.475625060457 0.486862845796 
885 1.0 0.171434833754 0.17110097787 0.262052926944 0.208803337024 0.337024750469 0.191446100987 0.182892309542 0.155887745488 0.155887745488 0.486832741433 0.305523138078 0.311775490975 0.35358371293 0.354552658468 0.105050026338 0.108134472819 0.163671215889 0.158974931234 0.202900799982 0.202900799982 0.34672528464 0.350293734923 0.133993069238 0.142372342564 0.258427622716 0.277472974619 0.131081001024 0.111261897292 0.137468515568 0.100885212306 0.128548328077 0.155887745488 0.0933796911031 0.102849781958 0.250621048028 0.230165497938 0.246712039794 0.29412840993 0.287194039391 0.511657235958 0.506941917845 
907 1.0 0.163915645251 0.165369256132 0.282501792469 0.203360622519 0.350277735961 0.163818279252 0.169467185433 0.123890184606 0.128938681098 0.497617015879 0.295692046659 0.3027834791 0.349365552808 0.359050093738 0.105530276338 0.105530276338 0.168523071204 0.161562667015 0.184001792509 0.192062810157 0.351187549794 0.377843844763 0.105075728885 0.120097392775 0.239396351921 0.252184280038 0.136628812884 0.0999393523413 0.14730545105 0.104160683343 0.106583348658 0.128938681098 0.0965285511365 0.106583348658 0.235092246334 0.220596838351 0.235431338168 0.282332308327 0.280915963945 0.483567486047 0.508056228084 
920 1.0 0.178591529289 0.166895018435 0.263473692219 0.220339679253 0.360120567998 0.174338739951 0.19055486352 0.147524920781 0.141022798311 0.48364804136 0.290564566585 0.28600896088 0.345224936659 0.341484031293 0.112181944045 0.115977214955 0.159737119879 0.159556319459 0.175411603861 0.171669281005 0.336374256375 0.357869289872 0.134313518417 0.108785658644 0.2718314488 0.223655199236 0.140612847449 0.108785658644 0.126454590498 0.114221782832 0.121566719588 0.141022798311 0.0849473277499 0.0849473277499 0.256816438756 0.232575793011 0.237913186625 0.309376255061 0.258440989088 0.492548018264 0.487215692674 
961 1.0 0.182309008955 0.18428853505 0.265314666535 0.228899049881 0.385514189273 0.217186121382 0.217186121382 0.16779972858 0.156615139392 0.506130773558 0.290137848225 0.301423810436 0.351236670692 0.362422105139 0.114290897664 0.125777696861 0.145068924112 0.154280953075 0.1673666963 0.161631737532 0.357584218261 0.357584218261 0.152387863552 0.141010246774 0.258666896094 0.248361831648 0.13469311461 0.14705626225 0.13306698118 0.14705626225 0.136299848739 0.156615139392 0.0681499243696 0.0771404765377 0.24393960565 0.228899049881 0.24393960565 0.270729809771 0.275248930743 0.487432776058 0.496723663296 
973 1.0 0.177905718421 0.178397035894 0.295911973542 0.213014022405 0.390704971332 0.200220451292 0.20844504859 0.167045527892 0.164830111808 0.526750950608 0.309106017986 0.318093367612 0.356008180808 0.375768008919 0.103336943601 0.114888449321 0.146976626381 0.163229263466 0.187953871461 0.177610275562 0.348051686093 0.351255911888 0.156326787728 0.154297947467 0.283154477682 0.28358691632 0.145058415273 0.124820436815 0.155653445957 0.128005496696 0.117450211589 0.164830111808 0.092427372192 0.0853369977973 0.23815691713 0.225547750354 0.257986363589 0.240933925012 0.321541783302 0.475909383827 0.506418435366 
1009 1.0 0.168346828509 0.167079456694 0.250265552601 0.190462694448 0.345418812685 0.176964469342 0.168346828509 0.117239999635 0.117239999635 0.488060654524 0.311555359835 0.322286362359 0.369213419256 0.376434952343 0.101707123419 0.101707123419 0.161910795097 0.161910795097 0.197044910862 0.181315083256 0.336904024835 0.341084135393 0.106471882991 0.0959724583798 0.225860971406 0.225860971406 0.133089853739 0.109748704933 0.119632899354 0.101008097106 0.135725552255 0.117239999635 0.0959724583798 0.085840376362 0.24770449604 0.226174449657 0.241035976717 0.31427246383 0.303491561126 0.507559406318 0.509509957478 
1016 1.0 0.165043098866 0.164556962025 0.291139240506 0.190294890865 0.329357261551 0.204107791096 0.204107791096 0.176308712369 0.188178085409 0.493670886076 0.307987976218 0.320480731675 0.369047588281 0.374007258296 0.0964021912135 0.104382420902 0.154513362224 0.152425247833 0.188178085409 0.192804382427 0.356683615281 0.345502381366 0.141523289715 0.141523289715 0.254741921487 0.260648864329 0.153993988109 0.134558807756 0.141523289715 0.126582278481 0.152425247833 0.188178085409 0.0738095176563 0.0912797791257 0.24965927751 0.228199447814 0.256309578877 0.300882641114 0.305899898066 0.516511538306 0.524056747962 
1171 1.0 0.205489705431 0.171854023006 0.282946248338 0.203100209007 0.344062933093 0.166075756642 0.198849510068 0.132566340045 0.144037800479 0.531414863721 0.329569507892 0.300516194097 0.385861932939 0.356945794512 0.113737833854 0.0988091159567 0.166075756642 0.156230930005 0.188774550975 0.197618231913 0.377872207788 0.34934297968 0.110471950038 0.118981931504 0.285094694133 0.244540085776 0.156230930005 0.110471950038 0.12883132528 0.110471950038 0.104802893904 0.144037800479 0.0910975037349 0.104802893904 0.244540085776 0.234866587424 0.260020088971 0.291863463252 0.272845589383 0.520274800186 0.494045579783 
1248 1.0 0.171957070222 0.177859021146 0.272177431636 0.153916796926 0.349064807712 0.214350275302 0.22361853451 0.157845308918 0.170731707317 0.544515548951 0.308628297426 0.318009873425 0.344168420805 0.344930137164 0.0778062947659 0.0771287234187 0.148242081528 0.14930054696 0.214350275302 0.211639471043 0.35738647653 0.355127311672 0.142954590612 0.138478376035 0.259271849091 0.254022473718 0.143930401194 0.134894224087 0.131345483101 0.13961088502 0.135023867773 0.170731707317 0.119047202461 0.114247340325 0.246542384361 0.230704618937 0.249575347077 0.298425256574 0.286703629556 0.49820337184 0.505351561649 
1383 1.0 0.181699103617 0.16947863824 0.255841099774 0.197644357356 0.383706611921 0.209593195516 0.219746323273 0.164109855707 0.160781553475 0.505770439399 0.304285168427 0.297376992031 0.354168136771 0.340201160574 0.107187702316 0.0958715954926 0.157060484559 0.157060484559 0.193497511071 0.176797601655 0.361159593277 0.359894253759 0.124811891712 0.121380451209 0.2537855853 0.226187416701 0.147175160362 0.123313822367 0.114208691358 0.115386131672 0.152142584213 0.160781553475 0.104796597758 0.0988221786781 0.248334430808 0.226784218311 0.236628340041 0.289079677213 0.240874402575 0.501543591037 0.475713693017 
