Leaf
1692 1.0 0.177556474644 0.160823103854 0.262066996159 0.203567363152 0.359338103276 0.248600620403 0.260288859263 0.209832435051 0.212370822943 0.545606891832 0.355515115837 0.329356166641 0.420812484691 0.356242885515 0.123217848572 0.0855768087381 0.202025998042 0.194824524936 0.262747690803 0.248744278676 0.391318671622 0.396915858594 0.192796967599 0.165691829198 0.316495953069 0.236561658426 0.183493141464 0.157228837641 0.0945037758557 0.139980478104 0.168259189269 0.212370822943 0.144439368209 0.137664464795 0.342437662557 0.295994515855 0.26356220381 0.419452004315 0.218178908833 0.580179299877 0.514520771731 
157 1.0 0.172950234481 0.167545539653 0.286652704052 0.199973708618 0.356709858617 0.229937848958 0.222578955876 0.208624020684 0.203449254103 0.508070061351 0.292553290365 0.298484027789 0.329154345857 0.322203229095 0.102689201723 0.0972845068954 0.15785040206 0.161237546183 0.25124565523 0.249554138841 0.471325336247 0.446108369631 0.176461423848 0.183759624136 0.298484027789 0.30135717627 0.165792923052 0.127555378097 0.136729165705 0.12652066213 0.119026056797 0.203449254103 0.12085265032 0.116420689514 0.401732824321 0.395467100984 0.408832209096 0.301211745307 0.276960948412 0.512107312613 0.466966884183 
52 1.0 0.161509132462 0.166133419646 0.281586446756 0.186201078529 0.312205518935 0.1910208825 0.201005025126 0.149407726104 0.157391555411 0.512587446447 0.2720074091 0.269348608709 0.316901809556 0.3033861075 0.0916999376427 0.0956095356304 0.143722106996 0.145728643216 0.194102592119 0.19879437633 0.359744247821 0.34615055476 0.126828436825 0.14839018151 0.24822289518 0.265191453306 0.147878783614 0.110209609043 0.140164077196 0.115687079731 0.132762259433 0.157391555411 0.0966602214154 0.0989834954954 0.258684174397 0.256281407035 0.267514204105 0.30359411994 0.283017645032 0.484084204173 0.478047678152 
29 1.0 0.173262272464 0.166754710342 0.304794362971 0.218678630554 0.408383092611 0.233999175782 0.236456111645 0.209184741974 0.216325138136 0.505844311657 0.302346612748 0.301526280371 0.35980326343 0.341967653186 0.11721109681 0.104078011591 0.185059524859 0.175910539291 0.23902598478 0.23272550888 0.403624595061 0.403297176962 0.173738137882 0.169699400098 0.2982223865 0.285839281962 0.165861109154 0.121227757088 0.152694858941 0.11636275444 0.158947163525 0.216325138136 0.121227757088 0.118472220824 0.259877524247 0.241978306177 0.249504131743 0.261713689902 0.236456111645 0.51377973579 0.511750950822 
44 1.0 0.181531576565 0.176166312995 0.276427588733 0.216138825805 0.386934673367 0.274916168173 0.274318473647 0.22473045 0.235538525533 0.547830889848 0.297163003859 0.309157556086 0.345274037916 0.359744247821 0.108477553492 0.112365225 0.192338283508 0.1910208825 0.243135083485 0.245460798831 0.386640885662 0.399015226756 0.178445034217 0.176738747689 0.265334246883 0.273396392135 0.138259462233 0.164836376551 0.151171949311 0.164836376551 0.153821385578 0.235538525533 0.126029509588 0.128116068181 0.263711392229 0.256281407035 0.268032871419 0.261306532663 0.284486027231 0.50183371232 0.527614261242 
141 1.0 0.190800657656 0.186050798939 0.236470539171 0.206414224849 0.398218647876 0.26913122222 0.25920589685 0.217997718264 0.216780006362 0.532612227326 0.292776172709 0.291222056422 0.321230773169 0.322327661928 0.105442468704 0.101544855212 0.170568635445 0.167134517095 0.230368089587 0.224829585169 0.388735891181 0.39074119821 0.174296952661 0.168336939195 0.283190125036 0.279966863394 0.125927793404 0.144829800962 0.125526748458 0.143869206817 0.145956898124 0.216780006362 0.115920401105 0.119032191229 0.285186164404 0.266873527901 0.289659601924 0.268427732591 0.26913122222 0.48642222411 0.471285659337 
156 1.0 0.182156917226 0.180399735469 0.288567834661 0.211490378223 0.376426288804 0.249229008639 0.231561495653 0.19887664984 0.19887664984 0.536445162728 0.290767176745 0.296552356362 0.338988101092 0.338713918055 0.105084176838 0.108685264537 0.15703574466 0.153011810469 0.228677678336 0.229777792519 0.408356645242 0.382512177502 0.163657624999 0.166152672426 0.283556951051 0.297312232513 0.15003361979 0.122898560052 0.151530032024 0.115780747826 0.146452348931 0.19887664984 0.0972110558632 0.101616787707 0.285794857128 0.273502408831 0.30585008896 0.259303426796 0.293719203461 0.518760385993 0.507011782035 
210 1.0 0.173163573916 0.166759062497 0.28840821347 0.205190402438 0.390953356037 0.252243985334 0.246561900117 0.225413519732 0.230102622948 0.519174344908 0.29592980689 0.30669934729 0.33682703915 0.355515760763 0.0980399405576 0.109705631254 0.174345591555 0.169204340523 0.249953785007 0.241597340642 0.404178219182 0.413372685106 0.186854935425 0.186854935425 0.295095808594 0.297383675963 0.144025966943 0.137608598985 0.162138106749 0.147547904297 0.15919803122 0.230102622948 0.114648954771 0.117654911364 0.290183049997 0.275664584662 0.295234971916 0.244050168406 0.276779887604 0.482045685303 0.503550752192 
220 1.0 0.168684460262 0.167535631048 0.294365203355 0.218734250163 0.401688253699 0.243206083714 0.254990868461 0.21505379113 0.21606918754 0.522772843251 0.291419938708 0.302135708758 0.342745354633 0.338169412846 0.113469447188 0.106685420061 0.162463524099 0.161509718259 0.211491952227 0.207310884799 0.422130744867 0.407290515721 0.195286160157 0.19900871918 0.294233956323 0.29641381985 0.162463524099 0.156735770868 0.144423028016 0.158857226064 0.12284083076 0.21606918754 0.104490513912 0.10275095457 0.306367507409 0.294365203355 0.304512761369 0.274445978937 0.270143087906 0.499394493536 0.502401914794 
272 1.0 0.191438328588 0.173896457139 0.269450718745 0.232293623177 0.400859113471 0.257283955942 0.244001414439 0.228925127127 0.214859294834 0.503145880933 0.305541368414 0.30188752856 0.353254099581 0.343983018224 0.118832812565 0.116355628421 0.164045133841 0.160540770155 0.207769732865 0.194885357069 0.388665889336 0.397418497382 0.188811763648 0.175088903958 0.315678968675 0.28133798388 0.149813774445 0.146726428259 0.130089547357 0.141822941394 0.170919522425 0.214859294834 0.0937793279599 0.0949552902362 0.285498204163 0.260019099355 0.269038556792 0.296556273793 0.22654962585 0.51934420912 0.49109139554 
305 1.0 0.174816520192 0.167323299847 0.280878862107 0.2165074022 0.341582794554 0.270738516841 0.263208949699 0.230582403317 0.236076203333 0.513474660757 0.291915840569 0.300812204739 0.346830409347 0.350007803471 0.112703647515 0.109158203879 0.161023673577 0.156528248244 0.215495837398 0.220176715096 0.401925445939 0.388996505301 0.183595235472 0.191441041186 0.285201912861 0.296863919083 0.151995706613 0.142600956431 0.145332829959 0.140023928868 0.166275335676 0.236076203333 0.0928625451635 0.0917579386255 0.278587635491 0.259979269721 0.270361630983 0.302116833707 0.289309396956 0.528461604926 0.513474660757 
332 1.0 0.160970404729 0.16408600481 0.303822435519 0.218906751818 0.367915912088 0.247355342669 0.248152943587 0.213768719665 0.215781381459 0.533276620671 0.323662532642 0.319708023105 0.374107639637 0.378015818316 0.108546914125 0.116026326699 0.154630788534 0.147769370905 0.218737428535 0.215323003074 0.391245215806 0.396388448363 0.196614463628 0.195290869887 0.278498663875 0.288518218788 0.147183148363 0.171159353112 0.166625493053 0.176977444071 0.136472128414 0.215781381459 0.0815144179635 0.0879286612062 0.287274137706 0.278498663875 0.293399711945 0.290863067404 0.284856398333 0.522892587854 0.495633537503 
445 1.0 0.189729429586 0.175684169773 0.268185680165 0.204314754275 0.360701706741 0.261758999733 0.266060702367 0.22227805852 0.217491542122 0.555455685596 0.305418843237 0.316448325298 0.347986467396 0.349106106951 0.107432896723 0.0983533209809 0.158336232664 0.155700249144 0.207758503897 0.193616340824 0.394044019066 0.369415642646 0.194651892584 0.198442410462 0.303866119182 0.29179552363 0.146302472057 0.164562212665 0.13564918016 0.171873370607 0.145084954589 0.217491542122 0.106770405945 0.102244159578 0.280049393042 0.265482260487 0.286065460424 0.282236654931 0.276008678171 0.499591848739 0.470933226307 
542 1.0 0.162678235308 0.16175245851 0.260023487881 0.213822371782 0.340884490615 0.248069469178 0.251675513293 0.207405045732 0.215687137071 0.508496145234 0.317938042232 0.319613064913 0.354419547173 0.359561072502 0.105418049337 0.110367013598 0.173306205547 0.172340703853 0.232586426632 0.235721924373 0.39018493692 0.387524456525 0.171758797733 0.182680780723 0.262768380439 0.279686602041 0.126168822087 0.142092300726 0.144421837956 0.155547079828 0.147055191797 0.215687137071 0.119093298507 0.121451810605 0.286872815049 0.283125743946 0.297102083336 0.269291547572 0.307045039202 0.520720342046 0.523883125437 
597 1.0 0.186534294161 0.188586868489 0.254604873409 0.200186903941 0.405740866568 0.270794961679 0.257611276345 0.208793276354 0.214595396684 0.503489327854 0.315391858866 0.316957376379 0.346628128716 0.344293191291 0.0976365119471 0.102937710187 0.14135912005 0.137279959195 0.203547045835 0.19834691174 0.409339525643 0.407094091669 0.17632890398 0.182158680414 0.262894354015 0.28381844114 0.130712927158 0.159975432594 0.1340366676 0.154732724496 0.141876920758 0.214595396684 0.0908273913419 0.0993119986 0.300631195389 0.284592492871 0.311414205931 0.262894354015 0.274893567703 0.513547491363 0.510396424154 
634 1.0 0.190682982985 0.189842039601 0.27892651362 0.209093280619 0.387659644534 0.243310501212 0.244049175373 0.210237960416 0.212037732491 0.51923019943 0.317238080942 0.31304951685 0.360555127546 0.348080450471 0.109178752512 0.101390334845 0.152315462117 0.147648230602 0.212132034356 0.230217288664 0.404623281584 0.392937654088 0.161245154966 0.166012047756 0.28851343123 0.284253408071 0.147648230602 0.142126704036 0.14 0.140427917452 0.142126704036 0.212037732491 0.0948683298051 0.0989949493661 0.305941170816 0.291547594742 0.308933649834 0.288027776438 0.240831891576 0.502871753035 0.489938771685 
637 1.0 0.191189519622 0.19072625381 0.273893579428 0.232071199754 0.416443677061 0.244977864881 0.253077309448 0.208879327001 0.218241054388 0.517561378591 0.309555305087 0.30483251002 0.361349205628 0.359385336708 0.11687121892 0.121327873702 0.172918824968 0.172509064143 0.197023139455 0.194219362194 0.407337166091 0.414271245987 0.176864248765 0.188110882661 0.290751521536 0.300271167845 0.143013765119 0.146919296034 0.146919296034 0.146919296034 0.150135583923 0.218241054388 0.101126003119 0.106411584596 0.2693337958 0.255858462289 0.268741924943 0.250194545677 0.254332591763 0.510401365731 0.509811727179 
692 1.0 0.178964643623 0.178964643623 0.291661499807 0.20841465788 0.393030514009 0.26088355696 0.252884160403 0.228136052519 0.224061866694 0.523834063206 0.301399158282 0.29383991472 0.34073852995 0.333008403781 0.107306172717 0.101886544866 0.155785958405 0.147851456349 0.20559059647 0.213370604952 0.394290518889 0.410491291124 0.189166274847 0.183750900048 0.302220890715 0.299098142503 0.154530059909 0.149163596648 0.148806887656 0.141107852513 0.160821628218 0.224061866694 0.101188683606 0.107306172717 0.303566050819 0.285957128229 0.295583073619 0.29654043021 0.232443789218 0.518121564609 0.489282839549 
713 1.0 0.19069637034 0.192383981735 0.28667950536 0.210631025507 0.37589711136 0.239870127965 0.261546944764 0.213110244716 0.223204378889 0.530038342072 0.304185783807 0.299365633661 0.346999863704 0.345950290211 0.108248072303 0.104834836978 0.15282172283 0.162807006789 0.233208138364 0.236220732267 0.39579387824 0.409393125765 0.191225348805 0.194991636364 0.303853521792 0.299837659956 0.154792002582 0.164043220491 0.14341020722 0.170564018857 0.139554771918 0.223204378889 0.0994956776666 0.0938532722099 0.287172384648 0.267277439727 0.289135499977 0.302052991271 0.277658106312 0.512717571627 0.515037127748 
879 1.0 0.177932002959 0.166510480083 0.287754318422 0.218993234411 0.397868053989 0.24674729239 0.239034526133 0.209372020426 0.203473029872 0.520828806025 0.290346752036 0.302357416799 0.336657584145 0.343270148578 0.11034874381 0.11034874381 0.174208051222 0.156056690087 0.229437221786 0.22069748762 0.394795667825 0.397868053989 0.156056690087 0.171498585143 0.265754967047 0.2754471143 0.142897280664 0.145495625862 0.153026174611 0.140917084055 0.164814234017 0.203473029872 0.11034874381 0.117740689605 0.263276185675 0.260414403013 0.277142189464 0.25969402984 0.272713080231 0.504754465125 0.50918870373 
886 1.0 0.18156506236 0.172104551813 0.27402359455 0.190741203944 0.369142223339 0.244691464061 0.253527919876 0.207288053844 0.216594024634 0.505699561628 0.310024579141 0.307343296801 0.360501886619 0.347771912925 0.0994826897036 0.0956931900947 0.173022993536 0.165000061368 0.192578830232 0.186256944435 0.390470430888 0.386891175216 0.180495020528 0.182821582975 0.289340314806 0.278106107591 0.151304218633 0.145972836138 0.135590608665 0.149783534625 0.158021971708 0.216594024634 0.111501757154 0.114616930773 0.286404015754 0.268111758507 0.276645889653 0.30860126532 0.257114455997 0.541615132463 0.510689454783 
894 1.0 0.191040179975 0.172994240653 0.32700811392 0.211010775661 0.422021551323 0.249085920157 0.256307297315 0.217819318414 0.217819318414 0.575979014216 0.31507153631 0.32700811392 0.376790131134 0.386826881817 0.116205204853 0.102878285395 0.176130343241 0.180226945335 0.196687903509 0.191040179975 0.439807522599 0.436475599438 0.176130343241 0.170871531543 0.286560269963 0.282067445473 0.163224801321 0.162102968087 0.172994240653 0.164338976722 0.164338976722 0.217819318414 0.111394609942 0.111394609942 0.266088180324 0.270171613479 0.271519111182 0.251274125471 0.284001644901 0.527007804759 0.535253538396 
931 1.0 0.170813475879 0.164761899419 0.312690139258 0.208809991769 0.400760811473 0.219954248843 0.219818432684 0.188753524699 0.200417661553 0.537332574256 0.311925146946 0.318275178335 0.357725798276 0.368418807202 0.102091024451 0.109432679868 0.162204464146 0.166205623829 0.203302581574 0.19382739944 0.388616579742 0.386922246513 0.159325140899 0.169497143834 0.276337746961 0.284222518282 0.15997984045 0.137925499212 0.160724802991 0.143444684399 0.123654472423 0.200417661553 0.10610736348 0.107644219007 0.271320938218 0.257774442358 0.274113337047 0.264859989046 0.270494158424 0.503237243118 0.502584035022 
943 1.0 0.174595365586 0.169968962519 0.269705398096 0.206313092531 0.380797284838 0.2317838355 0.2317838355 0.189865440596 0.200678436523 0.507928579857 0.303699997545 0.297325193827 0.350669258933 0.348629653083 0.102681011416 0.109021945505 0.149763729611 0.157233685867 0.189201444405 0.19162484907 0.411947857816 0.406789980465 0.148921038604 0.15625235966 0.256743379804 0.265050898194 0.132208528478 0.135447621295 0.147505855677 0.132208528478 0.142294707037 0.200678436523 0.0925081883574 0.0909840612037 0.262559613592 0.254060626672 0.27580613019 0.24583677284 0.282666657169 0.515172377478 0.529943501915 
985 1.0 0.168522675231 0.168522675231 0.30802585029 0.215197671401 0.360263140622 0.221149672281 0.222290606795 0.1947087437 0.197204559846 0.540394710934 0.275971521404 0.277920152995 0.337645253666 0.330017007199 0.11410270792 0.105980122157 0.168822626833 0.156268549897 0.214883972005 0.216837147703 0.381807697914 0.382513769156 0.161365597044 0.168822626833 0.283209765336 0.289976923733 0.159473296592 0.133702717331 0.156376432927 0.133702717331 0.131669097416 0.197204559846 0.0936459442316 0.098730473624 0.273947478038 0.25 0.259727118205 0.280336895466 0.24156018335 0.49613998425 0.465520558277 
1006 1.0 0.167455179416 0.172450676718 0.295550180233 0.206915022561 0.379364634321 0.229746610758 0.240173779818 0.203069233027 0.215133901355 0.527359407054 0.31416913245 0.322550478841 0.363595013912 0.364095030212 0.105287731325 0.10447825845 0.14979266042 0.14626956183 0.191638430523 0.198233557602 0.405301436086 0.40807495239 0.165194631335 0.171816535208 0.282971326068 0.291417563786 0.155513196077 0.142063114289 0.144936781769 0.14316868049 0.150116187062 0.215133901355 0.0887894464306 0.0929275884165 0.282241740787 0.27092814888 0.277561940268 0.266595907329 0.250989551581 0.498487706905 0.505398389231 
1029 1.0 0.178860189132 0.178860189132 0.276136581 0.202543108874 0.386690502339 0.223059102463 0.228312195057 0.182402318918 0.188191079954 0.509192871616 0.296066293729 0.297587843589 0.349740481236 0.35135096012 0.102838890555 0.107140616856 0.161964789847 0.161032610653 0.173628287111 0.178860189132 0.406060597549 0.404062918743 0.13454784957 0.140164965446 0.25538977421 0.257955833222 0.137179502963 0.126473252619 0.144397310795 0.13042878246 0.143744221464 0.188191079954 0.098921546375 0.096025652074 0.274359005926 0.27606842437 0.285386122633 0.281468807329 0.279792384989 0.527918345438 0.535000061555 
1042 1.0 0.182694816298 0.182694816298 0.29086101868 0.21814576401 0.381755087018 0.23702273157 0.227779882383 0.189792386657 0.195791815196 0.527185596358 0.311171166792 0.311171166792 0.358081101633 0.358081101633 0.110577406622 0.110577406622 0.167600380788 0.167600380788 0.203245315554 0.195791815196 0.383482494424 0.374324683845 0.138445720226 0.146562281346 0.260281001234 0.276891440451 0.149906337799 0.128543624182 0.149906337799 0.116401202402 0.167600380788 0.195791815196 0.105999788001 0.105999788001 0.293124562692 0.272682205013 0.268406967246 0.270247493726 0.276891440451 0.505423330382 0.505423330382 
1046 1.0 0.17825082299 0.173607212745 0.286739879364 0.221529006361 0.427029238976 0.232329024012 0.23251732259 0.193929582495 0.191431068534 0.540828780103 0.272710915638 0.282175544425 0.32377716228 0.331260208224 0.114583968808 0.110170233302 0.164281428345 0.157016740735 0.202971449014 0.209757874962 0.427131713697 0.427677830863 0.169181202498 0.176606407555 0.278794828814 0.283465083838 0.150469495353 0.141783996828 0.150663274565 0.145440918001 0.12317406538 0.191431068534 0.099159094959 0.100474453625 0.277798848993 0.270562706399 0.281709865204 0.235323721488 0.254274308448 0.494499121204 0.507859681898 
1047 1.0 0.190561762231 0.187986484906 0.270679379955 0.215542320678 0.386520794328 0.239445920449 0.245166527175 0.200076146966 0.207769865071 0.502544932307 0.298255910195 0.301304601793 0.345661831935 0.350519144959 0.108440443466 0.111624438329 0.140502850605 0.14571827507 0.200076146966 0.202422495581 0.377952958303 0.379722109478 0.160444925932 0.160918914929 0.281925703079 0.284132275601 0.139741901138 0.138317603109 0.136544227161 0.1363209331 0.159205950434 0.207769865071 0.0742569179978 0.0780571392251 0.252753307748 0.242856822851 0.269777488635 0.26412856617 0.260118901865 0.508271266276 0.49825284998 
1054 1.0 0.176813372228 0.176813372228 0.306023812924 0.211706110224 0.447089850728 0.252529053126 0.257948748905 0.219722029147 0.234345242382 0.529787748812 0.297776144404 0.309395458707 0.341892238792 0.35245125064 0.106504464676 0.106504464676 0.141626619398 0.141626619398 0.205741357427 0.20940667389 0.424065130967 0.421611503057 0.171249305185 0.190012049039 0.270768926052 0.296845591677 0.145481109007 0.15997302304 0.166332029064 0.179530751224 0.14356680048 0.234345242382 0.0848130261934 0.0918598654868 0.268460101021 0.259019080262 0.274321809902 0.223157834294 0.256873957777 0.50341206785 0.527170204395 
1068 1.0 0.168235157601 0.168699768145 0.280664744509 0.235606306945 0.354106422983 0.233805468005 0.215913547485 0.223396673853 0.209062073395 0.478890650858 0.307951398551 0.30401199594 0.364776631973 0.352910787303 0.12220577614 0.118696742663 0.158262323551 0.155568724532 0.195439552445 0.199718022888 0.36589071802 0.36627557367 0.171278298331 0.160228390531 0.300542194242 0.285585667445 0.15200599797 0.12574138312 0.134522975018 0.122844597932 0.139885452736 0.209062073395 0.0791311617754 0.0806982676053 0.287606668023 0.265118916856 0.278480985637 0.299080201305 0.262090244344 0.487925592529 0.487957674956 
1084 1.0 0.178853785464 0.168251488375 0.273635067262 0.214479405604 0.380895506825 0.267355797458 0.271818598184 0.21710310445 0.233742437839 0.524016282573 0.324729731381 0.309555305087 0.367274154164 0.35372849753 0.10773351832 0.109686550769 0.185839843078 0.181602522812 0.181212398789 0.191836212282 0.396016970477 0.38311865123 0.181991810553 0.203299046916 0.271297373163 0.290447101474 0.147159950243 0.178457652562 0.135648686581 0.165708498395 0.160060144393 0.233742437839 0.124210172774 0.117173602915 0.271818598184 0.26281722651 0.277487463295 0.287754318422 0.237049569143 0.51323599044 0.478556451658 
1109 1.0 0.173006545802 0.167538409007 0.287863708535 0.209386231306 0.36634882715 0.243490154129 0.248113621438 0.212050368073 0.220843394542 0.518069051191 0.320754716981 0.322669941626 0.36634882715 0.367691861978 0.106733099047 0.10583129448 0.151757600854 0.148012177463 0.21192118721 0.215762971659 0.383869803398 0.38426196211 0.192415830702 0.195381680692 0.29754681548 0.295144224233 0.151034080161 0.159156111752 0.147363201432 0.159156111752 0.156116015205 0.220843394542 0.0870948225758 0.0943396226415 0.297224520962 0.282631568574 0.304461085019 0.269741787705 0.278138866426 0.505548803842 0.493820842577 
1137 1.0 0.170155451024 0.16388844536 0.302260708209 0.251707444928 0.416509627949 0.225028689915 0.244786052943 0.198445592836 0.205870320285 0.555346170599 0.310257039279 0.314493042091 0.365386274505 0.372293593882 0.127102921541 0.12956519238 0.19114579373 0.183555919559 0.208917595235 0.19114579373 0.427091416734 0.435879473244 0.16109296091 0.157622859488 0.279091965694 0.261935153968 0.14792744683 0.148327431643 0.157622859488 0.16219258433 0.12956519238 0.205870320285 0.107395307273 0.109939711365 0.312097590177 0.2954540966 0.303564686257 0.265826975163 0.258901639342 0.520124680833 0.501607007919 
1219 1.0 0.173367239576 0.173879403881 0.269438828851 0.215448728602 0.443908603339 0.216108098861 0.220022827946 0.182463753306 0.175406924326 0.526491080315 0.298260351691 0.298260351691 0.360317297903 0.353087782894 0.115800212102 0.109647069743 0.157454496973 0.144373500897 0.200483161142 0.190195026516 0.461546897809 0.475365990503 0.155064373105 0.130801046282 0.279546274114 0.24827784155 0.137689963328 0.124103099415 0.138334281135 0.131343791544 0.136000451941 0.175406924326 0.0811193652979 0.0847645702414 0.280054771622 0.262687583088 0.270032234552 0.250488602708 0.222674285076 0.523000193626 0.521058291273 
1240 1.0 0.157971772334 0.164775993305 0.303897619645 0.209382630715 0.399890182569 0.2506131431 0.245868232722 0.209382630715 0.21613863921 0.550648903035 0.295031052637 0.294014285503 0.327851375255 0.344769547852 0.101101934294 0.109080624088 0.174313816 0.170140805779 0.213816996811 0.219074442825 0.40133536334 0.412666295875 0.173510257745 0.172587324297 0.255035140204 0.275288193606 0.141998962427 0.156957496857 0.173510257745 0.161842061482 0.134043493744 0.21613863921 0.124146115266 0.127947383875 0.285540260152 0.272371922863 0.292721310502 0.259073706628 0.276373861788 0.505864983087 0.50432349149 
1334 1.0 0.169931010953 0.176587811072 0.274581736986 0.241824900203 0.379133209575 0.228753283975 0.244722161546 0.185897501993 0.19995727865 0.549163473972 0.307252503345 0.301781694891 0.367983990143 0.371622623943 0.124008239932 0.130225054102 0.185782573078 0.189988645988 0.202715440372 0.206680399887 0.400448275083 0.406955754233 0.152999345287 0.173660738552 0.264680055584 0.282782295361 0.133304852433 0.141391147681 0.14745455211 0.155903342491 0.130716162272 0.19995727865 0.10538673921 0.10818687457 0.298365188254 0.287649817956 0.306904735827 0.254225293365 0.277444861965 0.498524092522 0.525675660094 
1341 1.0 0.16298006013 0.16298006013 0.26875 0.2188392675 0.43754464058 0.229469496884 0.239220740113 0.194052183703 0.190086329072 0.5125 0.264353574782 0.269403275778 0.327036886299 0.319239819728 0.116759635577 0.109151557479 0.146442181423 0.13764197216 0.181680523172 0.160078105936 0.426651204147 0.425597007156 0.165004734781 0.164055059355 0.269040540625 0.256554696897 0.154616460961 0.138772520695 0.124530367782 0.137215615001 0.159099025767 0.190086329072 0.0800390529679 0.0800390529679 0.271353666826 0.25 0.257390753525 0.243830115039 0.2125 0.481736766814 0.45625 
1349 1.0 0.17479945637 0.175110579944 0.295175367022 0.198882825296 0.379558992581 0.259311478605 0.261540957382 0.220925157895 0.222153666854 0.554239549645 0.313073511186 0.315325659914 0.3636912045 0.351255788908 0.103990140248 0.0971338730563 0.162759168302 0.154289350765 0.223618968925 0.213660555132 0.412500185566 0.398722421766 0.194640979398 0.192485005111 0.302521728411 0.294128533383 0.162200816165 0.162200816165 0.144826471928 0.156275739978 0.145825287018 0.222153666854 0.102407780395 0.102407780395 0.296646960856 0.271146343622 0.280293471366 0.27644784913 0.261540957382 0.52217927058 0.495177600873 
1359 1.0 0.169705627485 0.168783307463 0.293673121751 0.212488163228 0.412487989478 0.240324983223 0.237876787127 0.20165171617 0.206054693189 0.524892555788 0.26503566258 0.265991013969 0.321277936054 0.318594474253 0.109098299824 0.107839085181 0.137006319954 0.142452388281 0.1993159032 0.198432884765 0.391370325532 0.400243828124 0.174019903543 0.169935425325 0.272154905675 0.268691499589 0.147035751418 0.154288295242 0.154541019892 0.16 0.142452388281 0.206054693189 0.0795106987739 0.0762537484085 0.272154905675 0.250190171572 0.271221266883 0.258853004713 0.238122739411 0.478371220278 0.464001682083 
1492 1.0 0.182269331996 0.180770791918 0.28913544169 0.234871581507 0.403542272728 0.269327601145 0.257274829752 0.225013499603 0.214956498489 0.548860312407 0.302079451101 0.296627398809 0.353476444735 0.352911662488 0.116932851437 0.122832284851 0.180670447313 0.192055319899 0.215882495132 0.201905905033 0.401876131138 0.399704300974 0.200192131709 0.181171614566 0.300695552303 0.284265044293 0.156349253983 0.164378117112 0.146653763242 0.155418595393 0.16035739136 0.214956498489 0.118779273805 0.110719525328 0.272673413917 0.259030992322 0.26675671868 0.256215354436 0.267300011948 0.522974285776 0.528767663109 
1540 1.0 0.171299371802 0.170831339857 0.279038151212 0.227862979068 0.41758771965 0.240512529864 0.240928282171 0.212122598507 0.214841628975 0.506799246626 0.284999964884 0.274700506542 0.340724044205 0.333899972077 0.118199733255 0.116665713519 0.165595705107 0.152113480036 0.200978391503 0.195424032406 0.396592774345 0.383037039853 0.164504253196 0.178621175731 0.272358850553 0.291320947265 0.141477958744 0.147571751828 0.146072138533 0.138908013984 0.144279774475 0.214841628975 0.0824951171615 0.0940589052782 0.277816027969 0.265737639778 0.274700506542 0.273897820387 0.261332423761 0.487842589688 0.465374320958 
1617 1.0 0.16878160404 0.168344533983 0.281118311235 0.224702379016 0.39402462201 0.241353420273 0.242975982546 0.2128024255 0.213148352185 0.519794806122 0.28041857571 0.27769044687 0.343691390789 0.341756700646 0.119757449699 0.115583426525 0.175206866225 0.173516728328 0.2069518703 0.214983893946 0.385518812019 0.377211878885 0.150474038124 0.168490349977 0.266406634843 0.27475654521 0.148667955862 0.136076079495 0.13963888313 0.145832748619 0.164209124418 0.213148352185 0.099606297684 0.0940258711211 0.277955629595 0.267143074769 0.282512582956 0.263812906259 0.241963156201 0.484990834985 0.471016540614 
