Leaf
13 1.0 0.180787136721 0.180787136721 0.287132511263 0.207373480356 0.398830601414 0.26103403147 0.258147783662 0.221162586842 0.222119314828 0.568947753798 0.286787666396 0.283066537396 0.333125930934 0.319080431121 0.106875778703 0.101586276393 0.16611678541 0.162764018975 0.242563052661 0.229074947353 0.407630296531 0.404427138991 0.191716850409 0.178267332141 0.304155207838 0.289290695114 0.161455955828 0.160753970086 0.141283342194 0.146007203329 0.143664689826 0.222119314828 0.118897743284 0.111789173217 0.311593762169 0.297814520546 0.30720747279 0.24482543789 0.230857658655 0.473983135782 0.473356390814 
8 1.0 0.170802282693 0.166162200918 0.296964013192 0.205278796072 0.379998544839 0.223169346361 0.223169346361 0.187816532958 0.190737963029 0.524015677404 0.304446345785 0.305103256209 0.349822558292 0.349577193104 0.101940370166 0.105615069258 0.175645575236 0.174665827788 0.212893570637 0.213296227745 0.377506559164 0.372190911947 0.168044957189 0.172025890071 0.277857320631 0.278645375531 0.15252037713 0.141697484586 0.153579342845 0.141697484586 0.145154028736 0.190737963029 0.117169399284 0.117169399284 0.241116353666 0.222741736567 0.235151067203 0.287270864391 0.274960020148 0.512164914093 0.50878449721 
28 1.0 0.171680331754 0.176840745256 0.285005890198 0.191699551966 0.352350784136 0.230135128876 0.225718667517 0.188593757303 0.185146208333 0.523390551548 0.27770723013 0.274352156623 0.322102520255 0.319760533705 0.0996598515276 0.0945456366304 0.131888484142 0.135601551797 0.185363558682 0.187809283745 0.336769483184 0.337764373042 0.157831382948 0.16260634538 0.266711849356 0.273764468358 0.142267286024 0.142267286024 0.148363236917 0.145162420823 0.139408308224 0.185146208333 0.0809308845197 0.0790855855167 0.24614167595 0.233148103743 0.24614167595 0.276932862 0.280400678147 0.469851832072 0.472728183152 
39 1.0 0.176344047028 0.178262817704 0.281522783925 0.190825824345 0.372021884093 0.221392562204 0.227289908675 0.179390182729 0.176272580339 0.517668276538 0.296349783863 0.303242560671 0.345760648261 0.351435455943 0.0974706581859 0.0986272390961 0.172734495067 0.171342928871 0.215626140176 0.202050872836 0.345468990134 0.346197674744 0.146356726241 0.157150678873 0.260459829177 0.269634917547 0.141364322871 0.124694071475 0.147727779377 0.13784432674 0.145579834563 0.176272580339 0.114693412637 0.112250484909 0.232550930953 0.210899513771 0.227012556639 0.276874416601 0.282951389529 0.494437584304 0.497992542869 
41 1.0 0.185419057067 0.177219642562 0.274412077865 0.207372031055 0.341460727404 0.223253301871 0.230462153751 0.161989122314 0.174578367483 0.542626401869 0.300961724289 0.300281723632 0.352230263757 0.344225197807 0.106471511991 0.105242615783 0.174365337058 0.169501384057 0.196985269581 0.192789555408 0.335752849341 0.336692483813 0.150573456264 0.158275411048 0.261867551224 0.260444347473 0.148335245654 0.147581632418 0.131606233538 0.14883553458 0.147581632418 0.174578367483 0.109058241576 0.114543606867 0.23901240152 0.213466012139 0.236746829995 0.325009113134 0.270043049284 0.511310467672 0.481973888519 
115 1.0 0.169968962519 0.164704448767 0.285570421513 0.211599739504 0.349070576074 0.20102653468 0.202412941003 0.157233685867 0.162223689502 0.512996349262 0.290425757886 0.281079187082 0.347786338743 0.329960280868 0.113051821152 0.103899418061 0.153361893035 0.149763729611 0.187568447295 0.197447141011 0.35750124847 0.352895248017 0.134826773315 0.132630921019 0.250792295449 0.241243434563 0.154813872335 0.13840913309 0.133890103572 0.128017184293 0.142883109438 0.162223689502 0.0867352436385 0.0867352436385 0.243493511717 0.222173275366 0.230392091234 0.293729148931 0.260151986057 0.486642335158 0.485664389883 
117 1.0 0.172630795857 0.171688095044 0.283793620258 0.19823127996 0.373839741051 0.222485795043 0.228690872455 0.175197070035 0.186852025483 0.522474818818 0.282180634298 0.273973297494 0.332510700572 0.330368409605 0.101616975837 0.102709129078 0.16038620138 0.163951469628 0.165368322495 0.176178573905 0.363522462765 0.346932151167 0.137208609436 0.141359659393 0.247888860714 0.253832730591 0.142218126754 0.130928963348 0.147539135976 0.133916320264 0.159243744563 0.186852025483 0.102906457077 0.0987824772223 0.225744507438 0.216618323937 0.242427354592 0.257837211415 0.277833561031 0.4915036958 0.479257535448 
357 1.0 0.172054898467 0.18066440227 0.290319497994 0.198208155008 0.373267925992 0.228793728929 0.230964627515 0.19095050108 0.196864355412 0.506907059989 0.292650833779 0.30006723958 0.327995773505 0.3380392666 0.0972110558632 0.10148609082 0.160496680776 0.154014723794 0.200286479894 0.20411981042 0.346967569014 0.359147666124 0.144260918379 0.150457644055 0.257814787478 0.274219679023 0.146452348931 0.124507950641 0.150950833628 0.12812249925 0.148396969813 0.196864355412 0.109536756961 0.111363296549 0.244237037995 0.230412299995 0.256079197773 0.26870460745 0.284258189327 0.479346195913 0.505585703715 
366 1.0 0.177546428317 0.178146973641 0.28730647518 0.210206460841 0.425929488535 0.208822789904 0.203793741128 0.157218731806 0.163218319171 0.524906083118 0.317960006544 0.311120314127 0.365760710249 0.362113283249 0.111718072297 0.103198763278 0.160198991302 0.153585963401 0.183878799424 0.184624089214 0.406012186561 0.410459822384 0.126210948574 0.131770414634 0.247354017079 0.263830148521 0.134407230577 0.125240080705 0.155560157064 0.125240080705 0.133724378248 0.163218319171 0.0939097535218 0.0950402641815 0.266820472377 0.259867809874 0.272870566475 0.244562471699 0.26406137569 0.509955810133 0.515046712109 
380 1.0 0.168719220854 0.173758967786 0.28423100401 0.213233667704 0.380700358748 0.211535534104 0.226985659386 0.173462197343 0.196050445592 0.49274712793 0.291479991244 0.296518344197 0.340667591281 0.340667591281 0.108502944043 0.107668751978 0.154366937602 0.150736252769 0.181942846923 0.19327132466 0.37726764694 0.354453933267 0.143018979013 0.168948096231 0.256654442609 0.290683475432 0.141570648234 0.115740430651 0.151418320745 0.12032381131 0.151418320745 0.196050445592 0.0887859273968 0.098549425586 0.24745601397 0.244944767449 0.277350098113 0.268429137128 0.30283664149 0.495744163085 0.495744163085 
381 1.0 0.186344789375 0.176694263864 0.287231944077 0.207575567433 0.361803248617 0.227511862951 0.23157379667 0.176694263864 0.183287243269 0.548137658084 0.302374782113 0.298850206234 0.347096240688 0.34349589945 0.106839536315 0.103207673198 0.157861274405 0.155244358657 0.173792153444 0.176053484731 0.347949907264 0.344891395766 0.143123291437 0.145181314974 0.25712792236 0.259152798394 0.143123291437 0.142826867319 0.151187391056 0.139524643945 0.132886640022 0.183287243269 0.0977236460605 0.100292004374 0.247326278244 0.22881211823 0.246238621247 0.277322669713 0.287674255486 0.477357222403 0.482039761363 
395 1.0 0.170678454505 0.163905608817 0.278698918628 0.202038038681 0.360764290966 0.21358814071 0.210777647981 0.167504404614 0.168214924896 0.519205942438 0.313586057783 0.302749442016 0.367113738328 0.354931689574 0.107281558048 0.102010325487 0.183556869164 0.192361125987 0.205259138003 0.205549462247 0.356942175457 0.348445856452 0.159199200605 0.154156052416 0.276119312777 0.262217137012 0.149939857146 0.127359360484 0.136512188298 0.125709863438 0.140918669598 0.168214924896 0.129449261629 0.12087304415 0.252956753396 0.235054802826 0.246690782276 0.298734085417 0.279926555543 0.507002665226 0.495732880005 
411 1.0 0.181034398672 0.168782979588 0.292394588752 0.196557522395 0.348226618684 0.211835834905 0.212207411817 0.171008785341 0.162019368404 0.5340337736 0.305672791427 0.297257922877 0.344267559498 0.333905327572 0.101667315435 0.0955968171932 0.165102058413 0.163952842182 0.218427528474 0.209742839544 0.334235483355 0.336303326657 0.154145236026 0.140789334759 0.284584338422 0.253609744487 0.153222509328 0.126150833174 0.145738529239 0.12311670173 0.132486623421 0.162019368404 0.118019988725 0.117216211005 0.24928600023 0.219578669666 0.231183778752 0.30005409233 0.282305181136 0.485311945159 0.476597569363 
428 1.0 0.178699625837 0.168271606604 0.293189698916 0.19901902947 0.350780532632 0.236759457767 0.229886884849 0.182869212991 0.190576180939 0.544520325367 0.312469504022 0.31764614513 0.360947956697 0.360947956697 0.101655611134 0.100707436814 0.167618756008 0.157065910134 0.187677514968 0.185029893853 0.360187745329 0.341876523093 0.144048460193 0.149922773096 0.25530928281 0.259937622455 0.143762743957 0.14480761412 0.154070547727 0.141456240159 0.142421822974 0.190576180939 0.105363015602 0.1078061679 0.239006404058 0.22567504375 0.251359987072 0.26329044296 0.29140794428 0.482692047067 0.479987071076 
430 1.0 0.174950627086 0.174950627086 0.275353287803 0.212575591567 0.333411087786 0.230427715844 0.212081165177 0.180464297439 0.177597534249 0.507174698897 0.295619087761 0.297153963873 0.33813563125 0.352193970076 0.103253952695 0.11368507911 0.175017287643 0.172938862687 0.21323304342 0.215410057935 0.363665258706 0.356571671689 0.147137229426 0.163437356528 0.259205868487 0.289841218392 0.125394513329 0.119292599801 0.157253933878 0.123425579965 0.147216484605 0.177597534249 0.11035292207 0.116822506217 0.239804344993 0.232644386797 0.24929622157 0.283493560932 0.321114355053 0.513005930344 0.522758611563 
461 1.0 0.167369151937 0.161631052605 0.292706742792 0.23160577478 0.406700050721 0.232919394814 0.216806839953 0.185371050452 0.17903930131 0.533627312938 0.280021302042 0.28286698237 0.332566511173 0.338054449484 0.116521083529 0.119190777851 0.176248349962 0.166855660913 0.191543337987 0.21092200307 0.414295197037 0.375368090355 0.158954364395 0.168051365982 0.256194587666 0.274970506401 0.143042265102 0.144170952133 0.157810576416 0.140622202516 0.139259552132 0.17903930131 0.103060469181 0.112694217472 0.244892137866 0.250778236076 0.274970506401 0.215439238141 0.29231559775 0.497893198733 0.516115826004 
469 1.0 0.185228192411 0.180881834094 0.285755160647 0.206331753485 0.370795337515 0.226148588688 0.222915952173 0.175635493833 0.180572898199 0.539575821829 0.284972536348 0.286535647347 0.331017517784 0.33164943217 0.106199342928 0.102589242305 0.151115077769 0.131242268706 0.182495167594 0.180340848973 0.378101617334 0.380493641303 0.158948135079 0.158596479482 0.279182925694 0.283794553202 0.152127739636 0.12724629441 0.147374025253 0.118734474976 0.127793592826 0.180572898199 0.0708871310168 0.0896659163231 0.249227611164 0.227441052706 0.238933917271 0.28246345007 0.249003485569 0.481968780949 0.473554568407 
492 1.0 0.170796746421 0.174450566335 0.281012662184 0.208465089162 0.388138164402 0.221520296143 0.216698585205 0.172267574403 0.184723588778 0.505699328809 0.309071075694 0.320492304772 0.355172001502 0.366705416642 0.104911099958 0.107288990567 0.159629960946 0.150895860422 0.165831477235 0.182231274508 0.379635508902 0.369148289297 0.136752751651 0.165831477235 0.236129287865 0.286403883896 0.125572265375 0.132536752368 0.160810963194 0.137098232837 0.139039745531 0.184723588778 0.0905514483171 0.0982357217351 0.233577915601 0.230520036465 0.247667220286 0.221021456175 0.318716163791 0.487569795416 0.53234347365 
564 1.0 0.186991758368 0.182620272971 0.271372473622 0.206006742818 0.351754717046 0.217395475411 0.231838420607 0.173547275706 0.18759832901 0.507703841933 0.309122431419 0.302518253355 0.353044249865 0.340559558559 0.106586901085 0.101615330214 0.156488866899 0.15314592164 0.186721538923 0.189406386102 0.355893150201 0.346512177592 0.151154774042 0.165276538743 0.269645900935 0.269879867053 0.143881350317 0.139697079142 0.135290275787 0.142204662792 0.138608513884 0.18759832901 0.0989722495718 0.097040269661 0.241283281254 0.231129516332 0.241283281254 0.306991657555 0.292979367655 0.519938240366 0.499886379416 
621 1.0 0.193021476133 0.181149316512 0.281374735501 0.20957245361 0.359170387819 0.219181225998 0.222748018627 0.168973314712 0.180058344377 0.521034239153 0.319249406296 0.319249406296 0.364664046395 0.367891657546 0.109222240149 0.104529502303 0.156651388502 0.157108099058 0.177957008042 0.200754470038 0.332011182178 0.352068372212 0.145752599652 0.144642322462 0.265049970212 0.262537591518 0.14087821663 0.140241043683 0.145629653531 0.136486794688 0.122808947912 0.180058344377 0.0965107380666 0.0996159423007 0.254007078448 0.22775779198 0.243640912359 0.283909694234 0.278237938137 0.468312365864 0.49969540052 
641 1.0 0.185063027885 0.188565569885 0.282707262209 0.214760163589 0.389865224243 0.248069469178 0.237620398028 0.184025283099 0.195137179931 0.520041983132 0.301342882306 0.295729796186 0.351641084463 0.341323534943 0.109695920712 0.108672751858 0.167975497126 0.156260971527 0.179459058791 0.18219500747 0.377892082201 0.370126055769 0.166160525217 0.166927129173 0.260251051178 0.282989377101 0.144037800479 0.158290419818 0.14667285675 0.134764633874 0.144037800479 0.195137179931 0.101063606395 0.103713371624 0.252974642613 0.242999660457 0.263541642355 0.25548561872 0.267985355298 0.489728521628 0.497680544159 
656 1.0 0.198612963615 0.192316431161 0.258471708969 0.224704917446 0.376380736721 0.224704917446 0.202546275425 0.16378044552 0.165886417342 0.50586686742 0.286498769743 0.282896262577 0.326885805312 0.339157442444 0.109074507423 0.120091061973 0.167589802294 0.174959872054 0.225615934413 0.227496389911 0.3477939275 0.356796456238 0.131505181358 0.145733742337 0.259750526032 0.27958610806 0.121267812518 0.120222380834 0.144428637763 0.120222380834 0.123715311965 0.165886417342 0.103125848707 0.103125848707 0.249526185688 0.230391037793 0.255524666793 0.252355727653 0.298580754661 0.455339441037 0.492624214296 
668 1.0 0.181552689077 0.188504573786 0.283764403814 0.204225863601 0.374312674718 0.236001463977 0.220649877544 0.192555268935 0.19782721738 0.516318894817 0.292744914847 0.296835633612 0.344985066273 0.350716721677 0.104563524069 0.105938413955 0.170122598605 0.174692338857 0.185408485232 0.195538230372 0.358649928706 0.345357721058 0.138091866539 0.143123342223 0.258874701118 0.283424226584 0.136334155521 0.124369329041 0.155713557218 0.116905573892 0.144353811728 0.19782721738 0.114121708497 0.111844737314 0.243512473186 0.227961460843 0.258626141578 0.251694581577 0.299478059432 0.465761859108 0.490839649742 
676 1.0 0.19072625381 0.18678946522 0.297488900874 0.202339466568 0.392606835637 0.219453738594 0.228846765718 0.186694720367 0.189049097372 0.524016282573 0.314994467425 0.311378916179 0.35913909801 0.354627681717 0.101823432094 0.102688557514 0.147280129887 0.143260980109 0.202252006237 0.207519642399 0.361349205628 0.361349205628 0.157047240696 0.157047240696 0.2873235943 0.274216376923 0.156482929706 0.148714710468 0.143877159211 0.146919296034 0.130462729193 0.189049097372 0.0857917622415 0.0968360036686 0.25915645183 0.232071199754 0.253077309448 0.290081375702 0.252727513415 0.505034806421 0.498582562704 
793 1.0 0.192000084164 0.18834892825 0.291442567854 0.206019746242 0.392455038125 0.22751074979 0.233805079176 0.191341419842 0.191341419842 0.517659362666 0.306517183433 0.302996023203 0.355063291068 0.342466306834 0.106593628994 0.101621744311 0.167336532055 0.157784176913 0.215835648453 0.200113589761 0.359831351034 0.360252124537 0.16181335755 0.170845643225 0.289922478527 0.292350827669 0.154795416623 0.136691292816 0.145026542025 0.130356449549 0.13970589701 0.191341419842 0.103590387161 0.10788857424 0.234398288726 0.216303078667 0.234236653294 0.292997860908 0.280898876404 0.522900633574 0.513545837394 
834 1.0 0.18530667276 0.195330383849 0.293021618668 0.193446123881 0.375684874057 0.231382011109 0.235046660095 0.169476547716 0.192972184115 0.535903423288 0.316652181218 0.316411106055 0.347885552283 0.358472500232 0.0890843613761 0.105116061971 0.148656560463 0.140854742925 0.180635726291 0.194625924149 0.351551281497 0.36316746133 0.139767045235 0.168664138815 0.247384215347 0.304715398805 0.12353778184 0.134877009093 0.174446546491 0.138119438992 0.129449676435 0.192972184115 0.0914513410561 0.102766803059 0.234721785496 0.243152986084 0.257065471692 0.259723312884 0.293697923348 0.493934888929 0.519593507327 
953 1.0 0.178145627054 0.184725020339 0.264892973534 0.210715672748 0.372471775975 0.218316347536 0.210162249146 0.166224495462 0.180983164844 0.508244495538 0.31137521037 0.313007289294 0.364451345298 0.361805419998 0.11005469702 0.107512056853 0.176173474483 0.175095950769 0.206528851311 0.21482090927 0.371218976879 0.366919531166 0.150505272952 0.15460854595 0.257423414213 0.282704740914 0.136506051351 0.137568371275 0.137568371275 0.123163147459 0.12304489189 0.180983164844 0.108589898907 0.113826117491 0.260626928937 0.254122247769 0.276877297147 0.264563025754 0.297214303041 0.473363150465 0.501584283268 
964 1.0 0.157784608054 0.163932972606 0.280556999066 0.216154105599 0.373797323409 0.211690265647 0.214411537662 0.199583496467 0.206965532398 0.473353824162 0.316216981174 0.312201019927 0.367726392416 0.365866828577 0.109097781364 0.113389771573 0.157784608054 0.165176476944 0.196310001799 0.198641453679 0.36460626152 0.353541332773 0.152285187248 0.14888806428 0.269014627466 0.270531639271 0.134823876453 0.128078355732 0.147853707813 0.137825889142 0.155498542564 0.206965532398 0.0923364576826 0.0891417520637 0.250774667729 0.240074789975 0.272228172972 0.265954645905 0.309237540116 0.489783767186 0.487270606984 
1039 1.0 0.18102560667 0.186087018296 0.296488457457 0.203433367802 0.377849533902 0.21631121224 0.213402297412 0.182419919491 0.197706443592 0.511522634304 0.292068577656 0.303248181296 0.328180899357 0.351156390816 0.0994919526829 0.105266714022 0.152568106192 0.156395202802 0.208355854639 0.207950097964 0.369852052232 0.377804825917 0.140582763928 0.15 0.270946788433 0.296887001891 0.136807222822 0.112856043199 0.164398987305 0.12439040547 0.152568106192 0.197706443592 0.106701148706 0.106701148706 0.245224662575 0.238378531593 0.256338564128 0.26026234166 0.28675726622 0.502964186571 0.511291422692 
1080 1.0 0.164470641149 0.163473638784 0.29894715384 0.210561016708 0.383862637187 0.221409995134 0.208480323206 0.195085330784 0.183453559497 0.51026475491 0.253192016077 0.264970702449 0.313885831181 0.331581302828 0.104917560434 0.114456307431 0.142301786264 0.14947357692 0.172239024553 0.177474686715 0.36750072417 0.36797491885 0.165065952071 0.162872507944 0.27355168634 0.281097187368 0.14947357692 0.125710483848 0.160987969205 0.126143223454 0.143825403425 0.183453559497 0.0760020718734 0.0777038217012 0.227958410563 0.214814168965 0.243493261361 0.228960220689 0.288596469231 0.457110510192 0.495593856163 
1092 1.0 0.185448723594 0.177580715619 0.263416673565 0.21492225409 0.386888396408 0.230656755699 0.227951564489 0.187614169895 0.183729397846 0.500259597929 0.274781558314 0.269908407024 0.327257572492 0.319630845928 0.110733795458 0.109555046147 0.164420330278 0.167290618933 0.194633720241 0.194707824078 0.368478100829 0.365016658514 0.144129197668 0.142721062877 0.265326503559 0.257209940049 0.136943807683 0.123658409309 0.13428445147 0.125855411228 0.161141341764 0.183729397846 0.0986053936577 0.0986053936577 0.23103170597 0.214855122352 0.224957519873 0.278587650576 0.265000081656 0.495857042481 0.48669546482 
1133 1.0 0.176660947674 0.174648713468 0.291839760176 0.204929561181 0.359091847609 0.231165985235 0.225663973501 0.1862560409 0.181341518399 0.522545078597 0.283696749418 0.286040441014 0.332004122239 0.329590090401 0.104363610057 0.102847351108 0.157628787286 0.162857270159 0.189944637414 0.195848946819 0.368448513308 0.356347156304 0.146524198459 0.145628017585 0.256659737945 0.251975490679 0.150577947871 0.138249591963 0.147681103501 0.141154509266 0.134311141166 0.181341518399 0.105362327646 0.108424043266 0.240546235661 0.235374960315 0.251975490679 0.271916007103 0.281984231979 0.499489187675 0.484833062936 
1139 1.0 0.186767100244 0.186767100244 0.271802535733 0.20981259545 0.382798450187 0.215895379588 0.226567485731 0.176709364616 0.187986484906 0.494293405842 0.298511157063 0.309533713145 0.342251850276 0.343806034691 0.111760815214 0.099503719021 0.148616365408 0.139632855549 0.176709364616 0.177997663796 0.355995327592 0.359825632647 0.160444925932 0.165584197398 0.27597366233 0.287065675776 0.140719508946 0.133498247847 0.137986831165 0.137986831165 0.113786855968 0.187986484906 0.088998831898 0.088998831898 0.254135633138 0.234820992897 0.249904780038 0.278446347833 0.266425379541 0.480067271244 0.471584000912 
1158 1.0 0.172709406343 0.167079456694 0.249982286463 0.202454122742 0.363264605079 0.214600940905 0.219578092614 0.180727984845 0.179054085668 0.488096945608 0.299733006693 0.291888836887 0.343876986155 0.335111689033 0.102746746247 0.103946498703 0.173833894971 0.171680752724 0.205579671357 0.202454122742 0.350155333048 0.35731589565 0.154750939239 0.154750939239 0.269486414481 0.261344557534 0.12848514056 0.130672278767 0.12848514056 0.130672278767 0.139458862274 0.179054085668 0.112930485703 0.119780868365 0.264376889266 0.238152755929 0.25322071635 0.284513611096 0.273077548689 0.48885843605 0.481630832139 
1262 1.0 0.168836025477 0.169758633577 0.281478166503 0.212554532078 0.369161501226 0.194118687661 0.223742096165 0.179920626718 0.166741493349 0.519599084899 0.309304851553 0.313443312484 0.357882623055 0.362059010829 0.107872767792 0.109132375739 0.164026229153 0.168836025477 0.207723116112 0.198593201382 0.376233701569 0.37727016001 0.151140767402 0.130480897282 0.279808483953 0.231968117853 0.153193707187 0.124978033136 0.132559222094 0.141672399446 0.128216742186 0.166741493349 0.111783751114 0.106231328165 0.253061229631 0.231293790503 0.25498275479 0.292566074657 0.278689804875 0.519260791973 0.497602514785 
1491 1.0 0.162869713082 0.164418429823 0.273276092864 0.19772982519 0.360457175251 0.192534613161 0.206425357886 0.177084068386 0.159938656169 0.476813446488 0.305006158627 0.304285168427 0.348832598921 0.351918819723 0.100349135394 0.101520891446 0.14820476984 0.15258614954 0.176797601655 0.176797601655 0.372853004128 0.366592266013 0.17439208002 0.140599389838 0.298963618341 0.252651267818 0.143807393239 0.110295235752 0.136823402221 0.112869390031 0.119839494366 0.159938656169 0.093732926559 0.0887326523558 0.25748682046 0.250029566055 0.263197908271 0.278178297028 0.304562674338 0.485104031802 0.502082306113 
1494 1.0 0.171447088115 0.165852144757 0.283456692979 0.192502359412 0.352961499687 0.237518312293 0.232160982663 0.198426890259 0.204948363075 0.518714475468 0.318376992419 0.324426607189 0.354578002303 0.36160477503 0.0968435002488 0.0968435002488 0.159524928771 0.152936169294 0.184694421355 0.189055171854 0.358706967896 0.37875258585 0.160863622971 0.157268451189 0.2580585783 0.2580585783 0.137478341978 0.152936169294 0.152092506392 0.159524928771 0.147898671728 0.204948363075 0.107612090369 0.112801158902 0.277904672103 0.256892519587 0.270236496934 0.296038909314 0.28071987555 0.511218608553 0.512810193401 
1512 1.0 0.171115803804 0.17772007007 0.268212917002 0.189066484478 0.35970079388 0.233316700047 0.230028690761 0.187784663024 0.185094056496 0.518138589663 0.297694769825 0.299685229237 0.357212919916 0.343207400645 0.102183358544 0.0946314586211 0.160932368126 0.152393702842 0.174555661477 0.175828259089 0.375420889447 0.359855714909 0.139004443936 0.158489450956 0.240453891051 0.270007926955 0.139004443936 0.137931034483 0.139004443936 0.131871194317 0.142306672579 0.185094056496 0.0963822404095 0.0930475566592 0.240144625469 0.238981315097 0.263742388634 0.263178233146 0.286953740984 0.491681697641 0.483988580952 
1527 1.0 0.178098868665 0.171024175976 0.266173305939 0.209616081271 0.355101179354 0.228174710272 0.235050247361 0.18612934722 0.183845465055 0.508171766272 0.308054585357 0.315352998737 0.357836273776 0.362348889307 0.107562589952 0.107562589952 0.160029246596 0.160029246596 0.199120588526 0.184198674727 0.354001224685 0.368044309268 0.160637339654 0.163246236608 0.264089485627 0.259996750061 0.14079951842 0.149964788414 0.131242406964 0.148001528332 0.136819340781 0.183845465055 0.090137655173 0.0940200989445 0.253028455742 0.233802552187 0.241999041138 0.305192843024 0.281599036841 0.496002872501 0.490799325489 
1609 1.0 0.182562558017 0.171407543599 0.274366606519 0.215420467939 0.384936946922 0.236107208741 0.242494431775 0.191750201929 0.188061278678 0.549235910847 0.311813292535 0.312764981275 0.367212224837 0.360738191251 0.112482514433 0.109227009636 0.165868679383 0.162898427747 0.195260794593 0.189411018093 0.365125116034 0.364543242969 0.161195381724 0.164841618861 0.274984898247 0.257028735883 0.148586227284 0.156924545956 0.131776672806 0.157599493355 0.140961272144 0.188061278678 0.0994614633205 0.101782191401 0.262099469911 0.221541861736 0.243978125783 0.306733889726 0.265319485874 0.50682096478 0.497008415514 
1612 1.0 0.168769988872 0.174686117014 0.295159301162 0.210914106978 0.337378693998 0.224174020109 0.227308349234 0.1944438685 0.200235710158 0.53008201025 0.286234752986 0.292194042531 0.339522844554 0.342131116702 0.105198685473 0.109921465566 0.171224565876 0.162750309616 0.220995241922 0.219264504827 0.366998574324 0.383295995321 0.164413899454 0.148162426071 0.283176056977 0.274985155952 0.153573779208 0.135364904885 0.147671820664 0.128911936503 0.140623740117 0.200235710158 0.102402206526 0.105371001208 0.277350098113 0.25413846037 0.258737024033 0.306970306757 0.268914390098 0.502425178018 0.500543971149 
1679 1.0 0.194702599871 0.195673691182 0.279149182405 0.201297338133 0.357013762344 0.194810737952 0.214271171941 0.194810737952 0.171343204549 0.49990521826 0.301980879985 0.300302418371 0.357190691616 0.355535927693 0.107037251314 0.102617280325 0.142338712829 0.151512598692 0.194486143329 0.189216915609 0.357426461075 0.366273260366 0.175352485486 0.145122749569 0.334097659294 0.282076219856 0.152758497591 0.110902649502 0.132372314146 0.122454710237 0.129801733248 0.171343204549 0.0882747223375 0.0756867662434 0.259359974055 0.240220894372 0.261623757405 0.289737124298 0.295566270762 0.492092391594 0.516930411827 
