Leaf
1 1.0 0.166953314817 0.166647539259 0.277791803384 0.177035722109 0.303374033913 0.228645098532 0.224309934184 0.193551197753 0.19843058526 0.510142457364 0.276457474792 0.283246351525 0.320978281747 0.322958425648 0.0881931561701 0.0914580394129 0.16541878488 0.159692663794 0.207600462932 0.210891077433 0.35277262468 0.347858863473 0.160489140874 0.158490443455 0.269355656789 0.270347936054 0.143634651869 0.142922703734 0.139674036081 0.138666207634 0.157116806771 0.19843058526 0.108778722862 0.120035357213 0.258090222255 0.252496271604 0.266834925113 0.301857154239 0.289083421337 0.485870014276 0.488983004459 
1209 1.0 0.159642771523 0.159908326635 0.260605119726 0.18614651409 0.303199544048 0.219865908534 0.226269569629 0.185766234808 0.192202243119 0.489415013762 0.284326916778 0.284326916778 0.326165881706 0.324034197888 0.0970530035189 0.0918110587042 0.159554154934 0.156420949253 0.200203556639 0.195123417264 0.342536012096 0.349646547814 0.143204236664 0.148155481411 0.248094027212 0.248094027212 0.130383939632 0.129840444395 0.135594958248 0.137253673845 0.154235683103 0.192202243119 0.104761745576 0.102716752269 0.261904363939 0.249968176064 0.26656104415 0.317330533864 0.303199544048 0.489415013762 0.494389075899 
1221 1.0 0.154294533384 0.16058495896 0.271558378755 0.18515344006 0.345674855577 0.226597689263 0.219163422581 0.20216705826 0.196142279225 0.500066654606 0.273306101639 0.277181014402 0.315244537743 0.325704028699 0.0944101003876 0.0944101003876 0.164336354345 0.164336354345 0.236226895816 0.230431537517 0.35614975299 0.367467259491 0.156135089922 0.150292696818 0.251835905457 0.256852900631 0.136618203681 0.13208188847 0.148379686763 0.135357732005 0.162939702778 0.196142279225 0.11595724364 0.110404180865 0.263658614222 0.240778584479 0.268880083769 0.267957679391 0.305487590395 0.465550356893 0.484592927216 
1276 1.0 0.152246450182 0.152246450182 0.260799064165 0.195523879074 0.325953584361 0.214943340864 0.234990457193 0.177530622797 0.189531467983 0.506965483818 0.269501339021 0.263200948147 0.308088386726 0.307662555995 0.0952487077336 0.10241204502 0.154977545955 0.159480250786 0.199243416612 0.206100264942 0.340433411941 0.357709894993 0.149114188347 0.155989379636 0.256030112551 0.251066214495 0.132147258379 0.123107627565 0.133528970044 0.136634710078 0.150688458018 0.189531467983 0.106921314022 0.103684293118 0.275752870335 0.261602142476 0.272981414364 0.301202860626 0.290026861275 0.466227952674 0.472096201013 
1281 1.0 0.16980204185 0.163745551383 0.26673062971 0.187875337491 0.303085336777 0.225544876781 0.230776764922 0.195632920979 0.199904480238 0.496960570138 0.27513578251 0.270015276359 0.325522482335 0.320003305647 0.0999522401192 0.0940841793655 0.17988544883 0.176692266958 0.235347045525 0.233938237782 0.366897767694 0.382243817097 0.163183815417 0.176692266958 0.272385361854 0.27904613422 0.139917386503 0.131108547623 0.141872544901 0.133055122463 0.14595604164 0.199904480238 0.120754502581 0.124940300149 0.295538459382 0.284907719669 0.295476312718 0.31162967397 0.30089608819 0.495961802118 0.498289146734 
1375 1.0 0.168779175216 0.17479945637 0.271079418694 0.192767586627 0.325518336605 0.229386594049 0.229386594049 0.200246609218 0.201960848905 0.499990927813 0.279450676552 0.280293471366 0.329066325183 0.331538271223 0.0993501401071 0.0993501401071 0.159037822528 0.159037822528 0.211869714663 0.208067502257 0.339487883553 0.355772413536 0.151080827406 0.156275739978 0.264507229511 0.280293471366 0.130040008805 0.127076146709 0.147679858611 0.130318765843 0.149632734939 0.201960848905 0.0973204896991 0.102407780395 0.256285077327 0.240959483283 0.251063709393 0.291463877821 0.307164276812 0.48361024519 0.489872762944 
1396 1.0 0.177101302491 0.183309479708 0.271877201548 0.208689296876 0.297692365985 0.238529403158 0.236679658332 0.202371271115 0.202371271115 0.531115868569 0.259469837268 0.264049070173 0.306357442429 0.319883409318 0.10424887545 0.10911766372 0.161897016892 0.161154933458 0.207055507965 0.219422141988 0.344016643282 0.351257473045 0.147023094495 0.152754266945 0.271435961547 0.283037588476 0.130311094313 0.119264701579 0.150248847975 0.130311094313 0.147565616982 0.202371271115 0.0989395587183 0.0962788555593 0.270033945031 0.253550778825 0.268550230807 0.285217266735 0.328935886344 0.451322351664 0.475884815559 
1401 1.0 0.151488819739 0.143968521096 0.276958916258 0.184369665372 0.294203468434 0.214005223589 0.219286318211 0.184009568025 0.193154039875 0.472778243745 0.271639262327 0.268199096671 0.315471791791 0.320011938492 0.094975587079 0.0937455090565 0.177869597418 0.17889211202 0.200318112733 0.20675403474 0.333659277752 0.340740369592 0.14431363191 0.142230406823 0.242141185915 0.236389121873 0.146819659683 0.123242435942 0.140234503569 0.118159483161 0.145344047762 0.193154039875 0.122025530738 0.125772798501 0.271639262327 0.259718573616 0.275999332892 0.31330937502 0.312302202441 0.475784924124 0.477281161535 
1419 1.0 0.179368139579 0.162648990099 0.252236446283 0.185058302549 0.297289924963 0.223999878813 0.226232954617 0.200304531253 0.174124139007 0.52177060528 0.269285660353 0.280318765032 0.308441822592 0.328421989048 0.0924442231694 0.0967616927579 0.14925141008 0.15503367535 0.225119185614 0.200069109588 0.346665836885 0.368500181905 0.170477156025 0.153915018278 0.298976091906 0.246885844743 0.142906506848 0.137871027627 0.115555278962 0.14925141008 0.126832427825 0.174124139007 0.0952893241514 0.0905556555733 0.285867972454 0.275571087754 0.267705915526 0.303409472546 0.276083672633 0.480386976932 0.467761750974 
1423 1.0 0.175488030386 0.175488030386 0.269186350536 0.187174653075 0.322027449499 0.225672291269 0.231872617964 0.18010186512 0.192841078561 0.532018208556 0.283593366263 0.277809487277 0.327082473166 0.316460066002 0.0951717469334 0.094269624707 0.15567118155 0.157959785096 0.207360210328 0.212810495681 0.342598336231 0.340898085854 0.136859636883 0.151780176115 0.253828732677 0.257836802641 0.137606828806 0.132546011477 0.140555881555 0.140798847823 0.149053364122 0.192841078561 0.104582758646 0.105396644529 0.25295194687 0.239985530092 0.253626666518 0.297934693953 0.28220393466 0.473085284669 0.475571336945 
1463 1.0 0.164577655427 0.176069291511 0.270684442147 0.182790634264 0.33351122181 0.222321053547 0.228634262391 0.184941186295 0.202982896197 0.496926098779 0.273011702097 0.275031900806 0.323704340104 0.314974877707 0.097618944288 0.0889284214187 0.158706714644 0.152220937845 0.220804095067 0.220804095067 0.365581268528 0.35732187797 0.160317991636 0.163492913546 0.264477969372 0.282618944471 0.141868009876 0.132649491905 0.139194996797 0.127326122531 0.137910751021 0.202982896197 0.106899212703 0.101588802028 0.273011702097 0.257815748284 0.278531993089 0.273011702097 0.287405321629 0.479265617201 0.47628621305 
1520 1.0 0.170519133055 0.175654563653 0.274515142271 0.192122178996 0.318421213839 0.226059302494 0.219362262794 0.196157495515 0.196157495515 0.499789035885 0.275829143281 0.274515142271 0.31499620725 0.324188569008 0.0947583721369 0.100168593569 0.15261569763 0.15603252613 0.211886161535 0.218743274144 0.348596939808 0.348726569911 0.144919173443 0.147290829332 0.260260112237 0.275118171768 0.135795434918 0.121880132849 0.147801371 0.1208872028 0.144085099331 0.196157495515 0.100917808148 0.105586968564 0.251367238778 0.236035819909 0.258925287385 0.282947093095 0.310516332764 0.477592391046 0.473537407465 
1703 1.0 0.157368677865 0.168511040243 0.2678955265 0.177081108399 0.343829805441 0.22255291853 0.238941700225 0.208580696047 0.205550306942 0.482014808028 0.237290293052 0.243863133617 0.273091860035 0.296448868546 0.0854143190772 0.0941727761263 0.172000048253 0.169352981615 0.237818583783 0.213535797693 0.348062088276 0.368722061499 0.165505251336 0.152234233575 0.281063492574 0.249023392835 0.144103101837 0.116420630736 0.132171460118 0.147545540166 0.176086129748 0.205550306942 0.124612447638 0.123058531447 0.243966036695 0.23491609018 0.242314343549 0.275015173407 0.286342279812 0.483609051751 0.477217653556 
1729 1.0 0.152530765506 0.161495623833 0.278024110452 0.174886133994 0.336349382187 0.235327531014 0.236308155465 0.208650639786 0.195361451989 0.529161662587 0.280651621761 0.276501076607 0.324977377053 0.31325692565 0.090688542958 0.08625646037 0.188605644884 0.186515024633 0.213179279453 0.217336304778 0.354965353481 0.361532586887 0.168801264454 0.155662604923 0.261244219319 0.243061775572 0.153385286285 0.156178472468 0.136162096891 0.149333259123 0.152728386965 0.195361451989 0.143566364534 0.142512007319 0.294906147841 0.27834939064 0.289121762455 0.29377891804 0.275298496209 0.483011199687 0.479648138345 
