Leaf
82 1.0 0.180564570896 0.179581453404 0.249926225395 0.200980131109 0.347683741957 0.235019730182 0.236833132664 0.180564570896 0.183240948938 0.521575114007 0.261239724759 0.257370978563 0.29959254757 0.303652186004 0.0991227900683 0.104484594882 0.164219414355 0.173905506587 0.221911377596 0.221645296712 0.35722714859 0.357763618936 0.154594454289 0.149451177418 0.260107831546 0.26276004637 0.125405044217 0.129570917585 0.137417292701 0.127273378691 0.146157358101 0.183240948938 0.114199061753 0.111981393137 0.250103247888 0.228204264545 0.248742855937 0.283553266348 0.284591926479 0.482705747739 0.480868495141 
1273 1.0 0.169234537489 0.175368514651 0.278754390533 0.207627915454 0.349887168519 0.2150241258 0.222107240821 0.185274699036 0.193527097594 0.508875057523 0.261107414262 0.262812159775 0.303207618022 0.305262622977 0.103813957727 0.104954804704 0.158609726881 0.16702106871 0.219138480788 0.208843169268 0.366225735999 0.359000667208 0.13985698049 0.151603809011 0.257375065691 0.275909609683 0.143222441809 0.123462891323 0.144464278127 0.122616002112 0.146612183447 0.193527097594 0.112485340642 0.107477443011 0.246503429136 0.235635587133 0.265180392725 0.266077032284 0.309668353674 0.483032537501 0.492553740755 
1333 1.0 0.178982965219 0.178634409941 0.251452619928 0.195461117109 0.301497250543 0.205259604262 0.205941657623 0.15985346983 0.185565091655 0.509492320287 0.263317758269 0.270036872937 0.290280916155 0.312061471679 0.0894914826095 0.106650175312 0.17528857034 0.170420995405 0.241076323402 0.264792939326 0.347452106996 0.352040749504 0.116562374552 0.151855666166 0.245114304204 0.29475523435 0.107378171308 0.0868406018031 0.161115618247 0.107232967494 0.125447159061 0.185565091655 0.124824588672 0.129841574728 0.272678163988 0.273590896796 0.282114616605 0.259743143254 0.324975728413 0.439588180887 0.482604856796 
1414 1.0 0.173857553687 0.17309081322 0.265822103325 0.19107892659 0.328892261046 0.206710809008 0.209903442862 0.175665150036 0.179040029115 0.496755676607 0.271270351307 0.278348947428 0.311870687797 0.320442616115 0.0951034068731 0.0981998041898 0.163202903497 0.159493261995 0.217374532916 0.204364963745 0.363700595591 0.361269629253 0.152348903971 0.157500173519 0.273467896811 0.279957053582 0.135727079792 0.118739318274 0.140423233599 0.119992905941 0.122325747907 0.179040029115 0.108342530647 0.109411475088 0.270779585909 0.271025079691 0.283673851905 0.255293441871 0.300743378961 0.470596548325 0.47327401698 
1621 1.0 0.173480635126 0.173769208602 0.237029065181 0.190810318713 0.312573059133 0.213918769386 0.208382039422 0.178041692528 0.171836231804 0.48561373138 0.26742188247 0.266420767557 0.310428450211 0.309134543432 0.0997692574717 0.0953175915001 0.161928553494 0.169979544733 0.227097449097 0.217557236252 0.341967366091 0.341527536499 0.135294109104 0.129233054764 0.256715535024 0.253507692277 0.122464941246 0.111020145215 0.126225702816 0.102900678663 0.143559253047 0.171836231804 0.113842512166 0.104191019711 0.25599890607 0.243013129524 0.262886844388 0.297179832361 0.297179832361 0.478301993634 0.463980863506 
1702 1.0 0.168258499999 0.198168069833 0.253216552014 0.227627613544 0.37789832866 0.203894663265 0.188106482152 0.175072018968 0.193892755001 0.49355768613 0.201760532762 0.211390505573 0.251501294404 0.270247493726 0.106173415943 0.125640741298 0.189277888277 0.195076627004 0.235267705711 0.248665622887 0.393069449108 0.364803507139 0.131304014226 0.16427023995 0.242059378414 0.326431274619 0.128825689231 0.107295149159 0.155574266403 0.0893066970056 0.146173644017 0.193892755001 0.125126570659 0.129111334126 0.251171504556 0.260389212343 0.301344686982 0.199880236752 0.339487006407 0.456648961549 0.49579183268 
1706 1.0 0.167901154158 0.181046826901 0.273014451222 0.197750006838 0.348061220531 0.206446427059 0.216908057519 0.184508470986 0.160187243244 0.539373812685 0.251851731237 0.266499209258 0.283902047539 0.32029218795 0.0945824132381 0.104891106333 0.181870101458 0.187906354869 0.267913357028 0.23386826496 0.37888670305 0.39950142924 0.140112888408 0.114427296141 0.27481104044 0.236037567661 0.148870635679 0.102346885061 0.132571905788 0.130231234146 0.127503576181 0.160187243244 0.14092586892 0.133233116402 0.29060173009 0.285199115751 0.294566302347 0.252235253165 0.297682236705 0.477129954075 0.486486512876 
1709 1.0 0.157512031688 0.177876524744 0.247966200124 0.182004359713 0.334733392601 0.209115254798 0.207475752791 0.177732475706 0.139396560242 0.501700344549 0.264976573131 0.281019718706 0.28866281148 0.331220716413 0.0842805947176 0.0995164609336 0.170374810924 0.188457138973 0.248275878424 0.235208726928 0.364219745788 0.380902423007 0.122022289295 0.105350743397 0.234954506042 0.219939996319 0.12160176321 0.106639485424 0.130475360461 0.13306698118 0.129093933809 0.139396560242 0.13890572576 0.134534558799 0.259375551274 0.268719862593 0.282957391086 0.238739396866 0.333148302326 0.476763040378 0.523420571022 
1720 1.0 0.170366345207 0.183179594218 0.257390883959 0.195794565365 0.347625809683 0.202094708303 0.221739245683 0.177217699205 0.170103393444 0.493924484012 0.260330613158 0.254593073867 0.292951694121 0.315890685934 0.0936678041852 0.106124980164 0.185462445376 0.18111525598 0.225581944617 0.216840130625 0.360048977949 0.369691896014 0.131652762976 0.105871597438 0.263067409672 0.218403407356 0.122785856805 0.0936678041852 0.139189325324 0.147799244702 0.155359296308 0.170103393444 0.125025736397 0.124451562357 0.234723216304 0.233691124855 0.250051472794 0.272561190048 0.300464882396 0.501140170762 0.490358983695 
