Leaf
60 1.0 0.169995112505 0.164049084281 0.296239887309 0.195770188082 0.323028388168 0.224711282088 0.229637046102 0.197477518556 0.202720268325 0.507786403752 0.268707802179 0.269695033241 0.319326558757 0.319545500544 0.0975271948755 0.101738923142 0.151273524758 0.157257876511 0.210771323948 0.220881587408 0.345378160813 0.333929603398 0.156186868296 0.163279899653 0.272018920422 0.273045410562 0.152654206177 0.124828534555 0.154022511454 0.132228868963 0.154475919887 0.202720268325 0.0946152766687 0.097239927109 0.260460665542 0.243358602914 0.26577673732 0.305308412355 0.291335939343 0.487119380298 0.472188531982 
938 1.0 0.163007891941 0.163298027843 0.28093731742 0.202234425701 0.3091734712 0.218799021629 0.223649132823 0.193706196032 0.202546275425 0.483409428525 0.267825733603 0.271744344264 0.316586821188 0.31663665776 0.102511998916 0.102511998916 0.159682846486 0.159682846486 0.207167697616 0.200746523948 0.321581314417 0.339389980999 0.160864240001 0.163298027843 0.269762909359 0.271744344264 0.145841973873 0.12932739211 0.144428637763 0.131024356416 0.151154774042 0.202546275425 0.101273137712 0.105545552587 0.25865478422 0.236007030306 0.254348696238 0.316237745276 0.286443689714 0.456965226111 0.45724137977 
1098 1.0 0.167036626426 0.179161283296 0.288888888889 0.188888888889 0.32298759675 0.219145365815 0.243938871112 0.18625616238 0.196889390519 0.522694821615 0.250678092726 0.2484519975 0.303274312532 0.303274312532 0.0916245694582 0.102439382859 0.166666666667 0.160246723354 0.221387320502 0.200308404192 0.335915921285 0.32829526006 0.169239402353 0.165178541637 0.274424200783 0.268741924943 0.161780219762 0.142291649721 0.140545673785 0.13562839573 0.141421356237 0.196889390519 0.113311544747 0.109431753353 0.268512132747 0.256519919569 0.280431765869 0.312891729785 0.301846171271 0.473755680118 0.432192229751 
1159 1.0 0.165022765497 0.154644258083 0.270675334772 0.199875548783 0.329416672632 0.231891883706 0.236612813357 0.193907764614 0.193907764614 0.494369737803 0.262903125953 0.271440316047 0.320914162849 0.316577285622 0.108397735761 0.0969538823072 0.158179440561 0.150567996575 0.219646082227 0.211959276426 0.352917458694 0.352329425864 0.174786097007 0.174786097007 0.270675334772 0.254351131712 0.148720466525 0.143517176615 0.134054816942 0.147319614585 0.149647082758 0.193907764614 0.100455143377 0.0947910701102 0.264214371623 0.246905089673 0.258127495058 0.299755683393 0.293934630564 0.473955350551 0.484769411536 
1200 1.0 0.164676153425 0.154089330438 0.258226117916 0.186713680036 0.269195006545 0.216040497233 0.22692403154 0.203100589224 0.20575368469 0.477687016888 0.243079456211 0.240086059858 0.284857485264 0.282574128117 0.0947583721369 0.0939600565459 0.136349026431 0.139732349744 0.194537924885 0.194072707977 0.322184076648 0.31913013022 0.167578159185 0.167218162724 0.290046190833 0.274460255708 0.135795434918 0.1182410968 0.133670879632 0.125293436465 0.151426466279 0.20575368469 0.0885107729273 0.083609081362 0.254287093651 0.230807857502 0.245791379903 0.321388154586 0.303151260917 0.454146723775 0.430998739234 
1313 1.0 0.157084373094 0.151609358261 0.250067594972 0.186137332484 0.325788970375 0.221006718706 0.226221819283 0.200476042437 0.198867806703 0.447825404922 0.258181433851 0.257460346808 0.30698555308 0.309944254308 0.0958861773399 0.0974596198502 0.140018541614 0.144415608702 0.206211021523 0.196731678089 0.323080092778 0.333175553067 0.164134816436 0.161958003223 0.264455009664 0.251550088986 0.136101161753 0.122645483196 0.128697346635 0.127642432559 0.146737551908 0.198867806703 0.0807700231945 0.0807700231945 0.28226130451 0.250270270349 0.265411911872 0.316580311397 0.293532687474 0.456793264545 0.44399728121 
1314 1.0 0.156811635282 0.169557383987 0.249660106427 0.186155750833 0.319399701962 0.206246184638 0.225366434628 0.176155887523 0.192534000826 0.478460186875 0.254451462261 0.249323954253 0.293110303879 0.291503579069 0.0928523411003 0.0955236147674 0.131057318242 0.143869547778 0.203709435966 0.20762414657 0.334131911559 0.329328373151 0.145261866166 0.160929234941 0.258635939556 0.274676195997 0.128210719236 0.112459713192 0.129512384275 0.12476284995 0.141400005499 0.192534000826 0.0882206572396 0.0855174107929 0.264661971719 0.250732764885 0.282800010999 0.295901079911 0.305660202317 0.452367310604 0.451179213186 
1319 1.0 0.164942981029 0.164628703866 0.264674288399 0.176666801295 0.335129579986 0.228630237862 0.239183923039 0.204391775251 0.212345136792 0.475980152288 0.271881128724 0.276602186374 0.310976294984 0.312802815582 0.0898832276568 0.0883334006474 0.135272234936 0.141265024719 0.218357226741 0.211856799304 0.347669654482 0.328732694399 0.158212114126 0.167229634296 0.260996253481 0.265715804625 0.139667369757 0.135272234936 0.137550131475 0.135272234936 0.163259845347 0.212345136792 0.0947452409476 0.0873507961034 0.244395824749 0.23532762542 0.260996253481 0.266494270564 0.295257828807 0.466010876776 0.449031857634 
1329 1.0 0.156639104372 0.168631472651 0.256374496908 0.187472367548 0.318587340595 0.220815662654 0.239052715223 0.187888049583 0.203342332603 0.493442725351 0.276575474008 0.271163072273 0.319015590694 0.310149728034 0.0955394632948 0.0945132309212 0.142421822974 0.145805235834 0.204203753731 0.193915884498 0.354902363073 0.340772300296 0.168168198499 0.169898963119 0.261571042366 0.272311465224 0.133515894158 0.14806180051 0.13041216752 0.145671408146 0.119974252192 0.203342332603 0.0953351005724 0.0894235278168 0.28222971514 0.268633847778 0.287705098578 0.281814772918 0.283539692764 0.482369780769 0.450810196255 
1370 1.0 0.174058447084 0.169283781677 0.270035726934 0.190902812931 0.337074424597 0.218688628573 0.236088341343 0.202444082545 0.207747178778 0.478872677874 0.264312856772 0.276039820217 0.316875111149 0.31281982373 0.10246027742 0.0914021365585 0.156107280343 0.156107280343 0.218400121022 0.211655934366 0.342686147535 0.323959192859 0.155702856657 0.160881086003 0.279275770277 0.276211078524 0.154483233255 0.119372043383 0.128036879933 0.115751832638 0.147381516736 0.207747178778 0.108002615446 0.108439579937 0.233739812882 0.221553041765 0.243774956688 0.295404055686 0.268396292797 0.481204090848 0.438529009654 
1411 1.0 0.156409205579 0.165284711097 0.268260919076 0.17097752761 0.302107497438 0.23950675551 0.23739772157 0.194836162963 0.204504606939 0.490690729521 0.263563320831 0.259781550617 0.296196539908 0.298922499627 0.0861974421119 0.085630968667 0.143762743957 0.145891018748 0.184046213389 0.187365776666 0.338953092511 0.33640688483 0.173520434052 0.18200759385 0.257901321678 0.281423608225 0.135394449617 0.14010522264 0.146002173826 0.140682978586 0.137179948047 0.204504606939 0.104721290966 0.10093492422 0.247304668324 0.244931754155 0.267776693195 0.292004347653 0.331598396426 0.483094026481 0.476364568071 
1455 1.0 0.161950193017 0.156494337858 0.260175478577 0.173407507667 0.283232262523 0.243869025443 0.242081407696 0.205259933973 0.192144421683 0.520222523001 0.264189687748 0.268952503952 0.307659215882 0.310469934702 0.0884208265398 0.0884208265398 0.136418804461 0.143578437767 0.175514136643 0.177313357447 0.339266715791 0.346429450996 0.166828076424 0.166828076424 0.255510599693 0.247405514909 0.142761650104 0.143578437767 0.135312189301 0.144506256389 0.13104733729 0.192144421683 0.0932037348202 0.0880421488831 0.266268217747 0.254396687427 0.263683334264 0.297556593769 0.283762605308 0.458064318788 0.441423448488 
1456 1.0 0.156954444993 0.156846905107 0.267283788564 0.186255345944 0.319977895501 0.231346951437 0.235252427519 0.202904699 0.199635208776 0.50552910904 0.245706904051 0.25520597848 0.293749782355 0.299044022915 0.0958068676754 0.0936696426665 0.149916454985 0.14810470922 0.189933268568 0.189221238813 0.345680716017 0.343722723966 0.156416006202 0.15802581883 0.256195792067 0.253281370756 0.143710301513 0.137100736269 0.134114518276 0.137100736269 0.148786699209 0.199635208776 0.0909274960431 0.0938496037213 0.286067197232 0.267473105402 0.2807686467 0.297686781313 0.290689504594 0.451920090985 0.448660063519 
1561 1.0 0.169777100305 0.169777100305 0.260633446895 0.163721499451 0.315157696946 0.220323088548 0.22866478019 0.189792386657 0.194002004004 0.496887573579 0.295929646343 0.293937669837 0.339013078034 0.326319691993 0.0867603337447 0.0797016541582 0.121192091117 0.128543624182 0.192481886523 0.16880105012 0.363778204093 0.347728389235 0.159978150818 0.171069838009 0.27436026519 0.280710813156 0.151490113896 0.129681200553 0.124921948166 0.119360367211 0.141462892726 0.194002004004 0.086123162328 0.0787748592259 0.26336633636 0.261196370762 0.27436026519 0.26833855716 0.267722079763 0.462757047056 0.425253014466 
1620 1.0 0.164344047239 0.156889631647 0.246374841359 0.179254891393 0.276111714528 0.240310356032 0.240310356032 0.187900414275 0.187158015425 0.529888542804 0.270302477427 0.271227997463 0.307685882019 0.303861286179 0.0907849725031 0.0898601439136 0.159704019827 0.144895128306 0.206401964373 0.200933390259 0.324338935979 0.333732196253 0.162982996499 0.170170698101 0.256778678747 0.255256047151 0.130326588881 0.151103678504 0.125093939196 0.147183087614 0.147183087614 0.187158015425 0.101500684926 0.113665090255 0.261080128381 0.246713656337 0.247052006653 0.320539307196 0.28834539009 0.469899198768 0.453924862515 
1661 1.0 0.153409090909 0.147727272727 0.2616105553 0.170549216134 0.295672996165 0.201764555734 0.208608633531 0.176411076094 0.187413892074 0.472138236603 0.24668515166 0.256375322106 0.28215247768 0.302473446687 0.0859815110819 0.0869151053453 0.137542254965 0.142045454545 0.19983528858 0.201524407397 0.315123286906 0.33556416046 0.160102304586 0.160806496569 0.268010827615 0.269931216369 0.127682983263 0.10675167175 0.146079092411 0.116995797057 0.133129255839 0.187413892074 0.0992286886169 0.0940508258934 0.258444668535 0.238703994745 0.257255259606 0.310062810219 0.300868233974 0.450622274066 0.462187184809 
