Leaf
441 1.0 0.173287698674 0.162140844826 0.275692418316 0.194869043289 0.367678175521 0.266150354092 0.252116124365 0.225771382557 0.218606376916 0.535501352842 0.266808057782 0.274577647064 0.309533813768 0.311884142231 0.0986264255537 0.0974345216443 0.153630292431 0.145425464597 0.227254403442 0.218873458722 0.389175558375 0.384797571458 0.190088580096 0.184869006675 0.281096094447 0.276115909223 0.140314038658 0.169624777925 0.147023594611 0.163397073803 0.160693129728 0.218606376916 0.101975578055 0.101544996632 0.282960422066 0.270234741376 0.290298027939 0.261444256502 0.293101937372 0.467810603269 0.485370483889 
850 1.0 0.165576155169 0.177501553269 0.272017969206 0.171591514753 0.331205104648 0.247659251959 0.246456156608 0.209071468076 0.213703360133 0.532241921583 0.292700055307 0.301527159354 0.320691371189 0.330571016438 0.0829990029647 0.0887015116976 0.147835852829 0.139562056366 0.216951317702 0.227571195803 0.376282179343 0.349443430205 0.193704461308 0.203906321334 0.280436468868 0.302915626372 0.138429943473 0.167361677548 0.149599364728 0.169438204582 0.142168598292 0.213703360133 0.106605949546 0.116481143402 0.276859886946 0.274322162574 0.303434663523 0.237717109324 0.278371417125 0.448369349542 0.459005921138 
895 1.0 0.183713973325 0.172614163115 0.264088836654 0.183713973325 0.355945823316 0.252084258339 0.232495277488 0.225587930317 0.211719893062 0.517205614809 0.289112478197 0.290704143663 0.313611241105 0.318409031185 0.0918569866623 0.0918569866623 0.13091634852 0.146143570879 0.215729511539 0.211096269047 0.359447316174 0.376116224901 0.181548310533 0.181548310533 0.296318878995 0.294085848838 0.134394807948 0.143870592993 0.145238648426 0.149708572096 0.140157177048 0.211719893062 0.0925718378067 0.0981033047596 0.29787203988 0.275810067156 0.292737854657 0.279372118308 0.298755935116 0.472025607386 0.464565064063 
977 1.0 0.171247197599 0.16572309445 0.28730647518 0.209915919637 0.370279772823 0.230229880741 0.232340915219 0.206397526556 0.211725261145 0.513860376981 0.25703409163 0.262496639617 0.296711711072 0.301557345241 0.105103230421 0.105103230421 0.14863841391 0.140620708662 0.208237441058 0.200243976913 0.3941129183 0.385462085327 0.180613676031 0.192711250002 0.294181184686 0.306425940288 0.151988146591 0.136435283237 0.150271852119 0.138543802129 0.140620708662 0.211725261145 0.0914401775623 0.0995871857615 0.311365425892 0.292985849427 0.313903242499 0.26515695112 0.276426033228 0.460923433948 0.457834522958 
991 1.0 0.17580097527 0.169564550399 0.274811512716 0.198885785202 0.345025702003 0.243689588174 0.251695107919 0.205646780404 0.220178637653 0.526267294212 0.275804960195 0.285549402973 0.322490309932 0.334715084862 0.102114398727 0.100935792403 0.15436664092 0.157328118123 0.216340978096 0.218307397168 0.369152413338 0.355662377116 0.173845397472 0.179362594124 0.278947962552 0.28416920444 0.140572699201 0.144411567593 0.146176336551 0.152472499972 0.1490711985 0.220178637653 0.0915208630645 0.0967859564582 0.274562589193 0.269535846688 0.293810800218 0.271242787135 0.299629400723 0.455094617757 0.463063009133 
1213 1.0 0.172308960989 0.17332404465 0.284838961392 0.21863857005 0.364471157473 0.23996388934 0.248846122327 0.213770310875 0.21571046811 0.503692183064 0.281976185605 0.278848233208 0.326113968035 0.317390575594 0.112774920153 0.106782529245 0.159212605113 0.159487821576 0.21571046811 0.213975366377 0.365732411025 0.36734765976 0.183643981204 0.192504942258 0.297638573252 0.299840614913 0.155025738389 0.130613579025 0.14659243855 0.136523682569 0.140481710394 0.21571046811 0.103656507369 0.0977781410272 0.308136027747 0.284838961392 0.302316872873 0.311533128411 0.271840075369 0.469114501003 0.440275647046 
1230 1.0 0.162925647793 0.163697811587 0.263954789969 0.2022103583 0.393035203093 0.239863874805 0.246091771807 0.19938429818 0.208353298749 0.505829821504 0.262157120086 0.270035726934 0.314127226215 0.302365620523 0.108002615446 0.0961096998279 0.151078510276 0.146953081188 0.20127274726 0.190902812931 0.410225540032 0.399321618948 0.158113883008 0.17048998447 0.25391015281 0.258524282302 0.152738763536 0.146953081188 0.12428864424 0.14070619941 0.151078510276 0.208353298749 0.101222041272 0.0954514064654 0.308864413174 0.286354219396 0.298852365632 0.304029267855 0.241696922343 0.489646911928 0.457975422943 
1256 1.0 0.160313775717 0.160313775717 0.287288433103 0.204416769708 0.376050306607 0.235046660095 0.227524265462 0.2145435526 0.210377261774 0.513834015296 0.261771866523 0.264382398472 0.301442313567 0.311795264816 0.100057977211 0.105550727073 0.152807796984 0.156459515534 0.22271090344 0.205310724861 0.376212607135 0.390660767699 0.183652115772 0.18530667276 0.287341551053 0.297364448181 0.141611160486 0.138450528813 0.16248858276 0.136451939968 0.140854742925 0.210377261774 0.103801146336 0.0988302254719 0.284405331828 0.270770469836 0.286650249938 0.250144943027 0.293281920415 0.449684313636 0.461575244402 
1330 1.0 0.166633277599 0.162513615471 0.277789933339 0.200157108005 0.322743638978 0.236177558486 0.241276664425 0.216787512989 0.210659276037 0.489307533152 0.286581365696 0.285071897291 0.322743638978 0.328047293324 0.100078554003 0.101302802018 0.142184174529 0.133694437412 0.199308490505 0.198999005085 0.367439606973 0.382721842211 0.200157108005 0.198611470141 0.303502518185 0.294222045779 0.135184434288 0.156721471958 0.153543013097 0.156721471958 0.131016785219 0.210659276037 0.0794833698931 0.0800628432021 0.302892666561 0.288884121342 0.308487795581 0.289629904936 0.300492164115 0.481210324469 0.494195716437 
1345 1.0 0.152031873893 0.15776260846 0.292386607599 0.192909476787 0.344938527732 0.227579481987 0.231741959841 0.197111265032 0.195021687302 0.532007285148 0.262417783707 0.255562895015 0.318968977494 0.303164148928 0.102044648446 0.0951181185147 0.165369941284 0.170653354579 0.219562244884 0.212690578891 0.373681818853 0.36606663299 0.175389144468 0.170352996433 0.280588563487 0.272376840154 0.162978423546 0.13130643286 0.1443129258 0.126404705368 0.136282397146 0.195021687302 0.117589305608 0.110864260521 0.300789901256 0.280710214723 0.290159537473 0.305855007746 0.270363865941 0.487606734733 0.454783760741 
1358 1.0 0.165739685711 0.171651549572 0.278028643334 0.195211600639 0.325406440588 0.228341482724 0.23955961509 0.191592906891 0.199555091802 0.544515548951 0.266919663961 0.261355467127 0.320639910272 0.302154260348 0.102117415491 0.0962974128812 0.147887576242 0.159169908159 0.217510400669 0.200865956073 0.380987789069 0.383824533286 0.162756979827 0.159279794198 0.270953287379 0.270888705496 0.15357539141 0.146938047476 0.136569992986 0.127971897394 0.136185107318 0.199555091802 0.111613488314 0.0991619006923 0.312347523777 0.301748645088 0.309929458147 0.267247213065 0.290823842198 0.465223382479 0.477509724477 
1362 1.0 0.163856189732 0.18457375764 0.261590484564 0.194578855621 0.335761388603 0.244111560033 0.274237572767 0.201734523357 0.228446239077 0.52014514542 0.282376166402 0.286262259685 0.323014765293 0.332454400044 0.0978556174275 0.100088352248 0.154485097198 0.148157014292 0.204724688293 0.201002936094 0.370541657068 0.378652901792 0.171650107998 0.182567461559 0.25351099695 0.28529569893 0.12511044031 0.151718694196 0.148777180311 0.160334432452 0.141676343159 0.228446239077 0.0959553274572 0.101004092754 0.286262259685 0.280806671154 0.306336537567 0.275510454624 0.32443686764 0.476348379269 0.490405890602 
1399 1.0 0.157946307929 0.177535552528 0.249864851705 0.184228323637 0.35531455459 0.248128452269 0.242577566263 0.205526986155 0.208969189764 0.512922633289 0.263097812921 0.276009813717 0.293250636552 0.31486442842 0.0929900689585 0.0922900082946 0.145997369702 0.149074421069 0.206366732191 0.217684170367 0.376408821196 0.371087469916 0.179473242143 0.183405084111 0.251245331005 0.285481026195 0.126991890312 0.160525747829 0.139330033792 0.156847537664 0.140719508946 0.208969189764 0.10292114619 0.108842085184 0.297132009994 0.289615923891 0.31486442842 0.233495822642 0.322261239723 0.441874091845 0.476523069544 
1424 1.0 0.168502686597 0.174113309342 0.280906375675 0.213392109993 0.331394903657 0.23882716401 0.240274215975 0.20831061652 0.198472088908 0.545245851697 0.260414743057 0.25484929119 0.308801140734 0.298843873611 0.107980490563 0.107248411 0.146922977105 0.151047561078 0.202402610849 0.202869156095 0.374097512747 0.36656671884 0.176182411209 0.168876307203 0.283363655188 0.276211546105 0.152707474226 0.141681827594 0.14595459834 0.139439885073 0.146922977105 0.198472088908 0.0934295632479 0.0878673394087 0.286240517322 0.275068281488 0.288706972343 0.270388630789 0.269513112146 0.461070782703 0.44062591738 
1487 1.0 0.179589210525 0.173706085034 0.269383815787 0.185575517542 0.347257409274 0.237423305924 0.241315750677 0.203270165245 0.210544468705 0.520946308598 0.26670996483 0.26670996483 0.302530686611 0.299853634486 0.0959678020424 0.0899939276058 0.144169364257 0.14026365733 0.229127807242 0.225660749127 0.364132840208 0.375041059688 0.180087378501 0.191281010593 0.286155494184 0.295762341819 0.140135854426 0.151087558315 0.145776102028 0.150016423875 0.144169364257 0.210544468705 0.0990910129521 0.0965263002708 0.290628886408 0.263669473229 0.275760257767 0.305829405317 0.276409259036 0.461411870041 0.461567175286 
1496 1.0 0.1875860684 0.1875 0.272727272727 0.1875860684 0.386363636364 0.247729879052 0.241126081522 0.197233579065 0.205333079541 0.556818181818 0.253143970568 0.259690792773 0.297306260272 0.302473446687 0.0924932988415 0.0972570611854 0.140675209127 0.132643381022 0.208376372965 0.211452205295 0.381359640785 0.392703663537 0.168262419261 0.172525300576 0.272786451913 0.289995458072 0.145636427477 0.152882091444 0.145636427477 0.142045454545 0.136600173638 0.205333079541 0.0867291904686 0.0852272727273 0.295290601368 0.272786451913 0.29984715459 0.272963912488 0.26921267592 0.437942515285 0.442598683958 
1522 1.0 0.177864562151 0.172222222222 0.266666666667 0.205555555556 0.311111111111 0.23733343737 0.234389145664 0.200770122218 0.206155281281 0.516666666667 0.257720300105 0.257060784472 0.305606056433 0.300719302283 0.106863244787 0.101379375505 0.166666666667 0.170058087389 0.234454976067 0.233201020687 0.335410196625 0.340524287127 0.179505493571 0.179505493571 0.292762491695 0.291282816198 0.151738892042 0.127898493702 0.141639430933 0.121969435556 0.137997137204 0.206155281281 0.119670329047 0.117720111669 0.32298759675 0.30005143592 0.315885977241 0.297001475658 0.290221286369 0.448109885113 0.447834294751 
1546 1.0 0.165711580241 0.171520982764 0.274340752642 0.205790275676 0.365752954419 0.252008194999 0.261670085398 0.213346856273 0.219829371683 0.548592233134 0.275765292307 0.277182510851 0.330139908877 0.329694542687 0.106749923971 0.105364502146 0.154388977511 0.157633017554 0.210108298955 0.210108298955 0.385908991037 0.386289551138 0.173508326671 0.195288325824 0.273147961111 0.298289601689 0.144558904339 0.14746602556 0.146466244368 0.148238971461 0.145683893324 0.219829371683 0.0951031157493 0.0921385842608 0.286223436405 0.279995428683 0.301555643585 0.264401061598 0.27481641967 0.469329690643 0.472899052661 
1571 1.0 0.163441220267 0.169843792278 0.270379718996 0.188690764312 0.358368582302 0.225340789714 0.228561972685 0.201256622863 0.195176158154 0.502935349581 0.258957902849 0.263870718844 0.301278919926 0.309559487954 0.0961603813232 0.0951274793896 0.128982056198 0.133646461789 0.182732839421 0.185629284461 0.379522051106 0.382839433407 0.163441220267 0.177466918696 0.27198263086 0.285935773518 0.131259725829 0.129440796436 0.151130516769 0.141264792929 0.120097697262 0.195176158154 0.0845721819719 0.0767328594267 0.306480494014 0.289233556056 0.320596239755 0.264693097352 0.314875288778 0.454783926868 0.472511597061 
1611 1.0 0.167550640357 0.173225291553 0.282993556904 0.196406893096 0.358417784304 0.243681189512 0.245045596533 0.203411703551 0.20504424742 0.565987113808 0.269599009975 0.268669889429 0.317632189356 0.32024562973 0.0996777389995 0.100841655295 0.155367196533 0.15244263088 0.221008439742 0.214578836215 0.363589758867 0.361520625513 0.1716786062 0.173705806461 0.280627348511 0.286680734203 0.144354409628 0.145733623211 0.148453614454 0.150572098311 0.145733623211 0.20504424742 0.0955796261858 0.096101447859 0.289228028262 0.265674869088 0.28940089093 0.278121164224 0.276317116012 0.469700057732 0.471683417726 
1668 1.0 0.169659326786 0.168758740101 0.274494270686 0.187033084969 0.344567436928 0.223871667558 0.23079831713 0.191417617707 0.196308636933 0.507111632606 0.268254949468 0.27101794788 0.305830020362 0.308421145701 0.0947308018662 0.0931082704003 0.12920869381 0.140869536134 0.203591192144 0.193441395041 0.373930351657 0.382525516016 0.156147316412 0.165619239448 0.268065526154 0.27126773406 0.1369692756 0.127759085846 0.149159514566 0.13634978226 0.14407827951 0.196308636933 0.0954430735634 0.0865096217947 0.307486450713 0.292414542756 0.303774650467 0.267052999302 0.291021531852 0.466776308214 0.47909215423 
1714 1.0 0.153625510836 0.182611841644 0.261723207614 0.203322579924 0.352798999734 0.239213105391 0.253041183375 0.213186056836 0.218796651477 0.510562929471 0.265472781241 0.265472781241 0.301832503694 0.326587053342 0.0945430792781 0.113163457427 0.181715408122 0.194905551017 0.25044652093 0.253448438762 0.375091664631 0.385420847805 0.177116697498 0.186200576168 0.259646137294 0.290958593601 0.129789963185 0.130120638786 0.163175059706 0.152446134692 0.147226373522 0.218796651477 0.130120638786 0.129856165669 0.285592093351 0.28220143739 0.30435620705 0.228481198057 0.309063892341 0.440529546828 0.470181395373 
1727 1.0 0.161858890035 0.166687439688 0.290432909271 0.185905638741 0.347813893123 0.264071412781 0.256363764217 0.236355712144 0.226214067937 0.547794961745 0.228754479515 0.235539282374 0.273514530328 0.272018996171 0.0956859831189 0.0904505561959 0.142021025455 0.138056112088 0.228159280381 0.225812978848 0.36640818428 0.373938535496 0.19119424885 0.188327964191 0.287728231863 0.287097421059 0.163945682983 0.139037566 0.161858890035 0.138384036807 0.158534363707 0.226214067937 0.0980258392252 0.0981413676557 0.317675694735 0.291367781568 0.303221606711 0.30025484926 0.272393649491 0.441090587652 0.435298080932 
