Leaf
2 1.0 0.171498585143 0.167087754148 0.259709353877 0.171231799523 0.331657884195 0.214386559919 0.220622267008 0.172914490163 0.172914490163 0.497356621204 0.291346284902 0.295139948414 0.328518512855 0.332162935602 0.0890191737135 0.0844510033082 0.128882851433 0.129354951371 0.180503545731 0.178038347427 0.300208197593 0.320107418728 0.157122866717 0.153789875529 0.260412539335 0.252026229507 0.129942664307 0.14396315015 0.13352876057 0.148650333569 0.132727466302 0.172914490163 0.084270359244 0.0796211694897 0.215944725225 0.193225717736 0.211307882082 0.282907359776 0.268877354945 0.452902186046 0.461237485778 
625 1.0 0.16706375588 0.175079307432 0.277983227995 0.187145847033 0.315753135932 0.192711057748 0.205689673245 0.15089127203 0.172366010056 0.471438186531 0.261023224713 0.260091289611 0.308430328028 0.308384013691 0.0975342336042 0.0933436714199 0.139887930331 0.132763147827 0.16740539991 0.169777659453 0.283327101662 0.287828608399 0.119514324501 0.136581396726 0.235233824417 0.25352816791 0.136267295743 0.113381243532 0.14588582489 0.121881174557 0.147831055107 0.172366010056 0.0789156623222 0.0845093893035 0.209064683073 0.187145847033 0.209542389843 0.297780198649 0.304702936392 0.461083723696 0.457694613664 
725 1.0 0.181332196176 0.189442070355 0.279856139386 0.184754577682 0.34861181078 0.201961591798 0.214788599806 0.158120486173 0.170163591122 0.491739260815 0.310555277786 0.314165211391 0.358960488715 0.36254921814 0.0972947555348 0.0935006858851 0.126856840859 0.134319007969 0.160479971679 0.159522912622 0.308215506056 0.303160583876 0.132335174806 0.136885518322 0.25084427421 0.260321632807 0.134526130694 0.12363349454 0.148588967977 0.135145594281 0.126856840859 0.170163591122 0.0709887060462 0.0709887060462 0.187373218174 0.169589958313 0.198063965169 0.278659741435 0.30970241063 0.466519744007 0.485557198852 
813 1.0 0.181148605162 0.177364175283 0.275299121934 0.1797497533 0.331461207446 0.218781761693 0.216170214722 0.18365686948 0.183398984678 0.471976825838 0.301082932732 0.307511736807 0.342233334241 0.3496215009 0.0914410620674 0.0914410620674 0.127102269475 0.127102269475 0.160949600574 0.163285146097 0.324048476137 0.30446979892 0.146046674556 0.145722246148 0.261304538505 0.259730035642 0.137706855272 0.132570203295 0.14221563325 0.129317190134 0.152803810529 0.183398984678 0.0755714251077 0.0764019052643 0.216753277722 0.196922012775 0.221362500814 0.284763869928 0.315013125403 0.485618106717 0.489339868684 
923 1.0 0.173818988236 0.171951920255 0.272709665492 0.181806443661 0.340887081865 0.208595165786 0.208595165786 0.162692008031 0.173074578014 0.477241914611 0.298911301944 0.298911301944 0.335734839576 0.335734839576 0.0916106505687 0.0916106505687 0.128556569176 0.128556569176 0.177857560464 0.177857560464 0.327756227415 0.315716979436 0.137298476066 0.147717735475 0.244764415529 0.254082229234 0.138235677909 0.129557024492 0.138235677909 0.138701904116 0.15455218636 0.173074578014 0.0819390568538 0.0819390568538 0.198769617593 0.183221301137 0.218274233612 0.274596952132 0.312634735318 0.484491573937 0.498415824798 
939 1.0 0.17836222999 0.173920979562 0.266762479854 0.179382700605 0.338418537189 0.2033642314 0.211411392591 0.157723775906 0.164837810651 0.49152508844 0.276175986123 0.274993214152 0.316520365419 0.323164940089 0.0856004678124 0.0975594650807 0.135970938694 0.140868959429 0.162928427962 0.169055091552 0.303739932759 0.311872724374 0.125603188842 0.137496607076 0.240656312275 0.242598861108 0.133161118541 0.127662394746 0.137496607076 0.137211836442 0.147293859266 0.164837810651 0.0849890280724 0.0845275457762 0.200198081783 0.184117324082 0.208430119112 0.290756534189 0.303739932759 0.480255001932 0.492399665355 
965 1.0 0.186100830396 0.18661833718 0.254660797399 0.185235106224 0.319967047167 0.228723886758 0.212046141733 0.174265957918 0.159899775725 0.513950267866 0.279151245594 0.280873354745 0.31124103452 0.321070327444 0.0930504151981 0.0936244515818 0.147343966014 0.13888293553 0.174265957918 0.174019819437 0.305682711769 0.304453302029 0.142613533028 0.139268187131 0.248656915178 0.259000022342 0.118027799729 0.142613533028 0.140112012015 0.141708998323 0.137487091706 0.159899775725 0.0911892188753 0.0913066551363 0.20099410035 0.195315915637 0.221294558477 0.285564990692 0.312237888361 0.464837310054 0.468122257909 
1066 1.0 0.171810180341 0.176881455023 0.273590576366 0.188326029691 0.340801827552 0.220062740522 0.222559664314 0.168741894581 0.184825741191 0.498082326749 0.296298203402 0.297516428654 0.338820834546 0.337959789102 0.0950920593363 0.0958288101566 0.136335470787 0.133279737378 0.183132812041 0.186449424572 0.315830364993 0.313659683841 0.137509533113 0.144839909615 0.240565995919 0.252665882593 0.140401743053 0.126789412448 0.142461883762 0.133731279283 0.1490112764 0.184825741191 0.0784149209602 0.0833827175418 0.206398209873 0.188752348357 0.216379421977 0.296704834247 0.323157585207 0.490152191777 0.501820257446 
1113 1.0 0.180364013319 0.17988762918 0.262006235531 0.187771135464 0.327536904925 0.218032641396 0.218032641396 0.172749797854 0.176840730783 0.49781184751 0.273577393463 0.272984289955 0.324554183729 0.324554183729 0.0953717093173 0.0995776903252 0.136002297196 0.126636347174 0.168672696735 0.171864463145 0.301813038451 0.312491180609 0.141094675883 0.141094675883 0.255894247063 0.257787448561 0.132810142683 0.134522051907 0.132810142683 0.134522051907 0.132810142683 0.176840730783 0.0666558602024 0.0772560582201 0.219297114872 0.196553190333 0.214372413863 0.303796703997 0.285848416052 0.466345748391 0.463330616609 
1162 1.0 0.179228318599 0.179915165854 0.256583855241 0.188544041789 0.329866397929 0.179075328115 0.178692278847 0.138315399676 0.15100957589 0.460975364816 0.263643731185 0.274691948758 0.309371242985 0.316292764359 0.0965344403689 0.0955355353205 0.13347486892 0.13702130847 0.178922206815 0.175597806243 0.303693403668 0.29359803838 0.114938716682 0.144801660553 0.248332799112 0.284831934991 0.132547591139 0.107419684534 0.126625378854 0.0993331196447 0.110439092728 0.15100957589 0.0772985009112 0.0772985009112 0.220194639004 0.20524838968 0.237962204329 0.294855622788 0.317934956713 0.46287410006 0.459038923082 
1224 1.0 0.180959844463 0.182655055667 0.260762482119 0.186206143758 0.329198325547 0.208554575542 0.217151813355 0.159094598967 0.169528283671 0.497170016388 0.277579730181 0.280410488378 0.333095676217 0.324008202446 0.102366346514 0.0903734125744 0.140445468746 0.131959897292 0.155667544234 0.153298416545 0.329022737486 0.310901689507 0.153298416545 0.149995826373 0.26653436381 0.264065727574 0.133987939903 0.134275159825 0.132687756631 0.130934096858 0.124137429172 0.169528283671 0.0723839377851 0.0757645216591 0.230407897114 0.218037066978 0.244601141413 0.29825292937 0.288536085072 0.479377863439 0.454629501873 
1243 1.0 0.175858808221 0.182721655554 0.260601274584 0.181915822937 0.315378737216 0.233859721841 0.217249929278 0.20146018059 0.184621411938 0.491049694425 0.279375004263 0.291219228076 0.325804442095 0.346933550432 0.0900957317119 0.0999522401192 0.132917026814 0.128562508217 0.178244498241 0.170772655267 0.299366357445 0.309738125848 0.136192680927 0.152959972227 0.254901268295 0.28811263173 0.126546845734 0.116418302623 0.144056315865 0.106015360175 0.155224403497 0.184621411938 0.0623966124975 0.07297802082 0.20685739089 0.194030504372 0.210116575368 0.274065731659 0.289701792332 0.441585132141 0.462825029581 
