Leaf
101 1.0 0.17208720668 0.167406578248 0.263434805376 0.188128545081 0.317130975993 0.219327844951 0.202834416536 0.177296882871 0.166714812569 0.499884419786 0.276700274159 0.282026396365 0.317631649536 0.324737979879 0.0927886346986 0.098086394134 0.150598789428 0.160354686031 0.203970752691 0.203970752691 0.322012982705 0.302919268466 0.147888564093 0.149346587163 0.258116818811 0.266921273731 0.127764699072 0.131222945625 0.142313356412 0.120790378332 0.145227239577 0.166714812569 0.100988984505 0.103810448744 0.21202713685 0.200037555702 0.228552441799 0.261784539779 0.328057364062 0.449520463063 0.471540697967 
802 1.0 0.172483526441 0.176447688701 0.271595604411 0.2 0.314285714286 0.219357958215 0.213224887402 0.190118712168 0.190118712168 0.47619047619 0.25824279739 0.270885002921 0.300754908088 0.32380952381 0.0971241812113 0.1064794275 0.159150237782 0.159150237782 0.202142716922 0.204817268263 0.294546039889 0.284202348788 0.136443321732 0.136443321732 0.25824279739 0.26641144249 0.137436854187 0.108588135724 0.140132752091 0.119047619048 0.153345163696 0.190118712168 0.0964212225301 0.100113314484 0.207457342008 0.195760045629 0.22314999074 0.289694498557 0.326390275966 0.462297329499 0.471837244702 
1012 1.0 0.176057425001 0.17192625769 0.251552556188 0.195923139059 0.327048785267 0.225990882428 0.216180299324 0.175411603861 0.176343697425 0.49758559562 0.247916920551 0.257350943648 0.289757910868 0.303406469111 0.0966004759543 0.102429503946 0.152738763536 0.146673926986 0.182804273117 0.1796732357 0.306507808334 0.310229138762 0.141421356237 0.143808756291 0.249791842723 0.256073759866 0.127048163361 0.124744379237 0.132965023039 0.12675004446 0.13853858022 0.176343697425 0.0905357460425 0.094755276482 0.218038949747 0.201444969314 0.218962358642 0.286299167157 0.299642494002 0.458216290608 0.454596810122 
1146 1.0 0.162503866731 0.150957622376 0.254977263351 0.185608195252 0.301248519069 0.222705759306 0.215361781779 0.19408132399 0.186688368456 0.487511600192 0.243411852133 0.249932966884 0.27103218451 0.292213517734 0.081868265333 0.104201290046 0.141326538019 0.147362877599 0.208723941238 0.202199699551 0.310668223847 0.311745066673 0.170945956686 0.176349640517 0.280032552685 0.28027179455 0.132008611304 0.124698026669 0.135516092255 0.12944509327 0.147362877599 0.186688368456 0.0989218013797 0.109837803891 0.23443503476 0.219980501208 0.254187450622 0.27520404324 0.312603870137 0.426972633815 0.437669921043 
1170 1.0 0.156104129532 0.155149355258 0.276359263991 0.172388172508 0.293059893264 0.216001761041 0.201037428227 0.17997853595 0.17997853595 0.482686883024 0.26370319666 0.280627613315 0.308377337797 0.323887970653 0.0879010655533 0.0879010655533 0.162630676683 0.162630676683 0.196552757872 0.201775182737 0.316462617714 0.308377337797 0.115641501674 0.110382288564 0.224104624261 0.240108940109 0.142154928772 0.110382288564 0.138983787952 0.0975174766217 0.146276214932 0.17997853595 0.10902785336 0.115641501674 0.239489303102 0.224104624261 0.224766677769 0.288975235061 0.310777197631 0.463849132618 0.463849132618 
1250 1.0 0.159123822957 0.164671349739 0.25887140561 0.188442897874 0.305849339446 0.197570654524 0.216826460038 0.169223425557 0.182482715006 0.476067172803 0.283091747514 0.286005289939 0.321970598271 0.320680560636 0.0956766925649 0.0942214489369 0.146934312594 0.14551690667 0.197045432537 0.197045432537 0.297025450554 0.304831158682 0.139332161549 0.150648878054 0.249701884502 0.256053856299 0.131422044475 0.119007722836 0.134024713858 0.130498847585 0.137208642634 0.182482715006 0.0947697840159 0.0949518586967 0.228235863488 0.211911679272 0.23692446004 0.303411350504 0.307931694079 0.462822093578 0.465760912271 
1538 1.0 0.165215397669 0.170937372523 0.255342042633 0.164958386265 0.308517211695 0.219865908534 0.210936251838 0.181919726429 0.168184846579 0.48932831235 0.259735346354 0.258808009384 0.306862459056 0.307276982642 0.0877144845068 0.0840924232894 0.136219343553 0.137253673845 0.183699123961 0.185766234808 0.281879007051 0.292080478872 0.148155481411 0.13828026761 0.252669396426 0.249741755568 0.126418632249 0.126865342588 0.135594958248 0.128746571118 0.150617018893 0.168184846579 0.0857577814596 0.0785262955378 0.212738873246 0.18622247676 0.209590981406 0.300576012889 0.287836953379 0.432892243923 0.436244389693 
1573 1.0 0.151983492959 0.151568236738 0.264079774881 0.208386242087 0.320764300128 0.207096851685 0.200996477654 0.167470932086 0.166243330467 0.494510246433 0.235839632264 0.246617044416 0.284584338422 0.297522835079 0.104871419772 0.107248411 0.143779296338 0.151672157379 0.181382207636 0.179724120423 0.316362268495 0.311392524408 0.130569898555 0.13307993863 0.233489570183 0.243725018153 0.131051707936 0.120137107987 0.138873744347 0.111427540616 0.128010650929 0.166243330467 0.0887594164867 0.081735808828 0.229129988165 0.224615695428 0.236106721401 0.274150237103 0.321206090635 0.42869971204 0.462674156029 
1653 1.0 0.161447698891 0.158588545606 0.256930091456 0.158835632557 0.302365402454 0.196704881631 0.193285998262 0.157844964062 0.153818499274 0.467562166011 0.267645263227 0.259209456779 0.301022223573 0.295544252573 0.0782153888875 0.0819692274477 0.112604345219 0.115921993154 0.160473156593 0.160473156593 0.290548275943 0.286516148355 0.137674428875 0.135858442284 0.245960834334 0.2385139176 0.128235893744 0.12121390373 0.132743794705 0.123139752691 0.130158274691 0.153818499274 0.073742175834 0.0732084498141 0.207632153365 0.189460879436 0.2086996779 0.304819672396 0.301369423485 0.46032100195 0.45264653858 
