Leaf
526 1.0 0.185908979956 0.173477835495 0.277915851969 0.204244396754 0.335223729185 0.241336100922 0.246115497587 0.206247495323 0.205715242835 0.497795606595 0.302109889096 0.289129725825 0.348885733888 0.323786356252 0.105877695181 0.100020554281 0.159569793017 0.152184765411 0.189775658616 0.185540039366 0.367704023834 0.353567925859 0.173398820307 0.167611864593 0.292897047236 0.259926935475 0.160169842704 0.14096517278 0.129302744252 0.139401017041 0.149733672478 0.205715242835 0.100703296365 0.103123747662 0.272085323863 0.251295124134 0.264940050001 0.324505083787 0.293037379615 0.510919546564 0.495477698716 
660 1.0 0.176443926172 0.173246160077 0.247072932664 0.206752925953 0.342953582432 0.250292093265 0.250342857304 0.209682275123 0.212032573774 0.494685592593 0.295161069465 0.292392791942 0.340499367181 0.328417549493 0.106941168596 0.102821831155 0.167579082243 0.155300114117 0.210528990957 0.210649672532 0.366593189011 0.356327945233 0.171180118345 0.175360329888 0.273252764478 0.267186516775 0.132326942999 0.152409404611 0.126031375837 0.146543656308 0.149887287801 0.212032573774 0.102077634417 0.108240335902 0.261562931674 0.242452398626 0.26146575057 0.298968100947 0.290299260538 0.48500960754 0.494068713302 
683 1.0 0.178695478382 0.168257715146 0.26730047676 0.19291807275 0.366083098063 0.232280421023 0.230747897815 0.206695217149 0.1991589441 0.490114671391 0.313554670307 0.30432753588 0.354641754733 0.341710658341 0.104933598042 0.0902672941798 0.140086244217 0.14345190025 0.201419062745 0.207993344319 0.352183863376 0.358143287618 0.168257715146 0.154932600816 0.283471813349 0.256557342062 0.145568448644 0.148480938232 0.128421653061 0.138593587301 0.173060923361 0.1991589441 0.0950214144201 0.0908078217304 0.275815500064 0.242434715681 0.257081366517 0.316119418476 0.28200057129 0.520688742123 0.502246105056 
728 1.0 0.178180041319 0.184638252039 0.270064597157 0.18966394004 0.356915305124 0.240594842742 0.249417657784 0.200655669246 0.210762843512 0.523277503717 0.319286439168 0.317836071465 0.357561975031 0.356360082638 0.0983343676769 0.0935178376261 0.15457555069 0.148254755825 0.212555938665 0.208163164939 0.350759523264 0.364961537965 0.16973782823 0.172820719502 0.288670371097 0.285740214846 0.138113279751 0.131126473331 0.1421173924 0.146800694412 0.146463091755 0.210762843512 0.100327834623 0.103565045373 0.270064597157 0.24127971416 0.25517320117 0.307921016867 0.274368445031 0.507915627388 0.49177251173 
735 1.0 0.180907113291 0.172624750778 0.292914350226 0.220979226307 0.348327828305 0.245125727615 0.234960614945 0.205235565349 0.190434973594 0.503661939434 0.311681123776 0.305553629992 0.370683436328 0.353887526458 0.119219896667 0.107232506582 0.156207102328 0.152351982923 0.187854871684 0.188907288163 0.345999613186 0.340131773905 0.187773672254 0.169414506269 0.293953794054 0.265207275621 0.162522961978 0.155620223225 0.138068876657 0.144015832446 0.159300612587 0.190434973594 0.0862681919332 0.0843011973858 0.26514976564 0.232546683711 0.244627504076 0.333612807057 0.274253588501 0.524748925448 0.488256527504 
767 1.0 0.180131570311 0.180879007423 0.261409893114 0.180037922491 0.342849634037 0.239174691783 0.24156018335 0.213071237856 0.209398697119 0.487982951584 0.312213171119 0.31495594566 0.345593258739 0.339885460533 0.0931041116553 0.0873084983274 0.161470074618 0.151445633204 0.220385767849 0.21823261032 0.349668334104 0.345446831252 0.1672166676 0.165289325887 0.281956486598 0.270914184591 0.145191872976 0.141783413795 0.126841534836 0.140468916347 0.169619904594 0.209398697119 0.112164833219 0.116877203192 0.244267796917 0.226796955772 0.243229974081 0.285994822184 0.273022497981 0.484653864724 0.48677185925 
795 1.0 0.175263884436 0.185497784051 0.260865712669 0.212023055766 0.337345769118 0.246066614328 0.238632327976 0.196402653806 0.201083986849 0.505456536281 0.331917521713 0.327708495767 0.372940980642 0.38046798163 0.105522832034 0.112039259108 0.176941089009 0.16430427413 0.196402653806 0.194817213409 0.347863406246 0.362213839904 0.163493335005 0.160484837085 0.267628053066 0.289267105884 0.122612473705 0.138558266596 0.143891378171 0.131447913327 0.146030765572 0.201083986849 0.0979754898997 0.113088830121 0.260242241307 0.244561605627 0.253515903597 0.290693079132 0.321383502443 0.502467550325 0.524047356001 
824 1.0 0.173031386414 0.171524553195 0.269684320409 0.19743958788 0.348864442149 0.250037854617 0.238343988911 0.206018558467 0.206018558467 0.493500349621 0.292095788761 0.297816510612 0.338606099726 0.335976483242 0.10061894724 0.0995381538428 0.155238500087 0.158411182957 0.212530904093 0.216364233621 0.362249709199 0.347559806953 0.172655910992 0.177109086744 0.262859875837 0.28099802971 0.141992301545 0.156901817213 0.135602065685 0.147081090951 0.160581300281 0.206018558467 0.106061683015 0.106265452046 0.265154207538 0.250037854617 0.277512047383 0.287316803121 0.289192993901 0.49015752803 0.485946665072 
829 1.0 0.183262378469 0.175599623261 0.285171652868 0.18175567399 0.333088810609 0.260019572709 0.250320612777 0.214595396684 0.216127632383 0.540132439306 0.328990803877 0.321836137918 0.373510583776 0.368370738261 0.0940013526931 0.0926261281642 0.146579889488 0.141876920758 0.197976861209 0.195648188551 0.354834408777 0.36351134798 0.187807580575 0.182158680414 0.290773774084 0.284656902172 0.153304391856 0.173499073705 0.13979421073 0.157899239492 0.168350855971 0.216127632383 0.089403357479 0.0976365119471 0.258676523934 0.236461534597 0.25185387281 0.304749622846 0.296949858231 0.514688550937 0.514937820669 
838 1.0 0.187461878354 0.180518006827 0.247128620773 0.18543154544 0.387908734266 0.246617495881 0.244691268816 0.195372329164 0.197540076994 0.499905353818 0.338674350162 0.332564834409 0.369499619018 0.369499619018 0.0905643017114 0.0969568507885 0.163267116774 0.15123049448 0.19593664076 0.197859204952 0.375680245272 0.387339057857 0.153405094532 0.163749443132 0.271460589653 0.276583482357 0.128077263747 0.12330874794 0.128077263747 0.13314918935 0.159058745571 0.197540076994 0.0995256890256 0.116873033646 0.249478952287 0.230347426529 0.234083217428 0.284732427386 0.259336693325 0.530727730847 0.499115937677 
839 1.0 0.174058447084 0.163215637309 0.286849214095 0.191232809396 0.343237681391 0.242932899054 0.238545931452 0.205918114456 0.209785815232 0.528536249907 0.301843850297 0.306507808334 0.346664888281 0.359784859352 0.0969262794963 0.0994943077576 0.151078510276 0.152738763536 0.186644221914 0.183320913638 0.360135185491 0.366684817465 0.174148984644 0.183921826697 0.286574322595 0.296681945094 0.143918324883 0.133933600458 0.15529737978 0.135687497949 0.143808756291 0.209785815232 0.0954514064654 0.0966004759543 0.256319866371 0.242022791336 0.258524282302 0.284088329691 0.303666123817 0.49461157012 0.512147519732 
846 1.0 0.171186335681 0.165486432692 0.291471821918 0.202727967269 0.329338122495 0.229896752242 0.246593551502 0.21469986042 0.219942822298 0.508355799296 0.321226311347 0.324014517558 0.361955624111 0.364103093982 0.107675304202 0.0967219485413 0.147609857027 0.157057865355 0.216276851855 0.213953724852 0.342722805429 0.353461502547 0.173966268522 0.181060633116 0.288369135806 0.280854024235 0.1520131042 0.14922607152 0.147609857027 0.15552306112 0.154361943636 0.219942822298 0.101953885707 0.098969220713 0.280070011979 0.259239374656 0.274519238629 0.290165845624 0.277776667242 0.469643807625 0.462264947602 
859 1.0 0.185596251585 0.160967960622 0.271604938272 0.20987654321 0.345899400645 0.237473877305 0.2484519975 0.21096305544 0.215608014773 0.493981457376 0.298602138826 0.297323322933 0.342356163552 0.332417580687 0.111794878249 0.0995340462753 0.148661661467 0.139675413568 0.206951291534 0.199450548412 0.353741945232 0.364563532351 0.156161859761 0.171955410829 0.271043190125 0.267077872257 0.14076239816 0.14076239816 0.14076239816 0.14397412086 0.150698217478 0.215608014773 0.0828173325 0.096422835505 0.277434630299 0.247222029562 0.2484519975 0.312567627189 0.257785345899 0.488863947487 0.474305499069 
870 1.0 0.174660372984 0.175036391445 0.271843246784 0.210318940045 0.343628011646 0.240807320654 0.233938353394 0.21568964969 0.207676479296 0.482051282051 0.289414380708 0.288321903526 0.339547597072 0.338072814848 0.109628504238 0.105720657067 0.155968270008 0.156305134914 0.198084183752 0.194601702164 0.342209243502 0.349207800743 0.183830239271 0.174434372838 0.293026556455 0.28497321004 0.145951276623 0.13997275963 0.139502261628 0.13303714637 0.153846153846 0.207676479296 0.0967587808416 0.0917361221538 0.25768911849 0.241080190227 0.248069469178 0.285710528763 0.264736605111 0.488554066208 0.474961502298 
898 1.0 0.177302888761 0.175858441978 0.248509024412 0.20899583805 0.372710076189 0.250043834831 0.257766343738 0.208919548272 0.215011334732 0.479983527004 0.294104893714 0.294484069533 0.344989874793 0.339728232268 0.110935617826 0.104115841259 0.151931084245 0.151721089557 0.184355439585 0.181830499706 0.364186647963 0.365104711914 0.183922578129 0.180775381516 0.274130365624 0.271089576386 0.134215161397 0.159106383856 0.124990036268 0.15411875443 0.172379378371 0.215011334732 0.0861896891857 0.0833691936233 0.244303830403 0.231574294587 0.247931020989 0.298195861072 0.270206066454 0.508339507297 0.475277528898 
995 1.0 0.172750869179 0.172368253274 0.287510154604 0.218635312128 0.367718940317 0.241589000058 0.246726889888 0.21803051066 0.225766590268 0.505744108088 0.289341447989 0.289341447989 0.350058002023 0.344353252947 0.10901525533 0.117187878262 0.170829220201 0.154598511813 0.211263451968 0.196362000206 0.35492795675 0.366640056015 0.170829220201 0.178391658394 0.274108280187 0.278172907345 0.153311955366 0.156297447569 0.145353673773 0.156297447569 0.159641086944 0.225766590268 0.082864343392 0.0897492729511 0.255146421275 0.230111438794 0.252283902715 0.28381212087 0.265295342796 0.491845561115 0.489962634362 
1073 1.0 0.177439062705 0.173993316001 0.290396877275 0.196850965801 0.349410464297 0.233799370825 0.24234464629 0.200809695447 0.210236923634 0.50748812751 0.316572219964 0.316342625673 0.365369392435 0.351931321599 0.104395989601 0.0946625982523 0.149674709853 0.1361157173 0.184924693227 0.182883446626 0.368832999534 0.352137712774 0.169979982581 0.185513106324 0.282748507218 0.282748507218 0.15640053901 0.151604001632 0.140923845224 0.158477253766 0.157557648785 0.210236923634 0.0880344281935 0.0903425841667 0.260037070964 0.246112915072 0.255764256313 0.306939201681 0.275327586211 0.508060482723 0.494288032179 
1155 1.0 0.187481692135 0.16443232156 0.313932265978 0.197661056356 0.360628235275 0.244446219659 0.233991295686 0.213762018028 0.194906063695 0.523349617584 0.307844358808 0.307844358808 0.353625078619 0.348425842609 0.10528805836 0.0937408460674 0.148899800089 0.156426914175 0.203058937922 0.213762018028 0.363986459956 0.370976226761 0.181993229978 0.181993229978 0.301633603694 0.281222538202 0.169293436601 0.141927098675 0.158145942868 0.135594366012 0.158145942868 0.194906063695 0.109690039777 0.0993421650478 0.25153308489 0.23283291582 0.255267608561 0.301857616798 0.261287046452 0.503200517805 0.497662509642 
1167 1.0 0.185981292328 0.185981292328 0.27820363095 0.204403576089 0.333104944589 0.257091210295 0.248281766581 0.210998928777 0.216605189733 0.518493603083 0.301253090702 0.296671027622 0.347692983764 0.357406947369 0.0943615895852 0.117041147196 0.170615324755 0.174583653458 0.193206540063 0.216605189733 0.339721884641 0.339721884641 0.170615324755 0.175561720794 0.266894879517 0.282479239145 0.158113883008 0.157027176777 0.134724477848 0.149198773362 0.144535154751 0.216605189733 0.0996569458157 0.107906605991 0.257091210295 0.222069963059 0.241286506217 0.319460161085 0.275108944796 0.497252726461 0.473980520957 
1307 1.0 0.160326041207 0.165673777427 0.293520816803 0.203855002269 0.324984990843 0.253577684355 0.245700923579 0.207306239048 0.207306239048 0.542161211862 0.314330993129 0.303570214826 0.359516309067 0.347415233424 0.103653119524 0.102670603326 0.173210932576 0.168103141333 0.219927563034 0.213567764293 0.35623091703 0.359347111641 0.176572314598 0.17391172141 0.274092498529 0.280814314994 0.148647527976 0.15094808158 0.15308172919 0.137747068997 0.145198159681 0.207306239048 0.113902807623 0.117062498793 0.270219257627 0.249629768428 0.256676508315 0.298112176292 0.298248145364 0.500476156814 0.509746879547 
1545 1.0 0.162234052738 0.162713327203 0.284850854561 0.2179458404 0.363152543026 0.259682457966 0.252197938198 0.221138056835 0.219299333052 0.513575251558 0.305532233146 0.301839865091 0.356923642871 0.351427108094 0.112869166224 0.109649666526 0.165935686106 0.170837598692 0.201226576727 0.200062285894 0.359142067226 0.359488813208 0.196290152618 0.190737060035 0.277259375409 0.280276189235 0.153554165668 0.168727845397 0.144891734415 0.157262043281 0.142069602654 0.219299333052 0.107353083927 0.102453927943 0.255571768447 0.228889915386 0.246135051934 0.303281127758 0.275682104889 0.501205523819 0.494479727495 
1626 1.0 0.158202077539 0.153392997769 0.288467976237 0.186675548057 0.33921167788 0.244955482215 0.247673697597 0.220501869484 0.215011334732 0.497402787406 0.293453738169 0.297071094948 0.333476774493 0.336617016003 0.101793262668 0.0863744475738 0.143735769054 0.141161856941 0.191064541907 0.196980231347 0.35375059956 0.36871087917 0.192973989504 0.189808901524 0.285747305145 0.275696009211 0.150030551116 0.149178097903 0.150666725918 0.159106383856 0.1605029557 0.215011334732 0.0986114338665 0.098772959665 0.273139985972 0.248444868216 0.260534466422 0.304071945643 0.28569151147 0.500374481157 0.502663081756 
