Leaf
533 1.0 0.191637678967 0.185607111933 0.315158690186 0.200249843945 0.365136960605 0.226384628453 0.226384628453 0.185809041761 0.193132079158 0.545091735399 0.397555027638 0.401154583671 0.449054562386 0.44846961993 0.104403065089 0.101980390272 0.181796589627 0.1790251379 0.206155281281 0.208146582965 0.403112887415 0.377921949614 0.154434452115 0.170660481659 0.286923334708 0.304179223485 0.157003184681 0.136014705087 0.163783393542 0.130384048104 0.12747548784 0.193132079158 0.118532695911 0.116297033496 0.245967477525 0.240831891576 0.262154534578 0.268001865665 0.344419801986 0.56685536074 0.584144673861 
180 1.0 0.201227675506 0.195154411384 0.261107081712 0.227842002329 0.350170918599 0.254401699453 0.258970715143 0.205552383475 0.199456067232 0.544464386214 0.333374481787 0.341107656767 0.392241349342 0.408544280039 0.119668482326 0.122975566806 0.178899930199 0.185006320601 0.179502723489 0.18095829051 0.352936335144 0.351578292946 0.15644345066 0.148238424211 0.275822223235 0.261166175768 0.130760229843 0.147925794498 0.136194016836 0.153656703061 0.14163724519 0.199456067232 0.097181031885 0.0993792653812 0.228045100277 0.211107853299 0.228045100277 0.295695067555 0.310560204316 0.516688560854 0.533585452173 
247 1.0 0.171450104976 0.165152344149 0.281821580175 0.186151406006 0.329662279868 0.240183178635 0.218944484731 0.200127150085 0.189983784378 0.50045202857 0.333074140797 0.333074140797 0.374195953539 0.367258032462 0.0970159637899 0.0910028295176 0.159493261995 0.152053960848 0.195048949517 0.204596695479 0.356637775774 0.356835852866 0.154543036169 0.156992652844 0.266300153253 0.271138545392 0.145110628155 0.138635847628 0.140760271131 0.128587578732 0.154543036169 0.189983784378 0.102263804991 0.106991332732 0.241825074949 0.22860700886 0.249193158159 0.309086072338 0.307159712122 0.52656936559 0.519952382914 
253 1.0 0.186078154649 0.180179007291 0.252682897822 0.205327779335 0.379088288566 0.252024296621 0.252737703787 0.20471979971 0.200412305959 0.505365795645 0.342747677154 0.332616978608 0.384493485018 0.379526456644 0.107346292453 0.103403213645 0.167511684782 0.154791973659 0.181481061688 0.174318587334 0.36208341793 0.365585567824 0.188077062285 0.185108019301 0.286197638689 0.275948319689 0.136637633691 0.160070481138 0.128164495006 0.155417037532 0.137748116653 0.200412305959 0.0966173973481 0.105261699987 0.23939806143 0.210589178259 0.224839089731 0.29459175074 0.293225165626 0.52186878274 0.519554733262 
320 1.0 0.182216933979 0.178985881049 0.291883153373 0.205329584038 0.345867322736 0.248822869153 0.265995001315 0.194755297632 0.221463143715 0.53475246897 0.332315459769 0.326960535729 0.382290160049 0.368137842666 0.110170233302 0.0985688570071 0.17081169559 0.172933661368 0.186568287694 0.191583421179 0.375202965827 0.350268113948 0.160599332657 0.179555512481 0.258484999473 0.275690288345 0.152778625077 0.162046202718 0.144131066636 0.16779586739 0.154487823846 0.221463143715 0.111224517929 0.111355601673 0.239258351072 0.232830815145 0.248705582854 0.299578587916 0.312076286827 0.54341211468 0.51970002255 
333 1.0 0.163209111686 0.166986871893 0.285658592731 0.199075305176 0.341590385819 0.239650646635 0.25371460713 0.209009643761 0.209568411071 0.500856854159 0.335255201147 0.333272690256 0.381552251444 0.387231229304 0.0989812977148 0.106445109472 0.15156837722 0.156045864573 0.174222358937 0.186957809287 0.351563185781 0.353553390593 0.163209111686 0.176077024348 0.254889809464 0.262425120495 0.142191051822 0.156045864573 0.150017324017 0.159992853271 0.158360230418 0.209568411071 0.0843835417637 0.0891750130484 0.257980724191 0.244906533149 0.264398269485 0.285885937448 0.316227766017 0.494512506963 0.514347173175 
336 1.0 0.182272131114 0.176489971302 0.270533036701 0.223853084751 0.378503128358 0.2291478812 0.217537817245 0.175753826399 0.161931970036 0.525074621332 0.318871421633 0.311674814828 0.380084059295 0.361553399769 0.122635817067 0.10951136713 0.189508292623 0.177314481236 0.187962662253 0.176765235266 0.353942804534 0.352106513003 0.164217713841 0.153294771334 0.282661591876 0.262135759159 0.148133291532 0.142785353598 0.127939316939 0.129825501971 0.134364931865 0.161931970036 0.112287946423 0.108021347127 0.237824205352 0.214386016174 0.214612679867 0.29544491212 0.270053367819 0.508994682361 0.499253948788 
365 1.0 0.178731592026 0.174688129875 0.300148325396 0.197109119831 0.355039676895 0.251347258473 0.225565405814 0.194983073318 0.193373199282 0.536083716678 0.322339981236 0.344095710161 0.367524125132 0.390614533264 0.101932852164 0.0988185289821 0.152874937041 0.154328614154 0.175961693248 0.168441039584 0.359373655015 0.342491323464 0.167377190797 0.173405213151 0.258701898761 0.289186045439 0.148929111721 0.164958447526 0.15519428472 0.154425039415 0.143222441809 0.193373199282 0.101493799791 0.0932379869934 0.213425927884 0.207412719768 0.231557215892 0.261278389342 0.326150441625 0.50109291373 0.520987664076 
378 1.0 0.182904816177 0.178321591236 0.272530417524 0.192411632126 0.347275937259 0.236169393963 0.237314829779 0.169793875988 0.184226568493 0.540036398316 0.324148670128 0.322161228523 0.371116269789 0.370192135705 0.0985146443849 0.0998099984712 0.156039967448 0.160281201812 0.188817635429 0.191519455918 0.355681446297 0.336929572517 0.157224521429 0.159388263378 0.247500564763 0.24922452731 0.132171264974 0.159388263378 0.146705706908 0.166911493934 0.143757535399 0.184226568493 0.100805988914 0.0980790579725 0.225409043752 0.208639367418 0.23294446407 0.284370553118 0.325379173843 0.517332943323 0.536616314557 
383 1.0 0.177340126837 0.174195435168 0.2660313922 0.185242329969 0.332486233277 0.232158026193 0.246486878275 0.184754528385 0.201293056336 0.490059102988 0.327185264652 0.328973175584 0.378586440824 0.369509056769 0.102534161971 0.0887336489867 0.166243116638 0.158104964884 0.190762414874 0.199717793002 0.336432295161 0.331704990601 0.157890778787 0.171256594638 0.253347581753 0.261584395443 0.137087585886 0.149146849963 0.136013668402 0.153176554882 0.138071480707 0.201293056336 0.0998588965009 0.102313894989 0.20855909933 0.204462345032 0.221414210653 0.30624262598 0.327564290414 0.515194945553 0.538657854546 
419 1.0 0.175263884436 0.163854247883 0.277223095986 0.201083986849 0.353297455501 0.230894913833 0.228516147392 0.197826151518 0.201083986849 0.478284684553 0.327708495767 0.334355679851 0.373415863237 0.38046798163 0.105522832034 0.100210959805 0.158726806594 0.162132756551 0.197003274944 0.18771370647 0.331828523851 0.33931001676 0.155721056586 0.158447439748 0.274815438823 0.272223801154 0.138558266596 0.124049387678 0.14296469776 0.128837984139 0.158726806594 0.201083986849 0.105522832034 0.099767873067 0.229354741576 0.206590186061 0.220088670652 0.306711797762 0.315961461035 0.51629672299 0.528844292353 
421 1.0 0.173157041627 0.180312171529 0.271374145395 0.219286393701 0.352079630987 0.240077635807 0.242559837035 0.193487994442 0.209983756602 0.514579452865 0.318116336154 0.324332156521 0.365300232093 0.378146807893 0.112007843795 0.113336922066 0.180219869413 0.177709591287 0.204849687192 0.219286393701 0.342448849673 0.343467683948 0.157454797676 0.175448083347 0.246911033039 0.291533326624 0.117658803368 0.161626508098 0.156181557389 0.162550388962 0.147750745724 0.209983756602 0.106056212138 0.110963110897 0.21414225449 0.214685468184 0.246911033039 0.261188885566 0.350421661856 0.49155937143 0.547145063457 
448 1.0 0.190575071162 0.180838490002 0.251813263909 0.212244796408 0.335053908612 0.226732332457 0.240153539647 0.169538598398 0.172003084121 0.531485221642 0.331122972504 0.340636602385 0.37538105049 0.378111732283 0.112918417202 0.102953848715 0.170912144463 0.175324086763 0.199525577533 0.199525577533 0.353349424357 0.342097784866 0.144954958588 0.144954958588 0.259795771598 0.244718504722 0.13141895524 0.143006259604 0.12334258297 0.153316466287 0.136309541758 0.172003084121 0.112364892216 0.109981335937 0.232703565246 0.223617253913 0.236951784823 0.302796353098 0.309718306587 0.519021239491 0.520550642385 
457 1.0 0.186928008469 0.187626569793 0.30242079672 0.20489711147 0.34139843123 0.227506037655 0.242584656802 0.183848681707 0.191267705888 0.541711759657 0.325563772461 0.33521112656 0.382317717527 0.386802082715 0.106517918374 0.105282560723 0.175847078452 0.177529863956 0.195875746595 0.194718690245 0.31794935343 0.31794935343 0.157584584321 0.167959984406 0.272639321301 0.285800922686 0.153996574425 0.149290879507 0.153144688424 0.148892025256 0.141772447077 0.191267705888 0.106963601987 0.10795966323 0.214149466064 0.200199705247 0.223391283334 0.301001713202 0.30555072017 0.505811708218 0.506516607117 
464 1.0 0.17399669 0.163138480684 0.285004588403 0.222593477052 0.33833502022 0.219775441377 0.226863927989 0.170492849417 0.177263989892 0.521667754398 0.327759427262 0.329655659064 0.372199092627 0.374346030606 0.112005642117 0.113410156446 0.170318669719 0.177152327525 0.175975594946 0.177598555757 0.361519462141 0.338773372838 0.149134604505 0.159147659491 0.253280512606 0.256656441646 0.141369576865 0.145235864302 0.147868752935 0.145711937248 0.144689862879 0.177263989892 0.113410156446 0.1094140159 0.221390139799 0.225244544823 0.253592819152 0.257118608481 0.342259983107 0.511555916055 0.549181943739 
470 1.0 0.183165024081 0.178657235498 0.290836457892 0.19089221602 0.33169484716 0.233153153734 0.223754478306 0.181067753681 0.185628234046 0.527096328263 0.339933149612 0.339933149612 0.383080084289 0.378880260609 0.0971346019417 0.0963878119363 0.16115960167 0.146320522375 0.169647417009 0.17480213086 0.337739616508 0.317023276016 0.14231489884 0.158511638008 0.249948380169 0.27642378368 0.137519283702 0.151859669826 0.156149577523 0.143686466461 0.151314880016 0.185628234046 0.092004229599 0.10371336527 0.199512164145 0.196225427 0.226368896271 0.272209071325 0.351635749118 0.504439781281 0.535817603068 
475 1.0 0.175854555823 0.170099842016 0.278265186687 0.201000893281 0.329779490926 0.214728935191 0.210231495739 0.18273888969 0.171266254598 0.510481557633 0.325607718726 0.32865065806 0.368443605139 0.371421482994 0.105084176838 0.0991040775042 0.174338539984 0.173116168799 0.200405725651 0.192363224418 0.343808816084 0.343383907549 0.13365899565 0.133956567067 0.258431816172 0.251244513331 0.145086583796 0.131960083284 0.135532580895 0.131960083284 0.153704175139 0.171266254598 0.119836548978 0.117713402402 0.243027639658 0.221603454147 0.237223982068 0.297312232513 0.324954870513 0.517479557448 0.528694566231 
516 1.0 0.166262553985 0.159091484415 0.271723079215 0.195716081113 0.331546698417 0.240655238644 0.233365677167 0.194201227988 0.19113550702 0.483789188321 0.328279266819 0.333677711454 0.378466455117 0.378466455117 0.101524120662 0.100206520356 0.166351345743 0.155429401587 0.206223317557 0.197817387614 0.335399190006 0.353240002979 0.153132288994 0.157973731807 0.255477501341 0.257664552965 0.138552128321 0.12675233629 0.138552128321 0.131442090047 0.165639678968 0.19113550702 0.092385846933 0.102537216098 0.241329258455 0.217650016836 0.224660931101 0.313601867227 0.311238594157 0.518670889896 0.525375010215 
523 1.0 0.179850373659 0.164851674087 0.284880743365 0.206542510332 0.351084132943 0.248867307015 0.245650446568 0.19889132485 0.203177557617 0.522602066494 0.330987494604 0.317495435044 0.379674207941 0.357111608025 0.106151441018 0.103495653626 0.157616334918 0.152920504341 0.202851062858 0.205190229942 0.389225734745 0.361648765406 0.168352775912 0.177550686738 0.26720809191 0.271880345928 0.150737684618 0.157195237893 0.143437362118 0.144266753071 0.154473036575 0.203177557617 0.092826742341 0.0945249332929 0.237585132372 0.231766760036 0.244622955331 0.285995377203 0.292775196694 0.537581949733 0.525233564439 
532 1.0 0.174032393954 0.163876731105 0.29067575696 0.198918171217 0.305969891359 0.230575833796 0.228309677242 0.178093080879 0.190506518665 0.535591432683 0.33028197384 0.338983271167 0.374301203411 0.373048891041 0.103116647667 0.0974122475711 0.170409467035 0.157072529552 0.198001190899 0.195157813598 0.358115146034 0.349481054807 0.148653998194 0.153048658438 0.260038293733 0.266798788709 0.140007984768 0.138702085622 0.154317389665 0.135765758162 0.141761036053 0.190506518665 0.109831299445 0.114012412067 0.241803097196 0.235429419506 0.248954658406 0.298399038573 0.337599973879 0.518399280089 0.539460664365 
548 1.0 0.177209049833 0.183185826362 0.290502045463 0.214328897897 0.371899785413 0.221968257846 0.204475589356 0.16875468163 0.174825973952 0.51428443664 0.315172006683 0.3186064455 0.351107961018 0.372661095903 0.101010673576 0.115856889273 0.158285870604 0.151852339325 0.196329459496 0.207447934151 0.351495212563 0.347342271203 0.145679665179 0.16252642141 0.239271901796 0.288269038636 0.129968811228 0.159143020575 0.16252642141 0.145368050565 0.135352627446 0.174825973952 0.0915929131809 0.104431988722 0.21950300871 0.216852975844 0.242799441965 0.249886605882 0.355376419846 0.497134907516 0.53536715797 
552 1.0 0.189853211798 0.18428853505 0.270424616112 0.209221377745 0.357246755033 0.226540845582 0.22498463766 0.172621865339 0.183935153066 0.525448657318 0.326850868005 0.329704822541 0.371040142367 0.379157714604 0.105168947328 0.109056401159 0.166560365146 0.159374182739 0.190469064526 0.200973557595 0.365207759874 0.361339228061 0.133906812682 0.14608310395 0.253331735319 0.271529080652 0.129158227595 0.13783340722 0.145099970025 0.134681967132 0.144290605342 0.183935153066 0.0936500497342 0.10329635342 0.219421371912 0.204057730997 0.223592249014 0.290065390963 0.315506841984 0.517287354279 0.539524357379 
569 1.0 0.184663825112 0.179150224981 0.266650207285 0.205617924853 0.350022483275 0.228777659269 0.218638378155 0.191876112152 0.188958906804 0.477780584709 0.329447997736 0.323397361768 0.371369185869 0.367358782395 0.106856648901 0.102433060026 0.161483830545 0.16224645028 0.171493292548 0.181630818837 0.348033075088 0.351562017806 0.156830255124 0.151729526311 0.273280328615 0.26583883768 0.141630688568 0.140207228435 0.130754176736 0.129568710953 0.138880316294 0.188958906804 0.0993746649507 0.0993746649507 0.243480604139 0.22248609332 0.234374678537 0.288122270332 0.302338333809 0.4893634721 0.507960333862 
633 1.0 0.180044869231 0.186013037876 0.304324445245 0.211976104036 0.347913681953 0.207968898696 0.219031341112 0.170528783879 0.1848188481 0.527497321943 0.316311778531 0.3324662001 0.371390676354 0.393656898104 0.108261697668 0.112014448424 0.146200501638 0.153874538641 0.167735902592 0.170528783879 0.348507174713 0.333618599396 0.136271457945 0.145796073473 0.257676200086 0.272542915889 0.149198773362 0.134527111371 0.159063300858 0.142622876275 0.115517770147 0.1848188481 0.0768412776807 0.0708441575732 0.220039932821 0.207115397562 0.243539577367 0.274593356753 0.323327424639 0.4945677987 0.521870522929 
671 1.0 0.18559056958 0.186500085034 0.251490256324 0.196322511164 0.349528846276 0.224554910599 0.233502840982 0.168715936735 0.184472849989 0.497304156055 0.338655464302 0.338155439556 0.378255714929 0.38201462452 0.0998231119595 0.10113293701 0.148442061084 0.160959931571 0.17004792533 0.1782528664 0.343068099419 0.352314834557 0.166810747178 0.168715936735 0.269253701627 0.271617451038 0.120476355168 0.145370513852 0.137117589539 0.156698470858 0.12140908926 0.184472849989 0.09887689997 0.0934011363928 0.212598600653 0.202451694798 0.214535356684 0.29953211113 0.307583819913 0.513486608057 0.534758599201 
686 1.0 0.196605651172 0.200382839184 0.28338412884 0.219660153735 0.375392718943 0.225794166587 0.245248073986 0.194046683288 0.198796780524 0.515827465349 0.343696509879 0.346785111218 0.387448871196 0.388822503233 0.116026631743 0.106440390897 0.163476069171 0.172211442921 0.202697569214 0.209249623333 0.347600907943 0.341556895645 0.166205069994 0.168297035137 0.292127062411 0.284264661658 0.147171487901 0.153705751944 0.139021189163 0.162658683704 0.119003974799 0.198796780524 0.105969760482 0.103262346942 0.227704597096 0.208131914184 0.230901627278 0.283090009271 0.294851975468 0.502476373406 0.500383058864 
727 1.0 0.191512223093 0.184706433451 0.282409323107 0.211842724408 0.388228577418 0.244874096361 0.23425839126 0.207885780416 0.190061352022 0.494668995708 0.340409082296 0.335494648153 0.39730241551 0.370208159248 0.114212658366 0.101543399101 0.153953246217 0.149737668951 0.197734653297 0.181589199998 0.35293507038 0.332958279481 0.178901685145 0.171495618116 0.297446545199 0.278895635825 0.166375187723 0.158384460018 0.121265714514 0.139819514222 0.155295887154 0.190061352022 0.0918837006351 0.0897886672967 0.220250839192 0.194203393276 0.215406078267 0.307062526043 0.272494928464 0.528257596277 0.502614182623 
749 1.0 0.169423543578 0.175453597782 0.29821377294 0.204076662483 0.361091669622 0.218014774547 0.229271303077 0.172067816353 0.185535208849 0.513066374789 0.3270117023 0.328514444614 0.371070417699 0.38617510031 0.09645516214 0.112922107581 0.151699452995 0.152059784745 0.162245833518 0.177006314755 0.336619005155 0.342701395998 0.163840219293 0.177931441168 0.251197705636 0.278474825095 0.139580906246 0.153848784932 0.164257222307 0.162498618662 0.107331466875 0.185535208849 0.0818783456317 0.0857950352264 0.206343509713 0.204612297689 0.231232192223 0.264515655391 0.319263415492 0.475533559092 0.514264974053 
758 1.0 0.190231498919 0.195242844147 0.274055187828 0.208078938907 0.380666037787 0.221101847673 0.222842377138 0.172627884043 0.18157215691 0.502460142163 0.331788651027 0.331283674739 0.373218024078 0.369472570947 0.107659045407 0.102637466126 0.157899933264 0.147527377489 0.168092207854 0.168932865194 0.342183436457 0.337865730388 0.136651143769 0.136651143769 0.257282844999 0.261994922361 0.14291600296 0.144261335444 0.132827975548 0.138057539074 0.141102274608 0.18157215691 0.0931663793619 0.0957567211523 0.221101847673 0.203067271627 0.226624492623 0.290524316748 0.299602655944 0.518554631012 0.51919993928 
785 1.0 0.183591451887 0.178713931854 0.300769975168 0.214168119402 0.326258956114 0.242185561407 0.237198216188 0.212890218945 0.209568411071 0.535268599875 0.335255201147 0.338341620223 0.385617198398 0.379606153271 0.108978435373 0.108140587637 0.188066538409 0.189648980927 0.216401298123 0.211481753881 0.347996941225 0.328323404277 0.166441289056 0.173998470612 0.296593620073 0.30322247104 0.155962573473 0.139980693649 0.150967083469 0.129968811228 0.155043418237 0.209568411071 0.132542700922 0.128965176044 0.218908652001 0.205498734132 0.234996793007 0.295364393149 0.326298780217 0.513689924835 0.523288220134 
807 1.0 0.170286755788 0.181173977723 0.28575611681 0.204078976499 0.352073203348 0.231001716349 0.232741761157 0.180814433852 0.194277397586 0.505327321548 0.323402402889 0.329739149808 0.366668362566 0.379197190667 0.0990624241343 0.109067755583 0.175555373601 0.175555373601 0.17263983789 0.19178266847 0.346934260048 0.355311402986 0.145204737366 0.157584124619 0.241900312632 0.276685110342 0.130075335435 0.138788709015 0.159472410211 0.142946361202 0.145025361464 0.194277397586 0.121272547353 0.121272547353 0.237994938943 0.229588848561 0.249371232104 0.301318997832 0.319515602867 0.522522888432 0.534369411244 
831 1.0 0.192932003451 0.187250315914 0.291902944201 0.205047210971 0.378903661332 0.222634354785 0.220545479624 0.197379163625 0.181071492085 0.521735846146 0.350505902456 0.356669475501 0.401347777585 0.399082844385 0.108465228909 0.101102886386 0.150345150958 0.158098635033 0.20344193526 0.186837869784 0.344512009355 0.33589501046 0.161119516364 0.159192756289 0.297206537837 0.275099701397 0.157242388547 0.142981073121 0.138875494908 0.148148326726 0.136211305583 0.181071492085 0.0970142500145 0.0916999004657 0.234366541956 0.204953131035 0.223930006973 0.280858307018 0.2696474358 0.496739610943 0.49190162951 
849 1.0 0.175632899277 0.175632899277 0.26503391425 0.194990250731 0.345127641158 0.245446482155 0.242732585553 0.194155170874 0.195246479818 0.529997085189 0.327435915214 0.331344263717 0.375114554379 0.37803532762 0.0982295021696 0.103072487145 0.17101776309 0.162241695514 0.196076911911 0.194541037775 0.324983751219 0.341303898549 0.168068959902 0.168068959902 0.277834988387 0.277834988387 0.134622389227 0.136466617479 0.13828625272 0.143258325082 0.15944421518 0.195246479818 0.105942803494 0.109767003788 0.238525282872 0.215047379576 0.233226414765 0.321270413409 0.293455939386 0.509876458174 0.507640847526 
867 1.0 0.188630832225 0.189276707233 0.276057101194 0.208307906674 0.333292650678 0.228249295496 0.219713005261 0.176217285369 0.177138287907 0.520795804522 0.329569507892 0.335280295619 0.372414108292 0.382969426798 0.101115198417 0.111327860619 0.159409998886 0.166075756642 0.197618231913 0.197618231913 0.31059016246 0.299204778671 0.145069670268 0.151829172891 0.265541520241 0.270248903173 0.130296553996 0.151829172891 0.145815534672 0.166157386411 0.136298491436 0.177138287907 0.0956006210827 0.0978437560155 0.22100526486 0.193317144752 0.228783351513 0.317156911473 0.34934297968 0.508357724179 0.51345363745 
926 1.0 0.169092171772 0.170374810924 0.289135641955 0.192757094636 0.349372234028 0.221159367635 0.226348563036 0.19048482944 0.194630385443 0.49408695168 0.340749621848 0.340749621848 0.389260770885 0.389260770885 0.0993447326591 0.0993447326591 0.163861246128 0.163861246128 0.205864667314 0.210397370946 0.334733392601 0.340962523851 0.156615139392 0.156615139392 0.264492832863 0.258666896094 0.146561954088 0.14705626225 0.146561954088 0.14705626225 0.163861246128 0.194630385443 0.107754491688 0.102932333657 0.2144964062 0.192757094636 0.2144964062 0.301904934143 0.307855544508 0.508419675109 0.525268609148 
932 1.0 0.161715062742 0.173048546535 0.296912750773 0.208296744755 0.364405444407 0.22409105776 0.221475710892 0.188130151569 0.200338466988 0.500189665924 0.324809721242 0.332070779669 0.369281144503 0.38904371676 0.101078198282 0.112377605809 0.143608169103 0.154604136505 0.169568238576 0.196445376397 0.362541465716 0.351920784385 0.154779325384 0.178065485351 0.252735709296 0.305549396341 0.135150222552 0.134345749794 0.168606596199 0.128045554224 0.14797641356 0.200338466988 0.0823107997208 0.0853813381233 0.216525907999 0.215710837261 0.2593508678 0.233971253417 0.306479264055 0.486706758567 0.521956918136 
949 1.0 0.174275299788 0.173795333854 0.277516852813 0.219653179191 0.352790624732 0.219729223223 0.216435204935 0.168326240215 0.175517068794 0.526043319882 0.324987116691 0.330744959559 0.373537443269 0.378910442002 0.112234033751 0.112234033751 0.181506571886 0.181506571886 0.21387283237 0.201069677814 0.340010200459 0.328464107403 0.150289017341 0.157772763745 0.261141202268 0.279197333543 0.136053205733 0.133073577263 0.146346692499 0.134819696991 0.136421083482 0.175517068794 0.113859627766 0.113859627766 0.240909433343 0.219957197577 0.243941593595 0.269639393981 0.310475121433 0.500626090686 0.498351722018 
951 1.0 0.166332029064 0.179915597863 0.282274813632 0.199944659656 0.35284351704 0.231673708374 0.231673708374 0.200979755407 0.194686648574 0.47045802272 0.321025125185 0.319513394029 0.369129711174 0.369129711174 0.0969874060046 0.108435216394 0.15997302304 0.167161620391 0.190012049039 0.194686648574 0.342902262378 0.342902262378 0.168398344677 0.179145077843 0.268460101021 0.27882328873 0.143084221634 0.147370553218 0.143084221634 0.157796417904 0.14356680048 0.194686648574 0.094823845973 0.094823845973 0.215911531557 0.212032565484 0.238151222923 0.284228295858 0.305797714768 0.501484861172 0.525593420591 
968 1.0 0.186736644058 0.182057401256 0.272949878948 0.207276153353 0.365501290144 0.204239505635 0.217775942661 0.163457146125 0.200267598425 0.471123922837 0.318664649096 0.328412553228 0.376804396351 0.383069237944 0.108682844672 0.108682844672 0.170408264163 0.163639068437 0.175652818156 0.1829540404 0.340554529675 0.338890501186 0.136801565245 0.152827170375 0.261424473094 0.284740338552 0.139066467191 0.127806198122 0.137344215393 0.119629498451 0.127339750588 0.200267598425 0.0902902852715 0.0954171536172 0.234612748848 0.212800708703 0.231484864489 0.298413936864 0.309811778814 0.490219728618 0.515426988681 
971 1.0 0.175879161165 0.178964995882 0.281756642096 0.199232032271 0.376019464698 0.220742097567 0.241187408462 0.184982298041 0.204319626365 0.494840613139 0.321251999177 0.328415219281 0.371809817484 0.384834320386 0.0964749633847 0.110989378825 0.148907877499 0.149824242318 0.199917858851 0.194715287669 0.344086964351 0.361355237192 0.156088234083 0.16750859525 0.253094724366 0.272118957579 0.133392632128 0.149824242318 0.152540310739 0.162531977944 0.14280825099 0.204319626365 0.0784813424066 0.0843649081219 0.23544402722 0.222594511281 0.243446824624 0.247903887136 0.321890460222 0.472194265144 0.530483305713 
1003 1.0 0.178990279708 0.173270856108 0.270110481764 0.195483568814 0.334119582237 0.241717167275 0.234010768413 0.205370957637 0.209195105264 0.482750648258 0.330041768238 0.323675754404 0.38208035995 0.380043508043 0.101837658116 0.103606084259 0.146295538717 0.142753301664 0.160093773095 0.15474355962 0.357842138108 0.367675296997 0.15812171618 0.172889201776 0.265174287307 0.275977217142 0.135269056844 0.145048517963 0.140890209717 0.151834789218 0.16265216097 0.209195105264 0.0749321235057 0.0773184015494 0.239520940779 0.224428755601 0.239175958689 0.287868344508 0.283882416055 0.518444679997 0.502397068082 
1037 1.0 0.172562702396 0.167377055727 0.29683876701 0.208307906674 0.375098862388 0.22967068523 0.219033064664 0.183159990832 0.187766209649 0.525977464352 0.314581149461 0.31677188237 0.369416321548 0.3797336585 0.10376264092 0.113737833854 0.174981741399 0.174981741399 0.187766209649 0.196517286122 0.349537005232 0.352780679298 0.133889491776 0.144695296301 0.233186257214 0.263336541383 0.132770760121 0.143660737527 0.168668315412 0.136298491436 0.159409998886 0.187766209649 0.0978437560155 0.108365168714 0.208112526384 0.193807531485 0.228783351513 0.256449368978 0.31818137792 0.492781401449 0.527624848131 
1082 1.0 0.181389550419 0.183479449913 0.282110854305 0.207871532158 0.34579979267 0.216326914497 0.230975162152 0.192640228324 0.202014817387 0.474436903135 0.322427599877 0.319965613268 0.358944201653 0.363245898074 0.106419567119 0.10318580979 0.161629328295 0.163712713888 0.208820412685 0.219115834109 0.343628665478 0.34949611912 0.152179526297 0.168054173264 0.2733141647 0.296080740322 0.137968279949 0.122345284871 0.150312222128 0.128426818883 0.165087031505 0.202014817387 0.102636945207 0.109428949479 0.243359619088 0.223265519264 0.240323343715 0.308963838356 0.311376765807 0.526226967676 0.525125595546 
1094 1.0 0.158647093293 0.157947433464 0.284196282273 0.22106629501 0.368339435206 0.225959516191 0.221254090282 0.19153939749 0.204677282323 0.484131854637 0.337424591527 0.339388281771 0.389387402933 0.395910258763 0.109873617225 0.11871594912 0.167807224492 0.16388380736 0.196463358843 0.19554513571 0.341502870963 0.335779410631 0.162441364222 0.179602815504 0.261727902949 0.292407712726 0.132493571397 0.145919504996 0.154042510814 0.143720788612 0.149017530472 0.204677282323 0.0875769996472 0.0978787078186 0.220376343193 0.205487353889 0.236789636918 0.284585725803 0.325436228022 0.513846377293 0.525699066245 
1151 1.0 0.178354923526 0.180714738449 0.303558893289 0.214236953181 0.327288311358 0.209318974271 0.228665284763 0.176664317376 0.196710700172 0.519700847108 0.33910296446 0.339519169544 0.393286766883 0.388953890865 0.114294036052 0.105290098307 0.155513463168 0.155966856151 0.184485069466 0.184293595549 0.337851272839 0.327018516315 0.15230192477 0.167429877065 0.269029334721 0.281784717023 0.158548706763 0.147113641062 0.149612312628 0.14890268501 0.151488402375 0.196710700172 0.082547012791 0.0856947812726 0.226259440189 0.214648551934 0.224615034162 0.308976927918 0.303675177106 0.51320646762 0.500987585612 
1172 1.0 0.174109829998 0.193231111566 0.250692202525 0.192272142313 0.307635427701 0.234698059851 0.234698059851 0.177266156396 0.182405370093 0.519490721747 0.308235692521 0.329116893762 0.346623533977 0.371339186092 0.0980399405576 0.0980399405576 0.165398750797 0.165398750797 0.196079881115 0.207083434836 0.343946864314 0.343946864314 0.155014756915 0.158551670324 0.234698059851 0.267112996782 0.121603580062 0.150169343719 0.135956935663 0.165398750797 0.135956935663 0.182405370093 0.103541717418 0.103541717418 0.240916303795 0.231526318653 0.250692202525 0.328554780809 0.340707104224 0.519490721747 0.53040632421 
1196 1.0 0.181494443958 0.187202921145 0.254580855827 0.196858364096 0.376097376524 0.242069276228 0.258099672902 0.179458235839 0.189332311957 0.531756374178 0.318737445162 0.319783861126 0.372885860058 0.36601346571 0.104199721367 0.100942672071 0.166719554187 0.164297349591 0.181402384888 0.18359906293 0.360865857774 0.343117466909 0.161218425592 0.166819716139 0.253792271003 0.261698846079 0.122611479822 0.160595557485 0.136044114914 0.161942077179 0.143105100967 0.189332311957 0.0982593300112 0.100942672071 0.218112156559 0.214170744206 0.248605505082 0.274776189588 0.307154741151 0.496572288478 0.511681600543 
1457 1.0 0.17651787642 0.171634157168 0.264178786053 0.182465865336 0.322235175153 0.244189089817 0.24467439488 0.192381589963 0.204825147972 0.509963985114 0.334753794314 0.337049275795 0.373922598842 0.384197540464 0.0961907949814 0.0915574135949 0.155688244826 0.141309472235 0.212127374315 0.205307203588 0.345335522603 0.346820843533 0.159204229077 0.18579443736 0.247805712235 0.284709865291 0.115948475761 0.158706714644 0.152091001042 0.168729816244 0.142563104728 0.204825147972 0.0875843377091 0.0943228347381 0.250345747473 0.240271363656 0.260334061632 0.284153790805 0.322357861308 0.50575963014 0.503055118603 
1642 1.0 0.187209508766 0.188166129756 0.305202425515 0.203389830508 0.330508474576 0.212372272646 0.220989912041 0.189497286229 0.174707865492 0.525492067726 0.324809625368 0.335790046715 0.37614137324 0.390658663445 0.104824719295 0.104824719295 0.178771382286 0.188166129756 0.206369417998 0.203742631867 0.330073594816 0.334289541073 0.148002111835 0.144813622802 0.272902409968 0.261616085431 0.154646505008 0.14431683361 0.153481104036 0.156263465378 0.159897985289 0.174707865492 0.121337466638 0.115266699227 0.21186440678 0.194915254237 0.218703184755 0.3153863401 0.31114508052 0.522132942398 0.527129543732 
