Leaf
26 1.0 0.166698036264 0.165564986352 0.291083169841 0.208580637531 0.392937654088 0.253956920849 0.261083714319 0.203614399121 0.1994108971 0.562870792822 0.296885797017 0.296806532352 0.357672212738 0.368781778292 0.109006205976 0.113552268348 0.15911520059 0.168383316206 0.212602916255 0.203960780544 0.434402903251 0.457975082805 0.173340874647 0.167472561405 0.259683064749 0.245476727063 0.144710664675 0.157405433795 0.155298573911 0.174962180787 0.16520931465 0.1994108971 0.0995282992567 0.0894427191 0.234144249154 0.213926870408 0.216604817718 0.27619260117 0.256124969497 0.575274870362 0.570428115799 
138 1.0 0.187231445893 0.171863525668 0.283607964017 0.224840574545 0.36396926039 0.280617999344 0.266989815545 0.249667379448 0.242108750622 0.572784132983 0.266400137489 0.262235266128 0.337599817544 0.306852327232 0.121936921931 0.109063698562 0.174587102921 0.166540330886 0.24725062979 0.240152164422 0.420910016224 0.39703386574 0.229995543103 0.229684528027 0.341054691641 0.325526436119 0.1727761552 0.179751605379 0.143980129333 0.167396585018 0.136329623202 0.242108750622 0.100892423698 0.100466415784 0.344391901187 0.326184553449 0.335006618046 0.31711715766 0.251379404392 0.484512665856 0.444339986517 
287 1.0 0.163325875398 0.158473525124 0.270568932381 0.244869277197 0.367339340776 0.267716432974 0.276515167045 0.236048581835 0.250802226204 0.545854430417 0.270809288591 0.260373586764 0.317152260403 0.305746311125 0.123387451712 0.123387451712 0.192033937578 0.192033937578 0.238952387164 0.231371684122 0.385015356815 0.369599477252 0.203291074319 0.221487254201 0.299945776926 0.310308680032 0.140359237957 0.164279147357 0.148731351652 0.17796653754 0.15219068271 0.250802226204 0.130760251343 0.132637525148 0.301158033851 0.280996460939 0.300119256279 0.267667823544 0.287315893925 0.4766506436 0.455030438614 
372 1.0 0.175253765149 0.180271585057 0.278945306021 0.218723384957 0.371429322914 0.23198317273 0.234151883042 0.226207828916 0.208706516178 0.502395178885 0.30305827751 0.30579298706 0.348721601382 0.353590181022 0.115026313663 0.107129936796 0.158130336188 0.162671772813 0.226207828916 0.23198317273 0.412576931826 0.417448646283 0.175592747604 0.165839531702 0.305549811684 0.290280003276 0.15897420404 0.121071146765 0.136319255335 0.121927648628 0.127296202359 0.208706516178 0.102882662621 0.0983012129885 0.315036129062 0.300100578785 0.314658387764 0.285425307603 0.289818712258 0.51718023569 0.52564817985 
521 1.0 0.167856959531 0.166593275615 0.292969306731 0.197276565206 0.376183138099 0.238717148108 0.249537310011 0.221577544708 0.22173643863 0.538092182871 0.282939822435 0.294647540711 0.307915737783 0.342413797647 0.0951395122164 0.1024477656 0.159464111555 0.159795064754 0.238938353234 0.244403422214 0.375339572008 0.385066206667 0.202995910888 0.204379203968 0.310535375133 0.307801334755 0.151652980261 0.141563239372 0.165532836605 0.159243093969 0.142925050903 0.22173643863 0.116597170426 0.12016729554 0.305504277767 0.280501987738 0.319424781495 0.243970721806 0.298211955095 0.445137541334 0.471869171398 
589 1.0 0.17585238757 0.169494161593 0.284905403154 0.218118042191 0.357740187966 0.254367162283 0.250086901639 0.22772192156 0.220786252008 0.52755716271 0.316025176479 0.310652590561 0.363020771461 0.343971742919 0.116364572066 0.103019375681 0.163448652583 0.162550576266 0.233670735884 0.236240762949 0.406714009413 0.403688392686 0.184683404083 0.185572973393 0.30852480805 0.292886071171 0.161420954684 0.135271067362 0.138214996214 0.138082542905 0.145691398276 0.220786252008 0.109059021096 0.105650081002 0.327903317373 0.303441679238 0.312297509877 0.316661450014 0.232729144133 0.515096878407 0.474336826985 
649 1.0 0.183069353179 0.193802033048 0.242118333496 0.182832472313 0.333299624629 0.224535165797 0.232562439657 0.180286377989 0.193802033048 0.522740690644 0.285690552249 0.292684013203 0.319626501086 0.339483499707 0.0875003095535 0.0991119705747 0.137669765344 0.148667955862 0.281616325052 0.287304066257 0.469329763004 0.47814237602 0.143425591391 0.144729031455 0.26244589125 0.276439112917 0.122806655492 0.121861974882 0.1343775322 0.12257116792 0.118374326695 0.193802033048 0.0940258711211 0.0894595145205 0.346183230496 0.338674037993 0.358241528791 0.283660753525 0.334813156496 0.542991657307 0.571911787402 
675 1.0 0.178779911143 0.174453191071 0.271891849368 0.203056582131 0.317496519879 0.221449324472 0.227079034771 0.183185826362 0.201331206642 0.504778152711 0.306365887701 0.299788394151 0.348239165393 0.344546378288 0.103913712626 0.102140035651 0.146956181712 0.152176492587 0.211393837757 0.226052517895 0.428408437849 0.433879834836 0.156800354759 0.167555826955 0.273415064924 0.27841238486 0.145821367959 0.138817806546 0.13456416852 0.139295666157 0.138817806546 0.201331206642 0.0902223683603 0.0945381982497 0.330770710726 0.317234796548 0.327388456641 0.317234796548 0.262503777316 0.526555740232 0.505304443121 
695 1.0 0.178008031485 0.172851809162 0.277532495303 0.209421213511 0.371759522086 0.259937622455 0.257554038138 0.237453090477 0.232377349366 0.513108684297 0.285804335508 0.278715167544 0.332487093498 0.321079329371 0.105882048377 0.105882048377 0.170938261546 0.164398987305 0.225553549774 0.228571526467 0.395758998663 0.393606042626 0.197359356052 0.19708138499 0.311018705663 0.294356024226 0.158974014355 0.157153144747 0.136123788782 0.152191022536 0.156190884327 0.232377349366 0.110938898882 0.117070017336 0.318464877649 0.298471151425 0.313782590787 0.30370589012 0.237683851552 0.484986479516 0.458729268824 
797 1.0 0.18345044397 0.175705323769 0.270200564607 0.216092933192 0.357967621573 0.256699196789 0.247933683298 0.219962313173 0.216198421572 0.506872824478 0.290688797856 0.28650145955 0.327289516564 0.332198960551 0.108887307811 0.108887307811 0.162631468302 0.162631468302 0.209448918519 0.213545579735 0.37780069716 0.368636826132 0.194432048345 0.196879296603 0.297817620272 0.305377645559 0.134550662228 0.154285757716 0.149481905815 0.150999527523 0.14451846006 0.216198421572 0.102857171811 0.105699669266 0.301999055046 0.290374878977 0.311073686501 0.275465520774 0.287534186862 0.483434367262 0.478361164797 
843 1.0 0.171491738391 0.165408803854 0.248488363667 0.227521198404 0.381902360745 0.230715653621 0.240487178421 0.197460792677 0.207964279796 0.491077604821 0.283789632484 0.279775432642 0.332822824323 0.325382695929 0.11764236199 0.114547475797 0.164197592998 0.153386873848 0.200735877733 0.1877889367 0.410777542786 0.415928559591 0.157157840247 0.157833791067 0.263106901334 0.256291758796 0.13061440564 0.140812172867 0.125628857564 0.143433901178 0.147549830721 0.207964279796 0.0887580841287 0.0930044533029 0.323207845543 0.310224629565 0.31520351995 0.298551761218 0.252841620592 0.519853106191 0.47822741573 
969 1.0 0.154578349416 0.167583693618 0.296345169754 0.218985995005 0.38000510898 0.218985995005 0.23338330566 0.199975108382 0.22030804407 0.508861162859 0.3029898854 0.303195186306 0.342270737058 0.363489727794 0.104848050757 0.117532923977 0.176857343276 0.192146477492 0.228442941924 0.226161649075 0.403512743057 0.400468488612 0.15842186119 0.184547855294 0.266261549628 0.307272400136 0.140668421281 0.121524102651 0.167211973322 0.135868077216 0.132779762932 0.22030804407 0.126868348552 0.124391825064 0.305444389024 0.296555070739 0.317170871381 0.226161649075 0.32854213119 0.4895404781 0.506040833478 
996 1.0 0.164963194797 0.159853726605 0.282712288635 0.236600885301 0.427116930708 0.227924155022 0.241286506217 0.202526195472 0.21434341137 0.515819296742 0.26580692106 0.26176228568 0.316102783033 0.304038500695 0.123289134753 0.114768287201 0.155170798856 0.148845221269 0.197521523817 0.196451663416 0.414248338543 0.422403429832 0.167183953128 0.176758066634 0.277350098113 0.276398636996 0.152602985662 0.141960531181 0.143161650474 0.137721944641 0.124246941305 0.21434341137 0.0883044832966 0.0871030057709 0.314766543358 0.298088395034 0.315142933434 0.251549465961 0.24470149123 0.471863779883 0.487596414502 
1058 1.0 0.166210255866 0.165369743497 0.283863165036 0.224365019733 0.395850274056 0.242856484171 0.244001364927 0.209178018211 0.215413708171 0.520240052854 0.254415800232 0.245495918398 0.300959390296 0.296586866496 0.113532992841 0.11276326876 0.15859512121 0.154477954496 0.205904820205 0.209344494973 0.380183217503 0.386363985666 0.166628922162 0.17922008746 0.267237964358 0.281150248911 0.147557481146 0.135881132926 0.153459780392 0.142879536404 0.14409348801 0.215413708171 0.0900946878471 0.095171715655 0.301653112439 0.284292378404 0.297056335514 0.272530319007 0.230265328657 0.463433863489 0.442475656389 
1138 1.0 0.161887434009 0.162271965273 0.262428669321 0.195700115915 0.307838795822 0.240299491125 0.243199817946 0.210209944174 0.198231507983 0.51360426641 0.293696103242 0.285572907193 0.339605475648 0.333867858533 0.101867877695 0.0989190565284 0.162271965273 0.161018881151 0.231582413968 0.217996772242 0.389484721645 0.390164207027 0.181833054152 0.169504253976 0.278109631763 0.260222595703 0.141222900974 0.150308709025 0.134208202787 0.145569234368 0.126560068423 0.198231507983 0.10063680072 0.102629802131 0.320339878712 0.312809522625 0.304582227711 0.308849431488 0.29459660743 0.505316083291 0.481279327639 
1182 1.0 0.148893142231 0.166211292409 0.27763373558 0.167234140786 0.296063302106 0.247773165637 0.247773165637 0.206477638031 0.228435571592 0.498975758569 0.300635978909 0.300635978909 0.339528603476 0.330364220849 0.0761451905305 0.0923396068941 0.206477638031 0.181887931555 0.261175848828 0.274545388838 0.397811201081 0.380725952653 0.157789989429 0.170265822186 0.240792234944 0.262478479596 0.152290381061 0.144239076964 0.140647498958 0.144239076964 0.156705509297 0.228435571592 0.148893142231 0.157789989429 0.315579978858 0.314497368536 0.330364220849 0.315579978858 0.322528381103 0.558330194177 0.524956959192 
1197 1.0 0.165574870424 0.171943134671 0.293009367453 0.216520984401 0.375943401963 0.231545744393 0.240312339004 0.202386603845 0.208603185871 0.541302461002 0.296312536542 0.288335427094 0.353194751611 0.34205345747 0.111216953761 0.111216953761 0.192528121639 0.192528121639 0.245983222934 0.22757079386 0.427196152655 0.435888963962 0.159715254777 0.153896059339 0.272052367891 0.274131400941 0.161105758101 0.130665857775 0.151371913112 0.112666095699 0.148668625771 0.208603185871 0.128947523061 0.131285130713 0.324719036636 0.31210992363 0.319430509554 0.267315430036 0.268677362922 0.527298432535 0.512200091184 
1225 1.0 0.147633326456 0.164015680721 0.25141049567 0.191323452982 0.382841925041 0.215332063961 0.220267112145 0.181636913845 0.193650130938 0.486800667908 0.246856449116 0.248844101751 0.286282070587 0.300578170758 0.0943259325022 0.100754031751 0.159586992705 0.160705606813 0.215262725024 0.212821630264 0.408205626514 0.422757510234 0.143427552073 0.166185773048 0.23823964524 0.279260532351 0.122791601692 0.116938014132 0.141857703062 0.124721646905 0.131594267824 0.193650130938 0.105530353077 0.105105111509 0.349577802178 0.333313428082 0.349577802178 0.263188535648 0.311648475595 0.477136784311 0.498437531223 
1353 1.0 0.164894049603 0.166033227567 0.282202222423 0.219775365008 0.405536352604 0.2540840252 0.254824796525 0.206053251865 0.211470690583 0.558107433609 0.278758041853 0.2886411244 0.328714683862 0.332704431621 0.110688818378 0.111748065655 0.175014388794 0.171615727619 0.20651013325 0.209568031243 0.411248007199 0.405245749662 0.180580197863 0.187493618634 0.267015542328 0.283784132507 0.138998145404 0.166175075716 0.153497773186 0.162736598844 0.132043777271 0.211470690583 0.113629830469 0.116698694781 0.307379051263 0.295896570852 0.31800352651 0.241142998672 0.305842146377 0.476090609556 0.506310025713 
1356 1.0 0.183656472028 0.184159641387 0.278968693823 0.210864838254 0.374115035613 0.239622924372 0.243833873087 0.202925898038 0.206541788701 0.537752554296 0.273440696429 0.28185621843 0.31642522784 0.325506911534 0.109680430714 0.102934323457 0.163816057625 0.159378100126 0.223746424344 0.228655522533 0.395750807589 0.392522530541 0.163533372241 0.174351287207 0.279217366011 0.286980557162 0.142031841505 0.145571116267 0.146836975887 0.152857996257 0.144294151978 0.206541788701 0.109891152196 0.112594649851 0.280127275407 0.272168675127 0.286980557162 0.259015929702 0.285525844884 0.484431188187 0.49729755963 
1454 1.0 0.177498230624 0.177416790734 0.252684520137 0.215117848268 0.366218069966 0.237652867545 0.235637529957 0.19621531035 0.198266907836 0.532277524371 0.27440033866 0.270154042421 0.308515255944 0.315051045111 0.108061616968 0.108728258806 0.14831091272 0.152063776757 0.204014965047 0.197170492567 0.404186548396 0.413797920794 0.151397036034 0.165969096401 0.266924993624 0.289520805351 0.12081656065 0.12377094705 0.14625025739 0.128243957766 0.13769960641 0.198266907836 0.0913965285601 0.0894789056136 0.315555237111 0.306635766896 0.319786181709 0.255471670619 0.284942118452 0.488737804393 0.479543674179 
1591 1.0 0.147800131393 0.161209955248 0.255116104247 0.22828145414 0.382777130563 0.214130159179 0.231416796922 0.177689988734 0.200216080013 0.483396981894 0.295371617453 0.29719585477 0.350337965953 0.363276881709 0.114682031248 0.125376650805 0.166704196597 0.17084074388 0.214445443019 0.198294684527 0.390177571202 0.417880255284 0.165755851336 0.177182302014 0.255116104247 0.281072751652 0.125376650805 0.135061466954 0.140135186381 0.135061466954 0.128919061093 0.200216080013 0.0932357793371 0.0912829811641 0.327203952923 0.315714594043 0.334015756422 0.269204287788 0.288662132089 0.470410852976 0.498308100452 
1715 1.0 0.162540712029 0.162487306175 0.283341833716 0.208358718445 0.362495626705 0.241575944522 0.24443324013 0.210966667226 0.216529525295 0.533307946071 0.285173804311 0.271324472856 0.335901164926 0.310245582863 0.109043584039 0.101371456169 0.181654386777 0.180263481239 0.247748457863 0.243828866421 0.395078122098 0.396875435455 0.171782647739 0.176566373794 0.280911518495 0.276646309535 0.159468035455 0.133388001083 0.14552404135 0.131751276507 0.149175961 0.216529525295 0.129223758282 0.127805529335 0.305623206371 0.287598279852 0.288953107827 0.308421830874 0.241970823363 0.483726386142 0.449192640594 
1730 1.0 0.154939235579 0.169012236238 0.281578447684 0.183086147444 0.370744956117 0.252069946227 0.255325396805 0.218362023601 0.202669118271 0.553949887554 0.281656653059 0.285462471819 0.325308084177 0.321220280946 0.0949095280896 0.0896591448256 0.191033447904 0.189179835133 0.216182656765 0.207819816411 0.379899081876 0.391181281309 0.176907073807 0.157337163224 0.272232953095 0.260322620944 0.157337163224 0.144571027015 0.139532152035 0.133399388989 0.143654076789 0.202669118271 0.145709100418 0.144571027015 0.312743683208 0.295806315856 0.306878885505 0.275449997721 0.273645063845 0.485626459363 0.487911347128 
1732 1.0 0.154116318708 0.172946704689 0.296399007737 0.181381792616 0.439424713713 0.263951801672 0.276847253329 0.2427250106 0.235432594889 0.560158797495 0.256247644286 0.266002607264 0.297085735668 0.312826304225 0.0905347210651 0.092391402069 0.174250996956 0.176638550161 0.221355088939 0.239106605416 0.42231966583 0.440582552305 0.200361950302 0.207741054013 0.278843822784 0.297047625766 0.155869356914 0.168234820499 0.170042049661 0.168973432323 0.158462555589 0.235432594889 0.133997740814 0.134082202052 0.34641669774 0.328880787175 0.351284618297 0.218938083251 0.28074555848 0.461564731739 0.501892715601 
