Leaf
16 1.0 0.175907351257 0.160188568127 0.269282765039 0.2143529095 0.351814702515 0.216524868936 0.233173350366 0.17736009634 0.177954838452 0.527922235554 0.282148094393 0.281076099277 0.324357129057 0.322490309932 0.110436526635 0.105687328099 0.189059239992 0.190490924857 0.224196679153 0.220667939725 0.337359334767 0.352414849879 0.159716730377 0.160188568127 0.282842712475 0.256301709003 0.142643506026 0.123471790377 0.135924507349 0.135702226731 0.138672955832 0.177954838452 0.133797932691 0.13060093328 0.239559343891 0.20907703735 0.2195707648 0.312748014789 0.256124969497 0.501920838681 0.47804633864 
890 1.0 0.175917608312 0.161099291754 0.262905695959 0.221622987463 0.350625117712 0.238759800906 0.246801830581 0.191255229707 0.200146048415 0.510664590328 0.300528599696 0.304262017373 0.350625117712 0.345665530994 0.115247457057 0.110180426534 0.175085126251 0.165009246814 0.202127086946 0.190698849678 0.348077848101 0.372126168805 0.171327661956 0.174401048907 0.277552630823 0.260163317016 0.143759365654 0.145868866197 0.127503486471 0.149821694174 0.139254032196 0.200146048415 0.103722711351 0.108724233539 0.266019491834 0.237979720125 0.237420950347 0.319466283566 0.260622384102 0.508161573079 0.500975274103 
911 1.0 0.190591185525 0.176776695297 0.280178514522 0.220510770712 0.385810834477 0.22825424421 0.232647802483 0.201556443707 0.19137659209 0.500224949398 0.318198051534 0.310362691057 0.368951216287 0.358921997097 0.120933866224 0.104403065089 0.169852877515 0.161012421881 0.18117670932 0.17 0.366230801545 0.385129848233 0.179234483289 0.166207701386 0.31304951685 0.26856098004 0.156604597634 0.125299640861 0.134629120178 0.138924439894 0.138293166859 0.19137659209 0.0961769203084 0.0970824391947 0.264007575649 0.225887139962 0.221472345904 0.316227766017 0.226384628453 0.531083797531 0.493963561409 
1019 1.0 0.16298006013 0.1625 0.275 0.225346954716 0.387701560482 0.218660696057 0.225346954716 0.182002747232 0.19121323176 0.5125 0.32596012026 0.3134984051 0.364434493428 0.364434493428 0.113192314227 0.115244305716 0.168170300588 0.160078105936 0.190394327647 0.195655948031 0.385073045019 0.363361046344 0.158113883008 0.158113883008 0.253105709141 0.260108150584 0.139754248594 0.152581945197 0.139754248594 0.152581945197 0.132876822659 0.19121323176 0.100778221854 0.107529065838 0.234853677851 0.226384628453 0.25 0.246221445045 0.280902563178 0.515388203202 0.5 
1052 1.0 0.170542476152 0.175851504376 0.287229979233 0.234099678554 0.404284592794 0.240302068594 0.23560554561 0.210422985415 0.206897608627 0.51065877695 0.320250644519 0.32555164452 0.379298814775 0.379298814775 0.121293542101 0.12000377228 0.196877592765 0.186167579133 0.19766639706 0.192738453539 0.363102271132 0.379149602018 0.155076314043 0.157160401216 0.264567110802 0.273816076999 0.146056765901 0.144694447843 0.146056765901 0.141631261889 0.168203879011 0.206897608627 0.114576353757 0.116656393326 0.27007069591 0.244908544601 0.261934002026 0.274589934624 0.252865876517 0.503404732594 0.500106085789 
1081 1.0 0.176205173425 0.169486343976 0.292451515275 0.233847310601 0.414990480308 0.228603265097 0.231793404851 0.183050625537 0.197155022282 0.543650842624 0.328117820448 0.323346659378 0.377673887533 0.371473122352 0.119201955203 0.118194799329 0.169888924933 0.173568538347 0.191441714313 0.182957303774 0.395909335496 0.394006745765 0.162804938385 0.171887686927 0.269664976168 0.275863541225 0.149002444004 0.150825171642 0.151728324454 0.154295444065 0.136437880675 0.197155022282 0.102234488127 0.104547030728 0.254615487926 0.239689886288 0.251579021308 0.257218098879 0.256952377632 0.516688730196 0.502104734284 
1091 1.0 0.18958655147 0.18958655147 0.283596625973 0.245239370319 0.433885039795 0.236372346354 0.262074939705 0.203177604056 0.215089156388 0.528207874533 0.377762658735 0.35892286466 0.441608190135 0.41758499039 0.137336120392 0.119309997254 0.173922713641 0.160071158554 0.177967968648 0.177967968648 0.423928416706 0.41416210487 0.168729816244 0.178964995882 0.295277178427 0.287955117104 0.150916535581 0.168729816244 0.133392632128 0.168729816244 0.188645669476 0.215089156388 0.0943228347381 0.0800355792768 0.241584331702 0.207510236424 0.230271385613 0.272068653676 0.272068653676 0.575910234207 0.575910234207 
1105 1.0 0.185707211913 0.199752596574 0.287577811257 0.209339443998 0.412162686294 0.242897225496 0.242984961538 0.167863099851 0.184324756868 0.555589184382 0.323174846505 0.321588053711 0.365280659122 0.372216987184 0.105278862284 0.107680970491 0.180586477426 0.175801878893 0.195655777813 0.201134983979 0.372216987184 0.368476017995 0.144969943172 0.149172840853 0.230839176075 0.27282026643 0.134601213114 0.156970639731 0.157918293427 0.1529821222 0.138503505645 0.184324756868 0.117705346331 0.125590089826 0.23359282227 0.222852480122 0.252027332747 0.265856187289 0.289792820706 0.522696563507 0.521103782058 
1132 1.0 0.193781752073 0.182094936676 0.285941932428 0.226174449657 0.452505502712 0.218526893351 0.228976442321 0.175759248944 0.181315083256 0.500531105202 0.310416213937 0.323383697377 0.369213419256 0.38920534324 0.112930485703 0.124280556785 0.169186468773 0.176964469342 0.224602683223 0.208233526704 0.371890299397 0.366710248568 0.150573980937 0.159707824486 0.261073312461 0.271972624884 0.135725552255 0.135725552255 0.156571601157 0.145305842032 0.135725552255 0.181315083256 0.101008097106 0.0929725748492 0.231132286908 0.202716425753 0.245405564672 0.267507295302 0.292797678225 0.526201668676 0.533555879127 
1134 1.0 0.195171790077 0.183602175846 0.272944256828 0.234047769344 0.456058343721 0.223361687143 0.21607409882 0.1808271722 0.168774246655 0.519467631905 0.286795766879 0.2859128635 0.330993529649 0.337548493311 0.11756275422 0.119693974637 0.148024806482 0.156331619505 0.187238215475 0.174663481794 0.418073080079 0.429997706946 0.151957839212 0.145150264759 0.278748981053 0.267643863786 0.13239741186 0.140428661606 0.143397883439 0.140428661606 0.13800729626 0.168774246655 0.0831294207241 0.0918010879228 0.261270476566 0.247011464805 0.270151121007 0.247011464805 0.247011464805 0.496065762293 0.478775898549 
1153 1.0 0.183278376082 0.184490815164 0.268212917002 0.23163842832 0.341361894366 0.236716038237 0.240453891051 0.189262917242 0.192764480819 0.524376080198 0.342231607608 0.341579530279 0.405264112881 0.397113545044 0.127282957416 0.115658688491 0.181239621049 0.173273717606 0.192764480819 0.189262917242 0.3707898822 0.3707898822 0.154211584655 0.169807893134 0.267658184418 0.278276075717 0.14831595288 0.156127329968 0.124329354326 0.147310409402 0.129597382572 0.192764480819 0.0879141295447 0.0879141295447 0.257179894658 0.244134521698 0.245349128806 0.304787405684 0.278543007266 0.518389530289 0.514504252116 
1187 1.0 0.136599993644 0.15611427845 0.312837783932 0.215542320678 0.371284589989 0.21017527955 0.244513287789 0.20373511468 0.218176336796 0.507371404963 0.429757543363 0.436352673591 0.463849254605 0.471584000912 0.099503719021 0.117085708838 0.22840884763 0.238202202789 0.271802535733 0.260353032337 0.402297287323 0.411654288958 0.167868225257 0.160918914929 0.271101108665 0.249904780038 0.157329193882 0.130905802077 0.160918914929 0.165584197398 0.167868225257 0.218176336796 0.185128760691 0.199007438042 0.297872629793 0.273896039339 0.288124962312 0.317669541423 0.314658387764 0.620173672946 0.589964306303 
1189 1.0 0.169781102529 0.170825919175 0.282968504214 0.170825919175 0.339562205057 0.245963860436 0.262074939705 0.210912270305 0.210912270305 0.547397596007 0.437560366959 0.418861361142 0.459382224808 0.453534949235 0.0943228347381 0.0777806021065 0.194222604063 0.203177604056 0.245239370319 0.256585850998 0.39660480792 0.39660480792 0.173922713641 0.173922713641 0.268115872332 0.256585850998 0.133392632128 0.177967968648 0.152091001042 0.188645669476 0.133392632128 0.210912270305 0.161178930654 0.155561204213 0.337459632488 0.320697638109 0.329455498159 0.287336523227 0.322357861308 0.533903905945 0.565937008428 
1202 1.0 0.170301246821 0.181730528288 0.298431215319 0.207568447794 0.447869128292 0.22294981938 0.239621103538 0.18874447306 0.177766717547 0.544768612877 0.318275424121 0.317418337011 0.372796684508 0.370597940083 0.108522037811 0.105387163909 0.152789101835 0.160285788353 0.211370017168 0.208776421801 0.440081147741 0.441792052823 0.162364134962 0.144760402675 0.263527556133 0.244297923185 0.150160573456 0.154426174659 0.153882418835 0.160807893281 0.140051481374 0.177766717547 0.105387163909 0.0926918842991 0.246092684548 0.240319708821 0.251899739232 0.233419135623 0.253805900321 0.522502842531 0.53101620145 
1285 1.0 0.181648634498 0.181648634498 0.258296304914 0.21428247976 0.42860017873 0.233173350366 0.245349192815 0.18793816727 0.197264308853 0.527722053772 0.30299137543 0.308471582129 0.36528613752 0.368495154982 0.116424726674 0.111253577428 0.15559987389 0.15933825418 0.20120392359 0.196957997629 0.401431401128 0.408402317366 0.155114078531 0.158197392818 0.275379669301 0.273288844362 0.137360563949 0.126491106407 0.13060093328 0.135702226731 0.140725881006 0.197264308853 0.0894427191 0.085825624005 0.228663054412 0.20907703735 0.216733903452 0.241379682126 0.221214486543 0.491067378077 0.491067378077 
1308 1.0 0.18477010504 0.192916387945 0.284710892469 0.2384544837 0.384604005967 0.258458470588 0.273150086519 0.202347035612 0.220267653506 0.584800477197 0.323890467913 0.316218410581 0.379960729039 0.375732722022 0.11941319555 0.126861035251 0.185249820529 0.180231198777 0.204383649476 0.207115595762 0.409418145129 0.423623461193 0.160615348274 0.175406414399 0.273150086519 0.283774169757 0.149353180093 0.158576294064 0.14369991545 0.160061818719 0.160061818719 0.220267653506 0.103200084211 0.117414507192 0.241413701173 0.230890569324 0.23394548365 0.253722070502 0.244458130419 0.51075643681 0.519030195315 
1373 1.0 0.177831020425 0.189635596747 0.278047786556 0.236656790981 0.449857522319 0.228228908989 0.226382117403 0.192655316054 0.188988847396 0.520616719572 0.33205988237 0.331690956111 0.382211324266 0.37453765897 0.120634067266 0.119614811254 0.167498333118 0.171522581027 0.188618280672 0.177535701615 0.415074852963 0.400272767838 0.145479229634 0.14293208497 0.2698108098 0.275138860014 0.142441750471 0.141084543899 0.137187468798 0.136163667409 0.142441750471 0.188988847396 0.106626458757 0.0979035831473 0.257674480633 0.248482415494 0.256790517546 0.222956605822 0.246999768155 0.502738599562 0.502982081791 
1378 1.0 0.190702825274 0.194741686149 0.297739229274 0.204807094472 0.395925190859 0.233238075794 0.247189608808 0.181882052663 0.191720517308 0.57013985956 0.318984876368 0.322490309932 0.36542459569 0.366015802347 0.105420650318 0.102086343953 0.148796977592 0.159187124293 0.185297423444 0.184244256209 0.398537868254 0.379928869587 0.154779703956 0.158096788692 0.269934927093 0.261802483832 0.164398987305 0.163343445173 0.138720017457 0.165969713942 0.135566877881 0.191720517308 0.102930047093 0.0948398365382 0.253067665345 0.239006954552 0.252640113654 0.246488857267 0.267763510018 0.492889988274 0.499816182427 
