Leaf
94 1.0 0.180593880083 0.173933734876 0.304284022856 0.201012754143 0.380333203301 0.233293344018 0.22174783507 0.197756072879 0.194141034105 0.527427256255 0.308139533265 0.303701474735 0.357450313968 0.357161198178 0.100175460719 0.105485451251 0.153854100005 0.150263191078 0.196858536902 0.189525294029 0.368028048511 0.372690095631 0.160519948532 0.160519948532 0.274556883444 0.277656903675 0.154524074372 0.147787516073 0.155571061905 0.143429432151 0.147787516073 0.194141034105 0.0850364129257 0.0934690321059 0.242596464276 0.233672580265 0.245979446816 0.274556883444 0.268359394392 0.508509101058 0.503170198359 
883 1.0 0.186349052375 0.180998200035 0.285644076341 0.21737521683 0.378902902119 0.237620335903 0.241800716554 0.200400431635 0.202219245227 0.534228834005 0.302103420252 0.298574428372 0.355388208217 0.345880158578 0.113288782595 0.108421325593 0.162483804315 0.154208167071 0.191651067861 0.186038556654 0.37583894696 0.383503185899 0.157056089592 0.167160551924 0.275758136619 0.277985396514 0.147566921429 0.145462472542 0.146123368596 0.148088360939 0.149512942903 0.202219245227 0.086246890783 0.0931228056581 0.254838327251 0.229786799728 0.24283456745 0.278885139974 0.259410118933 0.502364715682 0.49797245578 
1097 1.0 0.167959414965 0.167044928596 0.309248143232 0.218203962175 0.415828021638 0.23553371243 0.220125988016 0.211127757041 0.20342987004 0.51836332444 0.268221575153 0.273453130822 0.324672612543 0.337775691349 0.107064719797 0.117196421773 0.154003670271 0.150736427293 0.173859755853 0.183712599246 0.371020713264 0.370090619487 0.149972340229 0.151412378788 0.269361332023 0.274757070039 0.152922345682 0.127524294741 0.163101168972 0.128620655079 0.161211902502 0.20342987004 0.0757904478392 0.0899607039847 0.25669488598 0.232917801097 0.253240423866 0.246082401603 0.245874824678 0.469927940853 0.464683289027 
1106 1.0 0.169695207602 0.167757878902 0.284775468449 0.212096076478 0.407650515492 0.219595997441 0.235401221609 0.180280585743 0.194885095596 0.507769165011 0.297028850197 0.29354977647 0.35022474039 0.34687536723 0.109620647613 0.108335149311 0.158600441342 0.161806777626 0.176440675224 0.182767331983 0.3732043533 0.368418945995 0.159773826819 0.165891771032 0.262001035649 0.266185773144 0.147726265854 0.140821325315 0.144853388648 0.143991158436 0.139488601401 0.194885095596 0.0928621203126 0.094852248953 0.236785752705 0.223251495649 0.240179767886 0.271741553252 0.258472039649 0.498675164055 0.481395352684 
1107 1.0 0.180616537868 0.168020432527 0.280257991916 0.213120450036 0.403870856534 0.225423065244 0.2268102972 0.195623380251 0.195623380251 0.504558890296 0.292095788761 0.294661833268 0.336973019036 0.340676130433 0.103271456494 0.11257229658 0.168020432527 0.16652022006 0.192715521614 0.185415535901 0.347964145314 0.342878800774 0.155614296531 0.156016921516 0.280928733981 0.267194166684 0.147330916634 0.130629207922 0.138553198114 0.136730050281 0.159201268571 0.195623380251 0.115325081962 0.110320623184 0.224027243369 0.201935428267 0.220925394903 0.266253339232 0.237352608957 0.484774456346 0.459665472163 
1211 1.0 0.173503818426 0.179560290046 0.254331011245 0.231210010223 0.450859519935 0.211670838652 0.218123087399 0.175514136643 0.184696860207 0.491457258793 0.272224627673 0.271733247078 0.323384209793 0.318805823908 0.117894435386 0.117894435386 0.147368044233 0.156173761889 0.180580790741 0.173407507667 0.412022790413 0.405648392218 0.155100389981 0.150286506645 0.276788899503 0.268952503952 0.137394980093 0.121934512721 0.126242571144 0.121934512721 0.147368044233 0.184696860207 0.094095656911 0.0821527917325 0.240905408762 0.231498842328 0.256684767428 0.239793317843 0.245371453141 0.504076267438 0.496597174538 
1251 1.0 0.177796815275 0.185685597634 0.260459754743 0.224788291178 0.41432036286 0.215252250834 0.230320477742 0.166523816578 0.185591412694 0.504343479883 0.284398681544 0.29030083406 0.333886545399 0.344809498472 0.114818121545 0.116180546402 0.167466115422 0.171896928548 0.174621616719 0.177403023395 0.385644776841 0.381405039984 0.142168598292 0.142904592503 0.251581701341 0.262465892891 0.130899444137 0.125721333754 0.139185708562 0.126553016475 0.121333523676 0.185591412694 0.103442849542 0.0984191583686 0.235500239862 0.225952000203 0.256741124823 0.241294199087 0.282672047397 0.486197935365 0.503510771313 
1316 1.0 0.17637341587 0.183661451574 0.276227471116 0.235034016291 0.428977323393 0.224900045315 0.236498416853 0.189672596769 0.202950886384 0.506176462552 0.282591143622 0.28887439957 0.3233853691 0.331191618875 0.118103131523 0.118103131523 0.153785722146 0.162517992163 0.197082014044 0.200555092132 0.392804005683 0.388028633139 0.15060986366 0.170804412171 0.266040442259 0.289053620598 0.135654540649 0.125748690045 0.151067645456 0.137047204264 0.137675576217 0.202950886384 0.104616542233 0.0896909638481 0.244395824749 0.23036031533 0.259736515701 0.227039088456 0.285931221528 0.470398433051 0.498582440186 
1327 1.0 0.181341391136 0.180592043339 0.269413534506 0.215747784428 0.448674277907 0.195726800858 0.218247480106 0.171936989541 0.165609534602 0.519804741401 0.262078139134 0.248942571637 0.31143685481 0.305557567395 0.108773671904 0.111998430822 0.170053506493 0.164891496694 0.214802899079 0.219718219259 0.393612766476 0.414668168297 0.15283424886 0.134423339492 0.296491559415 0.258627450434 0.142740860951 0.096379874691 0.140707581846 0.11184697919 0.12378849797 0.165609534602 0.10496699307 0.109859109629 0.24757699594 0.222478221343 0.24489222234 0.255992359278 0.210900686508 0.485648528956 0.473632661197 
1403 1.0 0.175359922235 0.173068963273 0.284675232215 0.209983455404 0.388464500028 0.207250365508 0.221007823299 0.18506252308 0.189125850961 0.475370265329 0.279147031557 0.268598873834 0.336787134508 0.319884805174 0.109249864612 0.106430037567 0.14393099727 0.144458218805 0.193496983337 0.179219160176 0.372479620054 0.38304494532 0.160772046403 0.163816798404 0.279351210811 0.268598873834 0.158510053717 0.119708987764 0.1434018374 0.118432055377 0.135356651633 0.189125850961 0.078471795669 0.0829459853809 0.263382865194 0.240763698009 0.256436083268 0.273646058113 0.26157265223 0.490211312508 0.483929043814 
1581 1.0 0.175998160574 0.175998160574 0.281244506997 0.200093724377 0.412681290378 0.241167557012 0.241167557012 0.194048393733 0.194048393733 0.531239624327 0.296984308845 0.30232876076 0.349658189073 0.347135572 0.103075627464 0.101740641623 0.146439321308 0.150257256319 0.168167016108 0.165001512126 0.384913334489 0.374419332213 0.160196941409 0.164051855249 0.265895399108 0.26368263887 0.14710465559 0.147502415637 0.141003673207 0.152578965168 0.145904869447 0.194048393733 0.093748168999 0.0901370214151 0.255099163043 0.237495361464 0.265895399108 0.263163651028 0.256930041773 0.468532469414 0.464050806117 
