Leaf
289 1.0 0.176086293973 0.165753822099 0.291368196602 0.200976499488 0.346612568983 0.26955404636 0.265070996901 0.237565080122 0.240362854428 0.532516130147 0.279163455762 0.280785464958 0.328026650537 0.327988192638 0.102446299799 0.101580715065 0.172832520237 0.168770517717 0.217611452604 0.209880326603 0.34835508136 0.360106674633 0.192250918784 0.198704079092 0.295452494492 0.292016883557 0.158836245064 0.156031853799 0.151103283337 0.160259395655 0.158836245064 0.240362854428 0.112874359962 0.119391617384 0.287840026436 0.266258065074 0.278620687674 0.28993597664 0.272948891662 0.477249395382 0.469682832146 
781 1.0 0.195109253824 0.194713574541 0.266658697232 0.227992332009 0.400517927276 0.241973826426 0.232613589317 0.200258963638 0.195030182188 0.522359150331 0.284133309229 0.289297835988 0.330508970626 0.32089537248 0.117822041926 0.111222454358 0.157292303393 0.14579072616 0.218809486341 0.226907293932 0.372792945821 0.37772537123 0.171461547268 0.172269274285 0.300593769093 0.296252090433 0.14820412273 0.141930874545 0.128228302383 0.136614870722 0.149241253107 0.195030182188 0.0910953960128 0.0988894403944 0.258910790874 0.227992332009 0.246019646243 0.290733830025 0.239796722073 0.475361607046 0.479400435844 
896 1.0 0.17671256555 0.176321175112 0.270933485452 0.199917078392 0.382435891304 0.265524573072 0.264155040169 0.229518733463 0.226107034766 0.535647620821 0.290915096707 0.277795240891 0.331277411665 0.31033417318 0.100604411988 0.100088047183 0.150534185325 0.153825559223 0.200607044475 0.197570654524 0.365957892062 0.360249854763 0.191443624883 0.185579840029 0.290380271238 0.279221590382 0.156165669495 0.156497114514 0.142154676024 0.142276123868 0.167066316469 0.226107034766 0.102812029012 0.102643898026 0.261063862669 0.246919603964 0.265524573072 0.277981701528 0.253750070087 0.482732329472 0.470079586648 
919 1.0 0.168304495859 0.163129478057 0.300813173728 0.188687335566 0.377271361004 0.246387622877 0.248592712681 0.229003990015 0.223955185597 0.52007515849 0.280934363196 0.280934363196 0.323860548517 0.316966521052 0.0973932594456 0.0919018277617 0.148887070182 0.148187244591 0.246387622877 0.23098136473 0.353479879128 0.352338490152 0.191557789438 0.199922022221 0.301158539139 0.296987648231 0.161206470055 0.141641696059 0.158113883008 0.155628963308 0.158360230418 0.223955185597 0.111919558282 0.107175027345 0.269364386208 0.249844026188 0.278891852302 0.254889809464 0.262425120495 0.462805779123 0.4472135955 
1241 1.0 0.183970480939 0.189714034515 0.281625977759 0.201201607453 0.33348188864 0.257302140708 0.268049904303 0.225792680326 0.229994508624 0.54589587961 0.283670370294 0.285295336608 0.323887970653 0.321226393538 0.104069419688 0.0978554931521 0.147176384751 0.154402671318 0.227323001629 0.224399111411 0.360002935068 0.365645387564 0.170848961582 0.178412273706 0.286911099816 0.288575031754 0.147736205657 0.153006305436 0.143656810424 0.160998206982 0.151705944982 0.229994508624 0.10359239921 0.0928338719759 0.275940764054 0.258837522654 0.277551501036 0.298363817303 0.288575031754 0.490894470881 0.492472643846 
1254 1.0 0.178765696212 0.178425081683 0.267542900306 0.197518878892 0.350312422117 0.256712938846 0.263264382875 0.21623984905 0.219866571149 0.534972101747 0.294665580555 0.295421575123 0.339494789088 0.333650861282 0.103667831187 0.0963693249962 0.149213201316 0.148668625771 0.210827060205 0.201382197626 0.370236665634 0.373616896741 0.181243977863 0.183799182998 0.284369918072 0.281503212634 0.149077243928 0.146608452846 0.139666938677 0.146608452846 0.157670815233 0.219866571149 0.0918444131142 0.094026294809 0.282078884427 0.274131400941 0.285153209677 0.262570261426 0.257580347961 0.475407027713 0.469095180042 
1295 1.0 0.165505649677 0.178065485351 0.282378001684 0.202516994863 0.387128748503 0.241399919637 0.241632968689 0.203625672827 0.203625672827 0.546041528498 0.278093212605 0.28502328663 0.306832758133 0.328736280647 0.0980102226931 0.104854048478 0.16942680101 0.168204289264 0.22473666057 0.227969255029 0.35681518069 0.373060965597 0.187408514266 0.180991639955 0.277350098113 0.294158257874 0.134345749794 0.154604136505 0.163452433253 0.154604136505 0.151663694313 0.203625672827 0.129799961551 0.12613462536 0.282178605636 0.263687233002 0.292238561984 0.255814191481 0.293135984555 0.469081574411 0.485821483748 
1435 1.0 0.187668323214 0.181043343236 0.266655193097 0.207022732559 0.367081221532 0.264313132233 0.259565620991 0.203888299809 0.213361626151 0.539972627824 0.309154458076 0.300559081108 0.357954056785 0.354149576011 0.108486904374 0.105371796469 0.16500025571 0.162696237606 0.217076130758 0.220627506702 0.352137346224 0.379455529002 0.166607438994 0.185645848014 0.272014389387 0.290337066199 0.147520515057 0.146765929469 0.13278518818 0.146159456092 0.128016975691 0.213361626151 0.0894109341953 0.0999644633962 0.289341052745 0.266655193097 0.283134624952 0.299300421956 0.264060965091 0.48557994622 0.481492616201 
1713 1.0 0.178824854916 0.173765398463 0.260901461641 0.207632559968 0.366342149846 0.255915623845 0.265420658697 0.219203288668 0.21494207546 0.514037114775 0.27420560732 0.276395567088 0.32620120809 0.314942819206 0.110408722741 0.100542786178 0.182889056165 0.186112018831 0.225004106454 0.218863935304 0.364103440394 0.36534886144 0.198189722703 0.191535590151 0.300256190749 0.272786329738 0.158138692048 0.151197026394 0.127553776143 0.14732379158 0.142247043684 0.21494207546 0.128521328133 0.12605577328 0.258196757308 0.239787873638 0.236458288272 0.296017849326 0.21494207546 0.500573662091 0.435685406772 
