Leaf
413 1.0 0.171184502882 0.17110097787 0.256651466805 0.181873402953 0.288930865829 0.223932592391 0.227479256817 0.18805607309 0.206393324954 0.492031534724 0.259366258343 0.264658322511 0.291737280741 0.291737280741 0.0910545206167 0.0908973944934 0.139430238308 0.155060261195 0.224888076431 0.222395279532 0.341951227689 0.323034528395 0.167811078493 0.172183642707 0.278860476616 0.290755658575 0.135267199988 0.129324392304 0.135267199988 0.124365850966 0.128770537972 0.206393324954 0.114802930984 0.108134472819 0.268199418366 0.267826067101 0.287194039391 0.291884239334 0.324403418456 0.457496437638 0.465057849971 
252 1.0 0.185113551296 0.175452128664 0.26192584287 0.186357543669 0.36089214384 0.231986457535 0.202360589166 0.178664333656 0.175452128664 0.51481672238 0.203062014456 0.191994626447 0.237588242342 0.253091225631 0.0868095742154 0.101355802598 0.15270442264 0.130759193666 0.202799264273 0.227030233985 0.348923309889 0.367963873498 0.141717642627 0.163713829943 0.247049991458 0.278373533686 0.130214361323 0.119242120704 0.158753318824 0.124063389952 0.137257988615 0.175452128664 0.0830425278078 0.102575950783 0.281421509944 0.269022486516 0.269022486516 0.250408453478 0.277670326944 0.392639878542 0.440147203379 
135 1.0 0.175529431754 0.170542476152 0.271324900935 0.218146878378 0.377691688363 0.239062629299 0.230936023963 0.207716467798 0.200226212429 0.51065877695 0.246118545952 0.256696975256 0.287869526095 0.295052810022 0.106912057998 0.111827120379 0.150446123019 0.150634063284 0.20545675217 0.199872642998 0.352586786982 0.348470375746 0.164977053579 0.164203517939 0.280300548033 0.276438354455 0.139619351975 0.134247350478 0.143220442196 0.131371429153 0.139213480907 0.200226212429 0.093045788426 0.100360081654 0.2905597254 0.271741682902 0.295579733229 0.271741682902 0.293321716013 0.431140371675 0.428738456765 
140 1.0 0.170215834571 0.165731917153 0.267042724913 0.215203666756 0.374031231584 0.229264951249 0.234585352251 0.208778223307 0.215575669915 0.472641805126 0.258752743514 0.271801098807 0.306860959721 0.310133543257 0.108158878516 0.108897172947 0.152959752888 0.14016706529 0.204591379995 0.215575669915 0.373859814878 0.377315825032 0.152435018056 0.18690847421 0.273212451085 0.301327681847 0.136811362112 0.108749915039 0.145551428789 0.123644537038 0.152119308325 0.215575669915 0.0810574008583 0.0921591966213 0.291157902082 0.266622326795 0.298334640259 0.283064722279 0.274616550017 0.456638760648 0.466086501662 
183 1.0 0.175040702606 0.175858441978 0.288191533455 0.20899583805 0.367411529848 0.227616654977 0.217297576812 0.207157129251 0.199553143393 0.491373049015 0.246964675798 0.250744149934 0.291491544065 0.292964421729 0.107431499943 0.102261998513 0.151931084245 0.143957412623 0.221439719064 0.215011334732 0.380666183401 0.376285722984 0.166738387247 0.172841150906 0.293453738169 0.306213875697 0.144730492128 0.111365880402 0.15749513845 0.106087620079 0.143735769054 0.199553143393 0.0883813022258 0.0939760612055 0.283000479648 0.265624457877 0.294484069533 0.265624457877 0.283225708875 0.451188274712 0.456282638991 
225 1.0 0.170291735026 0.170071387638 0.280175012357 0.20505840333 0.34503191711 0.226381798699 0.233235160373 0.212247199694 0.211006840891 0.515211960183 0.246269128776 0.264760736409 0.290900127927 0.318154788489 0.097081225687 0.111016628857 0.159528567241 0.176915848695 0.22610555479 0.22610555479 0.395880135866 0.380291183786 0.167703002038 0.161010409264 0.292613840118 0.283015896285 0.143960001 0.116617580186 0.150414209399 0.1290332661 0.137929418134 0.211006840891 0.11853121428 0.110678334635 0.24829107674 0.251243750001 0.273218106641 0.245200931712 0.315035742118 0.449688719562 0.467166505527 
240 1.0 0.166607027911 0.174491644521 0.274820243884 0.20582693335 0.381445608898 0.228979458016 0.233514144927 0.191867522375 0.200913308584 0.514537363525 0.26326487889 0.272294766354 0.303165791117 0.314157224611 0.0975912112402 0.109392595112 0.132263549494 0.151643923366 0.195750456601 0.19321307834 0.375480315325 0.34475087653 0.178060922778 0.174703620681 0.28212997957 0.285563560205 0.147101415762 0.135670826161 0.142240733139 0.138104173409 0.122983625911 0.200913308584 0.0948994046979 0.0880201045181 0.264387149891 0.258345374742 0.288785515046 0.230429559378 0.298408024041 0.444562999422 0.46024301457 
244 1.0 0.162473930358 0.157951504253 0.27047257904 0.211834386989 0.380987600513 0.235175105044 0.220876387277 0.20994476016 0.205291666948 0.492646076799 0.246506811302 0.253701019354 0.287987575038 0.290783433906 0.104250911874 0.108117572538 0.128623075942 0.145868514339 0.20669859375 0.222238993584 0.391955085174 0.346424105208 0.171442659325 0.169245040072 0.279820875304 0.285079599364 0.147842022495 0.129837850442 0.1369003209 0.116504248622 0.153059211837 0.205291666948 0.0836898143502 0.0858269195155 0.287987575038 0.285418274386 0.314562239066 0.285079599364 0.280122801577 0.462818737123 0.431799619877 
255 1.0 0.168935556401 0.157232430492 0.274069340089 0.18754856248 0.370734783027 0.22419605822 0.214800519567 0.182494654213 0.190597230833 0.502720986864 0.260556197782 0.253125161105 0.305791143757 0.296950392809 0.0933292830523 0.0966996502579 0.15592350091 0.150998792523 0.19946385071 0.193730180656 0.382603192151 0.363758905137 0.165797635294 0.156987837504 0.278565999796 0.264217588471 0.149891935592 0.126840601534 0.1362848167 0.119455477515 0.139993924579 0.190597230833 0.0998282072038 0.106411754978 0.277967575904 0.253529676203 0.258086415049 0.292079171378 0.258086415049 0.490964629435 0.465492096429 
290 1.0 0.178763902774 0.173203594037 0.268948921119 0.202980317826 0.385662603869 0.241079185994 0.239364061069 0.195878635963 0.19323150569 0.517624684897 0.241132587077 0.240437447893 0.295238692526 0.288221330322 0.108480589586 0.0985291218153 0.143708058139 0.150705197141 0.202090327805 0.197449880142 0.354671442183 0.349109919659 0.179339170239 0.171710431744 0.29080074251 0.271663961784 0.147771901913 0.138507111779 0.133199792355 0.140994634818 0.129970819279 0.19323150569 0.0943913040915 0.0886224713128 0.270143087906 0.24870266464 0.264653955236 0.287057518364 0.268709450926 0.477570243835 0.44854172509 
493 1.0 0.17967512109 0.169970243948 0.276695768992 0.223351097914 0.344656133305 0.223509297271 0.223509297271 0.196704474483 0.194293789361 0.5291199793 0.249277297415 0.2439261459 0.289025247927 0.286692215486 0.111754648635 0.112070489064 0.148592694516 0.144329063997 0.202722009684 0.208791842533 0.363068769784 0.356089492479 0.16934522357 0.178028201636 0.300536394736 0.297541987854 0.147398520098 0.124046425226 0.142769591328 0.130254852327 0.122517289116 0.194293789361 0.0849157746578 0.094253684802 0.273612711551 0.257461638454 0.271581280334 0.287061849611 0.262312561491 0.444401568364 0.432497110123 
515 1.0 0.177728317249 0.173250444108 0.294444826592 0.197959341687 0.355347893365 0.223857266692 0.236777722771 0.191071678606 0.194545993696 0.538426287987 0.247888046818 0.253844781534 0.289013346761 0.293392921497 0.101644428924 0.0965752139933 0.147200536126 0.136577977418 0.221601574628 0.218675626686 0.346500888216 0.345644731735 0.158900195567 0.17480495478 0.283977258778 0.286461401398 0.149286125805 0.11979508264 0.15759771298 0.139378910952 0.136577977418 0.194545993696 0.0908001117523 0.0931807805954 0.266374938118 0.243642266691 0.266374938118 0.267869948153 0.292160912185 0.448777887434 0.459416263896 
584 1.0 0.186715135909 0.188610769644 0.288864028571 0.213655296159 0.363113696684 0.21603962003 0.215049364458 0.194186672487 0.19853467417 0.492212679976 0.264862175902 0.273946997993 0.305712400333 0.319727244449 0.10682764808 0.107887998117 0.136635452826 0.143542585281 0.195719460831 0.202789471927 0.338828105642 0.346756680973 0.164686473936 0.165720081199 0.296449093439 0.299172593035 0.143641682693 0.115407599387 0.157983334988 0.12442594006 0.116999503544 0.19853467417 0.0843493004427 0.0800207725322 0.262433434258 0.245628870523 0.266362216401 0.256566114475 0.292048414083 0.426677415815 0.463997827281 
591 1.0 0.169453345345 0.181464595356 0.252803042491 0.216544371203 0.385799021697 0.229192010924 0.237323502162 0.199313891631 0.215813211981 0.470465993235 0.242593121399 0.246578269506 0.284708639637 0.301253090702 0.108272185601 0.112097541448 0.139621647411 0.145171676285 0.199644045728 0.213912817198 0.341886232533 0.35474355896 0.165680256256 0.177946369539 0.271008731132 0.303301121122 0.117153632707 0.117153632707 0.151997587469 0.12872479855 0.145353027606 0.215813211981 0.0783456446916 0.0763014928309 0.266351455783 0.246845215854 0.274773592018 0.237489947655 0.283967450902 0.428317954045 0.461048651228 
604 1.0 0.169476899931 0.180317100438 0.251351109701 0.207709757559 0.366465167127 0.221281394311 0.221281394311 0.186902842404 0.195262310491 0.491773910285 0.267966507282 0.275167792566 0.306431424557 0.315267986329 0.105105111509 0.104392526266 0.147025362336 0.150735415934 0.190854713724 0.203057864518 0.341148835103 0.330389372275 0.146618652395 0.151820922314 0.266458083813 0.288360370615 0.127912578751 0.103097462019 0.138233391142 0.103097462019 0.150735415934 0.195262310491 0.0909416563327 0.0904478518341 0.252122036232 0.235022174118 0.26707365513 0.270461851935 0.280593780321 0.444346983877 0.448793071572 
605 1.0 0.166606480376 0.16669314175 0.285046072914 0.19347849334 0.360125078965 0.231349148656 0.223990760991 0.204651153631 0.205987607743 0.516194512553 0.27666430662 0.268773868291 0.310089523445 0.307986563676 0.0968884206162 0.0968884206162 0.152200955943 0.145208361871 0.202594305914 0.213966030291 0.358194961919 0.366879254045 0.158795180718 0.175472392821 0.272879966148 0.295152091199 0.139527606503 0.128199499365 0.158065922302 0.128199499365 0.144610383922 0.205987607743 0.105863453812 0.108157765823 0.286662795262 0.258195160786 0.276403179326 0.281323153772 0.285046072914 0.460225881802 0.464194093123 
929 1.0 0.162630676683 0.16284138376 0.267917211015 0.205813329883 0.358875830793 0.222466560279 0.225528170671 0.199668258415 0.20536856798 0.492671171111 0.264525445433 0.265086567184 0.316570952041 0.307932241576 0.107868510228 0.101424306408 0.16354178004 0.159221445601 0.216635818455 0.217740976164 0.367778700723 0.371489358331 0.164864335656 0.164656217329 0.280505397611 0.282454503147 0.149751193812 0.118086624113 0.134978609618 0.109132637482 0.141994028971 0.20536856798 0.100859264092 0.100518714114 0.274699931885 0.263356218619 0.273824757307 0.271182287629 0.240251706314 0.457422497459 0.446471798766 
986 1.0 0.168369363035 0.157144738833 0.269624725787 0.202354790547 0.38163722288 0.206056709474 0.217942779322 0.19180646245 0.182723643649 0.494011000985 0.236783706947 0.239955058578 0.296338582324 0.296551087609 0.106486135077 0.10348592185 0.135162373944 0.143745326572 0.206056709474 0.185800591077 0.387046136924 0.387046136924 0.180991626895 0.160712160832 0.302232256139 0.267749052748 0.141981513436 0.120892902456 0.145920114631 0.112246242024 0.126992126236 0.182723643649 0.0793700788976 0.0718726632862 0.271487440342 0.246941732452 0.271487440342 0.247960053195 0.269624725787 0.461439918666 0.452479067236 
992 1.0 0.170707416975 0.171020641857 0.274605319229 0.196844249471 0.362697354765 0.224591920245 0.220078561398 0.178597994889 0.191399225093 0.523389255287 0.273922341715 0.275383790866 0.305510885662 0.312525085961 0.0931131365319 0.103975048982 0.138997519436 0.146495955662 0.19020713186 0.18992555194 0.351532445457 0.35876576103 0.145671651776 0.145763471294 0.253949272114 0.266042664796 0.138031576396 0.143076783636 0.140529218786 0.134894085252 0.143076783636 0.191399225093 0.0971909447588 0.102026561837 0.273139704854 0.264276596291 0.283003501871 0.248570975989 0.268595291394 0.450284600634 0.474249967679 
1008 1.0 0.17030413523 0.17030413523 0.287025222172 0.212465601616 0.382585600014 0.2280914964 0.218746725192 0.201562567663 0.211667356083 0.499746013812 0.26643050898 0.260432912445 0.304204446604 0.309719175583 0.1067626435 0.1067626435 0.142921616354 0.142921616354 0.190035011237 0.199593311825 0.375589669179 0.377238643925 0.161808981471 0.161808981471 0.271465861625 0.282866651427 0.141732234097 0.138510626108 0.154677292746 0.136044364333 0.15321112418 0.211667356083 0.0913849106579 0.0913849106579 0.304389880602 0.276205282101 0.304389880602 0.270841562152 0.287025222172 0.476155275165 0.465973442692 
1024 1.0 0.171753958255 0.171044228119 0.27044467074 0.198605319025 0.397095776424 0.236810713251 0.23095942094 0.202322143478 0.203371616991 0.508099952475 0.266137229636 0.262918172772 0.308526914751 0.305903633563 0.100633598869 0.0998752338878 0.172284337155 0.15450968811 0.214577324094 0.21962029926 0.370141930014 0.388540928708 0.165256692284 0.167994427312 0.276395332638 0.28602041174 0.137867181191 0.125875076977 0.146528882683 0.126957634599 0.156173761889 0.203371616991 0.104633833716 0.118405356625 0.280002780491 0.259717765901 0.276230238348 0.275789503742 0.243209587043 0.47675739075 0.460137784375 
1214 1.0 0.164742221069 0.16974095135 0.262336330921 0.180399871661 0.366098355435 0.230532933383 0.22773138347 0.18554003275 0.193650130938 0.497268086765 0.252831574322 0.257221847541 0.298484913127 0.303100549279 0.0954273568622 0.0889499917709 0.143427552073 0.135726783542 0.19807089222 0.203351725546 0.352427379432 0.360841117068 0.152409758094 0.162460994632 0.240980986607 0.265278935732 0.129881471152 0.144257819802 0.141857703062 0.141013304471 0.143427552073 0.193650130938 0.088106844858 0.0909416563327 0.261652568687 0.245886955143 0.26907840628 0.266849975313 0.285446513692 0.460190824442 0.471629662511 
1253 1.0 0.163449213366 0.173748897105 0.277623192176 0.184921675441 0.364064548524 0.232592308199 0.232950970414 0.193740759048 0.199263965385 0.497279290006 0.268885133892 0.259531926433 0.312803534337 0.307636430957 0.0940720868384 0.0940720868384 0.130759370692 0.130759370692 0.206748718399 0.204229775749 0.36771532471 0.36484339511 0.160978806025 0.163142458237 0.253741414225 0.274538730315 0.138931831361 0.133038021048 0.153546595603 0.127264920514 0.143542472725 0.199263965385 0.0821322132347 0.0786002098416 0.25485763233 0.242709699016 0.264628768982 0.265133064378 0.293583635119 0.472061306161 0.482452132455 
1255 1.0 0.173755905731 0.179640718563 0.269461077844 0.19171030651 0.35948098251 0.233225653822 0.225963619929 0.206478319156 0.200755145081 0.503136563775 0.273686104959 0.265168740425 0.316006582083 0.308252399431 0.0965539850096 0.0974779676413 0.148739429322 0.153368245208 0.211623916731 0.201290255257 0.362510439944 0.367032165766 0.163441246275 0.152665254898 0.286738201049 0.281500820923 0.143961859643 0.118102292954 0.138244268031 0.116266394245 0.161787498037 0.200755145081 0.101796407186 0.0991194332769 0.250783132831 0.233532934132 0.250783132831 0.277394846034 0.285484968648 0.4749073068 0.470469709591 
1264 1.0 0.166298613218 0.173629084037 0.270333248713 0.20462383789 0.365204303105 0.242956328952 0.242956328952 0.206115647467 0.20818622257 0.520220227372 0.24695862425 0.269121665029 0.294904991901 0.312197566072 0.103057823733 0.104044045474 0.122774302734 0.136781396128 0.202113020864 0.197409696406 0.377578282581 0.371855003719 0.170543153836 0.174450584797 0.267599471457 0.288745879636 0.142915487619 0.135882494412 0.144195990444 0.134370962472 0.140755431523 0.20818622257 0.081348921682 0.0769623454319 0.25284330832 0.245881102039 0.269728137156 0.243627944135 0.281293115795 0.434707474326 0.438403595353 
1275 1.0 0.168016553431 0.167589572935 0.25764793889 0.197606948577 0.377266502109 0.215804570876 0.221538518184 0.174295786752 0.176135910579 0.515052493862 0.258480854658 0.253936550312 0.302659511608 0.294439889389 0.103323020808 0.0965107380666 0.152596875477 0.144146120923 0.193021476133 0.192742878717 0.380245901515 0.378782776502 0.168973314712 0.168548757974 0.274086836414 0.269340385075 0.136486794688 0.136617968957 0.134503830284 0.137792918177 0.135697086258 0.176135910579 0.0965107380666 0.0936854193509 0.297706838367 0.281565649061 0.289284644925 0.283594063571 0.263966470652 0.474317102995 0.4613374801 
1292 1.0 0.159862747071 0.165436034932 0.260073528086 0.201105653123 0.367277775299 0.219666246575 0.221955732021 0.191241890565 0.197960453424 0.496869777749 0.253625823123 0.248066225797 0.304820303351 0.289569505595 0.106938036601 0.0973822346757 0.162887445563 0.157223840969 0.229675541132 0.221877177522 0.3750276005 0.37776016253 0.153521297504 0.153180264952 0.26701886186 0.269552982554 0.140352291668 0.113424916271 0.136319783843 0.111409001848 0.147616632216 0.197960453424 0.103120546023 0.0952098669487 0.30396124959 0.283669854884 0.30396124959 0.289388844557 0.26597223809 0.469485874402 0.443832916495 
1320 1.0 0.160255088549 0.165682651989 0.29275811534 0.199125765733 0.359148970033 0.222629374126 0.227440974087 0.194240878028 0.206347158054 0.513616221165 0.239078529527 0.251876384217 0.281606358518 0.301787108799 0.0953375341071 0.10507758141 0.133691744637 0.149216624983 0.214891244151 0.204341937453 0.370477672539 0.374123347499 0.158147637631 0.175428991144 0.265207275621 0.292706018513 0.13971587975 0.11947545944 0.167695436096 0.130341699781 0.132776036979 0.206347158054 0.0940491298282 0.0841200990083 0.293953794054 0.287183263447 0.313680819756 0.245250125353 0.303952289758 0.443370959357 0.470245649141 
1346 1.0 0.168693457974 0.169492957515 0.261674808792 0.191847495875 0.372476412464 0.229322670896 0.234352115169 0.198854363785 0.211616795751 0.47147222815 0.259013529863 0.2632201459 0.301633603694 0.299271342577 0.0995121261046 0.0937408460674 0.152155438762 0.140731398358 0.206197082224 0.203391549017 0.370976226761 0.374467311261 0.169492957515 0.184757842382 0.277350098113 0.28716870397 0.143584351985 0.125766542445 0.136091961688 0.132824272683 0.131545857248 0.211616795751 0.0885495151221 0.096756929852 0.283973238747 0.273793394307 0.289162547792 0.285101653009 0.250050691089 0.473617895613 0.431810985643 
1347 1.0 0.178175626662 0.17216585899 0.269637800042 0.189364204261 0.37859808963 0.2490234901 0.246700768552 0.214302554258 0.208466390601 0.533911065402 0.243344139105 0.24522951203 0.289864536439 0.287471275407 0.0990131255914 0.0924850024163 0.151426201159 0.150554676216 0.220655875434 0.213148105812 0.369940009665 0.370872577042 0.177898454142 0.175477954225 0.286382039417 0.272489905188 0.157809294399 0.143391909102 0.133408429248 0.143391909102 0.14690499338 0.208466390601 0.10033335889 0.100169281333 0.293137395294 0.269637800042 0.284769255656 0.276266757646 0.252630338055 0.454314811073 0.422108372155 
1360 1.0 0.170981601346 0.176850071998 0.258872451273 0.194104214706 0.370562591711 0.221960666568 0.221960666568 0.1842279542 0.186003461185 0.494118465958 0.265275107997 0.263048617456 0.29818623218 0.3079466922 0.0948435278176 0.100682695925 0.137818398182 0.149729897973 0.197286463092 0.197286463092 0.386690414788 0.400534171419 0.145273347243 0.149960784615 0.255374014094 0.270952845029 0.122818636133 0.119100327056 0.147048647505 0.121259421153 0.124774914978 0.186003461185 0.0978950900588 0.0920670161095 0.2736843576 0.270633438051 0.289353479201 0.225440492024 0.306369778511 0.440046609513 0.488059755499 
1406 1.0 0.186424511158 0.18053814338 0.260849439499 0.217463239115 0.385113541349 0.23113488821 0.233459579201 0.204293358379 0.204293358379 0.490684680955 0.264447532772 0.254638738558 0.319715398996 0.298759892692 0.113334656902 0.108465228909 0.153769731037 0.153769731037 0.202777245713 0.194921045757 0.389297515338 0.369419258073 0.169519145225 0.175005165925 0.302863225031 0.297401150892 0.153392997769 0.111965003487 0.130572509847 0.106128504192 0.140532120029 0.204293358379 0.0931605141067 0.0931605141067 0.280583494519 0.261145019695 0.272705647721 0.27327084138 0.236740971037 0.466257799488 0.427095774254 
1437 1.0 0.171779141104 0.178019854338 0.270008356867 0.220944087182 0.37428341209 0.231508739437 0.239970640682 0.2023610123 0.2023610123 0.521472392638 0.264942612045 0.264942612045 0.318368852646 0.312823283043 0.113123244875 0.111952684607 0.156170822839 0.151894704333 0.209668803566 0.211900810297 0.38199730248 0.373629201928 0.163010187185 0.170900469659 0.273952313641 0.284202081519 0.141636765406 0.136218425222 0.143615949825 0.132719678851 0.143222300981 0.2023610123 0.0920245398773 0.088479785901 0.282608412424 0.270008356867 0.288082377469 0.253397256786 0.270217368657 0.460572377402 0.464194661056 
1461 1.0 0.165934612652 0.171249726328 0.262830984531 0.205816556395 0.382840925067 0.230109905497 0.239069088614 0.195254729514 0.20374799579 0.50816911553 0.257887405996 0.25914786026 0.311822924825 0.306340823358 0.106640296739 0.104167141863 0.145534282707 0.145534282707 0.189065350953 0.191463014598 0.383138706819 0.376965560311 0.164356126236 0.175106974003 0.264437772505 0.282028190594 0.135685317529 0.140985207845 0.139006778328 0.140985207845 0.141331467576 0.20374799579 0.0856248631638 0.0823266225578 0.260589845694 0.251166265281 0.276131886596 0.25636668076 0.279940782201 0.47800185843 0.468500081367 
1471 1.0 0.169665331716 0.169564550399 0.268964459254 0.19879981771 0.339129100799 0.223797833067 0.223797833067 0.187197048702 0.192864152181 0.51454070466 0.248069469178 0.248069469178 0.293053479557 0.287636998203 0.105894642044 0.0942809041582 0.140815694541 0.148841681507 0.231309907925 0.224103150853 0.373937240495 0.373937240495 0.172661419582 0.16996731712 0.290828465906 0.288823135186 0.147920052327 0.12039819972 0.13687601227 0.117669681083 0.142744766545 0.192864152181 0.0973143641509 0.086922698736 0.282842712475 0.268964459254 0.2851300498 0.282237700632 0.283627298482 0.482160380453 0.476346494588 
1529 1.0 0.165591660113 0.172078472476 0.273937177269 0.19106730013 0.350347944636 0.251229080293 0.242520867623 0.219888866145 0.222456462852 0.522250620355 0.252356757369 0.257606467225 0.296342583343 0.299067629957 0.0963790970766 0.0963790970766 0.144111982491 0.135404884028 0.205785780091 0.202407126331 0.381762899734 0.384515524231 0.179350134129 0.167176305406 0.276516333338 0.277687397692 0.143123451589 0.146623319294 0.147037705385 0.145233493432 0.153383664362 0.222456462852 0.088479725509 0.0918537263577 0.265439176527 0.248387490169 0.265439176527 0.273863130186 0.286600950195 0.450349945283 0.459356944188 
1552 1.0 0.173748897105 0.179236055338 0.288997900122 0.190788015318 0.376022011342 0.222989898667 0.22603909337 0.188232900007 0.193740759048 0.525902765237 0.244423529787 0.252421897147 0.292215470927 0.309368387955 0.0953064500385 0.0997575956647 0.139889993276 0.147104292029 0.186360776331 0.196479280156 0.367124543976 0.367033570231 0.139651069116 0.144931625797 0.258435897999 0.268885133892 0.141669081203 0.127264920514 0.154197679494 0.134907499401 0.139889993276 0.193740759048 0.0913708879885 0.0853229943088 0.261646404923 0.248488501373 0.274538730315 0.253872988729 0.29038122466 0.455793305295 0.478525313024 
1566 1.0 0.155268549053 0.155268549053 0.270158229481 0.201218218525 0.356298303175 0.213868562952 0.213868562952 0.195135694412 0.195135694412 0.488507283383 0.242455514175 0.245702830895 0.285376758549 0.293703181434 0.0992042313837 0.104078011591 0.150845262646 0.150406758048 0.200725237257 0.193179610609 0.362819576255 0.362819576255 0.156960899304 0.167051515164 0.264600094557 0.277336358501 0.132673953009 0.121227757088 0.150845262646 0.124321142077 0.1300340368 0.195135694412 0.0956449290023 0.0926635082413 0.255261670596 0.235616619842 0.260195028977 0.250363012534 0.299051781964 0.448172570084 0.46775130291 
1582 1.0 0.173250110026 0.173250110026 0.279290386739 0.195503270717 0.357491695026 0.240449397247 0.237643133649 0.207277877654 0.208703000165 0.519480119334 0.254384332174 0.255302579651 0.294780385743 0.300025999913 0.0956136270551 0.101163280692 0.134524064275 0.130401994568 0.198119080471 0.20485526263 0.360273773522 0.360273773522 0.173250110026 0.180482971397 0.281958826837 0.289709090735 0.140091345284 0.12552541681 0.160828587737 0.139645193369 0.134524064275 0.208703000165 0.0852636545993 0.0837871160217 0.262295161888 0.262592380298 0.284876194474 0.251919309569 0.279346239232 0.407763964639 0.443007731574 
1672 1.0 0.186321028213 0.18053814338 0.267060140439 0.192631875704 0.341645007977 0.227433799327 0.249821537073 0.19452486436 0.196104787685 0.540652129533 0.263497725055 0.257350943648 0.305526088797 0.302799538094 0.100144543559 0.0950054558653 0.144990273341 0.145521375022 0.210156758318 0.214516567572 0.363896198918 0.372279589253 0.153392997769 0.157119686704 0.281201444968 0.267348854189 0.135643756008 0.129236314836 0.141625771699 0.141625771699 0.136211305583 0.196104787685 0.0916999004657 0.0862818149504 0.270575656913 0.248505659253 0.272210140619 0.291109009066 0.273905290208 0.47967362739 0.465843973366 
1674 1.0 0.171327902156 0.172182410709 0.251864318326 0.211612886418 0.388720990364 0.223384254362 0.233031140849 0.195343863672 0.208429388725 0.508561449311 0.234774105605 0.229576547612 0.286060025545 0.270772775031 0.110886204289 0.103429342595 0.161731281059 0.149469343899 0.201911869035 0.199474211838 0.391063208187 0.381992496662 0.150772880297 0.160821250998 0.271314260957 0.276493958411 0.142773251796 0.122219240739 0.127700278554 0.118836756728 0.141395985661 0.208429388725 0.0950488194199 0.0999004755715 0.304023227661 0.285603607184 0.298829566171 0.280359556121 0.275074818373 0.452570940245 0.441665771812 
1705 1.0 0.186707526535 0.195049772726 0.265539593294 0.203346084016 0.394182170329 0.208487491023 0.223664530045 0.160155716961 0.151426339538 0.576778499746 0.213585737527 0.218289252985 0.264011716147 0.264011716147 0.105045711385 0.100352280165 0.176078434455 0.175098034661 0.260433844903 0.257375286725 0.401409120659 0.395751234264 0.168943534099 0.139965320447 0.299566450942 0.264760502344 0.144920300901 0.113929183442 0.144920300901 0.130283005644 0.114155608011 0.151426339538 0.12808425958 0.123360307783 0.306721623932 0.298760853956 0.308065672542 0.251146450319 0.238272892759 0.440425778749 0.422511651571 
