14228
14228
18499
14228
14228
18069
21486
17743
23606
16940
18495
14228
14228
14228
14228
26987
18263
22910
21244
14228
20828
18823
22909
14228
18689
18073
21640
22068
24863
14228
14228
14228
18721
22068
23827
17882
19835
14228
21573
24863
14228
20659
14228
24659
14228
18495
21038
14228
19041
19074
17945
14228
14228
18069
14228
14228
14228
18495
15902
14228
23354
22705
22972
14228
25759
16922
14228
19618
14228
14228
21687
19078
18648
23392
22165
14228
19039
14228
14228
18650
20854
16938
26748
26253
14228
14228
14228
18263
14228
17028
14228
20269
25563
17963
18263
17401
20614
19835
22484
20205
16940
15029
17923
20818
18629
18263
22270
22068
22165
25329
14228
17124
17124
14228
20036
25112
23831
23059
24642
14228
14228
14228
17128
20441
17739
14228
17554
22533
14228
19074
19208
14228
22311
20207
18650
22387
14228
18689
17179
17313
14228
14228
17739
23059
21640
19271
14228
19208
22114
14228
18047
16940
14228
14228
19688
24488
22274
22742
16759
19808
22917
20409
24886
20814
19043
22322
19210
21225
14228
14228
14228
19230
14228
22311
14228
14228
22274
14228
14228
21505
14228
17179
14228
14228
14228
16922
17507
22153
14228
20820
24043
14228
14228
14228
14228
18458
14228
19839
22313
19074
18495
20439
25782
17126
25822
22962
19242
21296
14228
14228
18650
14228
14228
14228
22068
16128
16936
22955
14228
14228
21035
14228
17694
17352
24671
14228
16755
14228
14228
16753
22103
18259
14228
17213
18456
22165
21038
21678
14228
14228
24435
21038
26241
21038
22165
14228
14228
20205
14228
14228
21449
14228
14228
14228
21027
17008
14228
18627
17384
14228
25782
14228
18458
19866
19018
22747
14228
20852
26473
18454
22490
19605
15029
19080
14228
15029
17113
21471
21097
20207
18438
20207
19012
14228
14228
14228
18843
14228
20211
21054
19216
14228
14228
14228
24863
17503
14228
24435
14228
19442
14228
22702
14228
14228
21473
16761
14228
14228
24863
19631
14228
22165
14228
23768
19051
19208
18843
20814
17109
14228
20236
14228
20409
14228
14228
14228
23177
18495
14228
17401
14228
14228
14228
14228
14228
18257
14228
14228
14228
14228
17311
14228
19289
14228
14228
14228
18140
14228
15029
14228
14228
14228
14228
20814
14228
14228
24049
14228
14228
26295
14228
17692
22165
14228
14228
18008
24264
14228
14228
14228
21684
14228
19837
23393
21261
14228
14228
14228
21278
14228
21473
24863
22278
14228
14228
14228
14228
16930
24222
17311
18847
24272
17295
19078
19208
17213
22165
14228
17694
18650
24062
15802
19295
17507
14228
21722
22165
22068
14228
14228
20205
19208
22695
18542
14228
17552
14228
21054
14228
14228
22320
19074
19039
14228
14228
19208
14228
17743
14228
21657
25571
19208
14228
14228
19835
14228
14228
14228
17827
25985
19293
14228
14228
17124
14228
21473
17109
19910
14228
14228
22274
14228
18069
17692
20409
19631
21038
23128
16689
17670
21944
14228
18324
21713
14228
26241
17364
17115
14228
25335
14228
17937
22165
14228
20035
20443
14228
14228
18835
14228
14228
14228
14228
16761
17550
14228
16930
14228
22747
25161
25782
14228
14228
14228
14228
14228
14228
14228
14228
22165
14228
14228
17311
15218
20281
14228
14228
14228
14228
22745
14228
25260
17827
14228
22061
14228
17501
19686
24892
17122
18263
22695
22695
14228
14228
24863
20614
19862
16922
24226
14228
14228
18458
14228
16922
19232
22742
21490
22165
24863
14228
14228
22695
24863
16922
14228
24661
15029
14228
18495
14228
14228
14228
20207
15537
14228
18338
14228
14228
17482
17213
17115
18831
14228
20814
20688
14228
18053
14228
20415
14228
14228
14228
14228
21471
14228
25329
21021
14228
21231
18495
22320
18263
14228
14228
14228
21099
18904
22061
19487
14228
14228
26473
23287
16922
14228
21021
18074
15029
21021
17861
24277
14228
18051
14228
14228
18240
18049
14228
20079
14228
25087
24439
24271
14228
14228
23391
14228
20439
21257
14228
14228
14228
18126
14228
21693
16938
18682
14228
14228
14228
18069
20818
19208
14228
25335
14228
21058
14228
22280
14228
14228
21449
18055
14228
14658
14228
14228
14228
17884
21640
18010
18438
19074
20205
20818
14228
24863
22068
17501
17880
14228
22068
25329
16134
19835
14228
17396
25759
19835
21038
25985
21505
21038
19051
14228
14228
22068
17311
14228
17552
14228
14228
21225
14228
18049
21263
17882
21484
25759
14228
23178
17115
25339
14228
17364
14228
19619
22068
20846
25532
16505
17554
22165
21899
20612
18495
16930
14228
23742
17586
16936
21225
23781
14228
14228
14228
17422
16759
18689
14228
14228
14228
14228
23996
25784
18454
15247
14228
14228
14228
21064
25608
14228
22068
14228
14228
14228
18263
21684
16930
16938
20205
14228
24000
14228
14228
14228
18650
25759
14228
14228
17364
17311
15696
14228
21269
19631
16755
18689
14228
19688
18650
18069
19633
15716
16753
16922
22068
20818
14228
22165
14228
14228
22165
21038
25383
20244
18010
23686
14228
24224
14228
25112
17122
25087
18456
17364
14228
22165
22322
16753
14228
24863
14228
14228
22279
14228
14228
21438
14228
14228
14228
24863
22165
14228
14228
14228
14228
14228
14228
21257
14228
14228
14228
14228
22741
20852
17554
14228
17311
24863
17674
14228
17482
15533
14228
20234
14228
20869
19442
17876
22165
21054
17364
24498
19605
14228
14228
18240
14228
21058
14228
14228
17398
24043
22526
14228
23775
14228
22076
18438
21227
14228
18240
24863
22061
14228
21853
16755
19039
23169
20234
26473
26473
14228
14228
14228
14228
14228
21449
20869
14228
14228
22962
21490
14228
16940
17739
14228
14228
22165
14228
22311
19074
16940
18495
18458
20441
17861
14228
23059
22533
14228
16948
14228
17668
17311
14228
14228
24863
22165
14228
20820
20205
19609
21038
17688
19208
21071
24886
18689
14228
14228
14228
14228
24863
14228
14228
14228
14228
14228
14228
14228
22068
19862
17132
14228
14228
21071
14228
14228
14228
14228
14228
18650
18629
14228
19607
19051
18432
16355
14228
22705
14228
17511
19018
14228
20063
14228
22165
21038
20852
24863
19808
17115
14228
20265
15904
22320
20494
14228
14228
18648
14228
23826
14228
21269
22489
17401
14228
14228
14228
14228
14228
14228
14228
22836
17739
14228
14228
16642
14228
22311
18689
14228
14228
14228
23128
14228
21640
23132
15247
22165
14228
23287
15029
18495
14228
20087
17313
14228
14228
20439
16749
19835
14228
16928
14228
26241
14228
14228
14228
14228
19469
14228
14228
21225
20466
17390
18338
18689
24882
19432
14228
14228
20643
19043
20004
22165
23775
14228
21689
14228
14228
14228
23059
14228
16689
18049
14228
22486
14228
21901
14228
15626
23136
14658
14228
16316
14228
20757
25114
23128
22699
21500
17037
14228
14228
20616
20060
20850
14228
24218
17486
24714
14228
21917
18821
14228
17226
17213
17213
17874
23842
21500
22822
18876
24441
17113
22953
14228
23384
14228
20439
14228
15218
14228
18646
14228
20205
26675
22076
18499
17882
17364
20230
21071
21265
26261
14228
21054
20443
14228
21512
14228
14228
14228
22068
14228
14228
19051
14228
18258
23775
14228
19839
14228
22068
14228
14228
14228
14228
14228
22279
14228
14228
18069
17672
22836
14228
17482
14228
24435
14228
18623
20038
14228
14228
14228
16942
14228
14228
14228
14228
14228
14228
19037
14228
14228
26293
17315
19605
14228
19711
22311
19432
14228
18010
14228
19711
18884
22108
19208
19271
16761
21678
19085
20006
23384
14228
19835
20818
14228
14228
20612
22068
14228
14228
14228
22061
21257
14228
14228
18884
14228
14228
14228
20612
17874
14228
14228
14228
18257
18069
14228
20283
17321
20205
26243
20407
22274
17315
20466
22165
22165
23604
14228
21436
18010
14228
21955
24043
14228
14228
19051
14228
16922
14228
14228
14228
24006
14228
14228
14228
20030
18204
14228
14228
14228
14228
14228
14228
14228
14228
14228
17550
17813
19469
14228
16757
19232
24049
14228
14228
16922
16753
16934
22068
14228
14228
19208
14228
14228
21471
17130
14228
14228
16355
14658
14228
17688
14228
22165
14228
14228
14228
14228
14228
14228
26241
14228
14228
16759
14228
14228
14228
14228
14228
14228
19208
14228
14228
21257
14228
17179
14228
14228
14228
23826
14228
20820
17295
18650
14228
18996
14228
22953
16757
14228
14228
20852
14228
14228
19208
25575
17124
17295
23388
14228
25719
14228
22165
23059
14228
19639
14228
14228
22167
14228
17688
22494
15029
22533
14228
14228
17311
14228
20647
20856
19247
14228
14228
19083
21021
14228
20002
14228
14228
14228
14228
14228
21855
19488
14228
24060
23742
21019
21894
23059
17863
14228
14228
14228
25347
14228
21054
14228
20614
14228
14228
14228
24935
14228
23607
18884
19018
14228
14228
14228
14228
14228
14228
23059
20269
24886
22165
14228
20887
14228
14228
21657
14228
14228
14228
14228
14228
14228
14228
14228
19629
14228
14228
20034
14228
20207
14228
17882
22068
14228
23665
19024
14228
14228
20238
14228
19041
21469
20869
20205
14228
20205
20205
22533
22739
17882
14228
16936
24863
18629
14228
21071
22317
24863
24863
20269
14228
14228
14228
17867
20236
14228
21678
25782
14228
14228
19208
14228
22311
15029
14228
14228
20822
14228
14228
22165
25087
25347
20852
17869
14228
14228
17126
21225
14228
24863
17380
19487
20205
14228
14228
19605
26473
14228
21699
23386
20837
22068
24268
18884
23775
21265
18458
19835
19835
17115
15216
14228
14228
14228
18053
22738
14228
14228
14228
14228
17486
20207
21919
14228
14228
14228
18733
14228
14228
14228
14228
14228
14228
19409
18627
14228
14228
14228
14228
14228
14228
16269
14228
17106
14228
19018
15626
26473
14228
14228
14228
14228
14228
24045
14228
14228
14228
19484
14228
17029
18689
14228
16250
14228
14228
14228
17863
17126
14228
21052
17115
18650
19234
14228
19607
19051
14228
14228
14228
14228
14228
20036
24435
14228
14228
14228
20207
21038
22490
25725
18316
14228
14228
23287
14228
21486
21225
22165
22953
20643
25160
20032
18259
22165
19407
25329
14228
14228
14228
16654
14228
25029
22165
19434
23615
14228
21257
14228
22524
14228
17364
20814
21467
15029
15589
25611
14228
14228
14228
20856
22165
19438
15029
14228
26987
14228
16505
14228
19635
21054
22913
23287
14228
17863
18458
18434
19039
19835
14228
14228
14228
14228
14228
14228
17501
14228
18908
24880
14228
21640
22165
19051
17739
25164
14228
16940
14228
14228
14228
14228
14228
14228
14228
14228
14228
15533
14228
21434
16759
22165
26473
21025
18010
14658
14228
14228
25087
14228
23783
19835
16926
21955
14228
14228
15029
14228
17503
14228
16318
22695
14228
14228
14228
14228
14228
14228
14228
22165
23611
22956
18495
19210
18886
17874
17497
14228
21021
21451
21278
17672
