2.06200003624
2.03399991989
1.96700000763
2.92000007629
2.59599995613
3.15300011635
2.66199994087
2.0
2.63700008392
2.49699997902
2.39800000191
1.89699983597
1.79600000381
2.33999991417
2.39599990845
2.24400019646
2.17999982834
1.84500002861
1.78900003433
1.87199997902
2.03500008583
2.00999999046
1.85599994659
1.9470000267
1.9359998703
2.05200004578
2.0039999485
1.91300010681
1.90199995041
1.83999991417
1.90499997139
1.98600006104
1.9430000782
1.87399983406
2.03100013733
1.79299998283
1.96900010109
1.87699985504
2.06299996376
2.05400013924
1.99699997902
1.90400004387
2.14299988747
2.11500000954
2.30999994278
2.33800005913
2.23799991608
2.09899997711
2.07300019264
2.51799988747
2.18300008774
1.80499982834
1.75500011444
1.76699995995
1.76699995995
1.79299998283
2.2460000515
2.03100013733
2.52500009537
2.02599978447
2.26999998093
1.81300020218
1.7619998455
1.73200011253
1.78299999237
1.73399996758
1.75600004196
1.74499988556
1.76200008392
1.81900000572
2.23099994659
2.42199993134
2.34500002861
2.43099999428
2.02500009537
1.99000000954
2.05200004578
2.15400004387
2.01299977303
2.04200005531
2.16299986839
2.42900013924
2.47599983215
2.18799996376
2.02800011635
2.04600000381
2.15700006485
2.34399986267
2.00400018692
2.00899982452
2.33200001717
2.30900001526
2.37700009346
2.34399986267
2.57700014114
2.41799998283
2.33500003815
1.96300005913
1.97899985313
2.13500022888
2.20699977875
2.33300018311
2.60500001907
2.76699995995
2.11400008202
2.132999897
1.92700004578
2.10100007057
2.10500001907
1.91199994087
2.02200007439
2.08499979973
2.5720000267
2.06299996376
3.32800006866
2.40000009537
2.1970000267
2.12299990654
2.11500000954
2.04800009727
2.05200004578
2.01099991798
2.1289999485
2.07299995422
2.09800004959
2.09700012207
2.05799984932
2.1130001545
2.10099983215
2.01999998093
2.11900019646
2.08599996567
2.04399991035
2.15499997139
2.03400015831
2.12399983406
2.09700012207
2.08599996567
2.08299994469
2.0640001297
2.18400001526
2.00900006294
2.0720000267
2.007999897
2.10000014305
2.1179997921
1.98900008202
2.08800005913
2.03099989891
2.27300000191
2.37000012398
2.21899986267
1.99699997902
1.99700021744
2.02099990845
2.0
2.05100011826
2.00300002098
1.99300003052
2.06699991226
2.08400011063
2.10500001907
2.03399991989
2.05800008774
2.04099988937
1.992000103
1.99399995804
2.08700013161
2.06999993324
2.04800009727
2.0759999752
2.1130001545
2.13499999046
2.63800001144
2.03099989891
2.04200005531
2.40999984741
2.11400008202
2.22600007057
2.05499982834
2.09999990463
2.08200001717
2.08899998665
2.12000012398
2.10500001907
2.07899999619
2.06599998474
2.08599996567
2.20199990273
2.03399991989
2.13400006294
2.08000016212
2.26699995995
2.06299996376
2.15599989891
2.10700011253
1.99799990654
2.06900000572
2.08000016212
2.13400006294
2.01699995995
2.15599989891
2.14700007439
1.9960000515
2.02099990845
2.31399989128
2.48600006104
2.33599996567
2.01400017738
2.05099987984
2.28199982643
2.22500014305
2.30500006676
2.3149998188
2.13499999046
2.11199998856
2.09400010109
2.08500003815
2.14400005341
2.04399991035
2.11400008202
2.03600001335
2.06299996376
2.0649998188
2.00400018692
1.99399995804
2.00099992752
2.07300019264
2.0759999752
2.132999897
2.18700003624
2.08800005913
2.24300003052
2.14199995995
2.23300004005
3.04100012779
2.59099984169
4.95300006866
3.7009999752
3.46600008011
3.09699988365
3.20300006866
3.69600009918
4.96799993515
5.78399991989
4.367000103
5.74300003052
5.36800003052
5.16199994087
5.06900000572
5.43300008774
7.51499986649
9.17100000381
10.5199999809
9.31700015068
5.0609998703
5.65100002289
5.39599990845
4.91900014877
5.78299999237
5.51499986649
6.82899999619
9.33600020409
10.5429999828
10.5
10.2089998722
11.6500000954
6.1099998951
9.72300004959
9.01600003242
9.64699983597
9.99800014496
10.6759998798
8.5490000248
5.01699995995
5.0609998703
5.53800010681
4.14400005341
3.69599986076
3.8860001564
3.65199995041
3.38499999046
7.04800009727
9.03199982643
9.53700017929
9.82899999619
6.34299993515
7.28200006485
10.8269999027
9.93299984932
10.1930000782
9.60300016403
5.56799983978
7.57700014114
11.7489998341
9.22800016403
7.00499987602
9.87599992752
9.882999897
7.56599998474
4.65799999237
4.59100008011
5.382999897
4.96399998665
7.63300013542
10.7379999161
10.1740000248
10.6779999733
4.83399987221
7.11500000954
9.71399998665
8.88199996948
9.29600000381
6.88199996948
10.5650000572
10.4290001392
11.3539998531
10.2620000839
11.8469998837
12.6429998875
11.7820000648
10.5789999962
9.97900009155
9.95799994469
9.44799995422
9.88000011444
10.7300000191
10.9809999466
9.91400003433
5.64800000191
4.96900010109
5.87999987602
4.632999897
3.48600006104
3.60000014305
2.64199995995
2.41199994087
2.38100004196
2.83899998665
2.43499994278
2.8900001049
2.71000003815
2.32699990273
2.20499992371
2.29299998283
2.2650001049
2.21599984169
2.21000003815
2.24000000954
2.20500016212
2.18799996376
2.24000000954
2.39700007439
2.32399988174
2.35199999809
2.23200011253
2.22399997711
2.31700015068
2.4319999218
2.58500003815
2.24899983406
2.24300003052
2.25299978256
2.25
2.20300006866
2.32400012016
2.33699989319
2.26399993896
2.25300002098
2.33100008965
2.30399990082
2.25100016594
2.20899987221
2.31900000572
2.20700001717
2.43099999428
2.22699999809
2.20799994469
2.1740000248
2.21500015259
2.17999982834
2.31599998474
2.41100001335
2.15600013733
2.15499997139
2.13100004196
2.19099998474
2.18099999428
2.10599994659
2.19199991226
2.24000000954
2.18799996376
2.23200011253
2.20399999619
2.25200009346
2.19099998474
3.00699996948
2.36500000954
2.21300005913
2.28699994087
2.48099994659
2.52700018883
2.23999977112
2.31100010872
2.34800004959
2.22300004959
2.18299984932
2.23300004005
2.18799996376
2.19199991226
2.19000005722
2.18400001526
2.23300004005
2.16499996185
2.2009999752
2.17499995232
2.15100002289
2.26300001144
2.13499999046
2.20900011063
2.21499991417
2.27900004387
2.79499983788
2.84400010109
2.51200008392
3.00199985504
2.58700013161
2.62399983406
2.44200015068
2.73199987411
2.31300020218
2.22600007057
2.257999897
2.22800016403
2.18499994278
2.23199987411
2.24399995804
2.21700000763
2.24199986458
2.21300005913
2.18600010872
2.19899988174
2.28100013733
2.24699997902
2.20199990273
2.20300006866
2.22099995613
2.37299990654
2.10400009155
2.19899988174
2.16700005531
2.13999986649
2.21100020409
2.20199990273
2.21499991417
2.18400001526
2.15400004387
2.26800012589
2.17599987984
2.20000004768
2.39600014687
2.13199996948
2.27799987793
2.13100004196
2.20399999619
2.17200016975
2.19299983978
2.1970000267
2.15700006485
2.15799999237
2.16400003433
2.1970000267
2.27099990845
3.10199999809
2.46399998665
2.20900011063
2.20599985123
2.20800018311
2.31399989128
2.22600007057
2.21600008011
2.18299984932
2.20399999619
2.19900012016
2.24899983406
2.17899990082
2.21900010109
2.26600003242
2.20599985123
2.24800014496
2.16199994087
2.34299993515
2.68800020218
2.19599986076
2.18799996376
2.19500017166
2.21599984169
2.23300004005
2.19900012016
2.20300006866
2.26899981499
2.21199989319
2.17300009727
2.22300004959
2.20799994469
2.38100004196
2.17499995232
2.23500013351
2.51600003242
2.3599998951
2.15600013733
2.25499987602
2.1890001297
2.16100001335
2.45200014114
2.1289999485
2.18700003624
2.25699996948
2.20000004768
2.1939997673
2.15100002289
2.12800002098
2.1360001564
2.19099998474
2.11299991608
2.21300005913
2.15799999237
2.19099998474
2.18099999428
2.14800000191
2.13499999046
2.39800000191
2.9390001297
2.25600004196
2.16100001335
2.22499990463
2.3029999733
2.19099998474
2.30099987984
2.20399999619
2.1369998455
2.15200018883
2.16799998283
2.18799996376
2.13300013542
2.80199980736
2.47900009155
2.13499999046
2.47600007057
2.47399997711
2.97200012207
2.50999999046
2.25099992752
2.20399999619
2.26099991798
2.23200011253
2.21099996567
2.18499994278
2.19400000572
2.20000004768
2.63000011444
2.19899988174
2.19600009918
2.1369998455
2.17100000381
2.21800017357
2.15499997139
2.21399998665
2.15100002289
2.11500000954
2.16399979591
2.1210000515
2.13100004196
2.16100001335
2.17300009727
2.13099980354
2.26600003242
2.18299984932
2.16100001335
2.1970000267
2.23300004005
2.26599979401
2.15799999237
2.11500000954
2.21499991417
2.242000103
2.5
2.15799999237
2.18000006676
2.18700003624
2.16199994087
2.757999897
2.18700003624
2.17900013924
2.17199993134
2.16400003433
2.13599991798
2.16299986839
2.1819999218
2.14800000191
2.26900005341
2.17700004578
2.19199991226
2.1779999733
2.11400008202
2.18300008774
2.15100002289
2.1740000248
2.15299987793
2.18799996376
2.14600014687
2.19400000572
2.15700006485
2.25099992752
2.13499999046
2.16899991035
2.19499993324
2.21000003815
2.17299985886
2.17200016975
2.24300003052
2.17999982834
2.20500016212
2.23099994659
2.1740000248
2.20799994469
2.28200006485
2.21499991417
2.14300012589
2.12700009346
2.17499995232
2.19899988174
2.14900016785
2.18099999428
2.16799998283
2.23799991608
2.14600014687
2.23300004005
2.1369998455
2.21099996567
2.15200018883
2.12599992752
2.20600008965
2.18899989128
2.32899999619
2.13100004196
2.18300008774
2.20799994469
2.17299985886
2.22800016403
2.46599984169
2.20700001717
2.18499994278
2.15600013733
2.20899987221
2.18600010872
2.14199995995
2.15400004387
2.15100002289
2.17899990082
2.22000002861
2.17000007629
2.18000006676
2.17599987984
2.17499995232
2.13000011444
2.12399983406
2.21600008011
2.22099995613
2.20300006866
2.63900017738
2.30499982834
2.20600008965
2.21000003815
2.18700003624
2.1819999218
2.24399995804
2.23600006104
2.28600001335
2.15100002289
2.14400005341
2.1779999733
2.22099995613
2.25499987602
2.18099999428
2.23000001907
2.28299999237
2.17100000381
2.22899985313
2.17499995232
2.19099998474
2.26200008392
2.15500020981
2.23399996758
2.15699982643
2.10700011253
2.18499994278
2.20900011063
2.11699986458
2.14600014687
2.26799988747
2.6890001297
2.22399997711
2.20799994469
2.36299991608
2.46799993515
2.25600004196
2.23600006104
2.22399997711
2.32100009918
2.24199986458
2.60800004005
2.4509999752
3.30599999428
2.18000006676
2.45399999619
2.58299994469
2.32800006866
2.0720000267
2.64299988747
3.47200012207
2.4509999752
2.86699986458
2.45800018311
2.53900003433
2.27999997139
2.20999979973
2.23200011253
2.19400000572
2.30400013924
2.19299983978
2.26200008392
2.21000003815
2.2009999752
2.16100001335
2.1819999218
2.15499997139
2.16299986839
2.36000013351
2.16799998283
2.59599995613
2.18700003624
2.22699999809
2.17199993134
2.24900007248
2.23300004005
2.17499995232
2.17199993134
2.14800000191
2.23300004005
2.15000009537
2.25800013542
2.1859998703
2.2460000515
2.13800001144
2.17900013924
2.32299995422
2.13199996948
2.20899987221
2.15799999237
2.11699986458
2.22599983215
2.15000009537
2.18400001526
2.20300006866
2.16999983788
2.21899986267
2.15499997139
2.21799993515
2.12400007248
2.30200004578
2.47099995613
2.46200013161
2.25600004196
2.19899988174
2.21299982071
2.16400003433
2.39499998093
2.27500009537
2.24399995804
2.15700006485
2.26399993896
2.35899996758
2.38199996948
2.18700003624
2.18499994278
2.13899993896
2.15899991989
2.17200016975
2.12799978256
2.16700005531
2.18299984932
2.1400001049
2.24199986458
2.37400007248
2.17899990082
2.28499984741
2.16900014877
2.26899981499
2.28400015831
2.19199991226
3.08899998665
2.21600008011
2.24799990654
2.23200011253
2.17299985886
2.1970000267
2.18600010872
2.23000001907
2.18700003624
2.22099995613
2.23399996758
2.40899991989
2.26200008392
2.26200008392
2.22299981117
2.21399998665
2.26300001144
2.35100007057
2.15499997139
2.56599998474
2.74000000954
2.19400000572
2.14699983597
2.17199993134
2.27500009537
2.12000012398
2.16599988937
2.20799994469
2.15700006485
2.2009999752
2.1930000782
2.18700003624
2.25099992752
2.21600008011
2.19599986076
2.16600012779
2.12400007248
2.16599988937
2.1930000782
2.24499988556
2.19799995422
2.19000005722
2.13899993896
2.21100020409
2.30799984932
2.15700006485
2.16000008583
2.17299985886
2.2009999752
2.54699993134
2.21000003815
2.31999993324
2.19499993324
2.16600012779
2.30399990082
2.19900012016
2.48600006104
2.46499991417
2.24500012398
2.13899993896
2.13700008392
2.23399996758
2.18899989128
2.25200009346
2.15499997139
2.16799998283
2.20799994469
2.20500016212
2.22399997711
2.22199988365
2.20399999619
2.11800003052
2.14499998093
2.18499994278
2.19800019264
2.24199986458
2.13399982452
2.20199990273
2.43000006676
2.13199996948
2.25300002098
2.17499995232
2.2009999752
2.20700001717
2.22099995613
2.22400021553
2.2009999752
2.20299983025
2.14600014687
2.34899997711
2.17700004578
2.13499999046
2.2460000515
2.17599987984
2.20799994469
2.20600008965
2.17899990082
2.20600008965
2.14299988747
2.18600010872
2.12700009346
2.19299983978
2.17100000381
2.23300004005
2.17499995232
2.1930000782
2.18300008774
2.47799992561
2.72099995613
2.23900008202
2.02199983597
1.81999993324
1.77300000191
1.78800010681
1.91599988937
2.05400013924
3.96799993515
3.34599995613
2.58600020409
2.26799988747
2.34800004959
2.42700004578
1.91899991035
2.02399992943
2.19099998474
1.93600010872
2.43000006676
2.30399990082
2.26699995995
2.24199986458
2.26800012589
2.33899998665
2.20700001717
3.13199996948
2.86999988556
2.62300014496
2.37999987602
2.29000020027
2.28999996185
2.41799998283
3.03699994087
2.26300001144
2.07899999619
1.96600008011
2.06799983978
1.88400006294
1.75600004196
1.87800002098
1.89400005341
1.93799996376
2.52300000191
2.35299992561
2.41100001335
2.19000005722
2.13000011444
2.13800001144
2.132999897
2.02900004387
2.0119998455
2.00300002098
1.94900012016
1.96399998665
1.95700001717
2.00900006294
1.95299983025
1.93000006676
1.94899988174
1.97800016403
1.93099999428
1.97199988365
1.94600009918
1.94400000572
1.93700003624
1.96299982071
1.94599986076
2.00100016594
2.04399991035
1.96000003815
2.20700001717
1.98600006104
2.2009999752
2.22899985313
2.19099998474
2.00800013542
2.00699996948
1.98399996758
1.98399996758
2.33000016212
2.27999997139
1.99699997902
1.98600006104
2.00499987602
2.01400017738
2.00499987602
2.04399991035
2.01300001144
2.00999999046
1.992000103
2.0490000248
1.96199989319
1.99900007248
2.21600008011
2.36299991608
2.02699995041
1.90999984741
1.97500014305
1.95799994469
1.92299985886
1.95900011063
1.94000005722
1.92599987984
1.95700001717
1.96099996567
2.04799985886
2.10299992561
1.93400001526
1.92700004578
1.97099995613
1.99300003052
1.95399999619
1.96199989319
1.91899991035
1.96000003815
1.97099995613
1.95199990273
2.04100012779
1.95899987221
1.92800021172
1.99499988556
1.96499991417
2.00800013542
1.96799993515
1.92700004578
1.92300009727
1.97300004959
1.96799993515
1.91700005531
1.96299982071
1.96200013161
1.93099999428
1.98000001907
1.9359998703
1.91300010681
1.94499993324
1.95600008965
1.96499991417
1.96900010109
1.93600010872
2.20700001717
1.9240000248
1.95799994469
1.95899987221
1.97500014305
1.9880001545
2.07399988174
1.95199990273
1.91800022125
1.94899988174
1.98300004005
2.48000001907
2.60199999809
2.17899990082
1.91300010681
1.96599984169
1.95900011063
1.90100002289
1.92700004578
1.89599990845
1.88000011444
1.94599986076
1.96099996567
1.96700000763
1.93000006676
1.94499993324
1.94299983978
1.98099994659
1.97800016403
1.95000004768
1.93399977684
1.90100002289
1.99699997902
1.93299984932
1.91699981689
1.93200016022
1.92899990082
1.91100001335
1.9240000248
1.91199994087
1.96099996567
1.95499992371
1.93799996376
1.94200015068
1.87699985504
1.92900013924
1.98599982262
1.93799996376
1.92599987984
1.91200017929
1.92100000381
1.89499998093
1.89499998093
1.95700001717
1.9359998703
1.89699983597
1.90199995041
1.9430000782
1.90300011635
1.98599982262
1.92199993134
1.87400007248
1.90899991989
1.90599989891
1.90200018883
1.94299983978
1.93300008774
1.875
1.90899991989
1.93099999428
1.87999987602
1.91499996185
1.99199986458
1.90199995041
1.90799999237
1.9390001297
1.93700003624
1.91899991035
1.90799999237
1.95200014114
1.9279999733
1.94799995422
1.90499997139
1.92900013924
2.08699989319
1.89200019836
2.01599979401
1.93600010872
1.88499999046
1.90799999237
1.95700001717
1.93499994278
1.90900015831
1.90700006485
1.89399981499
1.90200018883
1.93699979782
1.92499995232
1.9279999733
1.90799999237
1.92500019073
1.92499995232
1.94199991226
1.94000005722
1.91400003433
1.93499994278
1.88199996948
1.90899991989
1.90299987793
1.94500017166
1.98699998856
2.20899987221
1.92499995232
1.93600010872
1.93499994278
2.03100013733
1.91699981689
1.92900013924
1.92199993134
1.88000011444
1.91799998283
1.94199991226
1.95000004768
1.93499994278
1.94799995422
1.8860001564
1.92100000381
1.9509999752
1.92300009727
1.90599989891
1.88199996948
2.72500014305
2.56799983978
2.15200018883
2.17100000381
2.20499992371
2.54699993134
3.02699995041
4.41300010681
3.0720000267
3.24499988556
3.26600003242
3.0039999485
2.97699999809
3.02100014687
2.82800006866
2.78599977493
2.88400006294
2.81500005722
2.83200001717
3.15100002289
2.92700004578
2.96599984169
2.81299996376
2.80599999428
2.91199994087
2.96900010109
2.72399997711
3.10399985313
3.04800009727
2.99099993706
3.22800016403
3.13100004196
3.16899991035
2.84699988365
3.1360001564
3.03200006485
2.87799978256
2.95299983025
2.83400011063
2.83100008965
2.87999987602
2.98900008202
2.86299991608
2.87700009346
3.09599995613
2.85500001907
2.99800014496
3.45499992371
3.22799992561
3.5680000782
2.9279999733
2.92599987984
3.36200022697
3.9399998188
3.54200005531
3.58100008965
3.09899997711
3.16799998283
3.22399997711
3.15899991989
2.99699997902
3.02900004387
2.95599985123
2.99900007248
3.02600002289
3.04999995232
3.47099995613
3.69900012016
3.52999997139
3.28399991989
3.28399991989
3.13899993896
3.34400010109
3.83599996567
4.03900003433
3.632999897
2.90000009537
2.84899997711
3.15000009537
3.2349998951
3.08200001717
3.70000004768
3.29699993134
3.54299998283
3.125
2.38199996948
2.05800008774
1.87699985504
2.28500008583
2.12800002098
2.12199997902
2.14800000191
1.96600008011
1.91199994087
1.8259999752
1.79100012779
1.96700000763
2.04200005531
1.80999994278
1.81200003624
1.80800008774
1.79500007629
1.79600000381
1.80199980736
1.82000017166
1.77799987793
1.73399996758
1.75999999046
1.71800017357
1.74399995804
1.742000103
1.79499983788
1.95300006866
1.99500012398
2.04199981689
1.86899995804
1.9390001297
3.21499991417
4.15200018883
2.79699993134
2.62299990654
2.39099979401
2.31100010872
2.59299993515
2.47399997711
2.45200014114
2.21199989319
2.15899991989
2.20300006866
2.15499997139
2.09999990463
2.22099995613
2.47200012207
2.49300003052
2.43399977684
2.64300012589
2.65599989891
2.39800000191
2.59500002861
2.84100008011
2.35299992561
2.13100004196
2.11100006104
2.14899992943
2.11899995804
2.16600012779
2.10100007057
2.11800003052
2.12999987602
2.11599993706
2.10800004005
2.10899996758
2.09500002861
2.1400001049
2.1289999485
2.2009999752
2.17000007629
2.3259999752
2.10899996758
2.16400003433
2.17300009727
2.83500003815
2.41599988937
2.09500002861
2.18400001526
2.66499996185
2.19900012016
2.02300000191
1.93299984932
2.02300000191
1.97500014305
2.30199980736
2.14499998093
2.18300008774
2.17499995232
2.08200001717
2.2009999752
2.11500000954
2.16799998283
2.10400009155
2.15199995041
2.07700014114
2.11500000954
2.1740000248
2.18299984932
2.14700007439
2.13300013542
2.09799981117
2.14499998093
2.08899998665
2.17000007629
2.09500002861
2.19900012016
2.15599989891
2.06500005722
2.16100001335
2.13899993896
2.14299988747
2.16000008583
2.10500001907
2.16199994087
2.1360001564
2.14400005341
2.16899991035
2.20399999619
2.1930000782
2.13800001144
2.17100000381
2.24399995804
2.14899992943
2.10199999809
2.39899992943
2.1400001049
2.15000009537
2.18799996376
2.16699981689
2.17800021172
2.1819999218
2.18899989128
2.20600008965
2.16300010681
2.24799990654
2.21199989319
2.19900012016
2.15499997139
2.21199989319
2.19799995422
2.19400000572
2.19899988174
2.17500019073
2.13999986649
2.17100000381
2.17499995232
2.16400003433
2.17499995232
2.18400001526
2.1779999733
2.18000006676
2.15600013733
2.14899992943
2.09699988365
2.11600017548
2.08699989319
2.15900015831
2.1139998436
2.10400009155
2.09200000763
2.06699991226
2.07500004768
2.16700005531
2.10599994659
2.1400001049
2.10599994659
2.20300006866
2.23600006104
2.50099992752
2.40899991989
2.15799999237
2.30800008774
2.05599999428
2.08799982071
2.18200016022
2.14199995995
2.11599993706
2.11299991608
2.10100007057
2.20499992371
2.09800004959
2.17700004578
2.12599992752
2.10699987411
2.18600010872
2.09200000763
2.13599991798
2.17900013924
2.14400005341
2.07299995422
2.15299987793
2.16900014877
2.09500002861
2.15799999237
2.10299992561
2.30800008774
2.15299987793
2.2650001049
2.08399987221
2.18400001526
2.19400000572
2.32700014114
2.13399982452
2.13100004196
2.09800004959
2.16000008583
2.03099989891
2.08700013161
2.08999991417
2.09499979019
2.72800016403
1.9509999752
2.19099998474
2.0110001564
2.44799995422
1.77600002289
1.94600009918
1.86599993706
1.88199996948
1.88400006294
1.81699991226
1.78800010681
1.77600002289
1.78999996185
1.86299991608
1.86100006104
1.77099990845
1.7610001564
1.7959997654
1.76600003242
1.76300001144
1.72800016403
1.76899981499
1.76400017738
1.77300000191
1.76300001144
1.71499991417
1.71000003815
1.67199993134
1.69000005722
1.75300002098
1.76699995995
1.76499986649
1.7610001564
1.71499991417
1.80900001526
1.78399991989
1.7570002079
1.79199981689
1.73300004005
1.81300020218
1.77099990845
1.79200005531
1.74799990654
1.77500009537
1.75199985504
1.73300004005
1.6930000782
1.70899987221
1.71700000763
1.69099998474
1.71700000763
1.70900011063
1.69199991226
1.83599996567
1.71000003815
1.70399999619
1.7009999752
1.7349998951
1.70900011063
1.71799993515
1.71700000763
1.69400000572
1.6970000267
1.71099996567
1.76300001144
2.21399998665
3.00600004196
2.9319999218
3.77000021935
2.39499998093
2.47199988365
1.90799999237
3.06699991226
2.31600022316
2.49899983406
2.80599999428
2.82800006866
3.09999990463
3.15300011635
2.882999897
2.60100007057
3.96199989319
3.2650001049
2.97900009155
2.96799993515
3.42000007629
3.17899990082
3.3180000782
3.29800009727
3.18499994278
3.10299992561
3.14499998093
3.06299996376
3.4319999218
3.56699991226
3.06900000572
3.09500002861
3.20600008965
3.27499985695
3.17000007629
3.32500004768
2.27600002289
2.35500001907
2.42000007629
2.05099987984
2.14199995995
2.08899998665
2.11600017548
2.46799993515
2.3900001049
2.56299996376
2.56200003624
1.97099995613
2.18499994278
3.52699995041
3.08599996567
3.21300005913
3.3220000267
3.7460000515
3.21399998665
2.00999999046
2.02499985695
2.23000001907
3.40400004387
3.84299993515
3.12000012398
3.30800008774
1.98599982262
1.95200014114
1.95299983025
1.95399999619
2.48200011253
3.24099993706
3.22200012207
3.19799995422
3.32800006866
2.56900000572
2.46199989319
2.52300000191
2.47499990463
2.43099999428
2.55400013924
2.48600006104
2.44499993324
2.45499992371
2.49000000954
2.39299988747
2.4279999733
2.3710000515
2.38199996948
2.38499999046
2.44099998474
2.4319999218
2.35299992561
2.40100002289
2.4240000248
2.48600006104
2.52300000191
2.74899983406
3.23500013351
3.17599987984
3.12300014496
3.33599996567
3.15499997139
3.37000012398
3.38099980354
3.18400001526
2.96300005913
2.90400004387
3.3599998951
3.65200018883
3.33200001717
3.23099994659
3.27300000191
3.46199989319
3.41799998283
3.29799985886
3.24800014496
3.18299984932
3.28500008583
3.31399989128
3.30200004578
3.19600009918
2.98000001907
3.07299995422
3.24699997902
3.9319999218
3.61500000954
3.52900004387
3.28900003433
3.15799999237
2.05599999428
2.03200006485
2.09999990463
2.08500003815
1.97000002861
2.07799983025
2.10300016403
2.19199991226
2.60199999809
2.24000000954
2.03999996185
2.18400001526
2.31299996376
1.95899987221
2.30599999428
3.53800010681
3.03499984741
