2.78600001335
2.3900001049
2.35800004005
2.33699989319
2.22799992561
2.63400006294
2.125
2.24899983406
2.15100002289
2.1400001049
2.23000001907
2.33099985123
2.10399985313
2.08399987221
2.12600016594
2.26900005341
2.11999988556
2.59700012207
2.50200009346
2.44500017166
2.74300003052
2.27600002289
2.20000004768
2.50999999046
2.16100001335
2.23199987411
2.30500006676
2.38199996948
2.36999988556
2.54000020027
2.46099996567
2.65400004387
2.1970000267
2.4509999752
2.15200018883
2.63999986649
2.15499997139
2.10100007057
2.36999988556
2.27499985695
2.53399991989
2.87700009346
2.30099987984
2.15199995041
2.10800004005
2.1099998951
2.43400001526
2.40500020981
2.27800011635
2.96399998665
2.29799985886
2.46600008011
2.38000011444
1.97800016403
1.99500012398
2.00199985504
2.07800006866
1.94699978828
2.00899982452
1.92599987984
2.12299990654
2.01699995995
1.94599986076
1.96399998665
1.95300006866
1.9359998703
1.93899989128
1.94999980927
1.94099998474
2.15199995041
1.9359998703
1.95700001717
1.91700005531
1.94799995422
2.03600001335
1.93899989128
1.94199991226
1.96499991417
1.93200016022
1.91000008583
1.97699999809
1.98799991608
1.94100022316
2.0039999485
2.05099987984
1.94299983978
1.93700003624
1.90700006485
1.96500015259
1.94600009918
1.93899989128
1.96700000763
1.96099996567
1.91499996185
1.93300008774
1.93700003624
1.95700001717
1.95200014114
1.93700003624
1.93099999428
1.97000002861
1.94500017166
1.9849998951
1.99099993706
1.91899991035
1.93600010872
2.08799982071
1.98399996758
2.00500011444
1.98400020599
2.01900005341
1.91199994087
2.22799992561
1.96499991417
2.08500003815
2.11000013351
2.33599996567
1.94400000572
1.96000003815
1.94400000572
1.98200011253
1.97500014305
1.92000007629
2.02600002289
1.97500014305
1.93299984932
1.95599985123
1.97699999809
2.02500009537
1.93099999428
2.05999994278
2.04200005531
1.93700003624
2.02300000191
2.29600000381
2.03799986839
2.02900004387
2.00800013542
2.30300021172
1.96099996567
2.09899997711
2.0
1.98399996758
2.00199985504
1.94899988174
1.9390001297
2.22000002861
1.97199988365
1.97099995613
2.24000000954
1.96499991417
1.99300003052
2.0110001564
1.95399999619
2.00200009346
1.92899990082
2.21399998665
1.94099998474
1.97300004959
2.2349998951
1.94699978828
1.95199990273
1.93800020218
1.9430000782
1.9430000782
1.95399999619
1.94199991226
2.1130001545
1.95899987221
1.95399999619
2.10400009155
1.96300005913
1.98099994659
1.97300004959
1.95800018311
1.99799990654
1.94999980927
1.93099999428
2.03299999237
2.00699996948
1.96900010109
1.96899986267
1.98600006104
1.95599985123
1.97800016403
1.96000003815
2.21900010109
2.01600003242
1.96099996567
2.03100013733
1.94799995422
1.9470000267
1.93400001526
1.96399998665
1.9359998703
2.04799985886
2.00900006294
2.06900000572
1.92700004578
2.14499998093
2.02500009537
1.91799998283
1.95300006866
2.02699995041
1.94799995422
1.95399999619
1.93099999428
2.16499996185
1.9849998951
1.94899988174
1.92300009727
1.93200016022
1.92700004578
1.95200014114
2.02399992943
2.13899993896
1.91400003433
1.91899991035
1.94099998474
1.96300005913
2.08200001717
1.92499995232
1.95900011063
1.94899988174
1.9390001297
1.9319999218
1.91900014877
1.95200014114
1.96199989319
1.92599987984
1.96300005913
2.0490000248
1.93000006676
1.93600010872
1.98199987411
1.9960000515
1.99899983406
1.93799996376
1.992000103
2.26200008392
2.1210000515
1.95499992371
1.94799995422
1.95300006866
2.0720000267
1.9509999752
1.94099998474
1.92999982834
1.95399999619
1.95399999619
1.94900012016
1.96200013161
1.96000003815
2.09299993515
1.98199987411
1.96299982071
1.94799995422
1.95599985123
1.91799998283
2.21199989319
1.96399998665
1.9849998951
1.94500017166
2.23099994659
1.9430000782
1.99199986458
1.98300004005
2.02399992943
2.03900003433
1.90899991989
1.94799995422
1.93699979782
1.93700003624
1.94599986076
1.97200012207
2.01499986649
1.93700003624
1.92999982834
1.93300008774
1.94000005722
1.96000003815
1.9889998436
1.94499993324
1.9470000267
1.98400020599
1.98500013351
2.0119998455
1.992000103
2.00899982452
2.08299994469
1.92700004578
1.95700001717
1.94799995422
1.9470000267
2.11899995804
1.9240000248
1.95499992371
1.96000003815
1.97300004959
1.97600007057
1.94499993324
2.01699995995
1.99000000954
1.96099996567
2.05500006676
1.94200015068
1.94500017166
1.99900007248
1.94000005722
1.91299986839
1.96199989319
1.94000005722
1.96799993515
1.94499993324
1.95799994469
1.9430000782
1.91899991035
1.92699980736
1.94499993324
1.96399998665
1.91599988937
1.96000003815
1.94499993324
1.9430000782
1.96100020409
1.94099998474
1.95700001717
1.94000005722
1.95399999619
1.94400000572
1.94000005722
1.93799996376
1.94099998474
1.93700003624
1.94600009918
2.11199998856
2.11299991608
1.96200013161
1.96000003815
2.11800003052
1.92899990082
1.94200015068
1.94900012016
2.0609998703
1.96900010109
1.95499992371
1.95399999619
1.93600010872
1.94600009918
2.07400012016
2.12599992752
1.95200014114
1.9470000267
1.97300004959
1.95499992371
2.04600000381
2.06100010872
1.9350001812
1.95399999619
1.94900012016
1.95399999619
1.95899987221
2.1779999733
1.96800017357
1.9470000267
2.02699995041
1.96099996567
1.95500016212
1.94099998474
1.96900010109
1.94000005722
2.01300001144
1.93799996376
1.96399998665
1.9359998703
1.96199989319
2.16300010681
1.95700001717
1.97099995613
1.95600008965
1.9319999218
2.03799986839
1.98699998856
1.97000002861
1.94799995422
2.06599998474
1.93700003624
1.93499994278
1.92700004578
1.92500019073
1.96700000763
1.94799995422
1.94299983978
1.96300005913
1.98099994659
1.97500014305
1.96799993515
1.92600011826
1.97199988365
1.96900010109
2.19799995422
2.0110001564
1.98099994659
1.96099996567
1.97000002861
1.97599983215
2.06500005722
2.12700009346
1.96900010109
2.14300012589
1.95300006866
1.99399995804
1.97000002861
1.94799995422
1.95899987221
2.1890001297
1.97099995613
1.94800019264
1.95200014114
1.96399998665
1.97399997711
1.98599982262
1.98700022697
1.9849998951
1.97600007057
1.97999978065
1.99099993706
1.95300006866
2.01699995995
1.99799990654
1.94900012016
1.95799994469
1.95500016212
1.95199990273
1.97200012207
1.97599983215
2.00699996948
1.97600007057
2.23099994659
1.97900009155
1.95599985123
1.97200012207
1.94200015068
1.92599987984
2.03399991989
2.12999987602
1.94199991226
2.04399991035
1.95700001717
2.07500004768
1.9399998188
1.96000003815
1.97000002861
1.9470000267
1.96099996567
1.95899987221
1.98100018501
1.98600006104
2.02699995041
2.10700011253
2.21800017357
1.99199986458
1.96900010109
2.06599998474
1.93699979782
1.95000004768
1.94199991226
1.97599983215
1.96700000763
1.95300006866
1.96499991417
1.97399997711
1.9470000267
2.07000017166
1.94600009918
1.91299986839
1.9509999752
1.95600008965
1.9319999218
1.94299983978
1.93799996376
1.93700003624
1.9399998188
1.94200015068
1.93300008774
1.94899988174
1.9509999752
2.06399989128
1.98399996758
2.1400001049
1.9849998951
2.13000011444
1.96199989319
1.95600008965
1.94099998474
1.96300005913
1.96799993515
1.95000004768
1.97699999809
2.01300001144
2.08299994469
1.97099995613
1.97300004959
1.9960000515
1.98399996758
2.02900004387
1.97600007057
2.31900000572
2.03500008583
2.01699995995
1.96100020409
1.96099996567
1.9279999733
1.96300005913
2.07300019264
1.99499988556
2.06999993324
1.98000001907
2.10700011253
1.95200014114
1.95799994469
1.95499992371
1.95399999619
1.95000004768
2.16900014877
1.99000000954
2.13100004196
1.96600008011
1.96399998665
2.11199998856
1.96799993515
2.21099996567
2.1210000515
1.95800018311
1.94900012016
1.95799994469
1.96499991417
2.00499987602
1.95799994469
1.9470000267
1.96099996567
1.95700001717
2.19599986076
1.99799990654
1.99000000954
1.96800017357
1.99300003052
1.98600006104
1.97699999809
2.14100003242
1.95900011063
1.9960000515
2.03900003433
1.95600008965
2.01699995995
1.9359998703
1.96099996567
2.21700000763
1.95399999619
1.9960000515
1.98799991608
1.97300004959
1.97499990463
2.00999999046
1.96500015259
2.16899991035
2.09500002861
2.007999897
2.24699997902
2.19599986076
2.28999996185
2.09699988365
2.04299998283
2.2460000515
2.25299978256
1.97499990463
2.21800017357
1.95600008965
2.2009999752
2.00899982452
2.08899998665
1.94599986076
1.91200017929
1.93799996376
2.0
1.94600009918
2.08000016212
2.00200009346
1.96399998665
1.95000004768
1.93700003624
1.94400000572
1.93700003624
1.9509999752
1.97899985313
2.04099988937
2.0569999218
2.10099983215
1.9849998951
2.05100011826
2.06200003624
1.95800018311
1.98200011253
2.02900004387
1.98600006104
1.98399996758
1.97799992561
2.12800002098
2.03499984741
2.01499986649
2.07299995422
1.9960000515
2.10300016403
2.01499986649
1.97500014305
2.02200007439
2.00200009346
1.98799991608
1.96199989319
1.94600009918
2.03100013733
2.00699996948
2.16700005531
2.12299990654
2.00900006294
1.99100017548
2.10699987411
1.95399999619
2.02600002289
2.13300013542
2.13999986649
1.94800019264
1.96500015259
2.01799988747
1.9319999218
2.27399992943
2.08600020409
1.94299983978
1.95799994469
1.95300006866
2.03900003433
2.14499998093
2.03600001335
2.04299998283
2.05399990082
2.02199983597
2.05999994278
1.98099994659
1.96600008011
1.95799994469
1.97300004959
2.01300001144
2.06199979782
1.95900011063
1.97499990463
2.14599990845
1.99899983406
1.96499991417
1.9509999752
2.07299995422
1.9929997921
2.08100008965
2.1400001049
2.007999897
2.08200001717
2.15699982643
1.96700000763
1.95599985123
2.22300004959
1.97699999809
1.99000000954
2.00099992752
2.03900003433
2.09200000763
1.99799990654
2.03400015831
2.01799988747
2.16699981689
1.96700000763
2.04299998283
2.00800013542
2.00499987602
2.04299998283
2.08599996567
1.98799991608
1.99800014496
2.07899999619
1.97200012207
1.97499990463
1.98900008202
1.99699997902
1.98699998856
1.99899983406
1.96100020409
2.03499984741
2.0039999485
1.98699998856
1.99099993706
2.00599980354
2.05500006676
2.0039999485
1.98699998856
1.97599983215
2.05200004578
1.99300003052
1.96000003815
2.16599988937
2.10500001907
2.01600003242
2.00100016594
1.9889998436
1.99099993706
1.96200013161
1.95500016212
1.98900008202
2.18499994278
2.1130001545
2.03299999237
2.02699995041
2.09299993515
1.96599984169
1.96300005913
2.01399993896
1.99500012398
1.97799992561
2.04400014877
1.99699997902
2.03099989891
2.08700013161
2.21799993515
2.06299996376
2.01400017738
2.14100003242
2.00200009346
1.97100019455
1.95900011063
1.98200011253
2.04999995232
1.93600010872
2.00500011444
1.97199988365
1.97699999809
2.0609998703
2.26200008392
2.04799985886
1.96000003815
2.01699995995
2.01499986649
1.98199987411
2.14299988747
2.03699994087
1.95600008965
1.9350001812
1.96299982071
2.01900005341
1.93899989128
1.97699999809
2.25699996948
2.08600020409
2.06299996376
1.99900007248
1.98400020599
1.94799995422
2.0640001297
1.97900009155
1.99500012398
1.96099996567
2.06699991226
1.98500013351
1.97599983215
2.01499986649
1.99300003052
2.13599991798
2.00999999046
2.33800005913
2.63499999046
2.10700011253
2.01900005341
2.00299978256
1.98600006104
1.97600007057
2.00499987602
2.00300002098
1.95399999619
1.9849998951
2.0
1.95499992371
2.01799988747
1.9849998951
1.98600006104
1.98300004005
2.06500005722
2.18799996376
1.99099993706
2.03700017929
2.03900003433
2.16499996185
2.0529999733
2.13700008392
1.97900009155
1.99300003052
1.97900009155
2.21300005913
2.05900001526
2.0680000782
2.03699994087
1.99099993706
1.97900009155
2.05599999428
2.00600004196
1.99900007248
2.17700004578
1.99399995804
1.99800014496
1.98500013351
1.97000002861
1.97299981117
1.92599987984
1.93400001526
2.09899997711
1.99699997902
2.007999897
1.98599982262
1.98500013351
2.00699996948
2.02600002289
2.02200007439
2.28799986839
2.0720000267
2.03699994087
1.98300004005
2.07899999619
1.98500013351
2.00300002098
2.06299996376
2.00999999046
2.0
1.98699998856
2.007999897
2.01799988747
2.01399993896
1.95300006866
2.05700016022
1.99400019646
2.04099988937
2.12299990654
1.97899985313
2.02799987793
2.04100012779
1.98600006104
1.96700000763
1.97000002861
2.09099984169
1.95999979973
2.01499986649
2.00999999046
1.98199987411
1.9470000267
2.08000016212
2.03499984741
1.97199988365
1.95900011063
1.97399997711
2.04600000381
2.00999999046
2.01099991798
1.98699998856
1.98799991608
1.97200012207
1.992000103
2.10400009155
1.95600008965
2.02699995041
1.96799993515
2.11899995804
2.14600014687
2.07400012016
2.0759999752
1.98099994659
1.96099996567
2.16299986839
2.05599999428
2.04399991035
1.97000002861
2.01399993896
2.00699996948
2.08899998665
1.98599982262
1.94600009918
2.0609998703
2.15900015831
2.04500007629
1.94799995422
1.94400000572
1.97900009155
2.10599994659
1.9889998436
1.93499994278
2.02999997139
1.95599985123
1.9430000782
2.06100010872
1.96499991417
1.98599982262
1.94499993324
2.09400010109
1.96799993515
2.13700008392
1.96100020409
1.99000000954
1.94899988174
2.09500002861
2.02399992943
1.94899988174
1.97100019455
2.16100001335
2.09599995613
2.19099998474
2.11800003052
2.03399991989
1.94199991226
1.98699998856
2.14999985695
1.94099998474
1.96200013161
2.10199999809
1.95700001717
1.95000004768
1.9880001545
2.07299995422
1.94500017166
1.9509999752
1.96099996567
2.07999992371
1.9359998703
1.9240000248
1.93799996376
2.1130001545
2.09800004959
1.96099996567
1.97300004959
1.95499992371
1.99100017548
1.9430000782
1.94799995422
1.95899987221
2.21399998665
2.25900006294
1.96099996567
2.03900003433
2.05999994278
1.96900010109
1.96100020409
2.08100008965
1.97000002861
2.08499979973
2.19099998474
1.97800016403
2.00300002098
1.97899985313
2.03899979591
2.09399986267
1.96600008011
1.96799993515
1.9849998951
2.03999996185
1.99099993706
1.96799993515
2.2380001545
1.98699998856
1.99900007248
2.04200005531
2.05400013924
2.06599998474
2.07800006866
2.18200016022
1.94199991226
1.97800016403
2.37400007248
1.97399997711
1.97899985313
2.04899978638
1.99799990654
1.92199993134
2.20700001717
1.99399995804
1.97200012207
2.04600000381
1.98199987411
1.98000001907
1.96399998665
1.96999979019
2.02199983597
2.05100011826
2.15799999237
2.18400001526
2.17300009727
1.94400000572
1.97500014305
2.28099989891
1.96099996567
2.0110001564
1.96200013161
2.05400013924
1.96000003815
2.12099981308
1.95800018311
1.97099995613
2.03099989891
2.02699995041
1.97000002861
2.21100020409
2.01799988747
2.11099982262
2.11100006104
2.11000013351
2.21399998665
1.96000003815
2.0150001049
2.22300004959
2.01300001144
2.01400017738
2.03999996185
2.00300002098
1.95799994469
1.97600007057
1.94900012016
1.9960000515
2.18899989128
2.00600004196
1.9470000267
2.22500014305
2.02100014687
1.98600006104
2.07300019264
2.02999997139
2.33500003815
1.95799994469
2.25500011444
2.09999990463
2.0490000248
1.98699998856
1.97600007057
2.14599990845
2.01600003242
2.09299993515
2.00400018692
2.03499984741
2.22000002861
2.11199998856
2.18099999428
2.17999982834
2.18300008774
2.14100003242
2.5
2.07099986076
2.12399983406
2.03900003433
2.04600000381
2.10599994659
2.0490000248
2.00099992752
2.04299998283
2.13800001144
2.08299994469
2.06900000572
1.99800014496
2.22600007057
2.05799984932
2.0640001297
2.13400006294
2.01800012589
2.01600003242
2.0150001049
2.03600001335
2.07700014114
2.16499996185
2.11500000954
2.06199979782
2.08700013161
2.08599996567
2.10800004005
2.00699996948
2.06200003624
2.10500001907
2.09699988365
2.04399991035
2.13100004196
1.98400020599
2.04999995232
2.0039999485
2.01900005341
1.99899983406
2.01099991798
2.06399989128
2.11800003052
2.03800010681
2.02999997139
2.14400005341
2.01399993896
2.01999998093
2.04000020027
2.10399985313
2.08700013161
2.1210000515
2.05999994278
2.16900014877
2.02699995041
2.14399981499
2.01699995995
2.01099991798
2.02799987793
2.03500008583
2.13800001144
2.10000014305
2.0759999752
2.00699996948
2.0490000248
2.18099999428
2.03699994087
2.03399991989
2.02999997139
2.14700007439
2.09600019455
2.09599995613
2.07899999619
2.09599995613
2.04799985886
2.05000019073
2.05799984932
2.02600002289
2.24099993706
2.05200004578
2.0680000782
2.05100011826
2.03700017929
2.04800009727
2.11800003052
2.0720000267
2.08899998665
2.02300000191
2.07000017166
2.05099987984
2.03700017929
2.04299998283
2.07099986076
2.03799986839
2.0529999733
2.05100011826
2.08399987221
2.02399992943
2.02600002289
2.00800013542
2.15799999237
2.03699994087
2.242000103
2.08200001717
2.04299998283
2.03199982643
2.06399989128
2.03200006485
2.02500009537
2.06999993324
2.02399992943
2.02099990845
2.01300001144
2.12300014496
2.02399992943
2.27399992943
2.07400012016
2.08799982071
2.28299999237
2.01599979401
2.13199996948
2.06100010872
2.0569999218
2.14599990845
2.03400015831
2.02999997139
2.02800011635
2.29999995232
2.02099990845
2.03099989891
2.14100003242
2.04499983788
2.15300011635
2.17200016975
2.07500004768
2.01300001144
2.04999995232
2.03299999237
2.02900004387
2.04800009727
2.00800013542
2.15199995041
2.10599994659
2.16499996185
2.13999986649
2.02500009537
2.16299986839
2.03800010681
2.13899993896
2.14700007439
2.03500008583
2.05599999428
2.03299999237
2.0529999733
2.15499997139
2.03199982643
2.11099982262
2.05400013924
2.06299996376
2.01300001144
2.19499993324
2.21399998665
2.03699994087
2.13899993896
2.18099999428
2.01600003242
2.04399991035
2.16000008583
2.08500003815
2.08200001717
2.18099999428
2.11899995804
2.10700011253
2.07499980927
2.16200017929
2.17999982834
2.11199998856
2.12800002098
2.17200016975
2.06999993324
2.0720000267
2.14100003242
2.04499983788
2.10899996758
2.04999995232
2.04299998283
2.04000020027
2.02399992943
2.01399993896
2.02300000191
2.12000012398
2.02799987793
2.03299999237
2.02199983597
2.15900015831
2.07300019264
2.12099981308
2.03399991989
2.10799980164
2.03500008583
2.10899996758
2.01399993896
2.01300001144
2.02600002289
2.09899997711
2.1970000267
2.14400005341
2.21799993515
2.13499999046
2.02599978447
2.15100002289
2.01800012589
2.06299996376
2.17999982834
2.16400003433
2.03900003433
2.1099998951
2.2009999752
2.05200004578
2.02099990845
2.23399996758
2.11999988556
2.09100008011
2.04700016975
2.1179997921
2.0490000248
2.05499982834
2.03999996185
2.05200004578
2.06199979782
2.02999997139
2.03999996185
2.11899995804
2.06299996376
2.05799984932
2.09099984169
2.23099994659
2.0649998188
2.0110001564
2.07000017166
1.98600006104
2.01999998093
2.10000014305
2.09800004959
2.08099985123
2.15199995041
2.04399991035
1.98399996758
2.05200004578
1.98300004005
1.94499993324
2.04800009727
2.05399990082
1.96600008011
1.93700003624
2.16499996185
1.96199989319
2.0039999485
1.94599986076
1.99599981308
1.94299983978
1.96200013161
1.92600011826
1.93899989128
1.91700005531
1.92599987984
1.93300008774
1.91499996185
1.95499992371
1.95499992371
1.96900010109
2.02300000191
2.09400010109
1.94099998474
1.9880001545
1.93200016022
1.94199991226
1.94799995422
1.95000004768
1.96099996567
1.95499992371
1.96199989319
1.95199990273
1.9279999733
1.94299983978
2.06500005722
1.9430000782
1.96900010109
1.95899987221
2.07999992371
1.95300006866
1.93300008774
1.9430000782
2.00600004196
1.9279999733
1.95499992371
1.97300004959
1.97000002861
1.93000006676
1.93800020218
1.93700003624
1.9430000782
1.93299984932
1.92499995232
1.98600006104
1.95900011063
2.03600001335
1.97099995613
1.95600008965
2.17100000381
2.55000019073
1.99499988556
2.13700008392
1.94600009918
2.05599999428
1.95700001717
1.95300006866
1.93000006676
1.96399998665
1.94000005722
2.08299994469
1.96200013161
2.0529999733
2.12299990654
2.03800010681
1.93000006676
1.95600008965
2.02900004387
2.06900000572
2.06599998474
1.97400021553
2.01400017738
1.95399999619
2.04800009727
1.97199988365
2.00500011444
2.03800010681
1.97600007057
2.0150001049
2.07099986076
2.08099985123
1.97699999809
1.99900007248
1.9319999218
1.95199990273
1.92899990082
1.9430000782
1.92599987984
1.98099994659
1.93800020218
1.99499988556
2.01900005341
1.93700003624
1.9359998703
1.92199993134
1.94999980927
2.01799988747
1.91799998283
1.95399999619
1.95600008965
1.93600010872
1.94400000572
2.02300000191
1.94099998474
1.91299986839
2.10100007057
1.92200016975
1.95700001717
1.91100001335
1.91199994087
2.0039999485
2.26600003242
2.24100017548
1.96999979019
2.01700019836
1.93400001526
2.02900004387
1.94500017166
1.92000007629
1.93000006676
1.99000000954
2.08700013161
1.99399995804
1.93299984932
1.94000005722
1.92399978638
1.93799996376
1.92100000381
1.96000003815
2.23699998856
2.01600003242
1.96799993515
2.03899979591
2.08700013161
1.92600011826
2.07699990273
1.96800017357
1.95199990273
2.05399990082
1.90000009537
1.92299985886
1.93499994278
1.95799994469
2.01599979401
1.95700001717
2.10000014305
1.93099999428
1.97000002861
2.04799985886
1.9430000782
1.92300009727
1.95599985123
1.93400001526
1.9240000248
1.92299985886
1.96299982071
1.9319999218
1.92499995232
1.90099978447
1.93499994278
2.07499980927
2.10699987411
2.10199999809
1.96700000763
1.97399997711
2.04099988937
2.03500008583
2.11800003052
1.96799993515
1.98299980164
2.08299994469
2.09100008011
2.0
1.94900012016
1.9509999752
1.94699978828
1.92700004578
1.95500016212
1.92599987984
2.04300022125
1.9319999218
1.93799996376
1.95300006866
1.94499993324
2.0039999485
1.9310002327
1.9319999218
1.93799996376
2.11899995804
1.92499995232
2.11100006104
1.98500013351
1.93499994278
2.0119998455
1.96099996567
2.07600021362
2.01999998093
1.91699981689
1.98300004005
1.94000005722
1.9880001545
1.95900011063
1.9430000782
1.95000004768
1.9470000267
2.10899996758
1.99699997902
2.09400010109
2.00999999046
1.93800020218
1.97599983215
2.02600002289
1.9849998951
2.13199996948
1.9470000267
2.12199997902
2.04099988937
1.98600006104
2.1890001297
1.99199986458
1.96499991417
1.9470000267
2.0600001812
1.97000002861
1.95999979973
1.95200014114
1.97699999809
1.96199989319
1.96800017357
1.99300003052
1.96499991417
1.99899983406
2.02499985695
2.04699993134
1.94200015068
2.0
2.12299990654
1.98099994659
1.92900013924
1.98299980164
2.00899982452
1.97099995613
2.03000020981
2.06299996376
1.96100020409
2.00300002098
1.96899986267
1.96499991417
2.14499998093
2.08200001717
2.07899999619
1.94400000572
1.97400021553
1.96199989319
1.94899988174
2.02300000191
2.01700019836
2.08000016212
1.93300008774
1.9430000782
1.90999984741
2.1099998951
2.18700003624
1.95399999619
2.08999991417
1.9960000515
1.97600007057
1.94000005722
1.96099996567
1.94899988174
1.92000007629
1.92600011826
1.96700000763
1.95399999619
1.98000001907
1.97300004959
2.09500002861
2.00100016594
1.97900009155
1.95200014114
1.99499988556
1.9470000267
1.94799995422
1.98300004005
1.9359998703
1.96500015259
1.9279999733
1.97199988365
1.95700001717
2.14800000191
1.97200012207
1.93700003624
1.92700004578
1.93799996376
1.9960000515
2.0490000248
1.95999979973
1.90900015831
1.95700001717
2.007999897
1.94899988174
2.02999997139
2.06599998474
2.08599996567
2.03200006485
1.93099999428
2.06500005722
1.94400000572
1.91300010681
1.92599987984
1.89499998093
1.91400003433
1.91799998283
1.91799998283
1.95200014114
2.15100002289
1.95300006866
1.93099999428
1.92000007629
1.92700004578
1.96099996567
1.93499994278
1.94000005722
2.0150001049
2.05500006676
2.24699997902
1.96399998665
1.96499991417
1.97300004959
1.98000001907
2.14699983597
1.95300006866
1.99799990654
1.96099996567
1.92599987984
1.94099998474
1.94200015068
1.92500019073
1.91900014877
1.99699997902
2.04200005531
1.91600012779
1.99099993706
2.03100013733
1.94000005722
1.99899983406
1.90499997139
1.91300010681
2.00699996948
1.98300004005
1.95700001717
1.95200014114
1.9509999752
1.92700004578
1.95399999619
1.97000002861
1.97099995613
1.94400000572
1.98300004005
1.90799999237
1.92100000381
2.00099992752
1.94000005722
1.99000000954
1.92899990082
1.94099998474
2.27500009537
2.0759999752
2.10299992561
1.96700000763
1.98000001907
2.00600004196
1.9509999752
