Leaf
2001120040 1.0 0.191123389814 0.19321604405 0.249530390032 0.196909772345 0.341597728392 0.246829765174 0.256353580386 0.188474900726 0.218221546671 0.518459514424 0.278412292878 0.291524604749 0.309641754429 0.33680608338 0.0933441842282 0.105638617116 0.148269734636 0.160114737681 0.203603594252 0.21752938848 0.341989918795 0.326242726132 0.163018609441 0.189007567546 0.260503225114 0.310668223847 0.104361970619 0.150957622376 0.151511597164 0.163429236312 0.135144644981 0.218221546671 0.103556074616 0.103556074616 0.239875414491 0.240781791906 0.28027179455 0.243480680595 0.357090191444 0.459630344537 0.520008506839 
2001180304 1.0 0.162497002751 0.16780059758 0.253828432614 0.177644377506 0.34009996924 0.236599207341 0.246412771492 0.189502441219 0.201109806598 0.523176094468 0.260638451679 0.267852695939 0.302581334454 0.315542724663 0.0886407336326 0.0935885849147 0.133998461237 0.143737671876 0.179447919963 0.179376126434 0.332516559904 0.325548400455 0.166258279952 0.181375603619 0.25286243207 0.276139972765 0.123597808057 0.146401351291 0.141570648234 0.159294777415 0.140382877372 0.201109806598 0.0915008445567 0.0862844119316 0.252046086333 0.243837964558 0.268189103871 0.249993559606 0.324994005501 0.423557916549 0.463906713597 
2001180394 1.0 0.15999034381 0.175480880229 0.267701934701 0.189988172311 0.35676645494 0.24660617742 0.260792332037 0.202252067669 0.221238851049 0.507873402787 0.281573627787 0.292521486774 0.326121659935 0.345517036442 0.0964612631106 0.0993306248531 0.155539113185 0.157780426293 0.215693941511 0.217557947853 0.352010677187 0.347240324122 0.172249655501 0.185972240287 0.243020552143 0.278564740423 0.122158719742 0.16010003895 0.155877364646 0.169785886313 0.14718806284 0.221238851049 0.103485601235 0.0986211113074 0.219965523346 0.216262948563 0.259915716676 0.262403005087 0.361653894388 0.488634878968 0.533465719758 
2001180432 1.0 0.163498340411 0.168783307463 0.268909269312 0.19375619581 0.343809362945 0.237876787127 0.232399991604 0.192442579336 0.196158223841 0.525672623709 0.269778590338 0.267089096307 0.310907405242 0.313096260426 0.0955599671257 0.100729049749 0.165042492681 0.177571696272 0.189993581406 0.185735190461 0.332558448925 0.337855503823 0.158036735464 0.162180267062 0.249643648466 0.267381156641 0.140937626751 0.147433325154 0.138282143531 0.142452388281 0.150186875462 0.196158223841 0.125717453239 0.115188075264 0.249643648466 0.237466300562 0.254290020713 0.272870915609 0.291673054518 0.45194430911 0.473162685373 
2001180463 1.0 0.17145381621 0.177897820627 0.291533605941 0.199918417292 0.348616468469 0.223424336032 0.235232695178 0.189874174873 0.198690656956 0.526275348322 0.267731695941 0.277073967898 0.319563323586 0.321953661059 0.104233393528 0.0986036275552 0.166824286534 0.163365901027 0.216753443952 0.210026021848 0.339080418455 0.340089231166 0.159116647989 0.161255271674 0.269432368098 0.273518551551 0.149932012869 0.133835378903 0.152413963642 0.142798869494 0.137324706593 0.198690656956 0.10731788702 0.105013010924 0.247993579878 0.223058964838 0.25035048841 0.264605958387 0.281281151981 0.461078953086 0.461078953086 
2001181006 1.0 0.180599365552 0.178521451338 0.284871321253 0.212184060998 0.357042902676 0.224432622106 0.233530318004 0.189668476458 0.196116135138 0.513483393062 0.279305062081 0.278859421491 0.319981110692 0.322304755936 0.107257911994 0.106092030499 0.149829411943 0.142162533509 0.189668476458 0.185357266076 0.33664893316 0.35586533172 0.144655852249 0.151685593814 0.265083499792 0.263022852773 0.140401938853 0.133010096761 0.148788194242 0.150036788391 0.148474405083 0.196116135138 0.0899114807657 0.0928043558629 0.245600553468 0.219246778605 0.231927116089 0.291079573232 0.274589766433 0.476354646398 0.481031269923 
2001181031 1.0 0.180756570146 0.187204079866 0.296768017379 0.20009986685 0.34192836785 0.221990870813 0.229095630959 0.194081237748 0.197903773598 0.548527462781 0.282173840184 0.287434913678 0.337579437763 0.337579437763 0.100153881436 0.105022463339 0.160251404917 0.151162976841 0.22245910772 0.220485830607 0.357868119949 0.360937023367 0.151025242892 0.170323923475 0.275607288259 0.29767824347 0.148943950335 0.132373274339 0.161286965967 0.138067672155 0.127732760235 0.197903773598 0.0923711167421 0.0930445481373 0.241564588524 0.225801752354 0.246932399162 0.271345847675 0.297398470623 0.47360181211 0.488654259267 
2001181114 1.0 0.171115803804 0.17772007007 0.268212917002 0.189066484478 0.35970079388 0.233316700047 0.230028690761 0.187784663024 0.185094056496 0.518138589663 0.297694769825 0.299685229237 0.357212919916 0.343207400645 0.102183358544 0.0946314586211 0.160932368126 0.152393702842 0.174555661477 0.175828259089 0.375420889447 0.359855714909 0.139004443936 0.158489450956 0.240453891051 0.270007926955 0.139004443936 0.137931034483 0.139004443936 0.131871194317 0.142306672579 0.185094056496 0.0963822404095 0.0930475566592 0.240144625469 0.238981315097 0.263742388634 0.263178233146 0.286953740984 0.491681697641 0.483988580952 
2001181221 1.0 0.186605986899 0.192916503926 0.280738050657 0.207704620715 0.370670205469 0.241647409503 0.23882716401 0.195270716271 0.193894127605 0.522098550966 0.287668159681 0.295343540669 0.336865080934 0.346593872222 0.108997141681 0.10351037755 0.142899904013 0.146922977105 0.185844499305 0.178315878387 0.337985788486 0.35348096339 0.170455058733 0.171008785341 0.274380036169 0.288706972343 0.138873744347 0.154145236026 0.148628961438 0.151151839697 0.152707474226 0.193894127605 0.0809610443394 0.0779871570172 0.252301666347 0.235839632264 0.251363157206 0.257555295824 0.311797061798 0.449406728043 0.508150566346 
2001181237 1.0 0.168812955268 0.169159475555 0.262492378165 0.20628022274 0.368634819613 0.216619014924 0.233947468171 0.18194589802 0.185030848079 0.51237801522 0.263605425044 0.264271002993 0.313400482747 0.312964208621 0.103045443969 0.107858027766 0.161243218122 0.168117771991 0.226486346077 0.211420495361 0.337914850179 0.33448945873 0.148119589747 0.150990897385 0.268302550469 0.262789651622 0.133568006058 0.123230764672 0.134876814735 0.126513325332 0.137598979195 0.185030848079 0.103988239858 0.100746743414 0.230501313912 0.212433624862 0.233947468171 0.270692659538 0.295513506214 0.473245799251 0.472750599465 
2001181246 1.0 0.181312816274 0.1790925756 0.283464428372 0.196661361214 0.358185151201 0.229954354386 0.213019376332 0.186569348756 0.184502781274 0.509732570114 0.278660101208 0.277461041854 0.331349188722 0.328113476772 0.102318666229 0.0996777389995 0.171387048776 0.168641540927 0.193671763668 0.188789961911 0.330896078626 0.339647244542 0.157604343627 0.15244263088 0.276739112508 0.276498050518 0.142845234821 0.121806384284 0.15342368046 0.118476193988 0.134799504987 0.184502781274 0.111068500407 0.111517869068 0.230967055404 0.207950531294 0.238704759046 0.284345210697 0.283170225461 0.478107383569 0.486026527139 
2001181362 1.0 0.174409392112 0.180122997964 0.267342436573 0.20917509441 0.348673574149 0.232198778611 0.235304047135 0.198746918491 0.204358319515 0.517159958511 0.268853569306 0.263077922388 0.317399970685 0.317027466609 0.101474610403 0.112817935467 0.148819346321 0.164343475236 0.189708187722 0.181987674973 0.343159250842 0.349833567065 0.142917417592 0.148932732506 0.267657959446 0.271042202912 0.136761027574 0.120906993234 0.138112089835 0.132497945661 0.156342393345 0.204358319515 0.0967046499995 0.0909474475586 0.233720459539 0.221101533042 0.234225489675 0.290520964459 0.299954981993 0.477233191683 0.481143416427 
