Leaf
2001120093 1.0 0.177118714374 0.172387782039 0.26656113188 0.204648242858 0.347458682864 0.237629691257 0.220472498272 0.187009303399 0.174607178446 0.514088364792 0.292220203999 0.296452711723 0.334403741636 0.334978987557 0.105672753552 0.100959181592 0.141342854229 0.144747286459 0.170604753789 0.170272514421 0.36432449577 0.342732919729 0.162652591018 0.157559589836 0.268592748176 0.268212992314 0.138591785735 0.137278089871 0.137360563949 0.12814703666 0.128588163737 0.174607178446 0.0885273805271 0.0857988061694 0.260718928264 0.253852064573 0.271945049497 0.258625467059 0.285952017792 0.481532845846 0.480897407195 
2001150257 1.0 0.164470641149 0.163473638784 0.29894715384 0.210561016708 0.383862637187 0.221409995134 0.208480323206 0.195085330784 0.183453559497 0.51026475491 0.253192016077 0.264970702449 0.313885831181 0.331581302828 0.104917560434 0.114456307431 0.142301786264 0.14947357692 0.172239024553 0.177474686715 0.36750072417 0.36797491885 0.165065952071 0.162872507944 0.27355168634 0.281097187368 0.14947357692 0.125710483848 0.160987969205 0.126143223454 0.143825403425 0.183453559497 0.0760020718734 0.0777038217012 0.227958410563 0.214814168965 0.243493261361 0.228960220689 0.288596469231 0.457110510192 0.495593856163 
2001150276 1.0 0.167959414965 0.167044928596 0.309248143232 0.218203962175 0.415828021638 0.23553371243 0.220125988016 0.211127757041 0.20342987004 0.51836332444 0.268221575153 0.273453130822 0.324672612543 0.337775691349 0.107064719797 0.117196421773 0.154003670271 0.150736427293 0.173859755853 0.183712599246 0.371020713264 0.370090619487 0.149972340229 0.151412378788 0.269361332023 0.274757070039 0.152922345682 0.127524294741 0.163101168972 0.128620655079 0.161211902502 0.20342987004 0.0757904478392 0.0899607039847 0.25669488598 0.232917801097 0.253240423866 0.246082401603 0.245874824678 0.469927940853 0.464683289027 
2001180331 1.0 0.145724785478 0.161161923169 0.254298803375 0.213662850807 0.364255124321 0.213662850807 0.222176204905 0.173152473356 0.180735251335 0.484717582381 0.271072325035 0.270950082718 0.305978202266 0.317873504219 0.106131393963 0.109511239659 0.142970683009 0.151957030796 0.178800227308 0.174771200913 0.363526795425 0.370701022349 0.131378189173 0.146744248408 0.226751552051 0.260604157839 0.124250277755 0.10376385315 0.142157352736 0.106131393963 0.142506491255 0.180735251335 0.0899082041571 0.0849831171299 0.263574641895 0.254884371307 0.274895134131 0.228062686633 0.312724989407 0.431683722774 0.4900872602 
2001180336 1.0 0.166028855501 0.168185164743 0.258747231329 0.217430154324 0.415755224902 0.23093178596 0.231710647483 0.176547230967 0.182567606941 0.505518693631 0.276389020669 0.287256984914 0.324872194752 0.338772052146 0.108216762496 0.11468306434 0.149106109474 0.150069648479 0.181478823213 0.188395693809 0.370814783071 0.371251807127 0.150549105447 0.157565984567 0.24442471625 0.259720229991 0.129582339031 0.126628908109 0.140521616092 0.132197647219 0.119151898761 0.182567606941 0.0807592252606 0.0853156180564 0.268788104755 0.264190785993 0.295298023116 0.234416284679 0.294136511019 0.448123147943 0.485038476243 
2001180339 1.0 0.165729676076 0.159600109801 0.282160803338 0.227038304593 0.337421936301 0.221162009644 0.217819318414 0.1829927378 0.1829927378 0.521384093125 0.295449217376 0.289921508602 0.340695530059 0.34573827344 0.111933727961 0.119099387101 0.164819066569 0.165047189954 0.166860949797 0.170871531543 0.343171347665 0.351512218553 0.12645421691 0.134527598539 0.241415172004 0.24428142398 0.145801863706 0.121755044112 0.145801863706 0.121445627998 0.131271845378 0.1829927378 0.0878245194189 0.0969859570621 0.258790811612 0.239301917 0.260962520832 0.283822737862 0.276299357471 0.44676747185 0.438093201038 
2001181163 1.0 0.153979642942 0.155968270008 0.282051282051 0.211538461538 0.378693730455 0.206724557649 0.217948717949 0.180514459491 0.174377827035 0.487348148942 0.2910143452 0.290236703145 0.341191881594 0.335850946088 0.110658182703 0.104351414078 0.149648942691 0.154113016412 0.183673702332 0.160640565207 0.355581493548 0.361767975885 0.149098760892 0.152370055436 0.252860037478 0.24096084781 0.149648942691 0.137185477943 0.137035630298 0.138675049056 0.140587898714 0.174377827035 0.0924500327042 0.0835795180154 0.258405697061 0.237266096453 0.263133022459 0.287891174011 0.292984484155 0.485023908667 0.476131477044 
2001181192 1.0 0.166275854033 0.161984140246 0.273573373577 0.213729439495 0.399212058084 0.201428351438 0.202561694539 0.150253076638 0.157687297195 0.524401905511 0.252693028739 0.26173039561 0.305504277767 0.310932080765 0.108297012317 0.109429349431 0.155324385647 0.151304218633 0.191110142788 0.174542990466 0.364388811769 0.371804112635 0.124768655005 0.140062526603 0.249607870541 0.259093075923 0.137011797275 0.104994494642 0.144396016423 0.106988239018 0.135590608665 0.157687297195 0.0928918048152 0.0890195957655 0.254844237093 0.238052299429 0.255258505972 0.243320228426 0.263540772173 0.429349753536 0.453524530429 
2001181201 1.0 0.164398987305 0.172711561805 0.262232532235 0.177761440773 0.366150041689 0.210785471746 0.220112564262 0.171748180224 0.187453520412 0.496364126391 0.253655840364 0.251612549451 0.290769719842 0.304580762122 0.0912854099424 0.0902699677886 0.112949730765 0.124591438057 0.190574709264 0.200475081921 0.382356736784 0.391504864775 0.140843979844 0.155168564104 0.237127581827 0.269513338487 0.119608767003 0.128811135168 0.153736208243 0.131362098358 0.125181922114 0.187453520412 0.077762295935 0.0686992720894 0.236270819821 0.226714103415 0.25890717741 0.225981057871 0.317211496269 0.447287792405 0.498365752227 
2001181277 1.0 0.153854096958 0.163466561364 0.259842625823 0.198010631563 0.373093390764 0.217509524011 0.214271718461 0.168161252127 0.179139606547 0.496836495592 0.281838898903 0.28857881093 0.313741259619 0.325813568808 0.0973058747469 0.101462003605 0.140919449452 0.147958711322 0.16730883815 0.174102543747 0.363080267332 0.356501141507 0.131953589393 0.14655622743 0.221848572215 0.258125044789 0.120500549999 0.125156782178 0.146339267685 0.12779459578 0.123624192347 0.179139606547 0.100359978646 0.0910649351793 0.254655131213 0.248018231035 0.279859072795 0.233569470773 0.29896186577 0.464581312325 0.480682005242 
2001181412 1.0 0.169759144907 0.173024940219 0.260705534386 0.203676428774 0.362349247896 0.22085422169 0.216465952048 0.166429278139 0.195012168138 0.477780732423 0.279189157452 0.289316128422 0.323897581607 0.335013623035 0.103203137423 0.104282213755 0.144851402044 0.132028909017 0.144961765033 0.164398987305 0.363934643523 0.361686615373 0.138646215487 0.185514098034 0.236856647544 0.304557839122 0.11983783488 0.12821898747 0.148772900689 0.128965176044 0.11768327116 0.195012168138 0.0735214622094 0.0840750085852 0.254182980716 0.261685173477 0.277638254136 0.247359314394 0.299474458382 0.459907026531 0.484032583593 
