Leaf
2001120037 1.0 0.174816451474 0.165681979644 0.267374570909 0.213637320726 0.374272779001 0.252275226332 0.260500497032 0.228505780259 0.223764805164 0.510516177217 0.250588374549 0.257681243006 0.295624707957 0.297689816998 0.107231461052 0.107779402592 0.151025398742 0.154495927187 0.204623743812 0.193253312006 0.343685464339 0.341381017424 0.193801204051 0.195676645694 0.308724840809 0.29350493367 0.144323962739 0.14546231022 0.135394839223 0.155104780491 0.130611553644 0.223764805164 0.0933712503206 0.0933712503206 0.239038681067 0.22860887333 0.251760998522 0.280113750962 0.263736652132 0.461219953416 0.432481823669 
2001120036 1.0 0.162978827538 0.16226729882 0.264463341189 0.192759127553 0.334676303817 0.22225150517 0.22225150517 0.200923555451 0.206913176197 0.493151868849 0.220916997709 0.235944565533 0.259159787236 0.276814707166 0.0964795598922 0.0968785122208 0.126771327203 0.122122314112 0.182832208196 0.195145507487 0.319302724509 0.31394273545 0.162029428232 0.170459123184 0.274857077332 0.288727089959 0.133874363027 0.116739804916 0.14635364026 0.124726494299 0.133103856697 0.206913176197 0.0731328832784 0.076062796322 0.265336960771 0.243612142151 0.270471907437 0.291210046761 0.30492654946 0.405065635663 0.415005258853 
2001120053 1.0 0.181621045876 0.170963803306 0.253908203303 0.186577907831 0.352441390455 0.225703521358 0.222469607799 0.191686688555 0.208069016575 0.476626360732 0.24283163236 0.239212478582 0.280812299948 0.264165990659 0.0933967816771 0.0932529836215 0.139206280512 0.12826863351 0.206255179827 0.20683993344 0.361798372248 0.352783917668 0.148443713212 0.16259543418 0.280429721705 0.289842721969 0.140930856287 0.107803827139 0.127954377505 0.100056347859 0.139398953657 0.208069016575 0.0904774080161 0.0973369163292 0.291964788375 0.279806916394 0.292515839111 0.313594157836 0.243714258196 0.43843719355 0.414101377219 
2001120056 1.0 0.167574365834 0.177000116268 0.262916500484 0.193671429674 0.365544350084 0.215783289771 0.22751873222 0.185174220228 0.188558082244 0.488132324524 0.251975410042 0.266607498993 0.281449129195 0.312285796902 0.0872736701002 0.107223578741 0.154640044436 0.155474189175 0.216116032127 0.225997698574 0.35245419494 0.357112471197 0.154360994505 0.166282995194 0.252032437408 0.27960488497 0.128891483373 0.127884065973 0.147505509638 0.134029473427 0.120477512406 0.188558082244 0.105602978002 0.117579833498 0.273420125791 0.268112553283 0.290197798087 0.236682540487 0.316491239989 0.432132306881 0.481820577821 
2001120076 1.0 0.170701891637 0.175507467453 0.268180725014 0.175778103647 0.32209591932 0.243418867722 0.228927199541 0.203653001082 0.217425506402 0.502170030711 0.242048034559 0.249589671342 0.279081674042 0.281793737022 0.0882937618004 0.0877537337266 0.132619980146 0.137891689317 0.228355465376 0.239084069284 0.392598005467 0.358518392223 0.175032847202 0.1920608989 0.267248537268 0.308335190844 0.139604695237 0.142386106411 0.15493651588 0.128801467149 0.138063946335 0.217425506402 0.0961541203955 0.098111656946 0.286768304167 0.294496427225 0.325326504024 0.248826690049 0.326966173108 0.444714059443 0.475726328142 
2001120096 1.0 0.182544592807 0.185363981157 0.260220577173 0.2 0.358865491296 0.214317355077 0.214014646797 0.149010784638 0.173158287542 0.532660975433 0.199918946299 0.216649003976 0.261958711038 0.252057980004 0.108324501988 0.0938981136852 0.137115456088 0.161235103216 0.225231737316 0.230565508714 0.377400474714 0.356691077995 0.136878845979 0.150310321897 0.263746845864 0.286316799302 0.147699813839 0.110546014826 0.127308504938 0.102639398036 0.122903817924 0.173158287542 0.101368272858 0.0846386158904 0.263254780425 0.252828408637 0.274762310717 0.288291226787 0.24646610913 0.448733134787 0.428634710154 
2001120113 1.0 0.154881645998 0.154881645998 0.278360216703 0.175446510486 0.315744895121 0.212393000791 0.197167147127 0.198975750641 0.181175967847 0.470575064789 0.25067244048 0.25487160095 0.28796569312 0.288885713653 0.088175828781 0.0875718776405 0.1240594173 0.1240594173 0.198240903996 0.208738383828 0.364578669802 0.34823613997 0.167159062123 0.152115679813 0.278788866448 0.268658256632 0.148675100554 0.115186277248 0.141730617715 0.107191337112 0.146427086297 0.181175967847 0.08573450105 0.0875718776405 0.283367606613 0.278360216703 0.290853903362 0.290123113505 0.284489118674 0.462957134888 0.459014063013 
2001140045 1.0 0.17336485786 0.174132812263 0.25419293913 0.207922349085 0.369639731707 0.225914646375 0.219549572559 0.191990531712 0.194150223178 0.473741754106 0.255762853833 0.260479858124 0.291883213393 0.292054590185 0.104121484853 0.104121484853 0.13532712163 0.13532712163 0.202805725064 0.211816513141 0.374748342182 0.380402573361 0.146112933236 0.154976168865 0.256544208567 0.271208295514 0.13520381671 0.122791382694 0.13334056066 0.113913048128 0.143463444673 0.194150223178 0.0802374885783 0.0866343121188 0.312631318729 0.28883879083 0.312577964122 0.289011972892 0.271699837912 0.45348738747 0.461507882546 
2001140247 1.0 0.164199043745 0.169641951331 0.268730503454 0.20371021438 0.358017870476 0.216053104901 0.217356177267 0.19146939163 0.195215956035 0.488140506496 0.231365020837 0.239141086343 0.273665072909 0.285908028673 0.104179096864 0.101068569495 0.140331975077 0.147331491701 0.188040197889 0.188691985625 0.346870601582 0.341304326576 0.158646825446 0.164124254835 0.263936298284 0.277009373048 0.137414519442 0.126335711868 0.147830639913 0.126626920196 0.122687323107 0.195215956035 0.095316989159 0.0886429993753 0.283666254412 0.269824761812 0.303731651132 0.240370085031 0.302435377834 0.399416394391 0.424683466425 
2001140253 1.0 0.172704606459 0.166448716179 0.266689471468 0.188618694135 0.355585961958 0.232964855382 0.235589894353 0.201543809473 0.214048007014 0.517609109924 0.23276678405 0.240050628609 0.269214126891 0.272788298724 0.094268582273 0.0944315358644 0.141158019765 0.137740176868 0.215693728772 0.213328515879 0.3475834333 0.349700175119 0.169650826069 0.179171241768 0.274921682802 0.283023122521 0.136394149362 0.137740176868 0.150846040198 0.144601404303 0.152971449769 0.214048007014 0.0968429418955 0.0970015708993 0.292795527832 0.26709271747 0.299903123868 0.272619162633 0.299492719127 0.417477404822 0.427844541502 
2001140281 1.0 0.156032327844 0.15672350433 0.255188273451 0.192613827302 0.322455451767 0.207927620517 0.220846639591 0.174352610204 0.190710551578 0.480516412292 0.252954867819 0.255558610106 0.28627827881 0.288721932866 0.0987656197457 0.094143234232 0.129954762823 0.124972975894 0.167797718585 0.181341615932 0.343277418539 0.332562337921 0.141406069921 0.155772346001 0.242315979982 0.255981195943 0.126584210994 0.121797497307 0.137629395155 0.13283385694 0.139869001772 0.190710551578 0.08381830348 0.0821906086617 0.27993112611 0.271552596742 0.294237787319 0.29114507744 0.317472862762 0.440007713252 0.441632098591 
2001140542 1.0 0.172909832627 0.162462797538 0.259421028587 0.172909832627 0.329653655898 0.235406156237 0.241648837332 0.20575657079 0.212321200003 0.492187134312 0.22803508502 0.22924821597 0.274353919222 0.263441568197 0.0924918619423 0.0817687677959 0.137548929582 0.123217213699 0.227265560604 0.227778865742 0.372640998642 0.36045389067 0.162552630444 0.172994240653 0.266964553813 0.258293105729 0.145491866479 0.137761032915 0.133454932386 0.143877482349 0.161199880459 0.212321200003 0.0845770930662 0.0871277273657 0.298022680761 0.281445694286 0.30230259892 0.30379593612 0.291985401095 0.460783211373 0.44718095098 
2001150052 1.0 0.167446865409 0.162943849532 0.244415774298 0.191427639292 0.378223915534 0.224245639112 0.227287084172 0.191487413732 0.192619603732 0.483795552763 0.217194074951 0.226126032061 0.256969681593 0.267444695481 0.0961611526002 0.0967543794028 0.135317501736 0.138741688481 0.209851226334 0.207713467096 0.338733250733 0.337243413141 0.166418522835 0.171498585143 0.270846354541 0.27336982229 0.126306402819 0.122254701128 0.134724186938 0.134809106068 0.142083376823 0.192619603732 0.0862483227352 0.0823104229252 0.267444695481 0.244415774298 0.274872783159 0.272741144213 0.272741144213 0.435598366945 0.427108425081 
2001150067 1.0 0.166666666667 0.161117383288 0.23379796243 0.205516472805 0.316539589355 0.244875963025 0.243360470616 0.213607851491 0.216830951689 0.478318931129 0.228259944027 0.23901439831 0.270707909431 0.285830975238 0.101323100521 0.107809499345 0.173464761352 0.167864728351 0.227651339923 0.230343939035 0.387759754652 0.36717752728 0.189923753613 0.196936708325 0.28728340509 0.293178918762 0.130098571014 0.111741337589 0.148988450118 0.131629888043 0.126615835742 0.216830951689 0.105350743397 0.111741337589 0.337195531172 0.323237797252 0.327783995961 0.28856831678 0.283665557873 0.445756633653 0.420120718577 
2001150128_21 1.0 0.186707526535 0.195049772726 0.265539593294 0.203346084016 0.394182170329 0.208487491023 0.223664530045 0.160155716961 0.151426339538 0.576778499746 0.213585737527 0.218289252985 0.264011716147 0.264011716147 0.105045711385 0.100352280165 0.176078434455 0.175098034661 0.260433844903 0.257375286725 0.401409120659 0.395751234264 0.168943534099 0.139965320447 0.299566450942 0.264760502344 0.144920300901 0.113929183442 0.144920300901 0.130283005644 0.114155608011 0.151426339538 0.12808425958 0.123360307783 0.306721623932 0.298760853956 0.308065672542 0.251146450319 0.238272892759 0.440425778749 0.422511651571 
2001150142 1.0 0.183138739731 0.172441441612 0.263814884823 0.187849582445 0.350390712406 0.22086305215 0.215145279581 0.184536765667 0.189416442004 0.502301367973 0.240900074452 0.241698905232 0.283400085064 0.279197272029 0.09251178958 0.0964560006195 0.136409384248 0.132684518014 0.195097855049 0.204362707634 0.329524964616 0.3206305951 0.145171676285 0.153936081045 0.269834982503 0.265804503788 0.146317902273 0.125926620243 0.129944424547 0.126740371006 0.136409384248 0.189416442004 0.0861834522843 0.0930657573429 0.257404670028 0.233202282652 0.259096503198 0.300649959435 0.254290586702 0.445030183928 0.409228152745 
2001150223 1.0 0.152616001813 0.142798869494 0.266727834203 0.200144953815 0.333197362154 0.225684466323 0.225684466323 0.196258274048 0.203512744104 0.476091421376 0.230256258406 0.231629763395 0.281120005505 0.272775329308 0.1064359931 0.0956740584837 0.141523854063 0.141523854063 0.201723586357 0.192763782016 0.349525170543 0.344957723595 0.1537990893 0.162676543438 0.248249262258 0.251333222271 0.136304577431 0.137298305611 0.138612194931 0.137298305611 0.148705976558 0.203512744104 0.0818934882104 0.0767520861353 0.268252489688 0.257214199574 0.277551112887 0.278691627107 0.295271170869 0.451067651759 0.438019998335 
2001180040 1.0 0.166725674162 0.167043954454 0.261830557409 0.184567483072 0.339398317807 0.239880163661 0.247508834649 0.219450769483 0.215049898683 0.494051011806 0.242741658452 0.233976585352 0.293037719101 0.282203490762 0.0968702879691 0.0923796207736 0.143311700939 0.144051061139 0.216608548899 0.211060991682 0.341893162909 0.343391681649 0.182541857515 0.192272823163 0.288102122278 0.29054993281 0.146367731238 0.128733204576 0.146367731238 0.127766829053 0.152412144386 0.215049898683 0.0878609511797 0.085200978861 0.268837071671 0.25 0.272500227408 0.291826814255 0.285695315032 0.447292769369 0.425172852701 
2001180049 1.0 0.172583356024 0.168247893115 0.259768865039 0.200321350457 0.329447517347 0.232892377705 0.243177760715 0.209027306045 0.201115277134 0.502932237586 0.249354500729 0.247605441257 0.286652323179 0.280986597826 0.102413365443 0.0982255500246 0.137865078455 0.141290175173 0.185606542157 0.188010570806 0.310523170274 0.325198688046 0.185918486146 0.171065739646 0.303587710652 0.272400024217 0.149267590531 0.125545688424 0.129409533553 0.130079475218 0.119515934682 0.201115277134 0.0869606157596 0.0867938646651 0.284063185128 0.252988168241 0.269781503173 0.301624890083 0.255778668011 0.424246312477 0.415307997101 
2001180066 1.0 0.147006493947 0.15127760849 0.273087002825 0.199383279783 0.340560849289 0.228341536958 0.222480281332 0.196822779021 0.195258280883 0.49831026706 0.243298322055 0.235613269969 0.285090927059 0.286946873128 0.0990684683024 0.102463406088 0.118580127501 0.117480751552 0.17377758917 0.176805887358 0.339311589874 0.355740382502 0.189432019896 0.174387455854 0.268205386213 0.264485052044 0.140188143291 0.1543652249 0.147966285386 0.148045987134 0.120259396577 0.195258280883 0.0633305476784 0.0660654880006 0.276563771062 0.263904599639 0.278052627777 0.272048316325 0.293450744266 0.41559851447 0.434036490604 
2001180067 1.0 0.163581818949 0.168417790569 0.269844385609 0.185496470743 0.320258828113 0.244633894154 0.233843595189 0.21387418978 0.213653283345 0.533499239634 0.197337862602 0.199243018889 0.2413300675 0.249223570009 0.0899481285362 0.0968575996849 0.115669813458 0.127205863286 0.211208063801 0.209486941943 0.309816313767 0.303658369682 0.176183010898 0.179282723593 0.269786047183 0.288397822375 0.143048150959 0.150971459396 0.147277085463 0.146312026821 0.139369631639 0.213653283345 0.0684886655466 0.0675631004943 0.276300354186 0.253046913511 0.280147473025 0.279528734753 0.327788501068 0.38301742173 0.393757362719 
2001180069 1.0 0.167240039372 0.172046505341 0.27231203821 0.199769097479 0.355397935148 0.233238075794 0.23118424221 0.205239072603 0.212602916255 0.488923464201 0.245638884419 0.23716271597 0.285279889555 0.278733398954 0.10046047826 0.1 0.149254557977 0.145178934687 0.188598066717 0.189574422163 0.320624390838 0.325056208157 0.168705478457 0.168978833449 0.278014941491 0.287696421196 0.142612978156 0.131500219362 0.142180816622 0.124653365532 0.149871740036 0.212602916255 0.0968742245627 0.0968742245627 0.255403150393 0.233567647918 0.255523595177 0.279339881203 0.288444102037 0.423901294752 0.4327017093 
2001180086 1.0 0.164671349739 0.170545106512 0.264547058747 0.17671256555 0.329342699479 0.231839810525 0.2331028472 0.199571200835 0.204021877736 0.511466501991 0.242116361092 0.255175452831 0.281684995762 0.295334313208 0.0899065112557 0.0883562827749 0.129435702805 0.128900842241 0.208460385913 0.208460385913 0.333977523004 0.329604810702 0.167272953922 0.176810277786 0.265784636379 0.290380271238 0.134024713858 0.145160392684 0.141301618401 0.142154676024 0.128900842241 0.204021877736 0.084764671709 0.0816510683134 0.265524573072 0.252795349964 0.28727067294 0.250254628697 0.317432530653 0.420755839154 0.439704459546 
2001180100 1.0 0.152156600959 0.152493355191 0.251525677698 0.187222653551 0.31015681603 0.204591304994 0.219820172602 0.175922242835 0.187222653551 0.462572213237 0.229932948479 0.230749500664 0.264190967899 0.272098040322 0.0937482188692 0.0942937999186 0.124327064907 0.144786043619 0.198912988839 0.180148051797 0.314916533746 0.316487199519 0.146546781734 0.151706432514 0.253893826426 0.253893826426 0.129447749253 0.102295652497 0.133351570693 0.115337694044 0.128253433875 0.187222653551 0.0924626780377 0.0814511702801 0.285109083788 0.257305541819 0.274600143918 0.281669910678 0.315838216198 0.434672940199 0.436557028957 
2001180114 1.0 0.158166380564 0.163161427852 0.268751077967 0.179167385311 0.347553835202 0.21892930837 0.228394498475 0.191991531804 0.201623365222 0.50635216713 0.210552894982 0.214588588049 0.25096669421 0.261655464349 0.0895836926556 0.0908109237118 0.126690473121 0.126690473121 0.196408983552 0.204890938445 0.324110471851 0.320374821992 0.161370733453 0.16468081175 0.266216365801 0.276065368471 0.143681010916 0.123258288613 0.143102038739 0.12269571932 0.134735451154 0.201623365222 0.0776708768432 0.0821721924085 0.252121834688 0.232418057908 0.253871942185 0.25862367962 0.290093615847 0.406118797038 0.403006467657 
2001180157 1.0 0.167292278108 0.173149528268 0.262654204355 0.190742544307 0.37431063101 0.230140917049 0.222646476639 0.194555956707 0.197411976696 0.507732753069 0.236882557738 0.232409860348 0.270268946571 0.262654204355 0.0953712721537 0.0953712721537 0.139591347409 0.138585270532 0.223195737504 0.211361727743 0.375942637763 0.377474924364 0.158707390134 0.152065828155 0.26451231689 0.268841345513 0.138079483185 0.135004972084 0.137571836308 0.125469208581 0.146917484477 0.197411976696 0.0953712721537 0.0955545024324 0.30031177316 0.279558361319 0.295615443553 0.26031291298 0.275207238211 0.431771290659 0.448346426443 
2001180172 1.0 0.175551355527 0.181064276021 0.242309995461 0.190711515228 0.329879377691 0.206174611057 0.210320841895 0.16299534166 0.164697900752 0.48966470126 0.232461302528 0.229644182562 0.265337192488 0.272353461657 0.0933495254412 0.0984740103378 0.145969586164 0.142562699445 0.20102024578 0.195594409992 0.302399191448 0.318821554866 0.145239733661 0.154716840531 0.269706811336 0.283677459748 0.116287781104 0.113044055813 0.13251832027 0.115255111389 0.108731454622 0.164697900752 0.0947618526314 0.0900171196376 0.257357205334 0.233373813603 0.247033408231 0.290296488111 0.309648252672 0.427688098336 0.438878388816 
2001180173 1.0 0.163134032824 0.16847826087 0.255434782609 0.19572764245 0.336956521739 0.219083090986 0.221829691652 0.192609186377 0.197829073078 0.478260869565 0.240669454625 0.246729553539 0.284379901129 0.286810321782 0.0991754760375 0.0984280993276 0.142656573352 0.146032922202 0.177693290481 0.172720093283 0.338399784262 0.338399784262 0.14348237807 0.150711137216 0.255492592903 0.270322393814 0.130661035654 0.113090500254 0.135869565217 0.1175723242 0.134558895686 0.197829073078 0.0923913043478 0.0899616595503 0.267355953831 0.255492592903 0.279772558179 0.269008014582 0.294282312406 0.441958446498 0.450038068123 
2001180238 1.0 0.162691740097 0.163106242017 0.296331383748 0.203447664178 0.325383480194 0.216238171139 0.212775618612 0.193147286828 0.190330037816 0.52887584142 0.230227553816 0.238227190856 0.276040784156 0.285243655988 0.0994583575603 0.104748823395 0.152073225903 0.143859222957 0.198746918491 0.198576976674 0.307018948448 0.319097308834 0.156450327354 0.151517197621 0.278233552112 0.28107058761 0.150847258314 0.112817935467 0.156450327354 0.11161450974 0.125698588074 0.190330037816 0.0918707955718 0.098777127916 0.261145867435 0.232707111182 0.254666110464 0.285243655988 0.290753288338 0.411597569334 0.419518710767 
2001180255 1.0 0.163996932774 0.169819249518 0.272054705294 0.179664258214 0.334534963577 0.21186381026 0.213161515267 0.18654932689 0.188440432794 0.482422011864 0.240215360992 0.245246878497 0.282242202405 0.293375584529 0.0928159617336 0.0895026031697 0.13065993131 0.127299978186 0.199344937634 0.192644594802 0.318404648517 0.337037948869 0.149415347798 0.156456533407 0.260211929902 0.277408368001 0.141004731841 0.12008034291 0.141747844928 0.116978112322 0.137706470119 0.188440432794 0.0802174383901 0.0800535619403 0.256859459736 0.235801289762 0.257523246347 0.279765320874 0.293241265292 0.438860597152 0.445866660978 
2001180278 1.0 0.156811635282 0.169557383987 0.249660106427 0.186155750833 0.319399701962 0.206246184638 0.225366434628 0.176155887523 0.192534000826 0.478460186875 0.254451462261 0.249323954253 0.293110303879 0.291503579069 0.0928523411003 0.0955236147674 0.131057318242 0.143869547778 0.203709435966 0.20762414657 0.334131911559 0.329328373151 0.145261866166 0.160929234941 0.258635939556 0.274676195997 0.128210719236 0.112459713192 0.129512384275 0.12476284995 0.141400005499 0.192534000826 0.0882206572396 0.0855174107929 0.264661971719 0.250732764885 0.282800010999 0.295901079911 0.305660202317 0.452367310604 0.451179213186 
2001180333 1.0 0.170541033236 0.17642175852 0.241109736644 0.176519743397 0.341082066472 0.197683359817 0.214061631481 0.184564855587 0.176911140205 0.47045802272 0.231225451827 0.226236018798 0.26299402984 0.26567604306 0.0884066861141 0.0889915217269 0.120662394612 0.124749021798 0.19724552238 0.197683359817 0.339303070312 0.36217820611 0.140277179518 0.139783244254 0.273564362134 0.26332256717 0.128436978888 0.094823845973 0.122793148919 0.114183030961 0.141626619398 0.176911140205 0.0799865115202 0.0799865115202 0.280554359037 0.253962918946 0.26332256717 0.305797714768 0.277953710751 0.433182383589 0.43170291758 
2001180416 1.0 0.154580574189 0.167087754148 0.259533259821 0.209860550788 0.37545055733 0.252026229507 0.246524145311 0.22329990303 0.228027065452 0.519418707754 0.177008222981 0.18084093583 0.234874664223 0.245160410636 0.108465228909 0.10719327996 0.14075167218 0.152695979568 0.237134678688 0.225270334398 0.341795463665 0.349161926038 0.178380400283 0.171231799523 0.276036739623 0.290560630569 0.13341458461 0.123447382817 0.150787832519 0.125892122777 0.122580205318 0.228027065452 0.089871051245 0.0766964988847 0.291712199462 0.265225200901 0.288877426657 0.25544959499 0.316179571584 0.391622108221 0.427990491738 
