Leaf
2001120143 1.0 0.167391787098 0.167636571709 0.272331018418 0.188876301129 0.314793835214 0.260059103413 0.267213748612 0.222623555901 0.24254556998 0.538630938627 0.278877417871 0.281996731028 0.323361218746 0.318033651288 0.0964076888538 0.0942570609431 0.133299613935 0.129871780706 0.198405386823 0.208351898611 0.3695586978 0.346065925637 0.19792256403 0.225733059193 0.281365919346 0.318033651288 0.142228972682 0.178457652562 0.147605103617 0.182396920818 0.164176378214 0.24254556998 0.0784266153011 0.0843060782512 0.287611783459 0.277304603537 0.311300869014 0.298433624346 0.292792697124 0.454874368746 0.432572532878 
2001110024 1.0 0.172409004996 0.168028209071 0.268946498545 0.192692417349 0.309986354928 0.223635544526 0.238384034284 0.194353303239 0.199252911667 0.507997242366 0.274482612475 0.279633525738 0.324574211262 0.314556424839 0.10255165711 0.0925343854834 0.166336348765 0.160354454386 0.213999613095 0.198865385378 0.338382095843 0.344967120491 0.163294067345 0.157278212419 0.284374960264 0.259159787236 0.14635364026 0.132231670594 0.129281894235 0.140893085011 0.147404038717 0.199252911667 0.109229518369 0.104538314472 0.263098611557 0.243612142151 0.257467540837 0.335175333967 0.298276527074 0.502193696311 0.483887999214 
2001120075 1.0 0.176843636246 0.167170899765 0.260272139132 0.192447486503 0.301674438301 0.232259291125 0.246608858341 0.198058971891 0.209412222806 0.505836511906 0.273648808874 0.282070735828 0.323359234716 0.324528409317 0.100990656252 0.0959069274327 0.151195502836 0.147848253819 0.181673019542 0.189329574278 0.344268387839 0.339680047041 0.163240769928 0.179123622554 0.282836973534 0.284553464518 0.135033171347 0.132912892643 0.132607228246 0.144890989999 0.151195502836 0.209412222806 0.0930433863608 0.0954828711443 0.272161845456 0.260272139132 0.277428871041 0.30528476544 0.309378004205 0.470823898483 0.487479865649 
2001120083 1.0 0.172413793103 0.162364849889 0.280862997002 0.178041053214 0.328900466633 0.237503424821 0.238478301879 0.209127306791 0.207875452669 0.512990663785 0.267373607375 0.264373910535 0.312393945346 0.291254744675 0.0969354384136 0.0814944090614 0.140946845182 0.138978361856 0.198015150203 0.193046369072 0.337560085448 0.327619404276 0.175415419217 0.167031203284 0.284352112112 0.261450733755 0.167031203284 0.148560174934 0.129471444364 0.134955284666 0.15231934631 0.207875452669 0.0940502584686 0.0963352132096 0.262612865719 0.237197954052 0.254024193617 0.317732825911 0.258942888727 0.462070220803 0.438364916883 
2001120088 1.0 0.183848452541 0.171026955117 0.268487505559 0.177095271593 0.319708095924 0.249865900529 0.241935815862 0.210933244644 0.20244210869 0.520314357339 0.293471712338 0.289625843328 0.337703057915 0.328927517015 0.0885017443003 0.0919242262707 0.141607381145 0.129248308648 0.193914367753 0.192906140638 0.346818976017 0.342243887428 0.182161326496 0.18804325354 0.286466604464 0.283214762291 0.139759244756 0.160639950009 0.138825950545 0.161346506765 0.147122949735 0.20244210869 0.0841727576945 0.0841727576945 0.262489079304 0.240047770604 0.254951931751 0.304237890811 0.257236265481 0.476766929223 0.448925396369 
2001120089 1.0 0.190639687119 0.179256698589 0.252631578947 0.178947368421 0.342105263158 0.238299608898 0.232116600749 0.196506891606 0.191581839192 0.500110791049 0.28731250661 0.285959530678 0.315438401343 0.306892204992 0.0947368421053 0.0842105263158 0.130309667401 0.12286965821 0.195375907298 0.188667877147 0.322601956226 0.341578541886 0.181788589886 0.183079232957 0.297030548622 0.287601601943 0.141714863346 0.14830529267 0.121509435585 0.148585202247 0.133978126962 0.191581839192 0.0823814518026 0.0871207650381 0.275952141661 0.238299608898 0.240094625852 0.321052631579 0.259660976496 0.472659710803 0.458499298416 
2001120106 1.0 0.17357677573 0.169130100198 0.277010885699 0.192895597835 0.301224035796 0.239716428236 0.23597897217 0.194616085311 0.195592426314 0.503495937668 0.299108672293 0.306189458102 0.33505387021 0.335479996975 0.0972672511873 0.0959527684518 0.139959084394 0.132021506107 0.192566143115 0.201114426406 0.354797136851 0.341110823735 0.174033437334 0.171089741921 0.277468944525 0.27051663438 0.14822162078 0.143653161719 0.137210029388 0.142209374706 0.135697706492 0.195592426314 0.0890899089334 0.0932682422567 0.273550996975 0.259739486654 0.277468944525 0.306552149863 0.308462150584 0.48799805764 0.486140376387 
2001120154 1.0 0.169864162983 0.165548029767 0.274961876533 0.17985617257 0.324778740117 0.227249581308 0.245770939357 0.195100224101 0.212080256374 0.511157459969 0.266620070476 0.272041521568 0.312998803191 0.310958658892 0.0911685322793 0.0911685322793 0.145914134013 0.145914134013 0.200650400117 0.201395391789 0.359052544946 0.337849629576 0.178532914605 0.198901234983 0.281776441987 0.299301970139 0.14565731809 0.139977320162 0.146936909153 0.14565731809 0.130757958725 0.212080256374 0.096100070979 0.096100070979 0.241467822422 0.236717856214 0.264835381988 0.280889234363 0.298174022349 0.463121829623 0.452683249746 
2001130059 1.0 0.172492298344 0.159283126255 0.279983058814 0.19604239182 0.336313274837 0.247915540438 0.241729288761 0.228949518959 0.228808728015 0.499586286122 0.27537986006 0.269066588687 0.325668973905 0.300736312387 0.104569182637 0.0926989506295 0.154907130365 0.137650918858 0.224017136432 0.227254270898 0.373106079091 0.336313274837 0.195548650578 0.186610608761 0.311094418916 0.288411449036 0.160893443112 0.145466482532 0.136868360391 0.137572863326 0.165954424196 0.228808728015 0.089994402379 0.0955518912073 0.260960306223 0.236564016925 0.254964246636 0.31602729604 0.263662932876 0.485099906038 0.446160347911 
2001130086 1.0 0.18534502939 0.180723106596 0.291701084726 0.185171620623 0.333333333333 0.251654339565 0.244532432783 0.209892010434 0.21232679861 0.546164088138 0.269569461698 0.273199658909 0.310617671128 0.316660917856 0.093018524043 0.0935923636872 0.130895210262 0.134207491662 0.196124535375 0.1987819501 0.33757897566 0.327008878808 0.174206231772 0.176223069931 0.283660823329 0.292873462562 0.146345294038 0.149028091497 0.157142412115 0.150173377057 0.134207491662 0.21232679861 0.0809542166697 0.0809542166697 0.246712297904 0.23715163461 0.261953988438 0.251994528081 0.285354560539 0.438547793155 0.448328037982 
2001130203 1.0 0.181071492085 0.170178914618 0.27324087061 0.195941498026 0.335205659924 0.245911381338 0.231669139315 0.196280204412 0.196280204412 0.531145933684 0.291586551485 0.290902342757 0.33662938079 0.32555511157 0.104244740958 0.0933532457563 0.15308293953 0.135301344249 0.180041414288 0.182823837678 0.36659109655 0.355067243719 0.171345869418 0.174419582986 0.281997890064 0.277438512991 0.148769876053 0.148680551593 0.135301344249 0.14321916938 0.140219482626 0.196280204412 0.0876277018397 0.0876277018397 0.274405254595 0.257780075376 0.269717560124 0.314808838045 0.272022670738 0.485433593919 0.463596254121 
2001130207 1.0 0.184040160432 0.169676644103 0.261206324129 0.203210514978 0.348426792247 0.245644107853 0.239959011309 0.208673985887 0.20800587109 0.527670708198 0.285195147038 0.28138718799 0.328268366791 0.310209825304 0.102966102807 0.101147573822 0.139679982897 0.133913981397 0.198357716139 0.193922268421 0.396364408378 0.366342965733 0.17452937696 0.171917817557 0.297263551142 0.276060240648 0.152084079823 0.142231050519 0.122798441112 0.138930576687 0.143206360577 0.20800587109 0.0828670790465 0.0861610860286 0.282580121992 0.264954095601 0.277902896205 0.318803295341 0.247947145173 0.507478008172 0.450855944001 
2001140008 1.0 0.164398987305 0.166429278139 0.273576451553 0.176773868204 0.32923543238 0.238672698407 0.231046264759 0.2048508173 0.202732019843 0.500886787572 0.282774854651 0.283283392117 0.315341511176 0.316556314434 0.0906645155168 0.0865124701093 0.140023529585 0.139680474281 0.19203723185 0.210472650495 0.350138763016 0.359469018654 0.170135551456 0.174222358937 0.272991260612 0.288873579592 0.136671262757 0.133474524104 0.148772900689 0.127091490358 0.156013834797 0.202732019843 0.101955923786 0.0989307944727 0.247875992376 0.232495277488 0.243252127705 0.306233548271 0.26490435317 0.472970002961 0.460358852928 
2001140025 1.0 0.167611864593 0.162632179193 0.287989919578 0.183310802973 0.309061007437 0.228081955991 0.237038972122 0.194271813751 0.198182781707 0.529000028885 0.278260813705 0.276283802424 0.32551705636 0.323235662764 0.0955355353205 0.0914308472866 0.13702130847 0.137420788351 0.193706658187 0.188761969862 0.316942014644 0.318451784402 0.166380916248 0.175987590976 0.277471699564 0.275886700095 0.152454676528 0.135107649739 0.146026818467 0.145462643202 0.144801660553 0.198182781707 0.0844169192357 0.0844169192357 0.255298786118 0.235589178876 0.248718794592 0.297124310631 0.288370355568 0.470159277768 0.452605025112 
2001140032 1.0 0.170780327771 0.170167425361 0.267723590575 0.191231136125 0.316897311293 0.247381655431 0.244651424809 0.196162966047 0.202748444525 0.513592194165 0.271268285605 0.269723213641 0.322546216618 0.315670302948 0.100746512064 0.0954202347267 0.142999937164 0.139298756387 0.183666429201 0.177970595179 0.342302752543 0.337206585184 0.162999234272 0.162999234272 0.248525414164 0.251569792383 0.145790947245 0.162999234272 0.129871777564 0.153082444714 0.172778842771 0.202748444525 0.0787992762017 0.0787992762017 0.280359960702 0.251569792383 0.263905189437 0.32732357816 0.283694231279 0.498759581429 0.465926590053 
2001140114 1.0 0.187208843445 0.180327411156 0.264548500048 0.192349238566 0.342674804452 0.247544577272 0.241785221257 0.209089959398 0.202773699241 0.523501928256 0.283534232406 0.280652386744 0.318124449049 0.32257947964 0.096923071188 0.096923071188 0.136276839395 0.127510735262 0.193566354678 0.192067270315 0.357535695665 0.360855130476 0.165382073585 0.163514530983 0.277350098113 0.276763251121 0.135612394484 0.148458617057 0.137069921781 0.146745104887 0.155123504532 0.202773699241 0.0769772544696 0.080868573169 0.280394789272 0.259097574816 0.269152043574 0.297403585355 0.279685172885 0.494212631305 0.476115971509 
2001140125 1.0 0.176083327088 0.179275429759 0.26898550676 0.179275429759 0.325721209088 0.251065345735 0.249955512056 0.206004180588 0.212802014814 0.519118469875 0.276125970531 0.273780050431 0.310299189797 0.307960805382 0.0901017613709 0.089730716165 0.14069603287 0.137092975698 0.175260355388 0.18579443736 0.33348158032 0.323528698117 0.176083327088 0.17302520747 0.274995955972 0.281273476679 0.137336120392 0.145666953047 0.144671058967 0.14528472475 0.150990207314 0.212802014814 0.0928972186798 0.0991512019801 0.245103290014 0.231090945108 0.25155212134 0.288302492882 0.284926787125 0.470788125461 0.453583987993 
2001140193 1.0 0.181511306899 0.170923296349 0.260028801011 0.203387150145 0.34468045815 0.265490912287 0.260151427192 0.220540545696 0.2150490479 0.508397304377 0.284399054092 0.288905216992 0.323437554649 0.329300948414 0.102279935353 0.103056559529 0.151747701563 0.148239224366 0.207193464784 0.207654749507 0.325795575331 0.326431274619 0.194735195232 0.187730424422 0.291487968355 0.281977634055 0.139482088163 0.154145786988 0.135774259293 0.149097345712 0.151957733084 0.2150490479 0.0912375840345 0.0987902845243 0.249065357563 0.214603657609 0.239668180814 0.305694294553 0.275397154168 0.475360892972 0.448395892109 
2001140212 1.0 0.172980183405 0.17894436861 0.277360251568 0.192734048605 0.321725329528 0.239845132633 0.243280326291 0.212201917226 0.21742822903 0.505455556504 0.257747925535 0.268416552915 0.30164009576 0.300992103399 0.103863332456 0.0894721843051 0.153863988197 0.148208247811 0.207373887982 0.205660268994 0.350863876301 0.343162463581 0.1827901723 0.187795439595 0.292479296401 0.300870449462 0.14861936718 0.142499316514 0.142584927406 0.144032527234 0.143608277337 0.21742822903 0.106416778699 0.108348687886 0.272477548343 0.258079129981 0.278151079172 0.283151459868 0.286408151539 0.468310963744 0.461459760103 
2001140245 1.0 0.175652830109 0.170101053447 0.249940006916 0.191344092541 0.318828129479 0.237904282063 0.230675116071 0.205087034212 0.215293861312 0.478441364988 0.282393240236 0.278771374394 0.31674063443 0.309118079861 0.101505950613 0.0904782244727 0.135457092296 0.124034734589 0.186563469138 0.186563469138 0.346939436324 0.342228983997 0.166325220698 0.164018003384 0.285376350205 0.284435083748 0.131437951422 0.128395999999 0.129381570112 0.11880372907 0.146952097102 0.215293861312 0.0766261028177 0.0840069224556 0.275665615201 0.255082424029 0.266130960381 0.299234497349 0.266501948657 0.469628000353 0.432060269196 
2001140265 1.0 0.178860189132 0.173519871061 0.257663862745 0.202450177871 0.361956378618 0.247303865938 0.247303865938 0.203931992177 0.215419870805 0.47867588034 0.283865462946 0.28326820006 0.329516473808 0.324683917399 0.105903997827 0.0998681856126 0.143219605767 0.138815896849 0.189387221742 0.189387221742 0.325147255369 0.3352348224 0.174601002213 0.184556145983 0.275727388509 0.280933440592 0.139896192494 0.151519713438 0.128099509682 0.145823811901 0.148509087906 0.215419870805 0.0834430340547 0.0834430340547 0.248442646477 0.227320965216 0.244318196737 0.305636425166 0.256199019365 0.469226094316 0.456005797294 
2001140280 1.0 0.172509551952 0.161329526984 0.287413787357 0.189742230106 0.322044269566 0.233944051001 0.234014633006 0.210849842849 0.210849842849 0.4943865096 0.293047098482 0.290158748537 0.331644552787 0.326778597146 0.0978700365858 0.0926696292908 0.142292165553 0.142755659177 0.218088114494 0.210849842849 0.347213964758 0.352125831771 0.172892056971 0.169028059424 0.282136499049 0.25989469091 0.154746115148 0.14831595288 0.142176056056 0.153029045468 0.156866023724 0.210849842849 0.0977011494253 0.0951318698692 0.277592751166 0.258620689655 0.267411267221 0.294508689088 0.267411267221 0.463348146454 0.443870186544 
2001140283 1.0 0.184490540951 0.177296217288 0.272176425149 0.196167173821 0.341769148173 0.240962046232 0.240962046232 0.200108087559 0.210351580956 0.51260490135 0.280222780643 0.275684751571 0.317409528391 0.319797517327 0.0957596130724 0.102035504329 0.147728025286 0.143465078702 0.214125004329 0.222201087281 0.326673005424 0.321296576404 0.176276939627 0.178646207978 0.286511179098 0.293142981209 0.138205024073 0.144438677417 0.146092609308 0.138927480768 0.134534558799 0.210351580956 0.0906027901051 0.0934314068288 0.258286757332 0.240462987264 0.258286757332 0.290329182682 0.282499895019 0.465697567271 0.452129156809 
2001140331 1.0 0.182246109764 0.17130900533 0.276227471116 0.193992071048 0.346724965795 0.236863102369 0.236498416853 0.209974317946 0.204391775251 0.499585520791 0.265130455183 0.259603556125 0.316424228252 0.297877220146 0.106416176904 0.0898832276568 0.153785722146 0.146896260182 0.184411858996 0.189216980937 0.324504445156 0.332595971262 0.174701592207 0.185810704774 0.288455784134 0.278716057161 0.163682251862 0.14150921682 0.134247430517 0.139296077909 0.146896260182 0.204391775251 0.0972626307188 0.0949272684756 0.274094408529 0.247065361067 0.252388124177 0.306953435468 0.249429676766 0.454420203456 0.445054457921 
2001140448 1.0 0.168047388964 0.177001078753 0.263153197275 0.200977085535 0.335003558236 0.23630292766 0.234845752854 0.191472075544 0.201885974673 0.516740378976 0.273724408965 0.275349889861 0.326037120088 0.327437930492 0.104480051663 0.103268328479 0.167433452875 0.163631578549 0.207255624601 0.211788427036 0.348956119379 0.340592699511 0.174133419438 0.172482828448 0.273347925302 0.285309427129 0.138069162293 0.147757106059 0.134713395498 0.143594096259 0.138730575239 0.201885974673 0.0986208302091 0.100573907537 0.265835413259 0.248758272842 0.269978330552 0.29098798099 0.299055274586 0.463536416162 0.460092395831 
2001150003_17 1.0 0.174695549772 0.172761591116 0.257163033161 0.152626609232 0.303874262979 0.249088381582 0.23957722123 0.183451313949 0.203288013299 0.542101368798 0.262870088004 0.267410859145 0.307628765719 0.299044657986 0.0805958324417 0.0748313518046 0.124544190791 0.111244802038 0.20079358738 0.210726999975 0.347865191577 0.334153617944 0.172761591116 0.185122540559 0.261802807559 0.291458268882 0.130687337563 0.154087184226 0.143940979182 0.139194360506 0.143746332738 0.203288013299 0.0705957561011 0.073700334304 0.257489451358 0.248750939501 0.262763555036 0.306808542399 0.281787488365 0.462806351397 0.476341378369 
2001150018 1.0 0.174964281177 0.170556048052 0.274877140071 0.19014654679 0.324954835838 0.235705203051 0.239279883804 0.201185033274 0.202484012394 0.514903118658 0.276417080075 0.26601374953 0.317964072011 0.302510986084 0.100063651744 0.0911856038661 0.148401555916 0.14291598721 0.19596672263 0.197679362896 0.323105421706 0.324224037507 0.18016724511 0.18016724511 0.286965367815 0.277183841826 0.150324044268 0.155227198111 0.134546735525 0.151976006443 0.148569716373 0.202484012394 0.0948102762843 0.0984283091303 0.263704026758 0.244901059108 0.245816960718 0.301311771658 0.253320725657 0.461290941887 0.431996977766 
2001150065 1.0 0.177542041074 0.170581545253 0.260395347061 0.182261971686 0.32816748894 0.240292528223 0.248303761966 0.198263142795 0.204434629296 0.517139198081 0.274941510532 0.282740182812 0.317811977006 0.318072532063 0.0960005867919 0.0883618006143 0.13840913309 0.139304029048 0.184295956229 0.183168753262 0.352802064738 0.356306807046 0.168873246388 0.185304576473 0.275806404242 0.283362113188 0.141150174097 0.14569874631 0.130316920395 0.14969507511 0.142900036461 0.204434629296 0.0896416299982 0.0855029767604 0.252439685391 0.232272474104 0.239818024967 0.306128084401 0.285074506701 0.480002933959 0.479031157818 
2001150186 1.0 0.180704281218 0.175558351881 0.26293363567 0.190719115769 0.345394701466 0.24488279868 0.244394064366 0.2088714477 0.215261191971 0.500099626071 0.285183349334 0.291586551485 0.32555511157 0.332339921334 0.0991501470193 0.0940620884765 0.131213948168 0.134908025556 0.203066535275 0.194307488973 0.358047923451 0.355067243719 0.166389669828 0.172812700195 0.271631692928 0.274502063649 0.135301344249 0.144419996073 0.138791063552 0.152996133206 0.144419996073 0.215261191971 0.0815009188058 0.0786811068941 0.267442256725 0.252626556311 0.272364315924 0.275082202508 0.299231597343 0.478154159192 0.485105080283 
2001150218 1.0 0.179829438772 0.1755042501 0.273076825946 0.193135925337 0.340685858979 0.237925632409 0.23879875693 0.190212618309 0.189791327386 0.517434263664 0.295110426679 0.288527209843 0.338422767057 0.326529346207 0.0988211768803 0.0963605124553 0.152883822279 0.140097485088 0.199977585834 0.202206704215 0.336572800446 0.329603664755 0.164485817068 0.163313694174 0.271194326462 0.263772773083 0.148851477302 0.144596137683 0.134500632273 0.136977397322 0.148528471908 0.189791327386 0.0912403150037 0.0989830462383 0.255886137108 0.232618073315 0.240402348022 0.31566025002 0.258066581827 0.484552618148 0.448200523222 
2001150251_13 1.0 0.170576543058 0.157257534596 0.251865770806 0.198012916956 0.350192008071 0.254377384315 0.244901487714 0.223434821328 0.207587504801 0.502026330823 0.251160372832 0.247563429832 0.292917635536 0.299900761592 0.100513191923 0.101683122979 0.137709425322 0.137923981814 0.202224071238 0.211747894425 0.334206132735 0.335941668925 0.187767577039 0.186186126272 0.282991125816 0.262294294255 0.144962186935 0.150336058391 0.129292715238 0.154475114857 0.139416632146 0.207587504801 0.0735609457693 0.0732252025938 0.264986096406 0.234876077544 0.235546554776 0.311745066673 0.244659888029 0.468417882923 0.438014347213 
2001150251_18 1.0 0.180164366219 0.175372751573 0.267001591699 0.206565783003 0.349464133063 0.253562113747 0.243998015627 0.222857638751 0.216786897054 0.500995612919 0.256146820724 0.262453995473 0.304911395904 0.311525656256 0.105553415245 0.104959959191 0.146316553693 0.148435797794 0.214204440007 0.222321891835 0.352699082475 0.329956355781 0.186909317477 0.177976246447 0.297215705996 0.291174066681 0.146316553693 0.144755799153 0.137223991956 0.130042447577 0.167319380467 0.216786897054 0.0815805434505 0.0801054399474 0.244903995096 0.229263258751 0.250407112102 0.308061199214 0.263749006603 0.476622453035 0.443262342881 
2001160030 1.0 0.186108807799 0.166666666667 0.277777777778 0.203703703704 0.333333333333 0.232036371966 0.223760110622 0.199450548412 0.21675370205 0.481481481481 0.280236036119 0.280236036119 0.306536025134 0.314814814815 0.0925925925926 0.111111111111 0.118576374767 0.133538936128 0.199450548412 0.193339009424 0.349406708595 0.33126933 0.182386255589 0.182386255589 0.298602138826 0.292803487053 0.134816849801 0.141032835294 0.152707615764 0.149301069413 0.118576374767 0.21675370205 0.0828173325 0.0925925925926 0.2484519975 0.241451940933 0.267077872257 0.292803487053 0.323412022159 0.498282372114 0.484676012159 
2001180156 1.0 0.178088662421 0.177204842263 0.254268195008 0.177598194228 0.348703030423 0.245897216013 0.252339805998 0.220539160628 0.216628440175 0.490835732897 0.261573128832 0.264161382162 0.301711156795 0.298514050171 0.0903570948604 0.0887990971142 0.145887891639 0.150595158101 0.232702039099 0.226085725428 0.35973504394 0.346545100753 0.164545189843 0.172009429945 0.272547473913 0.278812296554 0.147670701886 0.139406148277 0.124183948711 0.129681447532 0.166442634631 0.216628440175 0.103327291077 0.100935922399 0.264491377771 0.248367897422 0.276865829518 0.280185456981 0.301190316201 0.488019833483 0.472139976961 
2001180418 1.0 0.174652313476 0.167155053084 0.271241515978 0.186885030739 0.347703527796 0.253274822873 0.251473297871 0.223634522757 0.214579761013 0.509884117886 0.291087189127 0.281192444259 0.325921284678 0.313510497339 0.0909203627271 0.0964356075485 0.137587475087 0.140999866036 0.227209968264 0.221685398642 0.359681690401 0.367356521994 0.189847290955 0.185107249252 0.302233289961 0.289306822645 0.146604679775 0.138485770647 0.143757715953 0.126800498963 0.145756429571 0.214579761013 0.0964356075485 0.0949236454773 0.27283684463 0.245653292705 0.255953336451 0.274874376682 0.245653292705 0.461862914088 0.445602543585 
2001180426 1.0 0.173270856108 0.173270856108 0.247122355656 0.201228187143 0.333377368253 0.2345746506 0.24450225394 0.191040179975 0.202128907843 0.488632885345 0.265361051707 0.27108693495 0.303451972118 0.301102772178 0.104083167754 0.0978684203285 0.138168008788 0.138406847357 0.175072352564 0.172889201776 0.344486484983 0.345013406147 0.178250647289 0.185692271544 0.279012313924 0.286949002138 0.132680525853 0.141358284792 0.127215965868 0.141941208028 0.142289815695 0.202128907843 0.0877246289787 0.084853903616 0.280252506002 0.264363450237 0.283008481454 0.286315241898 0.303288664919 0.459654752679 0.471396735865 
2001180490 1.0 0.17690905843 0.172717408875 0.257816008014 0.188668092318 0.337132864547 0.245655270821 0.250317326127 0.217306330545 0.216555701944 0.486715330224 0.274220768536 0.279863278583 0.31927178915 0.319424758154 0.097683719391 0.0941180301983 0.141292338943 0.146163958691 0.189700954555 0.188926837252 0.360926169907 0.340210010964 0.180463084954 0.186585216076 0.289922806114 0.28676032798 0.148375339329 0.139319371655 0.124637166366 0.144370467963 0.154187727373 0.216555701944 0.0893246697871 0.0871096638279 0.25553215979 0.241375700683 0.258068521304 0.291547036224 0.267487446982 0.47786952018 0.434050298127 
2001180695 1.0 0.161292308841 0.161005736553 0.245146225548 0.161768801191 0.311514601984 0.245710718052 0.246461363542 0.218026333919 0.218942266968 0.478341603173 0.273294380958 0.272052383954 0.314318658893 0.302743426178 0.086137809928 0.077878650496 0.149401276288 0.138715602622 0.191085462912 0.189629860534 0.3600197717 0.344997723299 0.193805108131 0.200058487184 0.290919393953 0.299111498948 0.1422223954 0.13915878459 0.132355330687 0.124689818654 0.133397970848 0.218942266968 0.0992568054408 0.100029243592 0.263603446269 0.255297012832 0.270520321639 0.285632907876 0.283197338858 0.455730896383 0.44350829643 
2001181057 1.0 0.162512626567 0.162961433349 0.281116624248 0.183852514415 0.3297547641 0.232670114708 0.237332060125 0.194057017782 0.194057017782 0.519001191424 0.285243327493 0.285243327493 0.32394483379 0.328823188949 0.0925202301575 0.0933063125093 0.150277043134 0.154589341107 0.206881523926 0.208779236891 0.346684989227 0.338412134958 0.176059954889 0.184724421723 0.267046434616 0.275871450345 0.152208703942 0.154589341107 0.140324286468 0.152304643884 0.122541855997 0.194057017782 0.101552412952 0.103968973544 0.263522368464 0.254556191778 0.268845481671 0.284474130603 0.284474130603 0.478128979751 0.467282418551 
2001181096 1.0 0.173068963273 0.173617171688 0.27155446522 0.191224537599 0.345478406239 0.232654296961 0.256436083268 0.215345598105 0.216840766222 0.51353876361 0.287134818745 0.283672027289 0.33729464157 0.317798512874 0.0994129033169 0.0943113609875 0.135216167265 0.135216167265 0.195937142583 0.187814912173 0.367082941535 0.372224409596 0.168393567254 0.17974861232 0.292447115721 0.282328875675 0.152521755216 0.14193647595 0.125748481317 0.152272332719 0.139505414523 0.216840766222 0.0856514536174 0.0772513201109 0.273854338791 0.246690116097 0.253903686969 0.321130074673 0.263599255371 0.48896908989 0.464163519183 
2001181098 1.0 0.172009749824 0.175467578058 0.282135597941 0.177805831819 0.331400294993 0.25010792549 0.257650557072 0.206709809379 0.205434373081 0.521745796417 0.288452849476 0.291173551893 0.326204447845 0.326664538974 0.0921179310066 0.0866572600502 0.130274427367 0.138922156076 0.192312746699 0.183623441941 0.343364015725 0.329126509685 0.168257963592 0.174394371795 0.253685336126 0.260692923783 0.141466484077 0.160842037659 0.15021980416 0.163159765722 0.144616402263 0.205434373081 0.0904728356146 0.0822102952644 0.263984812207 0.258523458129 0.280600971743 0.270517817547 0.294634684171 0.472301942374 0.470828918862 
2001181147 1.0 0.171718427029 0.159697447321 0.280235574442 0.192360038287 0.351600588842 0.233727012089 0.236487031266 0.189435141656 0.19608949757 0.516442586159 0.278181746987 0.278181746987 0.324317968496 0.31697609977 0.100251697849 0.09403800995 0.156161977591 0.148433199834 0.196934218329 0.194156010217 0.341321206487 0.329808626506 0.165269955195 0.173727919906 0.265752616097 0.263757662082 0.153235510051 0.145039404776 0.138982335925 0.143259712778 0.147821941782 0.19608949757 0.10100153401 0.10321836428 0.248193910695 0.230999345873 0.246913766552 0.285516960631 0.271816193592 0.473993953878 0.450890057645 
2001181209 1.0 0.171537937231 0.16486781462 0.2499426218 0.185808942269 0.328806358358 0.247585103339 0.243744732706 0.203117123509 0.196091130212 0.514167679132 0.281784164323 0.272210632013 0.325767921442 0.311769570652 0.100992070161 0.0883319854309 0.152828734076 0.158560766429 0.208200486313 0.196480844668 0.36047237553 0.339489617015 0.169744808508 0.171686519275 0.265668657899 0.261509015464 0.126542701211 0.1506441538 0.133408957424 0.1506441538 0.146525537998 0.196091130212 0.111777738564 0.097131062837 0.242906399241 0.243744732706 0.253588654862 0.277314735807 0.287517169398 0.484867125436 0.461755801386 
2001181216 1.0 0.169777100305 0.169777100305 0.260633446895 0.163721499451 0.315157696946 0.220323088548 0.22866478019 0.189792386657 0.194002004004 0.496887573579 0.295929646343 0.293937669837 0.339013078034 0.326319691993 0.0867603337447 0.0797016541582 0.121192091117 0.128543624182 0.192481886523 0.16880105012 0.363778204093 0.347728389235 0.159978150818 0.171069838009 0.27436026519 0.280710813156 0.151490113896 0.129681200553 0.124921948166 0.119360367211 0.141462892726 0.194002004004 0.086123162328 0.0787748592259 0.26336633636 0.261196370762 0.27436026519 0.26833855716 0.267722079763 0.462757047056 0.425253014466 
2001181235 1.0 0.164660307952 0.164765287438 0.27057727644 0.17642175852 0.341132758612 0.239382361062 0.238151222923 0.21822166351 0.20882785868 0.511927184786 0.275642335129 0.26781522836 0.315592835808 0.305175081107 0.0889915217269 0.0889915217269 0.137286914077 0.129509540131 0.210805751529 0.216231637784 0.345013687552 0.33991406073 0.18239730955 0.178565005912 0.285805668843 0.28012259435 0.148771889529 0.145243200248 0.139783244254 0.140277179518 0.16350108497 0.20882785868 0.0897653756118 0.0897653756118 0.289592135467 0.264697971107 0.289293432824 0.27739325686 0.253485864874 0.44077987702 0.420173603365 
2001181276 1.0 0.173617171688 0.166463816548 0.271904181354 0.179219160176 0.33315590027 0.245531758862 0.244523410623 0.204944950463 0.205777875346 0.524958638509 0.279147031557 0.278192213602 0.320596980019 0.31443165348 0.0943113609875 0.0865344816364 0.136892464752 0.139505414523 0.206791338665 0.194964743814 0.341939481623 0.348981445442 0.167715014189 0.175359922235 0.263382865194 0.262153280364 0.14511455212 0.159108432794 0.138548482207 0.15790940717 0.144458218805 0.205777875346 0.0924798980824 0.0858730618884 0.244523410623 0.228865690599 0.237264964165 0.284675232215 0.281789822437 0.47760393553 0.479629120312 
2001181310 1.0 0.169605924186 0.171218695089 0.273011954199 0.206174611057 0.352404928679 0.245147863897 0.249077597699 0.203040395431 0.208735884554 0.51582740025 0.264766890115 0.266972170391 0.314607072435 0.312503435431 0.109633457642 0.099836797456 0.15409682558 0.155045122688 0.183811064368 0.181705714118 0.340828435042 0.354685219656 0.16299534166 0.170897358499 0.260370665743 0.271058716664 0.143889933954 0.137242224532 0.143889933954 0.141190552986 0.149877495262 0.208735884554 0.0976096742288 0.0924025911478 0.265527021078 0.254894554337 0.266972170391 0.287652503498 0.267246550906 0.467061565447 0.455019923665 
2001181410 1.0 0.166721677615 0.162510347668 0.270043596795 0.166622644831 0.327550077416 0.223783888695 0.249256122925 0.198119376813 0.207638371657 0.489220930369 0.27047112283 0.268265159302 0.316060692823 0.308609246846 0.0878909086966 0.0822645935787 0.141906060435 0.151688415552 0.195350687043 0.180324252746 0.347122254782 0.349491717475 0.172176626474 0.192713565741 0.28381212087 0.288713251071 0.150815381449 0.12911649108 0.134501245247 0.132647671398 0.138133795518 0.207638371657 0.107950181936 0.100342737625 0.267340635612 0.258616212125 0.267278886995 0.287337872462 0.263610118294 0.471350050596 0.470193017448 
