Leaf
2001120035 1.0 0.154245426864 0.148532633277 0.262850593276 0.200029370253 0.337054821666 0.229935506458 0.235267239397 0.21199006241 0.208497400666 0.479908664874 0.277114656561 0.275164577175 0.31935487008 0.304551378344 0.1034630923 0.0972853692313 0.149518116773 0.141442124142 0.195240519233 0.189902058136 0.370451649293 0.373041484406 0.176450429548 0.177188719089 0.285239503507 0.268562066139 0.146875467623 0.132876189442 0.126458076774 0.138055895112 0.161784055087 0.208497400666 0.0921160287315 0.0999330737827 0.266488196754 0.251427827581 0.265813774837 0.298435374674 0.274273594014 0.472645207719 0.448408810291 
2001120047 1.0 0.167584307427 0.162352489423 0.267162365448 0.204411976753 0.346107884519 0.233740513184 0.231798282129 0.202255956271 0.213588829204 0.497961430447 0.233212417965 0.231798282129 0.272040590155 0.278657886711 0.0995922860893 0.105860287767 0.130861358622 0.133452924238 0.210227051831 0.202188210177 0.337124868518 0.327728680728 0.173291273492 0.198978127585 0.290358914642 0.318786434904 0.136095812967 0.117045957403 0.147403572701 0.123204422842 0.135085436611 0.213588829204 0.0799004778663 0.0785168151733 0.259936910238 0.241693525357 0.268594333254 0.251471816238 0.304004202191 0.409560513516 0.416920263311 
2001180427 1.0 0.163620619882 0.169356240062 0.268697505315 0.198641453679 0.385608368061 0.237719309174 0.233375715991 0.211044866994 0.20397790203 0.502534331546 0.240074789975 0.245135470607 0.282253687529 0.293449853153 0.100811792611 0.0999624784664 0.132399018252 0.145059370115 0.186327558916 0.185502082038 0.327501678515 0.344750255342 0.172548157885 0.170260015327 0.278605274508 0.281830473023 0.142210136073 0.128211424189 0.144234157738 0.126335711868 0.14888806428 0.20397790203 0.0908470623191 0.0842238079123 0.254621025954 0.222605562549 0.2484519975 0.260185722233 0.292227018799 0.421280977287 0.445440871974 
2001180912 1.0 0.178945957995 0.166721677615 0.247328256253 0.19543516302 0.344927973658 0.236618637834 0.22960877629 0.199861301438 0.20628254678 0.483178000117 0.236199719881 0.232395479276 0.282938402672 0.280183109657 0.100342737625 0.0991845798471 0.142254581779 0.138133795518 0.20068547525 0.20175186787 0.342092966963 0.33801566335 0.164529187157 0.167511832173 0.280183109657 0.280536355996 0.139914708697 0.121203742873 0.128475710494 0.110518985059 0.117890028813 0.20628254678 0.082864343392 0.0822645935787 0.282646563087 0.270043596795 0.280124191959 0.287510154604 0.264360433242 0.424475659336 0.416388172258 
2001181023 1.0 0.155652328267 0.155652328267 0.250057861888 0.161204380392 0.316661779949 0.211545988367 0.217303393419 0.184672373902 0.181978740087 0.472247613115 0.232069736196 0.232069736196 0.270911049089 0.263401926101 0.0840695134767 0.0779747347378 0.130168819169 0.122346531648 0.197043046469 0.196336937322 0.335634986421 0.33300396266 0.151736550446 0.161968386475 0.254401699453 0.26039690701 0.140543504921 0.118892246141 0.12692759302 0.114394125128 0.137546970746 0.181978740087 0.0846183953469 0.0897513617444 0.285985312819 0.277829040327 0.290694968489 0.290216807749 0.289737857891 0.412229337576 0.411254887375 
2001181026 1.0 0.166762971593 0.172410945807 0.252869387183 0.18390500886 0.35056892314 0.2345746506 0.242467525744 0.200735181452 0.211940050638 0.500024770665 0.243079732563 0.244704796225 0.283008481454 0.293098607871 0.0879126777025 0.0992091460933 0.151725986059 0.151725986059 0.200735181452 0.203106956657 0.355805772108 0.347208230755 0.165470601215 0.170871531543 0.269375819075 0.280605839833 0.131304264423 0.121233762872 0.141941208028 0.132306601599 0.138168008788 0.211940050638 0.0982053177803 0.102806025304 0.277766584604 0.276096869095 0.295567322748 0.258680266734 0.287868344508 0.419533301463 0.432671710343 
2001181044 1.0 0.159976494976 0.160384079064 0.268592748176 0.188543726222 0.34280677495 0.220467965733 0.232573056362 0.194004944918 0.200947679678 0.491887573667 0.248058334388 0.255513083978 0.27861472862 0.28635710524 0.0971285862357 0.0914151399866 0.12582560153 0.121469533444 0.197341474035 0.199562098133 0.316928937091 0.310687519866 0.155946733506 0.163707932803 0.271433799242 0.273589970979 0.128901222777 0.120118328637 0.144652905311 0.135446037371 0.141919060672 0.200947679678 0.084358022933 0.0793737320032 0.265844142894 0.240032750045 0.261635915891 0.27519601352 0.294117647059 0.425143367053 0.43320583765 
2001181053 1.0 0.168625750826 0.168625750826 0.246916277995 0.180770791918 0.343485095362 0.259240932375 0.257274829752 0.225737664356 0.218885641662 0.517956961434 0.235565442935 0.233865702875 0.250706241674 0.270670889285 0.0845276856347 0.0963575719005 0.127753298455 0.132080408448 0.203783308278 0.210092792774 0.342215666583 0.361541583837 0.200192131709 0.198097728396 0.294603033484 0.300031431208 0.132217634883 0.140076247086 0.14813018063 0.137462654676 0.125316949109 0.218885641662 0.0917296755783 0.0919271562709 0.29626036126 0.277028019214 0.304352106211 0.277616536854 0.302439426741 0.409608234947 0.414449587715 
2001181106 1.0 0.156954444993 0.156954444993 0.244260543906 0.156954444993 0.332392738096 0.230396857274 0.224160733149 0.199635208776 0.190288284333 0.488106442594 0.238174929978 0.240711775947 0.270296946662 0.275490683927 0.0757419793351 0.0821537112663 0.110983552392 0.110983552392 0.181854992086 0.167561350744 0.315891435755 0.337980408088 0.15802581883 0.158665170674 0.256787848866 0.261088578792 0.125132804962 0.125671013058 0.132468879042 0.127536856564 0.140624502009 0.190288284333 0.0757419793351 0.0743933496044 0.247144799838 0.220823918962 0.243291526877 0.274016804334 0.314177532646 0.423589825216 0.457449392481 
2001181197 1.0 0.170414482631 0.170697955767 0.255542903765 0.187437875822 0.351994432598 0.240935592451 0.251474299137 0.207203085047 0.216186268806 0.51174757073 0.237160206904 0.233875659989 0.282386514254 0.274397736228 0.0971802283224 0.0924202293402 0.132538593045 0.132538593045 0.185362853859 0.187953051899 0.333998798533 0.333998798533 0.185970460254 0.194194549268 0.28147189966 0.282842712475 0.140219696389 0.159066576203 0.132902877542 0.15997582412 0.144521216263 0.216186268806 0.0818796113168 0.0788719828947 0.264833884353 0.238515419118 0.261527158192 0.295712036245 0.255479830112 0.425799716853 0.413978164921 
2001181249 1.0 0.164455228455 0.164002307659 0.262333383174 0.174888922116 0.338583077614 0.234612748848 0.248829452437 0.209062741757 0.219612598782 0.509650982313 0.23549879961 0.236821660034 0.274092047424 0.278132934382 0.0874444610579 0.0887950345865 0.127339750588 0.135490337874 0.185537808784 0.185457610895 0.343468837031 0.341514208746 0.176075772821 0.192773335967 0.282221391843 0.295004525959 0.139066467191 0.133164625985 0.143177691121 0.141820525978 0.15086776664 0.219612598782 0.0927288054475 0.0879533564952 0.288013024929 0.267777612483 0.290942307616 0.283693495528 0.295004525959 0.4337035625 0.439766782476 
2001181251 1.0 0.158730277051 0.158730277051 0.268064893351 0.196880677853 0.311678582313 0.239515682037 0.237891828181 0.216017328459 0.215464500097 0.492534764625 0.214702036872 0.212046979516 0.249275890923 0.250111788472 0.0929887519272 0.103892860771 0.131279023921 0.132184407229 0.202038038681 0.202627501753 0.332193371461 0.330573784163 0.175841264433 0.172675777358 0.277250843631 0.275470636909 0.141762501509 0.134310234428 0.14197267583 0.133307489494 0.151817266207 0.215464500097 0.0806231322312 0.0854701491814 0.283314594823 0.267786673356 0.28109580009 0.305787301787 0.295068497694 0.433550330918 0.428152366899 
2001181288 1.0 0.175488030386 0.165359860653 0.239985530092 0.20470589021 0.345380502974 0.259686065701 0.269757131517 0.220152296219 0.212489029491 0.509170104756 0.230690340698 0.233854157607 0.282808874121 0.275771963815 0.106685948059 0.102102182103 0.148823874587 0.149053364122 0.188901476932 0.17809802042 0.332420620984 0.332214915134 0.175877139579 0.177521338861 0.275957814873 0.261064416689 0.138966246738 0.14272768904 0.118379644794 0.141283526874 0.148823874587 0.212489029491 0.0915099138153 0.0863203814742 0.261783513728 0.233927225616 0.246657942951 0.293251621743 0.248039790979 0.452139037387 0.413730239171 
2001181435 1.0 0.168521805902 0.174272388382 0.283291238528 0.167627257412 0.346863180742 0.23536338675 0.237834646504 0.208409886815 0.208409886815 0.485575426501 0.241459533493 0.241390337466 0.284350714965 0.293486479072 0.0827605888602 0.0884208265398 0.127296807161 0.13104733729 0.193875487476 0.191447612781 0.336299311422 0.352926763462 0.166427046814 0.170786588478 0.264695072596 0.279611204461 0.133447439758 0.134817444722 0.162773325095 0.139925043177 0.147707732838 0.208409886815 0.0833639547259 0.0803018029205 0.253804989976 0.248617964117 0.274059458334 0.255183483185 0.301072811717 0.433942447156 0.470904185322 
