Leaf
2001180169 1.0 0.182269331996 0.175062940744 0.259240932375 0.198828718807 0.337735093634 0.22725887881 0.220536386325 0.179057286025 0.175373428025 0.506450484676 0.302079451101 0.297299124092 0.348932591321 0.340036096086 0.105175790478 0.0980367266277 0.168733258488 0.167438610779 0.191393221283 0.196165918931 0.352860273822 0.342903857187 0.156581054338 0.152354698504 0.269327601145 0.259240932375 0.135870369434 0.135335444642 0.133310361191 0.128883880657 0.140593135363 0.175373428025 0.107731040458 0.108569426958 0.257274829752 0.240969197346 0.256215354436 0.297482058654 0.295340771785 0.502315832336 0.495811558949 
2001180206 1.0 0.167983333699 0.169171909846 0.25485763233 0.179515311891 0.335618592611 0.205208518299 0.216377375147 0.171816146248 0.162732551916 0.485969448517 0.30893630899 0.313975685907 0.342317833914 0.358472110676 0.087449147974 0.0953064500385 0.139889993276 0.152564760056 0.178395662848 0.175755412252 0.339968470148 0.343729459837 0.166686145686 0.15868048318 0.289459742846 0.276960821617 0.129862431546 0.096870379524 0.136016853385 0.113829205368 0.12831023516 0.162732551916 0.0956561996543 0.0956561996543 0.258435897999 0.24909252563 0.272585562034 0.272585562034 0.312750150339 0.476532250192 0.499590749194 
2001180474 1.0 0.158999682001 0.158999682001 0.276179015761 0.190754313968 0.342407461207 0.209745287351 0.199935166674 0.16434569464 0.170919522425 0.479934452453 0.299379941177 0.298440197403 0.344420899868 0.350453465964 0.0941228899348 0.102053250967 0.15831873805 0.151340880894 0.193342075523 0.194122808165 0.348412872636 0.352788619223 0.145517881237 0.155842705976 0.235651325277 0.258728357564 0.129155223422 0.131476555712 0.153467554898 0.136792495005 0.134883668947 0.170919522425 0.091562825865 0.103941343741 0.256041942329 0.243586710924 0.264428085912 0.279058795922 0.30791910397 0.470063163523 0.489871484037 
2001181042 1.0 0.167120104589 0.173825427084 0.265427041905 0.203793327486 0.352332131709 0.215957066921 0.229140217101 0.181545197657 0.197237542378 0.481828295539 0.278867699369 0.286350433517 0.320981539047 0.328548885794 0.100484632477 0.105659979387 0.144103643826 0.144103643826 0.176759855411 0.188040197889 0.353735205942 0.340899709484 0.143573849224 0.166205623829 0.25674368071 0.287147698448 0.133250752352 0.119852579797 0.139262953861 0.12158852058 0.144103643826 0.197237542378 0.0839580949462 0.0857541933243 0.254208246778 0.240815278743 0.262612865719 0.271178569815 0.319673104129 0.463406588042 0.498272879122 
2001181069 1.0 0.179382621462 0.18032207717 0.257431869334 0.214553295966 0.355453250237 0.203966965917 0.213764333268 0.161773113672 0.178122306406 0.466341679066 0.301250849781 0.31304747785 0.357297036414 0.358608222605 0.114472895724 0.107013821991 0.171682007862 0.178122306406 0.20369065019 0.190054208741 0.350131793393 0.342816821727 0.131565014568 0.154653470997 0.256042509518 0.281135704904 0.138244813396 0.11298724363 0.124978877801 0.110466764998 0.125727709413 0.178122306406 0.110466764998 0.0989943045777 0.228042000478 0.221357994421 0.245103744882 0.285640522364 0.304289167192 0.495843119095 0.51109420543 
2001181084 1.0 0.162869713082 0.164418429823 0.273276092864 0.19772982519 0.360457175251 0.192534613161 0.206425357886 0.177084068386 0.159938656169 0.476813446488 0.305006158627 0.304285168427 0.348832598921 0.351918819723 0.100349135394 0.101520891446 0.14820476984 0.15258614954 0.176797601655 0.176797601655 0.372853004128 0.366592266013 0.17439208002 0.140599389838 0.298963618341 0.252651267818 0.143807393239 0.110295235752 0.136823402221 0.112869390031 0.119839494366 0.159938656169 0.093732926559 0.0887326523558 0.25748682046 0.250029566055 0.263197908271 0.278178297028 0.304562674338 0.485104031802 0.502082306113 
2001181114 1.0 0.171115803804 0.17772007007 0.268212917002 0.189066484478 0.35970079388 0.233316700047 0.230028690761 0.187784663024 0.185094056496 0.518138589663 0.297694769825 0.299685229237 0.357212919916 0.343207400645 0.102183358544 0.0946314586211 0.160932368126 0.152393702842 0.174555661477 0.175828259089 0.375420889447 0.359855714909 0.139004443936 0.158489450956 0.240453891051 0.270007926955 0.139004443936 0.137931034483 0.139004443936 0.131871194317 0.142306672579 0.185094056496 0.0963822404095 0.0930475566592 0.240144625469 0.238981315097 0.263742388634 0.263178233146 0.286953740984 0.491681697641 0.483988580952 
2001181148 1.0 0.178098868665 0.171024175976 0.266173305939 0.209616081271 0.355101179354 0.228174710272 0.235050247361 0.18612934722 0.183845465055 0.508171766272 0.308054585357 0.315352998737 0.357836273776 0.362348889307 0.107562589952 0.107562589952 0.160029246596 0.160029246596 0.199120588526 0.184198674727 0.354001224685 0.368044309268 0.160637339654 0.163246236608 0.264089485627 0.259996750061 0.14079951842 0.149964788414 0.131242406964 0.148001528332 0.136819340781 0.183845465055 0.090137655173 0.0940200989445 0.253028455742 0.233802552187 0.241999041138 0.305192843024 0.281599036841 0.496002872501 0.490799325489 
2001181213 1.0 0.166967489265 0.167535987638 0.265256352549 0.166511293086 0.333250918449 0.229511692696 0.237252494305 0.191477807613 0.199073654352 0.493713570986 0.324461351005 0.330558053344 0.365318455952 0.368841177125 0.0882992184972 0.0822791753793 0.127137712825 0.131114024072 0.171018502467 0.16934235778 0.373350656028 0.361971637455 0.161878637455 0.163863519995 0.258282346786 0.260189598199 0.139135777894 0.150557730349 0.131837217776 0.149161884763 0.122102052059 0.199073654352 0.0838814237883 0.0804089498061 0.257692660294 0.254723751755 0.275386411115 0.251644271365 0.326156593456 0.491203572159 0.516417419245 
2001181386 1.0 0.167608692915 0.167079456694 0.279805394021 0.190555671117 0.327411860332 0.231820979241 0.231820979241 0.192129390533 0.197852291525 0.505951542441 0.294606949891 0.295507431716 0.343876986155 0.340876347292 0.0981622258687 0.0968908760366 0.153602067083 0.156231843213 0.200077921621 0.193873137012 0.370075956647 0.356720534122 0.168030881727 0.168030881727 0.269486414481 0.272558142515 0.144817417651 0.152095560006 0.140092481448 0.14395868757 0.147363586548 0.197852291525 0.0959724583798 0.0931628976171 0.245116682212 0.238152755929 0.259303303493 0.278663585338 0.313256311655 0.504794920036 0.502262135118 
