Leaf
2001150128_1 1.0 0.196036207033 0.184963946991 0.263950199959 0.243874804978 0.387769424782 0.271647501544 0.268749687614 0.22502971508 0.217225334268 0.547776526858 0.33694637765 0.34786659731 0.403124531421 0.394793620572 0.132880082696 0.120254971662 0.206322152944 0.205468455965 0.225065217126 0.214895673584 0.393658687898 0.379059076167 0.192291650889 0.182046832437 0.314883311175 0.287285636926 0.1554884788 0.154250329203 0.122623458928 0.143294761691 0.151954188039 0.217225334268 0.132337835707 0.125202573109 0.24693516121 0.236388620843 0.24954217359 0.287285636926 0.277669008531 0.539457917507 0.528883244335 
2001150036 1.0 0.163021811513 0.163021811513 0.288056460499 0.228230536119 0.440192433391 0.232143161356 0.226477138551 0.199290043611 0.201646844445 0.527131867103 0.26825771725 0.273058154873 0.328075067123 0.330585653582 0.117305241616 0.117305241616 0.161383359763 0.161383359763 0.188398176026 0.195927833477 0.440829252259 0.433398254439 0.175411603861 0.177669676929 0.270723121317 0.284912714156 0.144386573655 0.147822424105 0.158242226956 0.144693018797 0.138328594083 0.201646844445 0.093491109884 0.096750694492 0.299070858024 0.293489571785 0.311073260114 0.223392100823 0.234673406791 0.489819583692 0.493991657087 
2001180345 1.0 0.173181358908 0.166652971226 0.288509045242 0.205111349201 0.403863836406 0.232258745578 0.226618165497 0.208784091927 0.20690623236 0.50636864334 0.276808314645 0.287867517232 0.324942318375 0.349903144246 0.099505763037 0.111941116109 0.160243241563 0.168247772838 0.201167504412 0.192398689045 0.418550929822 0.433309103256 0.149086509053 0.156481443215 0.269589907377 0.286651824856 0.135819736495 0.110277158862 0.16479363854 0.114121992131 0.147563058398 0.20690623236 0.106679162511 0.0978402769967 0.300984416099 0.294847564477 0.315317007342 0.209961455163 0.301325475037 0.471104229169 0.525754143954 
2001180477 1.0 0.174986329727 0.168736817951 0.287477541694 0.26247949459 0.487501977852 0.223763941499 0.220156737849 0.186440858504 0.186440858504 0.543707524509 0.288562366461 0.287477541694 0.349358328931 0.338917194702 0.133599302502 0.133599302502 0.17000510023 0.160065601299 0.181666331044 0.168852509989 0.447222328691 0.452475010768 0.156736957953 0.156612316217 0.277593717769 0.279835803397 0.148549199097 0.133745392543 0.148549199097 0.121343569397 0.128685323614 0.186440858504 0.0883814431178 0.0976204946456 0.261734447687 0.243811068043 0.255084217723 0.237481447487 0.212850701263 0.49053691463 0.487381789994 
2001180914 1.0 0.178349615932 0.178349615932 0.267984370441 0.255688277842 0.416749933036 0.223842711441 0.235486529764 0.187580618371 0.191295446689 0.540967673643 0.255137224878 0.249771183111 0.324953306882 0.315782374576 0.13330107515 0.133827958924 0.167777205576 0.169654199776 0.166196851309 0.16746232784 0.457212125294 0.452726512215 0.154682940572 0.142610624739 0.286697814563 0.264880837069 0.143471585017 0.127361576416 0.13130643286 0.126112222848 0.11517511069 0.191295446689 0.0838886027878 0.0773414702862 0.314386459446 0.303451874459 0.3194382825 0.267984370441 0.243854803882 0.508962599329 0.495227042949 
2001181141 1.0 0.169203184908 0.165854304916 0.245531295637 0.227712782221 0.409218826061 0.254239804658 0.253167623583 0.199028582728 0.196708722886 0.520148280064 0.292487833846 0.297444630811 0.342252871751 0.350353200131 0.113220003207 0.121757502822 0.145778170782 0.148665147495 0.145778170782 0.13612902654 0.419071040794 0.427704308908 0.163687530424 0.157007894989 0.239715347458 0.238007140321 0.113220003207 0.171498585143 0.134242620895 0.173077431654 0.156682714325 0.196708722886 0.0784497881588 0.0742181278384 0.253167623583 0.239360476283 0.252293121407 0.245184842387 0.258220837037 0.482576390635 0.497255302405 
2001181207 1.0 0.171321447634 0.160209166546 0.238495887276 0.211506574296 0.458513253315 0.23334788791 0.20290988682 0.177244836756 0.17366842614 0.480416873616 0.301474723025 0.293306845662 0.342051621497 0.34809364176 0.102792868581 0.115233739082 0.144252813264 0.141275284906 0.221601722895 0.197654355482 0.443979195015 0.466001287673 0.151240100078 0.153762048306 0.24228511477 0.273670884839 0.102595758392 0.134823594836 0.142984322275 0.113284988073 0.121559572585 0.17366842614 0.0856016270707 0.0899824326449 0.307062991356 0.281761421066 0.293306845662 0.24228511477 0.270920353876 0.51882500465 0.501041383437 
2001181298 1.0 0.163136536895 0.162825701674 0.27369628395 0.233112816741 0.436829896727 0.24955632893 0.258137840542 0.214317475119 0.228503509592 0.523325359209 0.244359518299 0.245806464509 0.306855925948 0.299165195579 0.121347651222 0.117530283575 0.160317325234 0.157018042948 0.193445223278 0.200391389807 0.447032311057 0.44171211785 0.182392193055 0.194836933475 0.280461255777 0.292486432186 0.145287462487 0.145635734971 0.145751640867 0.148506246235 0.143885942949 0.228503509592 0.0904056999527 0.0871724774925 0.287066849594 0.267392091978 0.291271469942 0.250973315554 0.258072414653 0.465827041564 0.476967919003 
2001181427 1.0 0.173274224684 0.168171442433 0.285346249647 0.21782374948 0.419270717334 0.223115786069 0.234603357971 0.193626070142 0.197681090104 0.532272624732 0.272404639019 0.279396292107 0.327247050259 0.330416701741 0.112805938128 0.10958824196 0.154276943159 0.150085795237 0.199560825802 0.196497124034 0.419270717334 0.424066754829 0.171105952935 0.169645042928 0.286705955478 0.27956327865 0.148208345158 0.139447366293 0.147682595558 0.139781639325 0.138552028842 0.197681090104 0.0928346687536 0.0908015463395 0.251994933977 0.234868446596 0.256825556636 0.251005259328 0.251253043455 0.485148590292 0.482802146147 
