Node
11 1.0 0.166595048049 0.167798348055 0.261657492054 0.192042424399 0.343655807548 0.224314200239 0.226338814406 0.193783804654 0.197758970948 0.496870111804 0.233155979894 0.236501998824 0.274398109711 0.277449307845 0.0968598169241 0.0966229824333 0.138215430833 0.13949357165 0.205323878488 0.205607725016 0.344135144658 0.342723082961 0.161682360653 0.165398469781 0.270796266257 0.277051521417 0.137715673743 0.124551007132 0.139990396085 0.126785931204 0.134899585027 0.197758970948 0.0892575336583 0.0887223199213 0.277306029668 0.260130040579 0.281738527623 0.278614330187 0.289441369288 0.432332176926 0.433951129438 
24 1.0 0.177293317621 0.174702234893 0.26829444737 0.185927445177 0.315749944216 0.215400727057 0.210725231981 0.162940340193 0.16713742272 0.502111516595 0.308603599739 0.314545864031 0.350044187759 0.354757030763 0.0949311700942 0.0947636221899 0.149048637469 0.147907476786 0.178035264929 0.17875044594 0.305380086039 0.301863215815 0.134611368029 0.146640940678 0.244253586028 0.262579202471 0.131799535754 0.134597574233 0.140419203871 0.131243058599 0.135263063404 0.16713742272 0.0933911015235 0.0936458945572 0.19708672458 0.182322179065 0.202535374174 0.293145580417 0.323623477476 0.482187508135 0.501817835008 
2 1.0 0.18017901975 0.175417154707 0.281501493351 0.204135783326 0.364915678453 0.236439550885 0.237003826233 0.196317103274 0.197055780976 0.525878354332 0.292331681667 0.292312903483 0.340484173193 0.335582003393 0.104643251455 0.102790145391 0.159166244542 0.157711145901 0.204884832973 0.203945243689 0.359914704586 0.356796051788 0.165400057546 0.168084308725 0.279037545659 0.276870309511 0.148921231098 0.141631721431 0.142464864916 0.140422107584 0.143167162251 0.197055780976 0.10138068737 0.10174099874 0.253340649813 0.234759938904 0.250421782383 0.281098601506 0.26800637703 0.487317337125 0.480672517405 
31 1.0 0.179251631906 0.161955266036 0.263500540186 0.20742825679 0.360082658298 0.257448926117 0.237047837314 0.222900743579 0.211879239441 0.499507954613 0.30148853075 0.294763033472 0.35892511522 0.341386535629 0.108177613048 0.106533123634 0.164504682816 0.166939667123 0.200880784381 0.188242016422 0.341534258066 0.362838744627 0.175195801109 0.161955266036 0.283065546128 0.255679496722 0.152738763536 0.148298461879 0.125851450694 0.135128727567 0.161955266036 0.211879239441 0.10044039219 0.0986670302073 0.28073943078 0.249741354225 0.248475807648 0.344914412689 0.224198164912 0.49897751695 0.468745743991 
68 1.0 0.175354126852 0.173027025896 0.282497709301 0.208952687118 0.334915414256 0.24291034436 0.241722440944 0.197166833182 0.198308006169 0.541950254645 0.284799508378 0.282984694443 0.337929511268 0.328790006111 0.106560639527 0.106432916352 0.172633874999 0.168405985054 0.218240479754 0.224836034471 0.365612568456 0.364766013143 0.161881029709 0.156351960962 0.274393320272 0.265899390996 0.151511172094 0.143515391439 0.138425677113 0.137116661417 0.151890648328 0.198308006169 0.110045602028 0.109694827624 0.268147398493 0.248144756994 0.255535438865 0.304882968655 0.273941129486 0.507545469538 0.495920925939 
84 1.0 0.177348822937 0.175204295231 0.27913648674 0.20339548382 0.366498139285 0.227559606334 0.233844988794 0.194674828717 0.195509040831 0.510755220051 0.304245284272 0.305148793816 0.354090104107 0.353087992406 0.105797222699 0.102825239039 0.153898855023 0.153684966412 0.1932701066 0.191197917584 0.366821718363 0.374167116118 0.166007734969 0.164146891215 0.277803240431 0.272089525936 0.145476385677 0.143929603812 0.140678499817 0.145620119671 0.144806702657 0.195509040831 0.0919461437245 0.0928849874916 0.259068190531 0.241197508528 0.257525684911 0.287742141644 0.276802172196 0.503385364274 0.504169081013 
94 1.0 0.173576269338 0.163859587342 0.255884990195 0.183681827949 0.279042498109 0.240303449453 0.226682156646 0.199652131594 0.194759736219 0.487898356508 0.341204126168 0.327401486733 0.393828659794 0.366402441637 0.104167363649 0.0863060825012 0.18994353439 0.1754650064 0.209128461503 0.216728583288 0.365640501955 0.349085961685 0.175605688918 0.149344756929 0.292057348083 0.251353798928 0.146971801191 0.134132106779 0.117615898184 0.122125196636 0.150294250606 0.194759736219 0.123978160168 0.126670946148 0.290675516388 0.272547632822 0.276135619995 0.373669391498 0.311255967309 0.565365460032 0.529226166856 
108 1.0 0.189754471335 0.188930641954 0.285941674756 0.203951602928 0.356915305124 0.242232778738 0.236201140581 0.199960999707 0.198329170569 0.53597961279 0.313067371334 0.299269008461 0.35417327753 0.344385432155 0.103116647667 0.103116647667 0.148216135687 0.155073646036 0.229162112107 0.225733059193 0.380910674089 0.380910674089 0.16879998694 0.161237899424 0.291880681975 0.278946226019 0.145024505206 0.146096129425 0.148479008141 0.144934845535 0.140656387769 0.198329170569 0.0990005954497 0.093601343425 0.294187373694 0.280479802833 0.294231555924 0.296695260281 0.298093949284 0.530372212204 0.509394391961 
125 1.0 0.182063855114 0.174460383023 0.281495021168 0.200637865981 0.345286533836 0.261010504794 0.252420363979 0.206955016779 0.203831351622 0.55736696012 0.309384555831 0.304591567147 0.356994936764 0.350341701195 0.105712806523 0.0993578944542 0.166714167226 0.163353239738 0.213543343847 0.207281627628 0.364373927965 0.378349597934 0.175488504196 0.176924747601 0.276799299202 0.273725649959 0.154332241852 0.159884468064 0.139107907488 0.152829096638 0.14541453555 0.203831351622 0.104317457651 0.103033303745 0.289373460115 0.269512720981 0.275149868551 0.292934458653 0.260845479991 0.492929491498 0.479175124855 
132 1.0 0.178370578806 0.17422903256 0.290708476592 0.218031357444 0.419872962138 0.242840628 0.254705598178 0.212254665148 0.223867179158 0.520811259954 0.283183043845 0.285151135014 0.319429349815 0.329389962503 0.105907531166 0.112728803457 0.161648337043 0.162797510305 0.202055616005 0.199580109175 0.376941404096 0.381692265513 0.181564498832 0.201978715672 0.290975549204 0.309750409428 0.150086713065 0.14385016284 0.15417145136 0.155275917427 0.134009986203 0.223867179158 0.10765337733 0.115989103429 0.264343095278 0.251822624373 0.269003535243 0.242840628 0.254766583597 0.469183975227 0.466161129374 
139 1.0 0.180159372953 0.190679126886 0.284966519496 0.206700685074 0.380046613589 0.249836098823 0.242353893665 0.211992959595 0.217873695078 0.502909579413 0.320823016284 0.315278902668 0.352835447667 0.349993535211 0.100712151177 0.106290506659 0.146212828179 0.150109711662 0.21272777275 0.225199216192 0.372791961858 0.368920879481 0.178506100563 0.187793005981 0.280718402135 0.305628289177 0.143628598158 0.155220415674 0.150421250658 0.152481911755 0.151969366063 0.217873695078 0.099934439529 0.102554599372 0.269834552967 0.262565735094 0.279827583856 0.247955248242 0.26185159306 0.472084464201 0.482190143122 
147 1.0 0.188694895468 0.178826798106 0.242612876092 0.18817471558 0.35150278101 0.251490362579 0.24751262099 0.192233031818 0.185551943193 0.539668336435 0.299643649038 0.287498455115 0.34128032516 0.324043084789 0.100112659535 0.0912781445185 0.15465082943 0.152496701832 0.197079738802 0.195017328663 0.357413709712 0.354384141824 0.177727160942 0.171838656358 0.277390873898 0.262410074589 0.133289625588 0.164777240279 0.120546523877 0.151124647515 0.147181585579 0.185551943193 0.102052068002 0.0975086643313 0.259782153545 0.242612876092 0.25246287341 0.306156204005 0.272398856517 0.504100029593 0.486285143245 
152 1.0 0.164085811003 0.153511013033 0.280587524815 0.211613555023 0.344522530264 0.214242395632 0.218702890653 0.191185556872 0.19401916629 0.513408240361 0.293315776896 0.303215346906 0.352909620317 0.360559008719 0.110465518794 0.110465518794 0.189420729347 0.183415369784 0.214372991436 0.199425427114 0.342076764388 0.352592255486 0.16340211715 0.160899375425 0.284893467306 0.271461923125 0.150565683969 0.114447528483 0.142446733653 0.123390845964 0.14708664395 0.19401916629 0.116026189657 0.11614673638 0.242260554615 0.222257204076 0.237771160037 0.297860643215 0.27022189263 0.498668812883 0.492029957288 
153 1.0 0.171354257857 0.171354257857 0.278481012658 0.196304587586 0.354486885188 0.243485874198 0.261645906438 0.210389495425 0.2112445477 0.531683241583 0.295509304555 0.299146893623 0.339655895316 0.329113924051 0.102053895548 0.0951474454327 0.163335289881 0.162104411074 0.221066445526 0.214163598933 0.379957747337 0.362310678009 0.161361377012 0.156573631353 0.274788523368 0.251019392596 0.158227848101 0.130478026127 0.134111519623 0.139384275605 0.15721192846 0.2112445477 0.118913254608 0.112152184473 0.268894250459 0.259802224706 0.277905043039 0.281983157088 0.25817820322 0.487998899397 0.458675213468 
