Leaf
2001120163 1.0 0.17399325817 0.189755344133 0.299983380882 0.19479716109 0.357874910526 0.222040573763 0.221353430095 0.188069248152 0.202534899592 0.521050346251 0.270257281954 0.283414025518 0.304064351126 0.331393461632 0.0900857606512 0.105388816154 0.146322828165 0.152623123607 0.216354380162 0.221290856686 0.347548471688 0.342086311533 0.148576971064 0.173754311033 0.263774104484 0.317957279168 0.131571658282 0.121160281739 0.177538877939 0.128482941142 0.134795147857 0.202534899592 0.103666444253 0.105913141859 0.24958418777 0.248248908349 0.291934947785 0.228737999592 0.314100984268 0.451564972066 0.480076116647 
2001180358 1.0 0.178175626662 0.17216585899 0.269637800042 0.189364204261 0.37859808963 0.2490234901 0.246700768552 0.214302554258 0.208466390601 0.533911065402 0.243344139105 0.24522951203 0.289864536439 0.287471275407 0.0990131255914 0.0924850024163 0.151426201159 0.150554676216 0.220655875434 0.213148105812 0.369940009665 0.370872577042 0.177898454142 0.175477954225 0.286382039417 0.272489905188 0.157809294399 0.143391909102 0.133408429248 0.143391909102 0.14690499338 0.208466390601 0.10033335889 0.100169281333 0.293137395294 0.269637800042 0.284769255656 0.276266757646 0.252630338055 0.454314811073 0.422108372155 
2001181091 1.0 0.1875860684 0.1875 0.272727272727 0.1875860684 0.386363636364 0.247729879052 0.241126081522 0.197233579065 0.205333079541 0.556818181818 0.253143970568 0.259690792773 0.297306260272 0.302473446687 0.0924932988415 0.0972570611854 0.140675209127 0.132643381022 0.208376372965 0.211452205295 0.381359640785 0.392703663537 0.168262419261 0.172525300576 0.272786451913 0.289995458072 0.145636427477 0.152882091444 0.145636427477 0.142045454545 0.136600173638 0.205333079541 0.0867291904686 0.0852272727273 0.295290601368 0.272786451913 0.29984715459 0.272963912488 0.26921267592 0.437942515285 0.442598683958 
2001181155 1.0 0.165591660113 0.172078472476 0.273937177269 0.19106730013 0.350347944636 0.251229080293 0.242520867623 0.219888866145 0.222456462852 0.522250620355 0.252356757369 0.257606467225 0.296342583343 0.299067629957 0.0963790970766 0.0963790970766 0.144111982491 0.135404884028 0.205785780091 0.202407126331 0.381762899734 0.384515524231 0.179350134129 0.167176305406 0.276516333338 0.277687397692 0.143123451589 0.146623319294 0.147037705385 0.145233493432 0.153383664362 0.222456462852 0.088479725509 0.0918537263577 0.265439176527 0.248387490169 0.265439176527 0.273863130186 0.286600950195 0.450349945283 0.459356944188 
2001181242 1.0 0.165774495222 0.165668872723 0.289920527266 0.189335854541 0.34908798181 0.234664420317 0.233392922467 0.204277725444 0.206663034097 0.53845634496 0.247161374344 0.24836239424 0.286213961307 0.289195120306 0.0948526453531 0.0948526453531 0.142494099976 0.142494099976 0.213331291197 0.219876960645 0.353126120618 0.344240704848 0.183705180135 0.185695338177 0.281092116352 0.292325550031 0.151658085968 0.156206562315 0.1572118348 0.14113639461 0.129764358464 0.206663034097 0.095404653769 0.0926117152914 0.272555892453 0.254695103328 0.287251745952 0.278087036357 0.307670763629 0.435835679318 0.44027106842 
2001181245 1.0 0.173250110026 0.173250110026 0.279290386739 0.195503270717 0.357491695026 0.240449397247 0.237643133649 0.207277877654 0.208703000165 0.519480119334 0.254384332174 0.255302579651 0.294780385743 0.300025999913 0.0956136270551 0.101163280692 0.134524064275 0.130401994568 0.198119080471 0.20485526263 0.360273773522 0.360273773522 0.173250110026 0.180482971397 0.281958826837 0.289709090735 0.140091345284 0.12552541681 0.160828587737 0.139645193369 0.134524064275 0.208703000165 0.0852636545993 0.0837871160217 0.262295161888 0.262592380298 0.284876194474 0.251919309569 0.279346239232 0.407763964639 0.443007731574 
2001181295 1.0 0.167550640357 0.173225291553 0.282993556904 0.196406893096 0.358417784304 0.243681189512 0.245045596533 0.203411703551 0.20504424742 0.565987113808 0.269599009975 0.268669889429 0.317632189356 0.32024562973 0.0996777389995 0.100841655295 0.155367196533 0.15244263088 0.221008439742 0.214578836215 0.363589758867 0.361520625513 0.1716786062 0.173705806461 0.280627348511 0.286680734203 0.144354409628 0.145733623211 0.148453614454 0.150572098311 0.145733623211 0.20504424742 0.0955796261858 0.096101447859 0.289228028262 0.265674869088 0.28940089093 0.278121164224 0.276317116012 0.469700057732 0.471683417726 
2001181300 1.0 0.171423057899 0.177865906281 0.268474461078 0.18854720176 0.354261840106 0.245835474241 0.25800513209 0.221772408579 0.218885876743 0.514491094257 0.254441002468 0.254441002468 0.293710640675 0.301383479251 0.0920859804436 0.0985859383539 0.137300070944 0.137537409186 0.191975613511 0.194171622443 0.348553927698 0.334613719992 0.182838973807 0.187854011171 0.283713120248 0.288274716865 0.13801086122 0.144137358433 0.151743184142 0.148922836242 0.141856560124 0.218885876743 0.0843208720203 0.0856639510779 0.250500949454 0.240944403688 0.266217564272 0.248802618351 0.295757815062 0.448262539146 0.452354692272 
2001181327 1.0 0.173792430466 0.173503818426 0.277512216676 0.173407507667 0.352642641508 0.256749841524 0.248819464593 0.211986294623 0.213165096822 0.537687565856 0.266456371028 0.258500649968 0.307713510282 0.297275747464 0.0874710586474 0.0874710586474 0.14804664204 0.141113892435 0.217202085027 0.220105372208 0.347007636852 0.344979746836 0.179467229511 0.183699226855 0.272837608921 0.275336564691 0.142995494077 0.166727909452 0.144506256389 0.170002260161 0.147368044233 0.213165096822 0.106268607969 0.103400259987 0.276788899503 0.260368034773 0.271733247078 0.281279117363 0.263239475986 0.465946973404 0.453703621628 
