Leaf
2001181004 1.0 0.168817562721 0.168537212299 0.275181929962 0.207747178778 0.387461099215 0.2212682691 0.207139285218 0.194906774366 0.188242016422 0.516560552636 0.235687398498 0.236421940974 0.288110336858 0.273746138416 0.107270385882 0.101688146767 0.135919640972 0.131558702896 0.208655698471 0.208428939811 0.404888165089 0.379237304554 0.153356724645 0.145660213704 0.275639803706 0.271607238128 0.147381516736 0.12365289253 0.14036971539 0.112295772312 0.133107206316 0.188242016422 0.076369381768 0.076369381768 0.337821818917 0.321271904813 0.339915055037 0.293315611448 0.275639803706 0.474474555066 0.441573764687 
2001110037 1.0 0.171268934292 0.171268934292 0.26439905866 0.190615947831 0.348148789296 0.207966793854 0.227157370652 0.181466506931 0.199775058173 0.499759068384 0.25195945521 0.253315452653 0.302188428063 0.287706210404 0.0998875290863 0.0926596164341 0.151783459593 0.140730807029 0.207193201116 0.212297246737 0.366367926625 0.344407970936 0.142844907485 0.159554566777 0.262937381904 0.268417511731 0.141565111766 0.128649486996 0.133228021073 0.13234116811 0.134188812518 0.199775058173 0.0936936677275 0.101587864474 0.260524123175 0.240614422446 0.268297833857 0.288226676903 0.280088994376 0.454903460926 0.445029887166 
2001120010 1.0 0.175529431754 0.170542476152 0.271324900935 0.218146878378 0.377691688363 0.239062629299 0.230936023963 0.207716467798 0.200226212429 0.51065877695 0.246118545952 0.256696975256 0.287869526095 0.295052810022 0.106912057998 0.111827120379 0.150446123019 0.150634063284 0.20545675217 0.199872642998 0.352586786982 0.348470375746 0.164977053579 0.164203517939 0.280300548033 0.276438354455 0.139619351975 0.134247350478 0.143220442196 0.131371429153 0.139213480907 0.200226212429 0.093045788426 0.100360081654 0.2905597254 0.271741682902 0.295579733229 0.271741682902 0.293321716013 0.431140371675 0.428738456765 
2001120079 1.0 0.177140547424 0.171626790796 0.281767955801 0.204718312858 0.353979413915 0.215186100488 0.212545680239 0.190827801538 0.190827801538 0.486187845304 0.256296431044 0.268851382555 0.306418223732 0.313946356799 0.101873419418 0.105552337981 0.157046081807 0.152410101924 0.21667040388 0.223739853385 0.361150209843 0.346792371856 0.15830440643 0.161076019195 0.28414123471 0.28414123471 0.148761458761 0.119521036756 0.143433756749 0.113763868961 0.14150550801 0.190827801538 0.0939226519337 0.101422982048 0.274802875479 0.254203692162 0.282363145617 0.284409672403 0.284087516733 0.461251524083 0.473497101902 
2001120080 1.0 0.178613967291 0.174660640996 0.266935355869 0.198854787326 0.355883884913 0.244107936623 0.248113621438 0.20056878892 0.201997311149 0.507845720729 0.274571565526 0.279121692338 0.313632181067 0.316154149649 0.0999767204603 0.0999767204603 0.137360563949 0.129563505988 0.192415830702 0.191917066369 0.343989025643 0.337519694717 0.175442824224 0.1807476569 0.275765793267 0.279121692338 0.142353553965 0.150943396226 0.13585711958 0.145116108672 0.129563505988 0.201997311149 0.0798785945185 0.0870948225758 0.262121584707 0.2464524984 0.26744780663 0.27739946184 0.278581567174 0.438201044038 0.444283150865 
2001120102 1.0 0.170291735026 0.170071387638 0.280175012357 0.20505840333 0.34503191711 0.226381798699 0.233235160373 0.212247199694 0.211006840891 0.515211960183 0.246269128776 0.264760736409 0.290900127927 0.318154788489 0.097081225687 0.111016628857 0.159528567241 0.176915848695 0.22610555479 0.22610555479 0.395880135866 0.380291183786 0.167703002038 0.161010409264 0.292613840118 0.283015896285 0.143960001 0.116617580186 0.150414209399 0.1290332661 0.137929418134 0.211006840891 0.11853121428 0.110678334635 0.24829107674 0.251243750001 0.273218106641 0.245200931712 0.315035742118 0.449688719562 0.467166505527 
2001120118 1.0 0.166607027911 0.174491644521 0.274820243884 0.20582693335 0.381445608898 0.228979458016 0.233514144927 0.191867522375 0.200913308584 0.514537363525 0.26326487889 0.272294766354 0.303165791117 0.314157224611 0.0975912112402 0.109392595112 0.132263549494 0.151643923366 0.195750456601 0.19321307834 0.375480315325 0.34475087653 0.178060922778 0.174703620681 0.28212997957 0.285563560205 0.147101415762 0.135670826161 0.142240733139 0.138104173409 0.122983625911 0.200913308584 0.0948994046979 0.0880201045181 0.264387149891 0.258345374742 0.288785515046 0.230429559378 0.298408024041 0.444562999422 0.46024301457 
2001120133 1.0 0.168935556401 0.157232430492 0.274069340089 0.18754856248 0.370734783027 0.22419605822 0.214800519567 0.182494654213 0.190597230833 0.502720986864 0.260556197782 0.253125161105 0.305791143757 0.296950392809 0.0933292830523 0.0966996502579 0.15592350091 0.150998792523 0.19946385071 0.193730180656 0.382603192151 0.363758905137 0.165797635294 0.156987837504 0.278565999796 0.264217588471 0.149891935592 0.126840601534 0.1362848167 0.119455477515 0.139993924579 0.190597230833 0.0998282072038 0.106411754978 0.277967575904 0.253529676203 0.258086415049 0.292079171378 0.258086415049 0.490964629435 0.465492096429 
2001120162 1.0 0.183426969398 0.181075802576 0.278864544283 0.199188960202 0.347389201416 0.22676068764 0.211478272718 0.186515760375 0.179048606328 0.52516425284 0.259404907828 0.256946038042 0.301348606076 0.295391250907 0.0983920881748 0.101566839496 0.145394297228 0.144298619992 0.216741021428 0.218781667851 0.360438464051 0.336009990707 0.144298619992 0.136149697759 0.281695728993 0.275371083186 0.140960497753 0.118446271043 0.142528017721 0.111545817713 0.139943534989 0.179048606328 0.10030899729 0.0983920881748 0.275082766613 0.259710629688 0.287274403806 0.290406301087 0.2900235038 0.478882739288 0.462393049439 
2001120169 1.0 0.178763902774 0.173203594037 0.268948921119 0.202980317826 0.385662603869 0.241079185994 0.239364061069 0.195878635963 0.19323150569 0.517624684897 0.241132587077 0.240437447893 0.295238692526 0.288221330322 0.108480589586 0.0985291218153 0.143708058139 0.150705197141 0.202090327805 0.197449880142 0.354671442183 0.349109919659 0.179339170239 0.171710431744 0.29080074251 0.271663961784 0.147771901913 0.138507111779 0.133199792355 0.140994634818 0.129970819279 0.19323150569 0.0943913040915 0.0886224713128 0.270143087906 0.24870266464 0.264653955236 0.287057518364 0.268709450926 0.477570243835 0.44854172509 
2001130055 1.0 0.169101022201 0.157927757125 0.253036917585 0.184821994227 0.348680160995 0.216675095214 0.211633946558 0.184747091694 0.182637349368 0.479821189301 0.264378882991 0.266412797265 0.297067559569 0.291850082385 0.0900595727483 0.0948500911565 0.149555280772 0.134138285306 0.202407653342 0.206335635467 0.364895586336 0.337464595093 0.157927757125 0.160276577562 0.275304172768 0.268534404953 0.139797183788 0.103769774453 0.136490870704 0.10215667457 0.126709760168 0.182637349368 0.0965852976554 0.108337547607 0.270843869017 0.252598947689 0.282597932929 0.310463433036 0.282009595164 0.465769445617 0.457615302089 
2001130061 1.0 0.188702607888 0.188702607888 0.28310831912 0.194331955226 0.355248266294 0.243698300175 0.249444923455 0.221168989758 0.218083411952 0.538386048034 0.256807272789 0.273309581164 0.303178496255 0.325615011225 0.0969279225941 0.10127939582 0.146526229492 0.153105683823 0.231910869845 0.229976856144 0.335309159772 0.347888441413 0.172141871871 0.174187545862 0.297123551954 0.301803760917 0.147469203875 0.135494639884 0.150978409183 0.140077602938 0.138751917565 0.218083411952 0.0894922977982 0.0894922977982 0.28570768492 0.26091264171 0.283053911832 0.265593062252 0.300166292009 0.440663507968 0.461191003218 
2001130146 1.0 0.16848226877 0.163222417291 0.263335513199 0.189450070023 0.352744684951 0.236520045616 0.228479871916 0.199211939884 0.201698731663 0.500048462023 0.256084397177 0.265012826419 0.287276698726 0.291867296209 0.0947250350113 0.0947250350113 0.133961429209 0.133961429209 0.210105019442 0.20252087664 0.366490852002 0.357734028828 0.174933670366 0.179002439138 0.280249846 0.284613309003 0.14169720136 0.129974210135 0.138134411033 0.134168000541 0.130717836531 0.201698731663 0.0920561870647 0.0948711030009 0.279656305244 0.269674343555 0.283394402721 0.252654905145 0.294887995528 0.443207651376 0.45064350062 
2001130155 1.0 0.17967512109 0.169970243948 0.276695768992 0.223351097914 0.344656133305 0.223509297271 0.223509297271 0.196704474483 0.194293789361 0.5291199793 0.249277297415 0.2439261459 0.289025247927 0.286692215486 0.111754648635 0.112070489064 0.148592694516 0.144329063997 0.202722009684 0.208791842533 0.363068769784 0.356089492479 0.16934522357 0.178028201636 0.300536394736 0.297541987854 0.147398520098 0.124046425226 0.142769591328 0.130254852327 0.122517289116 0.194293789361 0.0849157746578 0.094253684802 0.273612711551 0.257461638454 0.271581280334 0.287061849611 0.262312561491 0.444401568364 0.432497110123 
2001130181 1.0 0.177728317249 0.173250444108 0.294444826592 0.197959341687 0.355347893365 0.223857266692 0.236777722771 0.191071678606 0.194545993696 0.538426287987 0.247888046818 0.253844781534 0.289013346761 0.293392921497 0.101644428924 0.0965752139933 0.147200536126 0.136577977418 0.221601574628 0.218675626686 0.346500888216 0.345644731735 0.158900195567 0.17480495478 0.283977258778 0.286461401398 0.149286125805 0.11979508264 0.15759771298 0.139378910952 0.136577977418 0.194545993696 0.0908001117523 0.0931807805954 0.266374938118 0.243642266691 0.266374938118 0.267869948153 0.292160912185 0.448777887434 0.459416263896 
2001140003 1.0 0.164655519965 0.170609992629 0.26126917832 0.198685184542 0.323640065662 0.221955527179 0.225909701771 0.198198409165 0.206551421473 0.477493590319 0.252813641678 0.256354975741 0.284400310694 0.289338964567 0.0964648671089 0.102296771954 0.144669482284 0.136657743626 0.185874626972 0.195417113248 0.359105047225 0.345719783807 0.160195167055 0.176272232796 0.273845111904 0.299455882471 0.129644918927 0.111916739599 0.147316094667 0.116980834192 0.152682594804 0.206551421473 0.0935846673532 0.0992615293508 0.259289837855 0.250703360634 0.267661098886 0.301224812942 0.300957461498 0.457379486271 0.44143799303 
2001140007 1.0 0.164211912875 0.169679666013 0.268287108608 0.191552356786 0.322817186443 0.226158698398 0.232423944706 0.20174915241 0.212795151622 0.49312151292 0.26407070516 0.263105593475 0.311493343162 0.29969207753 0.0990784460569 0.0944387862291 0.139475826294 0.131751710249 0.197703270247 0.208317745005 0.355594979974 0.342737871406 0.169679666013 0.176169873644 0.277930537245 0.289946675978 0.145359899882 0.133556612299 0.13676729999 0.132205245877 0.131524355964 0.212795151622 0.080773799391 0.0835064891633 0.276635319926 0.25260146491 0.280716340855 0.27358930143 0.277930537245 0.437279088144 0.446892253993 
2001140044 1.0 0.186715135909 0.188610769644 0.288864028571 0.213655296159 0.363113696684 0.21603962003 0.215049364458 0.194186672487 0.19853467417 0.492212679976 0.264862175902 0.273946997993 0.305712400333 0.319727244449 0.10682764808 0.107887998117 0.136635452826 0.143542585281 0.195719460831 0.202789471927 0.338828105642 0.346756680973 0.164686473936 0.165720081199 0.296449093439 0.299172593035 0.143641682693 0.115407599387 0.157983334988 0.12442594006 0.116999503544 0.19853467417 0.0843493004427 0.0800207725322 0.262433434258 0.245628870523 0.266362216401 0.256566114475 0.292048414083 0.426677415815 0.463997827281 
2001140079 1.0 0.169476899931 0.180317100438 0.251351109701 0.207709757559 0.366465167127 0.221281394311 0.221281394311 0.186902842404 0.195262310491 0.491773910285 0.267966507282 0.275167792566 0.306431424557 0.315267986329 0.105105111509 0.104392526266 0.147025362336 0.150735415934 0.190854713724 0.203057864518 0.341148835103 0.330389372275 0.146618652395 0.151820922314 0.266458083813 0.288360370615 0.127912578751 0.103097462019 0.138233391142 0.103097462019 0.150735415934 0.195262310491 0.0909416563327 0.0904478518341 0.252122036232 0.235022174118 0.26707365513 0.270461851935 0.280593780321 0.444346983877 0.448793071572 
2001140080 1.0 0.166606480376 0.16669314175 0.285046072914 0.19347849334 0.360125078965 0.231349148656 0.223990760991 0.204651153631 0.205987607743 0.516194512553 0.27666430662 0.268773868291 0.310089523445 0.307986563676 0.0968884206162 0.0968884206162 0.152200955943 0.145208361871 0.202594305914 0.213966030291 0.358194961919 0.366879254045 0.158795180718 0.175472392821 0.272879966148 0.295152091199 0.139527606503 0.128199499365 0.158065922302 0.128199499365 0.144610383922 0.205987607743 0.105863453812 0.108157765823 0.286662795262 0.258195160786 0.276403179326 0.281323153772 0.285046072914 0.460225881802 0.464194093123 
2001140104 1.0 0.152453069978 0.156577724949 0.286849139579 0.187766209649 0.339140690082 0.231317934614 0.239893484712 0.220943900076 0.228783351513 0.516508055261 0.240063000798 0.244096072544 0.280443102017 0.29135195197 0.0938831048247 0.0950315647111 0.151381957861 0.15316298334 0.21747983939 0.216792894894 0.370369466365 0.386669359965 0.190988362631 0.191201242165 0.303390293638 0.306325966681 0.151829172891 0.128092425883 0.151650445139 0.135400139338 0.127136102401 0.228783351513 0.105447840877 0.107233058128 0.319075087824 0.291631069343 0.309759530656 0.286423371677 0.286849139579 0.452949964007 0.445585414748 
2001140129 1.0 0.166657032477 0.172117045805 0.247355960305 0.193611851737 0.338690098259 0.21671483087 0.228718470457 0.197235225312 0.202370346705 0.467745793319 0.270730119654 0.269660458736 0.312781664971 0.303543618486 0.0981034018607 0.0973641041972 0.133104331281 0.129472027019 0.18877456966 0.189995436513 0.358263312601 0.370751463111 0.161728381443 0.168725244384 0.271369892392 0.280379594056 0.134400832643 0.132778227897 0.125849713107 0.125043345086 0.126878941893 0.202370346705 0.0775342549693 0.0775342549693 0.28130579087 0.274230399735 0.283862703929 0.287404168497 0.258944054038 0.467714897596 0.456234905523 
2001140154 1.0 0.17595468606 0.171128004179 0.266830383593 0.187392580914 0.34641946149 0.244330032842 0.246234529055 0.216134026765 0.213660415604 0.499774433656 0.265013129416 0.263305709978 0.307184168541 0.304868147941 0.0971567444375 0.0923978957229 0.148554027105 0.141898940371 0.199306141763 0.203069233027 0.354372539719 0.350303623827 0.184882938723 0.187907632497 0.291746429938 0.293013581192 0.134915972322 0.142239090137 0.148987130144 0.139610097706 0.148987130144 0.213660415604 0.0991263382146 0.0964912794521 0.279508497187 0.267011428768 0.279508497187 0.278642696975 0.273920091441 0.43612634129 0.441558859954 
2001140263 1.0 0.171674641681 0.170925149004 0.267284116361 0.187025672027 0.336551276582 0.224656974214 0.227245491819 0.192587309063 0.206181228538 0.486185771954 0.258382988801 0.255607580831 0.293971768808 0.2941658096 0.0914302272114 0.0962936545313 0.145302085836 0.151266644431 0.201350646234 0.201350646234 0.349158352215 0.341892025234 0.157729973849 0.160064181136 0.274706431296 0.280309590411 0.138671092508 0.117267997198 0.141924815844 0.115552385438 0.147736125948 0.206181228538 0.105213592956 0.105213592956 0.265194462066 0.251103129691 0.267710747305 0.276621145617 0.279034405969 0.461035242695 0.445743860483 
2001140568 1.0 0.160447405538 0.166912043676 0.248919443526 0.176658267806 0.358061273671 0.232907524167 0.23175450954 0.187472651814 0.20475201102 0.483119828079 0.268040482967 0.265227386535 0.293970117898 0.303784504952 0.0828115641484 0.094448077402 0.13926445635 0.145012631427 0.219343198028 0.224712215873 0.340576715778 0.337971129431 0.154406652745 0.166912043676 0.247408210039 0.277758430138 0.113512461981 0.123460246071 0.148210144681 0.129703240587 0.143153418233 0.20475201102 0.104800398345 0.102081209169 0.273286003582 0.254454028063 0.281447028198 0.273138930648 0.314826924673 0.461365680257 0.475772525881 
2001150053 1.0 0.15504961737 0.159968009597 0.289985109022 0.194961011696 0.314937018894 0.221428064718 0.226339365106 0.196429545063 0.200084947973 0.509922534904 0.261146933567 0.274034600033 0.299981673437 0.327501293373 0.096157690693 0.101098524397 0.156971793461 0.160046099916 0.213557386426 0.213557386426 0.344314651109 0.351106379498 0.170039509015 0.172157325555 0.27036227861 0.281457479337 0.145744651355 0.119244757852 0.162832411523 0.131977394984 0.142098287219 0.200084947973 0.107681761944 0.105926917237 0.288819378413 0.284943017094 0.301808821233 0.264711108969 0.32528092002 0.450048866688 0.471207157762 
2001150082 1.0 0.162630676683 0.16284138376 0.267917211015 0.205813329883 0.358875830793 0.222466560279 0.225528170671 0.199668258415 0.20536856798 0.492671171111 0.264525445433 0.265086567184 0.316570952041 0.307932241576 0.107868510228 0.101424306408 0.16354178004 0.159221445601 0.216635818455 0.217740976164 0.367778700723 0.371489358331 0.164864335656 0.164656217329 0.280505397611 0.282454503147 0.149751193812 0.118086624113 0.134978609618 0.109132637482 0.141994028971 0.20536856798 0.100859264092 0.100518714114 0.274699931885 0.263356218619 0.273824757307 0.271182287629 0.240251706314 0.457422497459 0.446471798766 
2001180090 1.0 0.185625414612 0.180036249886 0.257758771103 0.203677202975 0.323347496422 0.235972541869 0.235972541869 0.197510500967 0.184462822291 0.533059120376 0.252630478129 0.259215242858 0.29193780189 0.305325035912 0.102496622127 0.103367467191 0.139789320555 0.1524274716 0.202618215542 0.20481826066 0.35349000137 0.358925530927 0.157175682127 0.161229588723 0.277389872973 0.276288986677 0.13927538749 0.118856750814 0.140173533796 0.124600473022 0.123444063104 0.184462822291 0.0914015800449 0.0778429158052 0.281495774252 0.26353636614 0.283905559015 0.27648357925 0.29939583002 0.440671608429 0.4491336627 
2001180154 1.0 0.160313775717 0.160313775717 0.287288433103 0.204416769708 0.376050306607 0.235046660095 0.227524265462 0.2145435526 0.210377261774 0.513834015296 0.261771866523 0.264382398472 0.301442313567 0.311795264816 0.100057977211 0.105550727073 0.152807796984 0.156459515534 0.22271090344 0.205310724861 0.376212607135 0.390660767699 0.183652115772 0.18530667276 0.287341551053 0.297364448181 0.141611160486 0.138450528813 0.16248858276 0.136451939968 0.140854742925 0.210377261774 0.103801146336 0.0988302254719 0.284405331828 0.270770469836 0.286650249938 0.250144943027 0.293281920415 0.449684313636 0.461575244402 
2001180170 1.0 0.166298613218 0.173629084037 0.270333248713 0.20462383789 0.365204303105 0.242956328952 0.242956328952 0.206115647467 0.20818622257 0.520220227372 0.24695862425 0.269121665029 0.294904991901 0.312197566072 0.103057823733 0.104044045474 0.122774302734 0.136781396128 0.202113020864 0.197409696406 0.377578282581 0.371855003719 0.170543153836 0.174450584797 0.267599471457 0.288745879636 0.142915487619 0.135882494412 0.144195990444 0.134370962472 0.140755431523 0.20818622257 0.081348921682 0.0769623454319 0.25284330832 0.245881102039 0.269728137156 0.243627944135 0.281293115795 0.434707474326 0.438403595353 
2001180446 1.0 0.157946307929 0.177535552528 0.249864851705 0.184228323637 0.35531455459 0.248128452269 0.242577566263 0.205526986155 0.208969189764 0.512922633289 0.263097812921 0.276009813717 0.293250636552 0.31486442842 0.0929900689585 0.0922900082946 0.145997369702 0.149074421069 0.206366732191 0.217684170367 0.376408821196 0.371087469916 0.179473242143 0.183405084111 0.251245331005 0.285481026195 0.126991890312 0.160525747829 0.139330033792 0.156847537664 0.140719508946 0.208969189764 0.10292114619 0.108842085184 0.297132009994 0.289615923891 0.31486442842 0.233495822642 0.322261239723 0.441874091845 0.476523069544 
2001180489 1.0 0.168502686597 0.174113309342 0.280906375675 0.213392109993 0.331394903657 0.23882716401 0.240274215975 0.20831061652 0.198472088908 0.545245851697 0.260414743057 0.25484929119 0.308801140734 0.298843873611 0.107980490563 0.107248411 0.146922977105 0.151047561078 0.202402610849 0.202869156095 0.374097512747 0.36656671884 0.176182411209 0.168876307203 0.283363655188 0.276211546105 0.152707474226 0.141681827594 0.14595459834 0.139439885073 0.146922977105 0.198472088908 0.0934295632479 0.0878673394087 0.286240517322 0.275068281488 0.288706972343 0.270388630789 0.269513112146 0.461070782703 0.44062591738 
2001180911 1.0 0.171115803804 0.15860663356 0.262117168888 0.201159687751 0.353763526357 0.237421368171 0.230028690761 0.20263205644 0.192475116912 0.5 0.245727462306 0.245727462306 0.297195071999 0.29987115743 0.100533653359 0.106457664097 0.160932368126 0.164698044608 0.196298233392 0.200512126717 0.349324130851 0.345043036141 0.17772007007 0.17772007007 0.282385161279 0.275659947506 0.142697804804 0.133829092209 0.13698490157 0.130881262506 0.142306672579 0.192475116912 0.0982909849223 0.100902585437 0.275390221465 0.262117168888 0.280801680602 0.298940360076 0.274917564122 0.453590839003 0.444488309534 
2001181046 1.0 0.169665331716 0.169564550399 0.268964459254 0.19879981771 0.339129100799 0.223797833067 0.223797833067 0.187197048702 0.192864152181 0.51454070466 0.248069469178 0.248069469178 0.293053479557 0.287636998203 0.105894642044 0.0942809041582 0.140815694541 0.148841681507 0.231309907925 0.224103150853 0.373937240495 0.373937240495 0.172661419582 0.16996731712 0.290828465906 0.288823135186 0.147920052327 0.12039819972 0.13687601227 0.117669681083 0.142744766545 0.192864152181 0.0973143641509 0.086922698736 0.282842712475 0.268964459254 0.2851300498 0.282237700632 0.283627298482 0.482160380453 0.476346494588 
2001181136 1.0 0.173446996832 0.178757824505 0.273817164156 0.195500720831 0.335007383039 0.21370857097 0.21370857097 0.176564393896 0.183660921204 0.508217229455 0.269456008491 0.267190411672 0.299899703699 0.302641878288 0.0950828360202 0.100502214912 0.138239885426 0.130347101731 0.197878198397 0.202395480538 0.347657040183 0.342234450875 0.147407478368 0.168801470566 0.264728855079 0.30464394121 0.120530258024 0.1198818926 0.16114826299 0.117783141452 0.130347101731 0.183660921204 0.087394916168 0.0929272344265 0.272218551537 0.262659936476 0.290178626028 0.2551951098 0.284811010091 0.44282124707 0.430505850095 
2001181359 1.0 0.177610275562 0.165677572982 0.289935752718 0.189345797694 0.360988924056 0.228324776639 0.209199527404 0.198375871732 0.194634275567 0.509004418659 0.241369479314 0.242599303295 0.286228992106 0.289210307663 0.0954096640352 0.0954096640352 0.146976626381 0.146976626381 0.214488185479 0.2175675085 0.342014036683 0.346286834588 0.169438703154 0.161504203012 0.289210307663 0.281106878172 0.147926404448 0.132969299748 0.153615712965 0.123125963147 0.142255678635 0.194634275567 0.097944707589 0.097944707589 0.264221570472 0.236977915249 0.256898382512 0.287022971418 0.282101509773 0.451870979192 0.464441797258 
2001181420 1.0 0.186321028213 0.18053814338 0.267060140439 0.192631875704 0.341645007977 0.227433799327 0.249821537073 0.19452486436 0.196104787685 0.540652129533 0.263497725055 0.257350943648 0.305526088797 0.302799538094 0.100144543559 0.0950054558653 0.144990273341 0.145521375022 0.210156758318 0.214516567572 0.363896198918 0.372279589253 0.153392997769 0.157119686704 0.281201444968 0.267348854189 0.135643756008 0.129236314836 0.141625771699 0.141625771699 0.136211305583 0.196104787685 0.0916999004657 0.0862818149504 0.270575656913 0.248505659253 0.272210140619 0.291109009066 0.273905290208 0.47967362739 0.465843973366 
