Leaf
2001150242 1.0 0.184729416359 0.175805343353 0.273689587797 0.174945374019 0.340925162489 0.221508323502 0.213039883771 0.183199087137 0.179035558544 0.497778046696 0.275301264182 0.276503856672 0.314956586326 0.313260075275 0.0901334136423 0.0862573276308 0.149872421229 0.145515522328 0.210810031812 0.204908693431 0.343539905386 0.318890523723 0.194693213866 0.184674980107 0.317088242685 0.300983393624 0.151739231531 0.130738831723 0.136163465925 0.127625555792 0.128254256915 0.179035558544 0.104302272194 0.100272106614 0.250880730596 0.229401893496 0.250238680328 0.290789109182 0.291479820628 0.491578825418 0.464574856727 
2001120062 1.0 0.173728907167 0.162519748743 0.254107839574 0.183781098908 0.335173827693 0.263533917429 0.265906901854 0.229455948145 0.231105362423 0.486509408127 0.284383876499 0.276993315006 0.31675397411 0.305197578387 0.0920493923546 0.0920493923546 0.141883383951 0.141883383951 0.220097034003 0.213835151141 0.352964091455 0.353336394732 0.196756852297 0.203473029872 0.295370303119 0.287906582822 0.148720167789 0.152311318692 0.125724685974 0.1505749708 0.153648246187 0.231105362423 0.101556863525 0.101556863525 0.284845830579 0.254567347797 0.263533917429 0.321832609594 0.268802921879 0.481590015375 0.471999839551 
2001120134 1.0 0.185077427622 0.173974818755 0.277137079573 0.2010602342 0.304355896021 0.257645530814 0.248069469178 0.226933023978 0.218784206159 0.516350125057 0.292128131846 0.289283979386 0.340225995535 0.328973904608 0.104526238496 0.0991622966695 0.161383359763 0.143463310785 0.201646844445 0.208274143863 0.326088903719 0.341092814763 0.192736860554 0.185714529085 0.305952559798 0.292481706268 0.151570351765 0.16046588013 0.135851509594 0.150691109306 0.163021811513 0.218784206159 0.0877899322157 0.099756088184 0.276069521369 0.245496871694 0.257645530814 0.340095782098 0.292633107386 0.477022607885 0.473387445968 
2001120180 1.0 0.176532764319 0.170667054269 0.271904136868 0.207470067138 0.322938899578 0.261605340449 0.263946555108 0.220169687586 0.224935817567 0.516045729441 0.29607012046 0.29707156852 0.347249363689 0.344212004724 0.105030660299 0.107525798189 0.167657259552 0.163363392828 0.199547623652 0.204431369044 0.344735474551 0.353965671669 0.195194506182 0.192403133006 0.288705753186 0.27427346275 0.146377764698 0.17097752761 0.135463557805 0.173807862499 0.152064442103 0.224935817567 0.101015254455 0.107130481416 0.269553336523 0.249782458706 0.261889011415 0.310650739929 0.287232379173 0.487725356723 0.498821216435 
2001130171 1.0 0.171436854292 0.148246306431 0.260019931319 0.191280662239 0.343188448145 0.246131294645 0.25 0.215186389769 0.225370243469 0.529367855367 0.252150063475 0.247298261099 0.291350024631 0.276042779516 0.0984525178579 0.0930657209015 0.156818782415 0.146127228765 0.230267306906 0.223392100823 0.373035481221 0.346112215946 0.201957788106 0.211475031764 0.311526795537 0.298589132839 0.154894552702 0.153337784018 0.129408813745 0.155667098905 0.140091826206 0.225370243469 0.107425821392 0.116428785908 0.287035947778 0.274473846686 0.291350024631 0.320223650252 0.264683927683 0.462406290761 0.412293105213 
2001140336 1.0 0.174148984644 0.168817562721 0.252914910752 0.190985365502 0.331462805493 0.252353362212 0.251100980476 0.22247603552 0.220626186682 0.50022063228 0.295404055686 0.298060142716 0.336512789509 0.332032982758 0.101688146767 0.0914021365585 0.151078510276 0.148234673019 0.21673374976 0.216879159873 0.359390334258 0.36162028534 0.174329918703 0.177555206057 0.279726943059 0.274148918028 0.138675049056 0.144900713931 0.129627461167 0.145660213704 0.15529737978 0.220626186682 0.10044039219 0.10044039219 0.296309796643 0.275181929962 0.289038934531 0.293906162376 0.266924003618 0.46855739002 0.464909922257 
2001150106 1.0 0.174865816906 0.17192238398 0.254767043655 0.188661157334 0.339460677453 0.268217319249 0.269784648925 0.219942197101 0.223941473707 0.504830763359 0.248595299165 0.250772688076 0.292894513899 0.297517372857 0.0952668852735 0.0971124201418 0.149928789636 0.145115371678 0.177573171458 0.181222104714 0.346576671002 0.349731633811 0.207963075694 0.213023231476 0.290727289046 0.293008134326 0.137337701639 0.17069180674 0.132652948009 0.175878073216 0.143268653317 0.223941473707 0.0849223478851 0.0929084282216 0.273866342896 0.259128257197 0.261302798178 0.303022973461 0.275683389797 0.489657823588 0.482605451426 
2001150245 1.0 0.18354249116 0.18354249116 0.240891296755 0.193714622498 0.361289529941 0.26582886501 0.26582886501 0.218704840977 0.218704840977 0.523579210776 0.278272254488 0.273503222902 0.31211841458 0.307294858283 0.100024666658 0.0948194872221 0.14480761412 0.148268148603 0.196733368852 0.192009104731 0.347483059628 0.354666124496 0.172693156711 0.172693156711 0.274503603795 0.274503603795 0.123229748707 0.161709251849 0.124447135458 0.157153144747 0.15957635378 0.218704840977 0.100707436814 0.0943848654357 0.269515419749 0.251305456214 0.269515419749 0.290276990682 0.279892842512 0.462893131278 0.462774683699 
2001180261 1.0 0.164979387439 0.164979387439 0.260692569252 0.191563224525 0.329787234043 0.243579854082 0.25270156426 0.205528500919 0.215999367066 0.515984864374 0.279090630263 0.278430900602 0.321357605681 0.314325248993 0.097065359526 0.0963338844483 0.149031124746 0.158149667525 0.202547157071 0.190080514736 0.349812405265 0.349812405265 0.173260611435 0.180616243046 0.270231612678 0.268340388418 0.143222468275 0.15342771385 0.129529741084 0.155078507842 0.150636194239 0.215999367066 0.107045807434 0.10598329173 0.275981314278 0.260638297872 0.275981314278 0.296444144534 0.275468242047 0.473971689573 0.45942176344 
2001180314 1.0 0.166633277599 0.162513615471 0.277789933339 0.200157108005 0.322743638978 0.236177558486 0.241276664425 0.216787512989 0.210659276037 0.489307533152 0.286581365696 0.285071897291 0.322743638978 0.328047293324 0.100078554003 0.101302802018 0.142184174529 0.133694437412 0.199308490505 0.198999005085 0.367439606973 0.382721842211 0.200157108005 0.198611470141 0.303502518185 0.294222045779 0.135184434288 0.156721471958 0.153543013097 0.156721471958 0.131016785219 0.210659276037 0.0794833698931 0.0800628432021 0.302892666561 0.288884121342 0.308487795581 0.289629904936 0.300492164115 0.481210324469 0.494195716437 
2001180383 1.0 0.183799981324 0.179842101705 0.253232411314 0.215071957511 0.335650735235 0.263522084801 0.280070011979 0.220849806857 0.219487924557 0.519441713534 0.262000581987 0.265562286233 0.316903419918 0.307945917398 0.115382308869 0.104280129173 0.169896998811 0.158072789425 0.213298715191 0.210183319855 0.343829211043 0.344990015192 0.198039404677 0.19631596782 0.298452143041 0.277128244621 0.144461579816 0.15293082856 0.128029201483 0.161203247569 0.143071156894 0.219487924557 0.098969220713 0.098969220713 0.265938383697 0.240603194604 0.259547626103 0.296368564714 0.280640419926 0.478415072808 0.458225725136 
2001180420 1.0 0.166736077373 0.161088739229 0.261074853233 0.216707783821 0.349995481826 0.246046213625 0.251503547437 0.216921254026 0.219185333672 0.505485354131 0.256062895325 0.251503547437 0.30343564317 0.310521871832 0.107854398146 0.114514808093 0.141401718473 0.15730928921 0.186726693249 0.182717782108 0.341065553807 0.348670573038 0.183223692948 0.181956278429 0.272411052986 0.267553832965 0.135267832571 0.157211185497 0.140526157619 0.163371101921 0.143352179142 0.219185333672 0.0867685016105 0.0789483157372 0.27629118701 0.24996528501 0.274386094249 0.287671323451 0.312848281652 0.459706630428 0.467823640843 
2001181078 1.0 0.179589210525 0.173706085034 0.269383815787 0.185575517542 0.347257409274 0.237423305924 0.241315750677 0.203270165245 0.210544468705 0.520946308598 0.26670996483 0.26670996483 0.302530686611 0.299853634486 0.0959678020424 0.0899939276058 0.144169364257 0.14026365733 0.229127807242 0.225660749127 0.364132840208 0.375041059688 0.180087378501 0.191281010593 0.286155494184 0.295762341819 0.140135854426 0.151087558315 0.145776102028 0.150016423875 0.144169364257 0.210544468705 0.0990910129521 0.0965263002708 0.290628886408 0.263669473229 0.275760257767 0.305829405317 0.276409259036 0.461411870041 0.461567175286 
