Leaf
2001181047 1.0 0.131212368183 0.14212850952 0.262424736366 0.186044082915 0.333253755097 0.166761127774 0.177256044179 0.143382608907 0.159068722592 0.447953579893 0.21958746524 0.225222268259 0.264011768677 0.275731624278 0.0900889073038 0.0989290387374 0.136561059011 0.142965798115 0.195430279058 0.169423794175 0.337126082268 0.355058753429 0.11261113413 0.123842133953 0.218087626441 0.244593018022 0.122143924411 0.0819366354066 0.145756141885 0.084975660768 0.120297814288 0.159068722592 0.0880792364902 0.0806519949286 0.302956331244 0.289715501674 0.306335403964 0.273340528387 0.335395740224 0.424948525856 0.468147563483 
2001110045 1.0 0.161785228734 0.161449574371 0.270868713663 0.20311398066 0.343770804553 0.228264772438 0.226894158359 0.2010334588 0.197150692001 0.495011460355 0.268100823249 0.262270736121 0.309780534577 0.300491442254 0.104680525259 0.0994996705612 0.151033472799 0.147489938569 0.212766563403 0.202579117373 0.352073478084 0.356627908801 0.149135878489 0.143292397894 0.256466758087 0.248462779603 0.149135878489 0.133391184875 0.130201269654 0.126073560642 0.166738981093 0.197150692001 0.0982653057028 0.0982653057028 0.260037720201 0.244999905897 0.249388967937 0.286868590012 0.270417724834 0.47964988497 0.469447353868 
2001120153 1.0 0.17506988945 0.166139438928 0.273698798003 0.19813408954 0.344794796883 0.236372346354 0.215295873549 0.202848926132 0.180511826684 0.490569427288 0.271454825744 0.276125970531 0.314287591851 0.322806035654 0.100044474096 0.100819595056 0.160210048956 0.151871480599 0.21185924959 0.206866126531 0.367375030196 0.377556528727 0.160418159088 0.154485139619 0.274388676711 0.270099493992 0.138705889721 0.122981930218 0.14528472475 0.116480108424 0.153546450482 0.180511826684 0.0954945918984 0.103540526217 0.266159251823 0.245284713644 0.256455791422 0.294824877148 0.278412185789 0.480259790314 0.475231728454 
2001130087 1.0 0.174725247262 0.162621036569 0.272670381138 0.219930480558 0.35109350378 0.224798560904 0.216413375849 0.18567498131 0.1790630589 0.493087320369 0.279862159236 0.267444285042 0.323086308823 0.299812675598 0.110431526075 0.110058655479 0.159214982955 0.14806692657 0.206233364427 0.204431582333 0.349332841023 0.338495696878 0.152623894477 0.139096249092 0.272217732402 0.241546583472 0.14806692657 0.129293885169 0.130873909809 0.1226589494 0.156173761889 0.1790630589 0.0936457468202 0.100696396753 0.259909126772 0.236095952922 0.250513312429 0.337644541889 0.269180622869 0.497403507611 0.463079164898 
2001130096 1.0 0.171687244917 0.155438328045 0.274656588508 0.207315859914 0.378375191093 0.225727756677 0.229501941037 0.183624946032 0.207380595547 0.502610634253 0.26606755967 0.266722589215 0.315207399498 0.312813601036 0.105677742382 0.104784854687 0.161868286832 0.157922757434 0.206277326845 0.208863977444 0.363613483112 0.346565120216 0.146273624261 0.159949656509 0.257244041028 0.265865687441 0.139510168978 0.125425450464 0.145906102011 0.126491106407 0.146548661089 0.207380595547 0.0977601502652 0.102190767783 0.2548851564 0.24891711782 0.26480333338 0.269276933869 0.262665735471 0.476283148541 0.462151374138 
2001140024 1.0 0.18109964713 0.170484604654 0.260763108687 0.202126163583 0.367045633542 0.203520153643 0.216968021335 0.173851107674 0.170235661317 0.49985154289 0.2836153582 0.27777322259 0.318681441888 0.302337113059 0.106478223281 0.0957108370876 0.135355563875 0.139571973861 0.202475560842 0.191716850409 0.347213983585 0.362862199267 0.143171842096 0.14812196681 0.278586318285 0.257215145968 0.146007203329 0.118062525515 0.122758681158 0.119490753164 0.13916624052 0.170235661317 0.0946712781629 0.0903935683605 0.290558450736 0.26249218264 0.267612382434 0.317347854889 0.244015712986 0.477519152773 0.462602379257 
2001140027 1.0 0.169924388831 0.164603692076 0.257856535462 0.201352125853 0.364772659921 0.195370029993 0.209345758747 0.169341456105 0.16508358724 0.478143444366 0.247285716241 0.252822059462 0.295323892108 0.292565367237 0.102380494642 0.101410041511 0.146822473953 0.142307984233 0.208209031293 0.197384207258 0.350674872312 0.344070663483 0.132222517306 0.13793256889 0.253134764664 0.244713103058 0.129654845362 0.11197573392 0.135764818967 0.120811275512 0.142585658612 0.16508358724 0.0943377568762 0.0855421478675 0.270727265188 0.238988984086 0.262116400699 0.288618037908 0.279143422903 0.480371793884 0.472149765934 
2001140029 1.0 0.156603137438 0.15094941942 0.253431440471 0.168632373456 0.313206274875 0.220979033806 0.215501420326 0.192693940064 0.18812798597 0.488854217465 0.269166571103 0.255353830399 0.301478575761 0.279984991965 0.0844771468235 0.084262465036 0.13254916419 0.127960327125 0.210225812472 0.207537724916 0.341852142246 0.33672727287 0.153802259214 0.146566079464 0.266597225759 0.249179054197 0.141664491355 0.118708256088 0.124079658435 0.111955175132 0.149502586484 0.18812798597 0.0916748307222 0.0972358417017 0.288209406854 0.271111005536 0.28846067927 0.337264746911 0.270843637616 0.455042786661 0.42152722564 
2001140403 1.0 0.176278497889 0.162520744815 0.260789679695 0.195217202361 0.369169813019 0.238292963776 0.225655704971 0.20836460053 0.206172344526 0.462792425682 0.276979910001 0.268815848864 0.315708203558 0.30513122696 0.0988026345822 0.0976086011804 0.141707127357 0.134053033385 0.196862110198 0.197085352126 0.343971125364 0.344354427672 0.151698482667 0.159883869675 0.275706920146 0.279508497187 0.138039407594 0.108961712469 0.133724605697 0.104147121368 0.153236656174 0.206172344526 0.0901127602978 0.0976086011804 0.253782363069 0.233383024281 0.254243995762 0.282637421124 0.284961568786 0.485362671697 0.490110930507 
2001150060 1.0 0.161631737532 0.156394699113 0.282955412557 0.209802826961 0.380469698482 0.213790869691 0.203060173489 0.186699985356 0.190234849241 0.463392581485 0.23736480265 0.246269364267 0.286174481443 0.290424728009 0.103474116859 0.107754491688 0.145027915228 0.138137838355 0.192163690166 0.194257172471 0.33822655415 0.343669790337 0.148353001656 0.148913279351 0.257417501841 0.261771110518 0.143460891486 0.111231333386 0.151448155535 0.111231333386 0.15316654958 0.190234849241 0.0829228830025 0.0907326344506 0.247666306829 0.219555940398 0.250294266368 0.280421432456 0.287087585807 0.465748482915 0.472846397899 
2001150140 1.0 0.16562646738 0.159626968996 0.244856592991 0.18081014267 0.324568979763 0.215360373555 0.216995631459 0.171663408424 0.173139757322 0.489511022066 0.285043856275 0.272048122573 0.321284892114 0.303169531295 0.0910285619738 0.0910285619738 0.147854184007 0.147854184007 0.185519327334 0.184985018349 0.323477988509 0.327518090413 0.159980909495 0.159980909495 0.259927330603 0.251016034894 0.130371033343 0.1404984662 0.122774302734 0.138675049056 0.128733826907 0.173139757322 0.09991512235 0.104751375546 0.28185110475 0.256146168678 0.266746782837 0.313938994564 0.273447903002 0.466284049137 0.455142809869 
2001150151 1.0 0.161742682546 0.165820053114 0.267091210355 0.203061160897 0.363859135417 0.199214058879 0.200751186288 0.16016209724 0.172032210995 0.497353607163 0.240529766519 0.25206377339 0.282107216608 0.286691596026 0.102232862592 0.101295404422 0.157492541996 0.153055239363 0.197772201142 0.191675384549 0.320654937155 0.325998734506 0.139200296311 0.143031179008 0.259971786274 0.273870954975 0.146328105135 0.104995027997 0.1296592949 0.094809092628 0.13423832508 0.172032210995 0.105196747738 0.107784755554 0.24795111228 0.225659469802 0.247309028046 0.26369626819 0.273056956988 0.436320110124 0.44156043765 
2001150194 1.0 0.160540324767 0.147574897986 0.261094050282 0.192982558904 0.34055745689 0.208393462113 0.204649562176 0.168758352218 0.173650911818 0.476915562346 0.252053422582 0.252053422582 0.294494149558 0.289418186364 0.10279596446 0.0915220665184 0.161341029608 0.154402740214 0.198252676429 0.193981612478 0.335218039521 0.346558931184 0.154402740214 0.142239090137 0.269831944644 0.249225604748 0.143591631724 0.0915220665184 0.132870761175 0.0976528672095 0.126918270642 0.173650911818 0.111803398875 0.111803398875 0.264769886474 0.23866035047 0.259112283109 0.287407537799 0.284024828303 0.457610332592 0.442142161212 
2001150229 1.0 0.176813372228 0.152898857384 0.270768926052 0.200290285946 0.317776895334 0.221914605488 0.212032565484 0.185964861912 0.179915597863 0.506289123096 0.261146582776 0.261146582776 0.315592835808 0.299859329772 0.108435216394 0.094823845973 0.141626619398 0.125025934507 0.190012049039 0.182586813299 0.35245125064 0.347311473136 0.168398344677 0.163818050214 0.284471537919 0.261146582776 0.143084221634 0.147370553218 0.134101169011 0.137160904951 0.133065623251 0.179915597863 0.0753100291993 0.0788982089521 0.268460101021 0.259019080262 0.273564362134 0.309395458707 0.265350419647 0.482362884287 0.459299327434 
2001150248 1.0 0.169670432083 0.164858577683 0.255990857763 0.198030663552 0.328441100526 0.203778606052 0.209702816386 0.171312442266 0.180334978686 0.463782168105 0.278721648982 0.275691975862 0.328334538764 0.314878531252 0.103253952695 0.0985133870969 0.14689920733 0.14360670529 0.20013992539 0.198560079608 0.342113834354 0.33271064355 0.136100223121 0.139067565254 0.255032172627 0.242079717294 0.143036996647 0.119975113093 0.119488001405 0.121904097094 0.1440932342 0.180334978686 0.0911325630986 0.0864019561624 0.27918162051 0.251207279749 0.27750534225 0.326910396121 0.293401121152 0.498686014022 0.479146369535 
2001150252 1.0 0.166478022954 0.155043418237 0.261608321785 0.202151885016 0.321064758554 0.204585443324 0.202151885016 0.173139757322 0.176776695297 0.475800112029 0.27760489844 0.273757993334 0.319076722359 0.3091734712 0.0958706236059 0.107680186777 0.151351378649 0.143190061335 0.196116135138 0.203198407376 0.351145507476 0.345666449222 0.128073084339 0.148997403482 0.244856592991 0.255316767142 0.132948634316 0.126406118473 0.132948634316 0.122428296496 0.151351378649 0.176776695297 0.0865698786611 0.102292721662 0.255316767142 0.238122843692 0.250846981534 0.305724049708 0.287365943564 0.496737090981 0.501834868552 
2001150274 1.0 0.158816094678 0.158816094678 0.280469265322 0.185182593134 0.349241541851 0.208236965189 0.212955874199 0.190767238534 0.195764455599 0.471011762009 0.267911358992 0.274975758713 0.310050375993 0.321834782509 0.0913356342575 0.0965504347527 0.146339927153 0.142953089905 0.211240056736 0.208438517388 0.350202097986 0.370213985941 0.158551474509 0.158551474509 0.265866004028 0.265866004028 0.143928890243 0.121806384284 0.147578100246 0.129168092695 0.13654293428 0.195764455599 0.0925534964853 0.095383619267 0.278817517977 0.254460240503 0.267388400541 0.291433790647 0.282359308357 0.477621948293 0.490803390574 
2001150311 1.0 0.164081669871 0.163745551383 0.278782758858 0.199996327007 0.357569190709 0.220355455683 0.20685739089 0.182319184459 0.178244498241 0.503167079721 0.269129642942 0.270015276359 0.31168859988 0.31168859988 0.103738960067 0.0977225416388 0.145704175979 0.141483674699 0.190206868326 0.195162987749 0.337923535979 0.334701762712 0.138466058953 0.135516782557 0.246700104878 0.252075786831 0.144056315865 0.124350955825 0.144056315865 0.115785589772 0.158618327269 0.178244498241 0.0925094375359 0.089482132756 0.252585251912 0.230378530346 0.253818266931 0.285294210084 0.285294210084 0.467130103984 0.458559637516 
2001159151 1.0 0.163994040408 0.169278757485 0.264421872156 0.206817005328 0.359580720646 0.199874156662 0.199033167701 0.15906140692 0.164164423873 0.512984873627 0.244137295983 0.256478812079 0.286203104353 0.291190186835 0.101704786381 0.105747601457 0.158621402185 0.157027176777 0.196488604952 0.184680246378 0.343069079962 0.354885232288 0.14078735425 0.145186488966 0.267365824676 0.279031433134 0.142367065451 0.0983509545454 0.133761311081 0.0924913765635 0.127775313 0.164164423873 0.106406471392 0.107061286627 0.274791200881 0.254014455463 0.26484444034 0.269604541672 0.270484505077 0.453144204547 0.453144204547 
2001170230 1.0 0.148302910469 0.153392997769 0.255088760823 0.188765683009 0.326872135589 0.199557031571 0.203879602324 0.163336502712 0.169590866343 0.469391046134 0.268413504642 0.266515877895 0.312585230439 0.30414454494 0.0981346056847 0.0930986613739 0.151686682202 0.141844031625 0.188765683009 0.180302828149 0.347408042128 0.351393448351 0.146181663025 0.143757850656 0.248786748912 0.248786748912 0.131166234022 0.112006915827 0.131166234022 0.114648138805 0.137369501748 0.169590866343 0.0937949961427 0.0958536538521 0.26938146128 0.260240548636 0.264702990325 0.299444218824 0.266173846194 0.483620305289 0.455974281675 
2001170356 1.0 0.17467148984 0.172562702396 0.265592581009 0.187477116007 0.344062933093 0.195756794211 0.190704153601 0.160849587192 0.153869621387 0.468953102611 0.267424275687 0.269696400423 0.3220783132 0.328456720783 0.0988091159567 0.0988091159567 0.144037800479 0.144037800479 0.188774550975 0.203100209007 0.34934297968 0.35108534949 0.139737191872 0.12883132528 0.252398791815 0.230672203807 0.144037800479 0.122020257044 0.12883132528 0.132566340045 0.134394927668 0.153869621387 0.0781154650027 0.0910975037349 0.273292511205 0.250457233815 0.251914805192 0.291863463252 0.26696753022 0.488081028177 0.466081667805 
2001180107 1.0 0.150082042619 0.14972370854 0.287302148651 0.173643869385 0.32336635764 0.209360196867 0.219709256894 0.196021302261 0.190179672856 0.502990163666 0.259811928398 0.255853583913 0.305836979179 0.299746237049 0.0905568172646 0.0856801739685 0.126943265512 0.127225048912 0.200625699853 0.206084701537 0.345323016429 0.355944530096 0.142241928904 0.147190945967 0.249044728179 0.249403944763 0.151388677851 0.122784757554 0.149604073116 0.118782242478 0.135670357253 0.190179672856 0.0831346482544 0.0780239386629 0.262281157445 0.251334842835 0.270349089622 0.294199367235 0.281828026827 0.45730908859 0.452784086323 
2001180111 1.0 0.165801951083 0.160397169398 0.274327316969 0.188645669476 0.337120841807 0.213947688098 0.221888227973 0.177407553965 0.174812110252 0.519966044143 0.268979058501 0.25303021698 0.309713036968 0.288934202981 0.0973044248667 0.0921340718295 0.15374566319 0.147458803501 0.191650453961 0.187952116873 0.345915944427 0.337459632488 0.145676758543 0.146459071272 0.260844959167 0.245963860436 0.150309572048 0.138319177913 0.128911743522 0.131544146022 0.158039012975 0.174812110252 0.105049004514 0.109909302836 0.294141652547 0.268796926176 0.273850847106 0.305467283873 0.25361019277 0.477034709781 0.446270838214 
2001180248 1.0 0.16024350899 0.154458365545 0.252805236078 0.191315328952 0.333080376869 0.211915129235 0.220768789313 0.182383652503 0.183730440168 0.487507506738 0.279320787641 0.271050942984 0.333819734886 0.313849966753 0.100255694342 0.0973769385355 0.152481216957 0.141782962644 0.191216176145 0.201078072967 0.350665158634 0.355339109583 0.157015595443 0.157015595443 0.271610099727 0.256676448405 0.144170495607 0.114557667275 0.122710398238 0.115710685072 0.121467729273 0.183730440168 0.0837668098791 0.0923798752039 0.303278751544 0.289522452534 0.300262228146 0.30817916522 0.25615873137 0.467612129586 0.446322181249 
2001180260 1.0 0.166594776676 0.161334534235 0.266461488752 0.177948996187 0.338736599709 0.209804645223 0.195517158053 0.176384196907 0.157957952119 0.505056979936 0.251719077226 0.240261275557 0.294154065237 0.278390431111 0.0945144005289 0.0848998482253 0.130042454303 0.145682906059 0.213587835399 0.20721938099 0.348375091725 0.350007040695 0.142259628401 0.131573110814 0.257106966289 0.245775043697 0.142692029485 0.133663547068 0.130633290849 0.111001534052 0.135494639884 0.157957952119 0.0970866907965 0.0877544178441 0.265766974568 0.249753451617 0.26091264171 0.294206419792 0.261796594469 0.442059341391 0.427932148945 
2001180294 1.0 0.164165493848 0.169423940217 0.254386784928 0.186451882251 0.339036076995 0.210173719294 0.214677953494 0.178588513749 0.180807089668 0.485977378985 0.255699838382 0.25161340709 0.295886191182 0.293015807933 0.0919340642494 0.0966690238506 0.136710644591 0.143760980428 0.197014781844 0.191098054787 0.356148663139 0.35164255222 0.149097345712 0.150056866599 0.25781155617 0.261618458148 0.127412610588 0.123987254148 0.135774259293 0.128782008706 0.143982662873 0.180807089668 0.0939925446849 0.0883968043798 0.27119593434 0.254198652189 0.27810538257 0.286911215439 0.300644626473 0.463849071317 0.463298671751 
2001180346 1.0 0.15962054748 0.155161225695 0.268056385312 0.185555117396 0.345420936819 0.202808889905 0.20948962254 0.174749488687 0.179016864109 0.485098549577 0.26963262167 0.268401977996 0.311557528129 0.302981100854 0.097916424238 0.0888401722817 0.138474735136 0.146287406488 0.203590932228 0.200246160455 0.354054005696 0.354465196676 0.142713293877 0.147459527712 0.258602042825 0.253168077116 0.148176224657 0.109171057436 0.133607613996 0.108562857398 0.118478403886 0.179016864109 0.10356875882 0.0966915701595 0.244005386413 0.226966135387 0.248362489437 0.283798091202 0.297823411322 0.462858962715 0.477060727289 
2001180369 1.0 0.162336271951 0.154965256284 0.252796722858 0.189749506764 0.333333333333 0.210490120557 0.205501306488 0.180131095362 0.169969255207 0.466169458277 0.276984405765 0.277637741821 0.324063211096 0.313523417247 0.100235253798 0.0925459139403 0.151525931931 0.146327938097 0.208050257332 0.203406765742 0.370050152004 0.370183655761 0.146327938097 0.136425262657 0.248989127999 0.230865922883 0.139646941396 0.132132152366 0.119843316581 0.126398361429 0.14700174644 0.169969255207 0.0925459139403 0.0950048673905 0.294507259349 0.265011167187 0.269815386125 0.331201802316 0.267977802523 0.503831222188 0.471404520791 
2001180413 1.0 0.17542748037 0.180613645445 0.283060239531 0.192923316961 0.379841424285 0.191982680851 0.205376678361 0.161456082631 0.183299867483 0.493403260728 0.272436375263 0.277375201077 0.31525307926 0.317940512427 0.0979515019869 0.0964616584807 0.155283487925 0.153406881373 0.212737068 0.215694825585 0.353015354758 0.34904441808 0.136417385672 0.140985463068 0.277831678735 0.289447524881 0.140470915866 0.0918472427615 0.148855153171 0.0902566940357 0.128771840171 0.183299867483 0.105256488222 0.10763738842 0.25393357248 0.222958190734 0.253862272865 0.276066820192 0.291876497743 0.47458965087 0.472755185698 
2001180415 1.0 0.155186569877 0.156034590233 0.2355622531 0.206853413443 0.350554738903 0.223045453249 0.218714061256 0.180356235273 0.178332796856 0.471124506201 0.259040803286 0.258722218978 0.300928886573 0.303982973089 0.104812920094 0.105908828068 0.158447369027 0.155186569877 0.190929855062 0.187793932538 0.368404433116 0.364759670623 0.136526490884 0.141276650968 0.239382618427 0.244023306217 0.112846048525 0.113283720686 0.128433319062 0.121163750876 0.148227853108 0.178332796856 0.095075361477 0.0955944300922 0.262205357519 0.247046421847 0.263021905105 0.275937424296 0.282903357782 0.455168842422 0.455168842422 
2001180458 1.0 0.162800063444 0.156845359734 0.266121427386 0.18664323618 0.373911300473 0.209317868784 0.204983696123 0.190452674501 0.182262471582 0.477994854182 0.255167460215 0.236467083609 0.302856455571 0.265445819727 0.0975549534118 0.0898912972557 0.141434052862 0.139902230951 0.19657691926 0.191486984462 0.377971259884 0.365754373108 0.156271883007 0.157302635806 0.270803490443 0.263953395931 0.150893668733 0.131567889452 0.125990419961 0.116358218666 0.14885690017 0.182262471582 0.0966302410406 0.10045684835 0.279354873357 0.253472914894 0.271531903153 0.30656900915 0.233717372865 0.478858101845 0.432309752414 
2001180483 1.0 0.165745267267 0.159968385843 0.264068997004 0.184137440304 0.355801438666 0.217839809992 0.216887594859 0.184545727813 0.186270965976 0.484975405581 0.255154221333 0.272416344885 0.307276987838 0.315793104839 0.0952331670866 0.0938399213131 0.148500704588 0.143736107122 0.208663450994 0.203088336974 0.371378446941 0.359431891165 0.148247073823 0.162071785836 0.260987071151 0.271724756197 0.143605140255 0.113114730405 0.13397966753 0.115256933042 0.147483564504 0.186270965976 0.0884731262753 0.0884731262753 0.288387108805 0.27054499814 0.291437535551 0.276665610999 0.285435940778 0.468477204895 0.468798409736 
2001180494 1.0 0.174159679627 0.156764113801 0.278561239674 0.191820625406 0.313313408648 0.197356712002 0.205790604172 0.197271405445 0.164108174734 0.494031026804 0.276620867846 0.281446715791 0.337570555319 0.332293727536 0.0991463309979 0.10132932306 0.149734658428 0.151855493459 0.211199633772 0.191381374485 0.345115238518 0.345115238518 0.160478161116 0.132308240331 0.301709208327 0.233385827809 0.15932021895 0.106512400369 0.126719780263 0.127249990865 0.124170365832 0.164108174734 0.0836790785311 0.0856669822422 0.272760425012 0.255292407046 0.262123962189 0.297947871027 0.26746360186 0.455418665163 0.426681254309 
2001180891 1.0 0.150722931892 0.162251225556 0.271658147678 0.196518660022 0.335237714156 0.203615468498 0.209438847899 0.159865810832 0.184687604462 0.485826231538 0.286967912786 0.284688730259 0.328289550038 0.321035058058 0.0989369885932 0.0989369885932 0.143571242596 0.151276045428 0.197536019677 0.197536019677 0.35938157032 0.35938157032 0.139798596128 0.150722931892 0.245563310897 0.268876908085 0.134934538584 0.117035281893 0.140632510787 0.119016672905 0.149163303049 0.184687604462 0.101108016444 0.0982593300112 0.289690794393 0.271719629663 0.297541682264 0.306065150129 0.290439425067 0.48289486638 0.461999303928 
2001180902 1.0 0.163771993599 0.15893523326 0.265805743496 0.225828763155 0.350652744434 0.209967286186 0.212155683601 0.168375381717 0.178477547665 0.49219046855 0.261821148428 0.270968654502 0.318070826115 0.321754974813 0.115114559325 0.116353125801 0.163674712929 0.167806864455 0.190979315892 0.175053632038 0.349105003099 0.345804566579 0.146416871189 0.149111555704 0.262610774378 0.257465848372 0.139623750962 0.117443108627 0.130910574214 0.126202684244 0.136509074742 0.178477547665 0.0959472455099 0.0910060498283 0.267597310013 0.248910600648 0.270968654502 0.287786398312 0.300033445082 0.474931403658 0.473352605501 
2001181013 1.0 0.172347256079 0.167481269109 0.277570830418 0.200440475267 0.317165684672 0.207938953843 0.208306792365 0.190572771879 0.185607177926 0.500520307428 0.262196372545 0.263826383456 0.316924218566 0.302083245338 0.103378736476 0.0997608605585 0.141083161996 0.133957586507 0.191134343041 0.193285120166 0.321956978389 0.317792637903 0.145254005503 0.131185750472 0.281786228703 0.265734632029 0.155339397033 0.116734307635 0.126188616281 0.102933456288 0.137008888656 0.185607177926 0.0752669591497 0.0817046460831 0.271660832722 0.25 0.2630708487 0.324797830309 0.272055074835 0.457831038885 0.432198667731 
2001181099 1.0 0.165680287357 0.166465506388 0.268599685822 0.200166195537 0.382934520815 0.197955251361 0.19413047198 0.169762173083 0.171101163078 0.468510254158 0.254387079218 0.252844546071 0.298929868548 0.301481854512 0.10340742299 0.0997159688033 0.161495262555 0.152033015978 0.195135468198 0.210641459849 0.359531038503 0.371131784668 0.145569862472 0.152033015978 0.260653553883 0.273649898238 0.133661112827 0.106206926919 0.146796439868 0.107730777048 0.129196210044 0.171101163078 0.0997159688033 0.107730777048 0.276199394454 0.257000822886 0.282039350934 0.269871099081 0.258518557475 0.448167539626 0.448603783278 
2001181132 1.0 0.172606816844 0.167079456694 0.285756034521 0.190555671117 0.339470450921 0.216409176887 0.218526893351 0.193873137012 0.188217476172 0.506056558849 0.267308577462 0.265179654947 0.306395852765 0.306106663599 0.0954171646637 0.0959724583798 0.147363586548 0.144081676646 0.192313687353 0.189156222525 0.338896006242 0.346289467164 0.14383559333 0.133089853739 0.266512224418 0.250265552601 0.147243338803 0.126540388367 0.145914073414 0.1221239924 0.13053665623 0.188217476172 0.101707123419 0.0985224554311 0.266512224418 0.244102901338 0.258413752661 0.298904522957 0.281509423676 0.484015430187 0.46809046819 
2001181167 1.0 0.162061145148 0.150359209066 0.266096307022 0.188437463272 0.357476177008 0.224745564048 0.238003772425 0.191972354469 0.190764623923 0.506668561344 0.262679070645 0.252898481054 0.318234614302 0.293147065338 0.104526297853 0.0881707954535 0.146681004417 0.143933655161 0.217910479551 0.206015350551 0.368588471095 0.362669524982 0.162578913704 0.151750165691 0.271489907291 0.235697307991 0.163994348442 0.133008667487 0.116863953718 0.119001886213 0.134890959187 0.190764623923 0.0900570152732 0.0845207525789 0.287721295952 0.266096307022 0.272648310677 0.291710061266 0.24539289822 0.483930969778 0.448602111305 
2001181210 1.0 0.161318870785 0.167051515164 0.264350353969 0.189642645238 0.36209065623 0.216019594003 0.223828227213 0.187188755322 0.192666061777 0.477014604209 0.255196973682 0.256036758424 0.290424005616 0.290424005616 0.097863572037 0.0921273600097 0.143668670635 0.154629142565 0.203096894967 0.20831461827 0.352243235884 0.361862567605 0.144013062669 0.156855662349 0.257002331022 0.272470957574 0.139942430133 0.102317918308 0.139942430133 0.108429402243 0.142282766817 0.192666061777 0.105496248219 0.103600951731 0.277574415505 0.264350353969 0.277574415505 0.277990524724 0.272289087964 0.455191686653 0.46746880172 
2001181258 1.0 0.173956840976 0.163095498742 0.277959448282 0.21761145945 0.326733594473 0.198972917786 0.198972917786 0.178728252886 0.16498521999 0.505782575052 0.228077546086 0.233893034994 0.289356133736 0.284675933898 0.115261916521 0.106751314626 0.150283152682 0.149889740613 0.191101646763 0.183857911703 0.327139951619 0.335339772983 0.132648611857 0.120643253108 0.27475458195 0.251236902356 0.144983832761 0.100188768455 0.136271457945 0.108669977046 0.142622876275 0.16498521999 0.0829387604095 0.0783630348686 0.267568787813 0.239135685835 0.260921118248 0.307365110723 0.270695146002 0.465286468105 0.439072432351 
2001181280 1.0 0.156282062352 0.15674375335 0.258116783222 0.215050655436 0.371001337033 0.20577830782 0.204722124758 0.166924197176 0.170012470872 0.473111441958 0.238078170218 0.23174140413 0.29096480835 0.281317987001 0.109654748848 0.109654748848 0.152063776757 0.152063776757 0.185383768598 0.168732559538 0.348919274248 0.34483625737 0.13947241193 0.142039289269 0.247658631618 0.250097532786 0.133001485083 0.111872856534 0.134406659647 0.104388210901 0.126884442783 0.170012470872 0.0913965285601 0.0866896906531 0.228159016245 0.204368850768 0.22516224684 0.258955280666 0.263930329836 0.44157446115 0.4297315336 
2001181318 1.0 0.173480635126 0.173769208602 0.237029065181 0.190810318713 0.312573059133 0.213918769386 0.208382039422 0.178041692528 0.171836231804 0.48561373138 0.26742188247 0.266420767557 0.310428450211 0.309134543432 0.0997692574717 0.0953175915001 0.161928553494 0.169979544733 0.227097449097 0.217557236252 0.341967366091 0.341527536499 0.135294109104 0.129233054764 0.256715535024 0.253507692277 0.122464941246 0.111020145215 0.126225702816 0.102900678663 0.143559253047 0.171836231804 0.113842512166 0.104191019711 0.25599890607 0.243013129524 0.262886844388 0.297179832361 0.297179832361 0.478301993634 0.463980863506 
2001181333 1.0 0.156739238189 0.16089199011 0.264216554116 0.200986848097 0.304405682365 0.208080775742 0.207048110431 0.170736245778 0.172752318541 0.476937191791 0.282317578569 0.278554743739 0.324234147427 0.323674288973 0.104790451602 0.0991305982795 0.146405122917 0.150295120507 0.187049816801 0.189414858072 0.341713831958 0.344213741377 0.136134359701 0.131200305632 0.239055575156 0.241525790211 0.138892094861 0.127503778455 0.128405787122 0.122894468096 0.147079286681 0.172752318541 0.0925947299072 0.0898840509857 0.277784189722 0.258475459312 0.274800384721 0.313373264603 0.302122199744 0.484585135455 0.475101412353 
2001181340 1.0 0.16260228335 0.161780016217 0.277400952835 0.202178644885 0.369547288647 0.214345640526 0.219874086111 0.184502781274 0.191942516873 0.485168277261 0.255698890198 0.252550092117 0.294426380626 0.295105043948 0.0988379789728 0.10409544515 0.151124658327 0.14296189081 0.191159252372 0.188524869393 0.346113592256 0.369953062648 0.157604343627 0.160122814865 0.265988423864 0.269351557871 0.141555674096 0.126769146209 0.144354409628 0.124914534181 0.143427565954 0.191942516873 0.0955796261858 0.101006834202 0.264479970734 0.237374136851 0.260862437853 0.287145559372 0.283875800207 0.467244697607 0.478142250106 
2001181398 1.0 0.175226963616 0.164206700226 0.249766100058 0.193508265658 0.362101530932 0.216416346223 0.220695172358 0.177656186772 0.177656186772 0.474776821175 0.271948038531 0.274940483244 0.321033730098 0.311985236878 0.101615688403 0.0954873312222 0.136902180343 0.132417103415 0.189849165749 0.181453847446 0.358478531931 0.337829454975 0.152007554938 0.152007554938 0.260158329885 0.243125558933 0.144112426672 0.132711037414 0.118437457848 0.123115469997 0.132711037414 0.177656186772 0.0799391913533 0.0761957873179 0.254096732812 0.237941740391 0.261428313486 0.275294559995 0.269501248037 0.455680754613 0.451600782587 
2001181408 1.0 0.169883660771 0.163729953791 0.240251777088 0.175313719735 0.333447367185 0.215164461085 0.217228766061 0.179423520649 0.176666208207 0.48622806667 0.25729464735 0.265434025061 0.29881248654 0.297615236371 0.0899601551523 0.0874444610579 0.142239494472 0.142761476022 0.20503916506 0.194922149719 0.348840899584 0.337703182473 0.121969360266 0.125930042021 0.242102267409 0.237636883305 0.134940232728 0.107996275295 0.117496446989 0.104210667093 0.142761476022 0.176666208207 0.0983348419863 0.0983348419863 0.263860069486 0.250972520784 0.261025829727 0.275175419424 0.256773748868 0.464445486828 0.447679062159 
2001181418 1.0 0.153032033963 0.147225044321 0.245576245406 0.187105710785 0.327487195548 0.204563324783 0.209190544147 0.16465452047 0.17754257946 0.444529906313 0.270548666965 0.270548666965 0.311708827534 0.311708827534 0.0951831343245 0.0951831343245 0.149757638962 0.149757638962 0.194365063162 0.188924079175 0.359010987142 0.347936530218 0.146526739778 0.146526739778 0.248413771175 0.243198065669 0.126220536885 0.112470318972 0.126220536885 0.112470318972 0.128767995174 0.17754257946 0.0915208630645 0.0942809041582 0.264219540935 0.257867653062 0.26775419267 0.289414380708 0.305057091476 0.475484458301 0.475915671622 
2001181436 1.0 0.165232993541 0.158676234101 0.270065894805 0.179810963721 0.333412500496 0.203366936694 0.197935410463 0.172837645649 0.165570893676 0.476820544328 0.25724108829 0.24777901245 0.30024906991 0.288574280337 0.0912552000007 0.090486397759 0.150264077543 0.139561580241 0.191549865896 0.190599240346 0.354810845863 0.358103460727 0.140757844236 0.132579022283 0.261122564541 0.241322794926 0.145156056863 0.110000190532 0.133733273776 0.108465228909 0.145828301543 0.165570893676 0.0923207680539 0.0993200299671 0.272845376894 0.249856742523 0.256207003774 0.322462579862 0.24777901245 0.486164596706 0.460512863281 
