Leaf
2001120198 1.0 0.188468117234 0.178707627663 0.263480483751 0.204572019061 0.301824892771 0.225152485259 0.231231935711 0.18877456966 0.172117045805 0.521502941429 0.333227343458 0.322561998342 0.389493520244 0.366399447207 0.114926465558 0.0969178187116 0.152247137088 0.145252421308 0.185375731555 0.172117045805 0.31627346037 0.319907862458 0.14683560073 0.127786852879 0.27648704618 0.2332232055 0.157381022132 0.148693734197 0.108723545051 0.131245699076 0.140704256728 0.172117045805 0.0820615869103 0.0820615869103 0.228149124744 0.198985868148 0.198331187955 0.358747016664 0.271369892392 0.536015054572 0.477590290468 
2001110047 1.0 0.170274179441 0.166239469857 0.28724671977 0.196855315874 0.308654707302 0.203566202834 0.219028075555 0.174944580692 0.179965644773 0.505954138929 0.296406408456 0.295594138219 0.342536012096 0.342907414423 0.102302848293 0.0980677749843 0.154602039161 0.15533215911 0.192202243119 0.191760228943 0.354467270016 0.354786322529 0.135594958248 0.147485740578 0.256888245604 0.254509855599 0.147101662476 0.124160975057 0.146040239436 0.132961795779 0.131679176126 0.179965644773 0.0977789149312 0.0999250136073 0.259353903281 0.244880832961 0.258206193094 0.30975247499 0.283529923152 0.505338792853 0.494160165561 
2001120094 1.0 0.18302759349 0.171584896116 0.276396514273 0.209966168385 0.337657925839 0.217671278093 0.206818510607 0.169437763826 0.169437763826 0.519239624211 0.321551976818 0.328172928176 0.356940349405 0.371351016325 0.105526572298 0.10624689856 0.160562364059 0.141470966037 0.185181908242 0.175539996891 0.336390572584 0.358390465531 0.144985646816 0.141578753455 0.2570066435 0.252153068041 0.136644171103 0.137201222622 0.145300947616 0.144985646816 0.107247227672 0.169437763826 0.0841316471812 0.101848551771 0.248251044343 0.226531392783 0.234992870801 0.302182115918 0.28833585621 0.493110851869 0.497269598942 
2001120165 1.0 0.170599082553 0.168973588656 0.281216501519 0.185602133996 0.320925537613 0.211387672238 0.219538847056 0.166505596622 0.173008690316 0.507909687638 0.297727887128 0.302036642524 0.345037108028 0.347067182075 0.0963492988814 0.0935751237565 0.141674826732 0.139263544213 0.174236998801 0.179206055833 0.320925537613 0.313610597708 0.136809769256 0.139173435149 0.25313846551 0.25034787749 0.144567342393 0.124016061221 0.141053637528 0.126420473566 0.140340340226 0.173008690316 0.0809222501404 0.0876210412662 0.217472012735 0.200921179372 0.214392916051 0.301371362768 0.31381054073 0.485352606432 0.491286955117 
2001120181 1.0 0.17274479301 0.174301417753 0.273932893815 0.207950432306 0.345042543021 0.211081375064 0.208876169627 0.170043144088 0.17252127151 0.497285094495 0.312039025373 0.315482545049 0.347160870309 0.343772764229 0.106631889648 0.101565955165 0.150629579391 0.147086891143 0.195780352015 0.195188173489 0.329169927703 0.327131704219 0.143187508241 0.152243362135 0.258670049941 0.27038836995 0.135336819991 0.126799044089 0.144261429599 0.125268214803 0.119702595815 0.17252127151 0.0952935099272 0.0975611324681 0.222300097543 0.213565127163 0.236431770269 0.280796189685 0.303344022128 0.484498467175 0.492398419509 
2001120185 1.0 0.173995371615 0.178022798665 0.26652214729 0.212231911232 0.34799074323 0.194817213409 0.192989333617 0.143583149231 0.143583149231 0.467668689365 0.315634112434 0.317500129947 0.3695997185 0.365380175991 0.11347991658 0.105522832034 0.162132756551 0.157606368071 0.167773055322 0.165557839899 0.333692494379 0.330133005978 0.134227246333 0.134227246333 0.249345659908 0.256123862436 0.135867558682 0.131447913327 0.130884964644 0.119316163988 0.123213224356 0.143583149231 0.0935021546414 0.0923899399034 0.215546077779 0.206590186061 0.223814741175 0.282447708291 0.329012768591 0.501084271972 0.538227634026 
2001120204 1.0 0.187115211634 0.182578062268 0.276624829003 0.212411602065 0.332277121194 0.229191556998 0.226910524037 0.179706329719 0.179706329719 0.502340692968 0.298480873562 0.290879376202 0.344142272578 0.341416840907 0.106878390522 0.109527453686 0.162912262009 0.161274911287 0.157478108121 0.156734804598 0.320899940538 0.332085367525 0.154552142015 0.156667056678 0.274699253396 0.274699253396 0.144689569607 0.136768700818 0.134340892794 0.138081957666 0.133627783637 0.179706329719 0.0962148289159 0.0989348341363 0.219828955393 0.20274560276 0.209594080409 0.309275960958 0.300925010999 0.506298181649 0.504470649835 
2001130015 1.0 0.177955868943 0.170937026313 0.282973811473 0.205022409606 0.312213826077 0.190724251202 0.195038430928 0.150603266109 0.155802016433 0.502436941892 0.313012376842 0.31663724896 0.359533919752 0.362038035233 0.105257526825 0.103434747826 0.159198439158 0.15186093526 0.168132290849 0.171214972881 0.322735567232 0.323618365053 0.124885530431 0.124599641776 0.262578523569 0.253549960207 0.137308302062 0.101462171123 0.148296557452 0.117226047536 0.131198686222 0.155802016433 0.0895107412362 0.0937909781423 0.225878586788 0.214542274021 0.227451941678 0.290150395224 0.309959269227 0.480770721276 0.496678298459 
2001130036 1.0 0.187386506942 0.180850667997 0.261133939994 0.222260788409 0.377888660257 0.229635070772 0.223437695376 0.167105780881 0.158091927321 0.511311767451 0.311266232161 0.312305356087 0.365435564216 0.366194692576 0.115987297426 0.114514808093 0.161471373353 0.164968671552 0.179136404967 0.174335286519 0.342104357475 0.339023905942 0.141619762887 0.135267832571 0.260068324368 0.241425513364 0.135153730625 0.127880733723 0.130744090092 0.130152752416 0.149463954193 0.158091927321 0.0878288485116 0.0895682024834 0.192823831413 0.172287877448 0.186644052531 0.290818280548 0.303232199873 0.510103419389 0.527792190407 
2001130049 1.0 0.176086135985 0.174287762355 0.287349562032 0.205978026529 0.31969983822 0.223227820333 0.216238078911 0.173381580674 0.175264172025 0.533771162844 0.298288148927 0.307519081534 0.345435651892 0.348424854496 0.100668562464 0.107723721717 0.15286047964 0.145106677694 0.178234962791 0.192879086174 0.330362106682 0.324063568711 0.146726021196 0.151393537347 0.259098905642 0.270743426888 0.144925633734 0.139385011263 0.147884519761 0.131235742985 0.141348935782 0.175264172025 0.0852786072951 0.0894849777234 0.224576286929 0.215447443434 0.238412578614 0.292106953375 0.298156094845 0.475501865618 0.496489289552 
2001130052 1.0 0.184172540938 0.174763068432 0.259226752647 0.210508309399 0.329192628474 0.230953555145 0.227652234981 0.172752304647 0.175759824054 0.518453505294 0.336107172211 0.340325355306 0.392825662855 0.395926383362 0.112669187338 0.109258150746 0.160430911031 0.160974439108 0.169003781007 0.1764211992 0.332317596812 0.323437614941 0.14846013699 0.1616963012 0.263128471141 0.270278965427 0.128258495463 0.131730107755 0.136612655078 0.139981115263 0.139251227379 0.175759824054 0.0853162820946 0.0823644642252 0.212846598217 0.200302572034 0.226690996761 0.285573873043 0.31137521037 0.489867043093 0.509388934041 
2001130057 1.0 0.176492574839 0.171318045263 0.273623580439 0.194693701466 0.342393573503 0.210282259981 0.210282259981 0.160296546541 0.158297649932 0.494627241563 0.308085021628 0.307410234321 0.360667229718 0.356652829019 0.10338173827 0.0983021216531 0.165229898203 0.162100100475 0.167228719657 0.185965078174 0.342029475549 0.325776375727 0.139020193652 0.134154997696 0.258052290447 0.243306677526 0.143624428702 0.124187468819 0.133222994918 0.124187468819 0.14553950564 0.158297649932 0.105895544903 0.103649220575 0.228457728868 0.22106629501 0.231048786884 0.289839763095 0.282633142018 0.487551309879 0.489138875039 
2001130067 1.0 0.171991209439 0.172478339068 0.274224295835 0.200739356364 0.362343137952 0.191198108901 0.196941811925 0.140969752055 0.153662107693 0.509286660422 0.334692947441 0.330367636058 0.373677230438 0.369126908346 0.103861580588 0.099017127813 0.149230133535 0.152487603026 0.164219578021 0.175509340555 0.359853690131 0.335265439538 0.120924301689 0.135772508035 0.236638328943 0.252041239984 0.127674194618 0.132284847399 0.147615041248 0.139172795562 0.122402046564 0.153662107693 0.0950647139426 0.0965658285743 0.205868452963 0.211950020975 0.241898157441 0.244461127152 0.333077537932 0.501436234287 0.542250736781 
2001130114 1.0 0.185939334785 0.183194907643 0.298037147536 0.222897170648 0.353606731264 0.204489002239 0.206168611579 0.158668425553 0.151795166731 0.5487997697 0.295458577477 0.312752893749 0.342584754989 0.35968066 0.112291536391 0.112961368284 0.164274916593 0.167715942366 0.174764820819 0.168229228776 0.324987854635 0.324224230894 0.127737093669 0.124576274542 0.253313600733 0.251091508669 0.14659416027 0.138036908258 0.153278887592 0.144595560162 0.13196986466 0.151795166731 0.104331338707 0.0976068338836 0.205645207303 0.196369602591 0.21706718276 0.271706093795 0.299336104939 0.472779317224 0.484465761629 
2001130120 1.0 0.166912452634 0.16233333539 0.271916902647 0.188988255846 0.304692593789 0.210363640773 0.224712766449 0.177994356523 0.188030776776 0.479596656674 0.305840346908 0.317424123923 0.354344552667 0.367291813815 0.0962199364837 0.0994751905178 0.143961621643 0.143518434481 0.163441425628 0.174865070491 0.31554546116 0.299526449061 0.150946025485 0.156743124871 0.268102681526 0.257806575464 0.140149866245 0.121744551067 0.134900087761 0.142329855553 0.130986790697 0.188030776776 0.0830736900343 0.0845934567007 0.217363605307 0.207415659517 0.223718352531 0.316620347683 0.320916975523 0.492894320652 0.488936482057 
2001130127 1.0 0.156649600275 0.154277843168 0.257968985456 0.186649107641 0.318051921537 0.215838229078 0.225799420411 0.163325267607 0.171230170058 0.501288866477 0.295978556293 0.308638088711 0.333888074101 0.342942652734 0.0963412033527 0.0920211700677 0.150439069197 0.151281871698 0.17871477309 0.180414159402 0.33036611104 0.331518688483 0.146846486695 0.153617121317 0.236363636364 0.239091307931 0.135779635237 0.13947499417 0.126972673274 0.142094047632 0.13427301845 0.171230170058 0.0993302428227 0.0993302428227 0.221191364738 0.217773510719 0.235069074535 0.282617859341 0.309378722437 0.477863437309 0.493363457898 
2001130163 1.0 0.175694992047 0.166110308027 0.271499825866 0.19670236668 0.298361241848 0.218147004747 0.214227877203 0.178169129173 0.174808655317 0.5 0.301421920192 0.309374907286 0.33999315535 0.348362965218 0.0962467832691 0.102223362819 0.161629328295 0.148896376866 0.189685448474 0.181622949037 0.335519641353 0.340532662679 0.159872435592 0.156930567105 0.271603828867 0.266194839779 0.141804266747 0.14150520645 0.133811651458 0.135489606053 0.142994253485 0.174808655317 0.0992800563952 0.107607175003 0.224212232426 0.20732736491 0.221168486277 0.302497511875 0.316816661664 0.496940481188 0.509123716673 
2001130221 1.0 0.185229166942 0.174688200156 0.281441919358 0.212517367679 0.367597608958 0.202338531919 0.211895515965 0.159278029341 0.160001319604 0.51131948086 0.312069180466 0.312069180466 0.36804606296 0.365843385823 0.112846048525 0.107301407152 0.162659670423 0.158863242102 0.174688200156 0.172119815627 0.337904132789 0.344095848597 0.133965248406 0.131228436754 0.268913731297 0.242123207067 0.144622988908 0.122920818334 0.138921875207 0.134579489354 0.138326917975 0.160001319604 0.0988185687388 0.0955944300922 0.196465200028 0.178147708278 0.188407783125 0.280561402279 0.298009584284 0.492789122271 0.517731260873 
2001140324 1.0 0.176129570636 0.182288051258 0.2622110995 0.185692568651 0.311356034411 0.20318126121 0.210747754337 0.152141070374 0.168601741844 0.492024383577 0.328828621763 0.336760901158 0.36961394294 0.382347238629 0.0953818027315 0.0953818027315 0.144188955487 0.151058902241 0.179650833767 0.17646795629 0.332616679275 0.329734487451 0.124781688555 0.129474357488 0.242408988741 0.255703034319 0.126679617847 0.124542413764 0.136974880261 0.128897117174 0.121266003887 0.168601741844 0.0880647853181 0.0904046747684 0.227360433216 0.230422883941 0.248425316658 0.293097322179 0.337777974018 0.50583471081 0.53078249048 
2001140370 1.0 0.187906527364 0.180420279268 0.269353814101 0.197568024843 0.31721708435 0.199192640795 0.199192640795 0.158099727148 0.165945919937 0.484754134766 0.318568867822 0.319914939456 0.352304092624 0.353623018246 0.0964917278126 0.10190662252 0.157986434602 0.157077152607 0.183568526061 0.183568526061 0.318568867822 0.32225703582 0.126236055188 0.134477336321 0.263099084038 0.268954672641 0.132194479777 0.116191426653 0.138801623834 0.116191426653 0.126943265512 0.165945919937 0.107047960704 0.107047960704 0.240709187943 0.215762062655 0.233075271883 0.315972869205 0.303368141349 0.502812145553 0.496541305111 
2001140443 1.0 0.184629641823 0.184043912954 0.299925953349 0.205504819888 0.338805243598 0.203922541089 0.211497037895 0.176427333897 0.183876219149 0.505461289812 0.311826767409 0.319305221198 0.349737244482 0.372792945821 0.101354352828 0.106836868569 0.157879582238 0.161453938125 0.175638729997 0.183876219149 0.31828917049 0.332741536198 0.140181274546 0.147891565357 0.277598110152 0.286727200768 0.134337796739 0.114367655014 0.167456584817 0.134452566343 0.140181274546 0.183876219149 0.104353649225 0.104353649225 0.214394392598 0.194475780549 0.215685504659 0.293111520206 0.312715868186 0.487662444143 0.506771764138 
2001140555 1.0 0.167358232569 0.173291748303 0.274103675883 0.204265554425 0.343949114406 0.198239537678 0.216614685379 0.161653645588 0.178625045576 0.489730527776 0.302641027608 0.303260559531 0.339385459592 0.346458504057 0.102661509532 0.103362278824 0.152176782585 0.156203071031 0.181829337737 0.189907638248 0.326418223371 0.325310591323 0.144187450182 0.149303457065 0.257145515465 0.269535846688 0.131734173068 0.120755495038 0.146669344145 0.128179138045 0.113990188147 0.178625045576 0.0961249667881 0.0986452468743 0.226008685851 0.215210469809 0.235518429149 0.275469736784 0.324599723298 0.475703270215 0.505485044799 
2001141572 1.0 0.173882989731 0.175650053164 0.271650727308 0.200733947421 0.331529432639 0.225701520754 0.228099565464 0.1788854382 0.185345464408 0.510824017124 0.285327469245 0.294108823397 0.332282657847 0.338378486314 0.10431851677 0.1 0.161245154966 0.155109069784 0.181820855595 0.174642491966 0.327916775668 0.327423093799 0.137198868114 0.138266579689 0.247576488478 0.252807762353 0.132952888604 0.134711019681 0.141421356237 0.139957976886 0.153392997769 0.185345464408 0.101893831713 0.0995578460287 0.21122889731 0.201829864286 0.22360679775 0.302538281486 0.31045507395 0.483431362608 0.488244153003 
2001150007 1.0 0.168258749452 0.166194146729 0.282285540479 0.176666801295 0.365060112191 0.189490481895 0.192742224168 0.147248389157 0.137550131475 0.494130722134 0.295900265748 0.302135290912 0.338359201613 0.347023566367 0.0855536733157 0.0947452409476 0.143447789572 0.14150921682 0.159840412056 0.169485439443 0.336722629979 0.336106861168 0.137047204264 0.137047204264 0.249014075794 0.253139382602 0.14150921682 0.127114079582 0.142965610764 0.117517008145 0.11633590271 0.137550131475 0.0847427197214 0.0894982870115 0.237953805462 0.223282315476 0.241982330228 0.28399268242 0.293792520363 0.486526090839 0.498859353531 
2001150024 1.0 0.161870372692 0.171689457305 0.275655311776 0.195923341434 0.321303515649 0.210119964736 0.212907234191 0.170156485033 0.177689141914 0.504791660713 0.297595059329 0.308192007745 0.355378283828 0.369121241989 0.102375812681 0.105526572298 0.165076037806 0.153989694095 0.191869316633 0.1955887155 0.353344893343 0.343569627713 0.138302107053 0.168997630561 0.240637608859 0.292488610579 0.127969765852 0.123807028354 0.155681939347 0.123807028354 0.129496298153 0.177689141914 0.0922803104974 0.0922803104974 0.225749693566 0.217473312587 0.238175078477 0.263505875687 0.330350424728 0.512518512829 0.501798155344 
2001150040 1.0 0.188589532119 0.178019986003 0.306087331895 0.223513944207 0.341355627674 0.195790180118 0.212076575426 0.173691780932 0.163852052646 0.529897712714 0.297837951471 0.307890512925 0.363159552025 0.373862330001 0.111602076711 0.122818636133 0.167196316822 0.17488282424 0.186003461185 0.17488282424 0.313237781176 0.316752480591 0.137189374368 0.147401141772 0.279624515939 0.26877339238 0.168433297805 0.125051885163 0.143113920507 0.127245945256 0.133093242643 0.163852052646 0.0948435278176 0.0948435278176 0.238200654112 0.211750052407 0.22841346208 0.308788154809 0.301532206805 0.48246300458 0.474800932838 
2001150054 1.0 0.171347892827 0.157218610039 0.280257991916 0.190752324191 0.313838101299 0.200376057994 0.208357380461 0.165386130451 0.160379099193 0.493368825517 0.291450747586 0.301605906708 0.340123233996 0.361233075737 0.09570448032 0.103271456494 0.161548342614 0.159201268571 0.19140896064 0.187769045784 0.326573019805 0.305737686996 0.150282043496 0.141687269395 0.255921098255 0.236292993804 0.136270452173 0.130629207922 0.149444811112 0.142570064661 0.127715178721 0.160379099193 0.09570448032 0.09570448032 0.225423065244 0.22514459316 0.242322513921 0.280705331373 0.326188589984 0.488384528758 0.483219026273 
2001150064 1.0 0.186477102676 0.178289480757 0.281789268849 0.197835027288 0.335141950495 0.21066765505 0.221257090721 0.164774525658 0.174021294548 0.506200974824 0.310795171126 0.302623878361 0.361580965881 0.354287336969 0.102698495886 0.101470979719 0.158442113806 0.155111727078 0.157251300246 0.144516819105 0.316785350633 0.316257484654 0.139890489352 0.148859338893 0.270675025452 0.262567613055 0.141670715659 0.122626587342 0.143137325304 0.135876554739 0.142772085298 0.174021294548 0.0925359147131 0.0882618060354 0.204836979102 0.193296310329 0.202375153316 0.286456979556 0.282640318411 0.494323576973 0.472903551091 
2001150075 1.0 0.172044528539 0.170804551812 0.278398239513 0.190791294055 0.324742268041 0.210395171463 0.2344652663 0.16655148888 0.185065186299 0.515567000002 0.312015380421 0.312738377569 0.356080743076 0.355371157797 0.0950468500752 0.0991514642354 0.170181175456 0.163004003101 0.174421900162 0.177517271729 0.313925566569 0.321824562449 0.156772230162 0.155068133572 0.267495479285 0.26085733874 0.145795212616 0.1387929074 0.136476312318 0.141541548637 0.124140150297 0.185065186299 0.104373488306 0.113050062884 0.230176428472 0.211340206186 0.231672217054 0.308934516779 0.314052499211 0.491883317034 0.507699250608 
2001150104 1.0 0.175948505293 0.167893159773 0.263416673565 0.193444198204 0.300797171292 0.221206887363 0.210102604561 0.168579140811 0.164770907073 0.484169475272 0.306921501117 0.30465706317 0.353369731782 0.3534105531 0.10034562315 0.0990433176199 0.161141341764 0.156877347057 0.178552880085 0.176684865891 0.305838550049 0.300509281128 0.136943807683 0.136943807683 0.246440323886 0.24760829405 0.129916303121 0.128127352975 0.136943807683 0.122486265231 0.160243611426 0.164770907073 0.100919031379 0.100919031379 0.180481499996 0.171968005183 0.194633720241 0.302947627254 0.338780270311 0.506535475671 0.510365719771 
2001150144 1.0 0.172280769352 0.166595905656 0.268627826242 0.200078349442 0.36071900452 0.195455453219 0.187177965249 0.146466244368 0.15845940863 0.485840788862 0.299109455553 0.299109455553 0.34593288628 0.353403283822 0.0997940804169 0.106749923971 0.15804675322 0.158870992203 0.179338270069 0.174446723599 0.306282845979 0.321724764771 0.124799846284 0.132908725503 0.229991808462 0.245444353863 0.127773226924 0.133399165271 0.143879688815 0.133887808539 0.121485397298 0.15845940863 0.0997940804169 0.0983106837069 0.228353314129 0.205710927196 0.223511861892 0.28226028394 0.280228563968 0.468772787818 0.464680151479 
2001150172 1.0 0.186001327264 0.193094123183 0.287404539838 0.203578215718 0.347332098996 0.15943200368 0.184452902179 0.153357247915 0.151120054923 0.485327691122 0.313420694051 0.315018043209 0.365831739043 0.375121725246 0.100370374952 0.111857497782 0.153357247915 0.16110969285 0.185711980974 0.195767790468 0.319369561463 0.327187940666 0.115017935936 0.110405788844 0.281862477283 0.270172582077 0.144200372868 0.0805548464249 0.144200372868 0.101612849531 0.11439283383 0.151120054923 0.0857293077952 0.0884057745294 0.222751394549 0.203578215718 0.232516114692 0.284458009103 0.297999400152 0.481694448237 0.496248428851 
2001150213 1.0 0.170030853376 0.168913442454 0.269896902235 0.191341419842 0.326036362439 0.158900400267 0.159692925883 0.105999788001 0.100497437191 0.505617977528 0.2844716607 0.305237701286 0.34686177619 0.348495784703 0.106593628994 0.0926540590026 0.162047248335 0.159692925883 0.171140968671 0.171140968671 0.308528768938 0.292997860908 0.103590387161 0.0810236241677 0.242550934213 0.220751491061 0.147785915033 0.0966553400791 0.124105179968 0.0966553400791 0.121014939486 0.100497437191 0.100497437191 0.0960000420822 0.202559060419 0.191341419842 0.215835648453 0.29685044525 0.29685044525 0.487826816766 0.472043854778 
2001150217 1.0 0.187482579466 0.185707056189 0.264067200629 0.196681521727 0.331461207446 0.225947522311 0.221362500814 0.167010761867 0.17763082165 0.522518506129 0.304625206739 0.305865626693 0.353703958689 0.354772822245 0.0995366794866 0.103575677608 0.155363516412 0.147444282233 0.186723708254 0.186723708254 0.324680766448 0.322731299612 0.140429494765 0.14210465732 0.248746581799 0.261364906887 0.125603958536 0.140429494765 0.143210546818 0.143210546818 0.143210546818 0.17763082165 0.0857425282483 0.088815410825 0.218131806187 0.202218472462 0.222783327344 0.283876061469 0.289979256072 0.48532563418 0.481933075724 
2001150219 1.0 0.172041090775 0.16265573793 0.28119884476 0.197813546823 0.364601643924 0.209772613545 0.212593643349 0.184570558761 0.195541730732 0.463870107469 0.299524825878 0.304678994071 0.349857609065 0.363523103521 0.0972153445891 0.108658911732 0.158267948432 0.148832836335 0.177006325221 0.177617220307 0.342069410796 0.349857609065 0.128524825809 0.148832836335 0.244357910782 0.268640021228 0.133789748139 0.121484356497 0.152339497035 0.116941267162 0.154457876788 0.195541730732 0.0861385164766 0.099962081199 0.216568879857 0.192611578323 0.210545733906 0.274621608272 0.314174456719 0.497502427644 0.525817429156 
2001150249 1.0 0.175881165488 0.176595971093 0.269893137457 0.21164021164 0.375661375661 0.218730440303 0.213287242018 0.174041102681 0.172992409781 0.492091937506 0.308016499002 0.313779365147 0.358619327044 0.365500868554 0.109076868403 0.109076868403 0.168732473218 0.161960083228 0.189666119883 0.196409642257 0.344931344191 0.347800601683 0.132697737608 0.137260547842 0.248733529599 0.256436419387 0.13603132415 0.119955386759 0.140086796771 0.120653484137 0.138478860617 0.172992409781 0.09464838 0.0998304881699 0.220197376155 0.201058201058 0.223290453397 0.279373095925 0.289026461032 0.496622223503 0.503341206096 
2001150305 1.0 0.176980832598 0.163573017927 0.28045242445 0.222617844729 0.344433781504 0.200578276944 0.197571355504 0.170163591122 0.171873002802 0.481584469888 0.316636906111 0.322862713667 0.372548272557 0.382395111245 0.113660343166 0.117987221732 0.156883079336 0.149987702626 0.158735572354 0.170490514749 0.318565498676 0.323035137024 0.125088714795 0.144118384886 0.24528859528 0.257903981945 0.132335174806 0.124531027154 0.151097367836 0.134526130694 0.158120486173 0.171873002802 0.0709887060462 0.0824223296935 0.182861162497 0.163913086938 0.185881369452 0.292551213734 0.306766776503 0.50591621922 0.522564858937 
2001150306 1.0 0.161639004049 0.164474992389 0.247297532062 0.215041332228 0.376322331399 0.215041332228 0.221398602165 0.164474992389 0.17000510023 0.484320631388 0.290504842617 0.291101158351 0.333487440292 0.337450488768 0.109649994926 0.109649994926 0.152815578905 0.167262902679 0.168296462892 0.173371864696 0.340010200459 0.334007026336 0.132995718998 0.149758958546 0.226815093645 0.240423518417 0.120211759209 0.137693636644 0.130804535814 0.140189797028 0.144654261919 0.17000510023 0.101434793543 0.0961694073669 0.212063901374 0.205417944182 0.23678970451 0.254894288414 0.309577373671 0.475285128904 0.502019044845 
2001160507 1.0 0.174109829998 0.174109829998 0.269866811813 0.174109829998 0.365317070396 0.207974120386 0.171973432157 0.164277390405 0.165398750797 0.461453141552 0.28904841007 0.29848663265 0.32230684224 0.369842850176 0.0792758351622 0.103541717418 0.138649413591 0.165398750797 0.181389176281 0.197956286367 0.346623533977 0.336338883765 0.121603580062 0.123114241463 0.232323313501 0.261518387333 0.121603580062 0.10876554853 0.155014756915 0.10876554853 0.123114241463 0.165398750797 0.0859867160785 0.0961360711567 0.214966790196 0.21237152254 0.234698059851 0.214966790196 0.32230684224 0.453778549817 0.51663635552 
2001180419 1.0 0.167581036703 0.167581036703 0.289595420241 0.210518216599 0.324548917256 0.20923511582 0.20923511582 0.166429263352 0.166429263352 0.517598279329 0.310122621917 0.317720588316 0.357166488188 0.36166201798 0.106711026656 0.106711026656 0.155185310427 0.155185310427 0.183156225583 0.185866709748 0.334012285889 0.329723211683 0.137297137488 0.141437676911 0.251180179652 0.259170497496 0.151421161285 0.130399095022 0.141437676911 0.126505704061 0.137016652747 0.166429263352 0.0948792780457 0.0903090706683 0.233561662613 0.21070087886 0.243875508246 0.306378549591 0.314434364792 0.500057702295 0.500057702295 
2001180455 1.0 0.167919817144 0.167137699165 0.267960696764 0.188227971864 0.325859611448 0.212921182059 0.207055831602 0.158113883008 0.158113883008 0.514211044128 0.305436416644 0.301116023384 0.348251096188 0.349902651931 0.0965874756954 0.0965874756954 0.153914675919 0.144790747588 0.172081839045 0.181566673768 0.30449118985 0.317303233074 0.142602348401 0.136018558359 0.249317727289 0.249317727289 0.13051261616 0.14278599606 0.138311167429 0.13466317948 0.13466317948 0.158113883008 0.0874756629827 0.0971285862357 0.228934273248 0.210445270177 0.22018193354 0.298493772958 0.297614555222 0.472736801886 0.486343909516 
2001181041 1.0 0.171769198572 0.172581899554 0.291128711944 0.196010258887 0.341495765616 0.221211559445 0.217750646431 0.179953218244 0.186820371045 0.499870050678 0.302576259405 0.312136727645 0.350679415496 0.357006616274 0.0967219485413 0.102929543207 0.166929655648 0.16317522606 0.182051546991 0.183799981324 0.321039569943 0.326411698335 0.149894351046 0.14922607152 0.265863206768 0.276044155534 0.142651387314 0.122768735741 0.15293082856 0.119300457034 0.147609857027 0.186820371045 0.10804596039 0.107489496809 0.212453592591 0.18968734731 0.216276851855 0.297244101524 0.319729326215 0.4889945397 0.511648192009 
