Leaf
2001130074 1.0 0.171184502882 0.17110097787 0.256651466805 0.181873402953 0.288930865829 0.223932592391 0.227479256817 0.18805607309 0.206393324954 0.492031534724 0.259366258343 0.264658322511 0.291737280741 0.291737280741 0.0910545206167 0.0908973944934 0.139430238308 0.155060261195 0.224888076431 0.222395279532 0.341951227689 0.323034528395 0.167811078493 0.172183642707 0.278860476616 0.290755658575 0.135267199988 0.129324392304 0.135267199988 0.124365850966 0.128770537972 0.206393324954 0.114802930984 0.108134472819 0.268199418366 0.267826067101 0.287194039391 0.291884239334 0.324403418456 0.457496437638 0.465057849971 
2001120015 1.0 0.170215834571 0.165731917153 0.267042724913 0.215203666756 0.374031231584 0.229264951249 0.234585352251 0.208778223307 0.215575669915 0.472641805126 0.258752743514 0.271801098807 0.306860959721 0.310133543257 0.108158878516 0.108897172947 0.152959752888 0.14016706529 0.204591379995 0.215575669915 0.373859814878 0.377315825032 0.152435018056 0.18690847421 0.273212451085 0.301327681847 0.136811362112 0.108749915039 0.145551428789 0.123644537038 0.152119308325 0.215575669915 0.0810574008583 0.0921591966213 0.291157902082 0.266622326795 0.298334640259 0.283064722279 0.274616550017 0.456638760648 0.466086501662 
2001120059 1.0 0.175040702606 0.175858441978 0.288191533455 0.20899583805 0.367411529848 0.227616654977 0.217297576812 0.207157129251 0.199553143393 0.491373049015 0.246964675798 0.250744149934 0.291491544065 0.292964421729 0.107431499943 0.102261998513 0.151931084245 0.143957412623 0.221439719064 0.215011334732 0.380666183401 0.376285722984 0.166738387247 0.172841150906 0.293453738169 0.306213875697 0.144730492128 0.111365880402 0.15749513845 0.106087620079 0.143735769054 0.199553143393 0.0883813022258 0.0939760612055 0.283000479648 0.265624457877 0.294484069533 0.265624457877 0.283225708875 0.451188274712 0.456282638991 
2001130099 1.0 0.184101474226 0.17870567843 0.297346433286 0.221885143262 0.410953033703 0.228054303889 0.232683710811 0.194894663539 0.198312825166 0.535244324105 0.250754886589 0.268371709996 0.302412988772 0.309763216906 0.114665964517 0.108243158889 0.152887952689 0.149506126334 0.195866712778 0.198460105413 0.382296318056 0.36732901639 0.142706797648 0.147538854745 0.270756319705 0.27562267641 0.150771088443 0.126190459783 0.154787254738 0.126652697447 0.141472998144 0.198312825166 0.0929981109951 0.0918918918919 0.27333398659 0.259965722301 0.288316440067 0.228054303889 0.251511137819 0.451278518157 0.462628182936 
2001150150 1.0 0.168369363035 0.157144738833 0.269624725787 0.202354790547 0.38163722288 0.206056709474 0.217942779322 0.19180646245 0.182723643649 0.494011000985 0.236783706947 0.239955058578 0.296338582324 0.296551087609 0.106486135077 0.10348592185 0.135162373944 0.143745326572 0.206056709474 0.185800591077 0.387046136924 0.387046136924 0.180991626895 0.160712160832 0.302232256139 0.267749052748 0.141981513436 0.120892902456 0.145920114631 0.112246242024 0.126992126236 0.182723643649 0.0793700788976 0.0718726632862 0.271487440342 0.246941732452 0.271487440342 0.247960053195 0.269624725787 0.461439918666 0.452479067236 
2001150173 1.0 0.17030413523 0.17030413523 0.287025222172 0.212465601616 0.382585600014 0.2280914964 0.218746725192 0.201562567663 0.211667356083 0.499746013812 0.26643050898 0.260432912445 0.304204446604 0.309719175583 0.1067626435 0.1067626435 0.142921616354 0.142921616354 0.190035011237 0.199593311825 0.375589669179 0.377238643925 0.161808981471 0.161808981471 0.271465861625 0.282866651427 0.141732234097 0.138510626108 0.154677292746 0.136044364333 0.15321112418 0.211667356083 0.0913849106579 0.0913849106579 0.304389880602 0.276205282101 0.304389880602 0.270841562152 0.287025222172 0.476155275165 0.465973442692 
2001150192 1.0 0.171753958255 0.171044228119 0.27044467074 0.198605319025 0.397095776424 0.236810713251 0.23095942094 0.202322143478 0.203371616991 0.508099952475 0.266137229636 0.262918172772 0.308526914751 0.305903633563 0.100633598869 0.0998752338878 0.172284337155 0.15450968811 0.214577324094 0.21962029926 0.370141930014 0.388540928708 0.165256692284 0.167994427312 0.276395332638 0.28602041174 0.137867181191 0.125875076977 0.146528882683 0.126957634599 0.156173761889 0.203371616991 0.104633833716 0.118405356625 0.280002780491 0.259717765901 0.276230238348 0.275789503742 0.243209587043 0.47675739075 0.460137784375 
2001180293 1.0 0.160255088549 0.165682651989 0.29275811534 0.199125765733 0.359148970033 0.222629374126 0.227440974087 0.194240878028 0.206347158054 0.513616221165 0.239078529527 0.251876384217 0.281606358518 0.301787108799 0.0953375341071 0.10507758141 0.133691744637 0.149216624983 0.214891244151 0.204341937453 0.370477672539 0.374123347499 0.158147637631 0.175428991144 0.265207275621 0.292706018513 0.13971587975 0.11947545944 0.167695436096 0.130341699781 0.132776036979 0.206347158054 0.0940491298282 0.0841200990083 0.293953794054 0.287183263447 0.313680819756 0.245250125353 0.303952289758 0.443370959357 0.470245649141 
2001180356 1.0 0.168693457974 0.169492957515 0.261674808792 0.191847495875 0.372476412464 0.229322670896 0.234352115169 0.198854363785 0.211616795751 0.47147222815 0.259013529863 0.2632201459 0.301633603694 0.299271342577 0.0995121261046 0.0937408460674 0.152155438762 0.140731398358 0.206197082224 0.203391549017 0.370976226761 0.374467311261 0.169492957515 0.184757842382 0.277350098113 0.28716870397 0.143584351985 0.125766542445 0.136091961688 0.132824272683 0.131545857248 0.211616795751 0.0885495151221 0.096756929852 0.283973238747 0.273793394307 0.289162547792 0.285101653009 0.250050691089 0.473617895613 0.431810985643 
2001180459 1.0 0.186424511158 0.18053814338 0.260849439499 0.217463239115 0.385113541349 0.23113488821 0.233459579201 0.204293358379 0.204293358379 0.490684680955 0.264447532772 0.254638738558 0.319715398996 0.298759892692 0.113334656902 0.108465228909 0.153769731037 0.153769731037 0.202777245713 0.194921045757 0.389297515338 0.369419258073 0.169519145225 0.175005165925 0.302863225031 0.297401150892 0.153392997769 0.111965003487 0.130572509847 0.106128504192 0.140532120029 0.204293358379 0.0931605141067 0.0931605141067 0.280583494519 0.261145019695 0.272705647721 0.27327084138 0.236740971037 0.466257799488 0.427095774254 
2001180904 1.0 0.171779141104 0.178019854338 0.270008356867 0.220944087182 0.37428341209 0.231508739437 0.239970640682 0.2023610123 0.2023610123 0.521472392638 0.264942612045 0.264942612045 0.318368852646 0.312823283043 0.113123244875 0.111952684607 0.156170822839 0.151894704333 0.209668803566 0.211900810297 0.38199730248 0.373629201928 0.163010187185 0.170900469659 0.273952313641 0.284202081519 0.141636765406 0.136218425222 0.143615949825 0.132719678851 0.143222300981 0.2023610123 0.0920245398773 0.088479785901 0.282608412424 0.270008356867 0.288082377469 0.253397256786 0.270217368657 0.460572377402 0.464194661056 
2001181228 1.0 0.163441220267 0.169843792278 0.270379718996 0.188690764312 0.358368582302 0.225340789714 0.228561972685 0.201256622863 0.195176158154 0.502935349581 0.258957902849 0.263870718844 0.301278919926 0.309559487954 0.0961603813232 0.0951274793896 0.128982056198 0.133646461789 0.182732839421 0.185629284461 0.379522051106 0.382839433407 0.163441220267 0.177466918696 0.27198263086 0.285935773518 0.131259725829 0.129440796436 0.151130516769 0.141264792929 0.120097697262 0.195176158154 0.0845721819719 0.0767328594267 0.306480494014 0.289233556056 0.320596239755 0.264693097352 0.314875288778 0.454783926868 0.472511597061 
2001181414 1.0 0.169659326786 0.168758740101 0.274494270686 0.187033084969 0.344567436928 0.223871667558 0.23079831713 0.191417617707 0.196308636933 0.507111632606 0.268254949468 0.27101794788 0.305830020362 0.308421145701 0.0947308018662 0.0931082704003 0.12920869381 0.140869536134 0.203591192144 0.193441395041 0.373930351657 0.382525516016 0.156147316412 0.165619239448 0.268065526154 0.27126773406 0.1369692756 0.127759085846 0.149159514566 0.13634978226 0.14407827951 0.196308636933 0.0954430735634 0.0865096217947 0.307486450713 0.292414542756 0.303774650467 0.267052999302 0.291021531852 0.466776308214 0.47909215423 
