Leaf
2001110049 1.0 0.178186228035 0.173018071781 0.265499663368 0.208260062608 0.359475683526 0.229546212585 0.212445642277 0.179473881715 0.173018071781 0.499695136381 0.273837783925 0.271103563105 0.328237445547 0.318008935896 0.111267525216 0.102259574426 0.169458462329 0.160340574326 0.19921825927 0.195581456953 0.313418211878 0.323373167747 0.153786229991 0.153698125584 0.267684464441 0.2701024387 0.140145556341 0.127067199541 0.133816928839 0.118803487684 0.154752067935 0.173018071781 0.102524153328 0.0982053906694 0.234219388308 0.197853734587 0.219655604321 0.318179267421 0.2701024387 0.482483798456 0.463350850048 
2001110044 1.0 0.185711980974 0.179627837398 0.257466566938 0.209565810298 0.359305567954 0.269441756098 0.261061870274 0.210929963418 0.210929963418 0.574840264218 0.281989642856 0.28300491038 0.330241760977 0.332567626377 0.110405788844 0.104568843832 0.165608683266 0.161775897041 0.212369775105 0.215885792747 0.36700584767 0.36764025756 0.170304705404 0.164413721434 0.269441756098 0.26467606318 0.132541056048 0.158077032902 0.138234355206 0.157167229473 0.157167229473 0.210929963418 0.0996534345244 0.0965470615917 0.275689557964 0.245783282016 0.265217323588 0.273076327821 0.277374955395 0.477883573686 0.488383685993 
2001110046 1.0 0.18071979463 0.181346208275 0.301241488098 0.205880976447 0.341507227053 0.228340774058 0.235726018309 0.198591380387 0.209761289082 0.532711046837 0.302243680458 0.298256952673 0.348157505313 0.339471894683 0.10589689567 0.101523101678 0.14925516061 0.14216425312 0.215918118834 0.212743544047 0.352580899455 0.366184412063 0.166191382527 0.175628071489 0.292713452482 0.303076309255 0.155862536828 0.136558608723 0.154645159141 0.130229914588 0.138846181742 0.209761289082 0.0853399030198 0.0893784573805 0.274635441586 0.256216495952 0.264920656968 0.272794083634 0.274635441586 0.462820605807 0.49313619548 
2001110048 1.0 0.180658745954 0.180658745954 0.267815317046 0.218579234973 0.393480568905 0.242723850432 0.2471129848 0.20416985456 0.195044462269 0.535630634091 0.280024655198 0.274096966207 0.33243630982 0.320732909089 0.116817258614 0.106101026442 0.170715839911 0.170715839911 0.217552232103 0.208081232401 0.392720953198 0.386397148189 0.151534695343 0.153881178583 0.276159098765 0.262408900624 0.144679806501 0.133404979407 0.129889227585 0.141021725689 0.154751937251 0.195044462269 0.112520547989 0.10997055627 0.269925443393 0.245901639344 0.262408900624 0.272238660264 0.247836950174 0.495131422517 0.475441240091 
2001110070 1.0 0.191971020336 0.188460653033 0.277389498351 0.207956745123 0.384127010591 0.249850782314 0.248024530094 0.209454325318 0.204025521916 0.533473490326 0.288535660164 0.288042857652 0.339187292729 0.321997586748 0.112446434875 0.0972719902458 0.169656462706 0.156773891568 0.220877171772 0.221711763681 0.379962102895 0.371912666702 0.16035775767 0.161856872966 0.278003419054 0.267162502409 0.151707899256 0.14704762467 0.138387107948 0.145004521664 0.151520489797 0.204025521916 0.104998126017 0.109761141111 0.267162502409 0.250758920818 0.270649445502 0.2886341197 0.246473104629 0.483400656605 0.48048227368 
2001110094 1.0 0.18670897192 0.18670897192 0.283552011123 0.206249989935 0.340206185567 0.221709414099 0.230176428472 0.169555507252 0.179304403412 0.541457981444 0.310820895499 0.322937218715 0.349376560883 0.364342207156 0.0991514642354 0.108737232524 0.169084736772 0.165028975192 0.195604803722 0.194310070361 0.385220915289 0.394220387732 0.159876932157 0.165992187506 0.274408900087 0.288153089884 0.1387929074 0.137252855213 0.152650442216 0.141541548637 0.121653852796 0.179304403412 0.114102802171 0.117769687204 0.279398561502 0.26293712876 0.274360482107 0.267644432696 0.263895376004 0.491964336606 0.502332745142 
2001110115 1.0 0.193547819081 0.187124815809 0.274763624785 0.209067570354 0.346307321853 0.256290103676 0.254517266368 0.206817515374 0.209211904213 0.544034185397 0.271225273523 0.276679521459 0.319655166171 0.319418996825 0.101307558672 0.110431526075 0.163906959667 0.155592828337 0.205132171833 0.20328442952 0.35876576103 0.357121295102 0.17896169449 0.17896169449 0.288326366635 0.28952784053 0.142637047136 0.15549579507 0.144215520652 0.150864849616 0.155592828337 0.209211904213 0.0959516198626 0.105682542583 0.278039936395 0.258226167228 0.278039936395 0.27852805916 0.285274094272 0.477076543644 0.486878043675 
2001110138 1.0 0.176385110258 0.181924213539 0.290061564865 0.196864246919 0.373020680464 0.236418677496 0.23396690422 0.206375517518 0.204875533376 0.512731825783 0.290477357718 0.287134156572 0.331486547387 0.322338911099 0.103706293475 0.0937928749575 0.146479861205 0.143239779522 0.204022838164 0.203825555761 0.379330522676 0.372912813862 0.162536551629 0.162536551629 0.276232046942 0.278167146235 0.149470479243 0.140879819378 0.14829955658 0.145100114338 0.148118593052 0.204875533376 0.0926419985503 0.0950709594321 0.261723893713 0.253974706224 0.260233748507 0.247557465936 0.26064567397 0.481409802157 0.488900538031 
2001120006 1.0 0.180837196332 0.176166065854 0.276659390434 0.202304417759 0.356558514127 0.238944352555 0.24992932862 0.203766123598 0.20890302737 0.526998605006 0.273680605913 0.273680605913 0.318631897395 0.328244555799 0.102263804991 0.104451513685 0.158069186503 0.159493261995 0.211858715467 0.216477791601 0.362805786117 0.347200709088 0.169876755113 0.183089496445 0.284615913474 0.295433494528 0.136271102784 0.13130643286 0.153441765349 0.145110628155 0.146660585378 0.20890302737 0.0951034068731 0.10031042829 0.273680605913 0.26245137373 0.293561973007 0.263150456591 0.300037683708 0.458633652915 0.451365618346 
2001120034 1.0 0.18400472581 0.178284637545 0.286539730869 0.19479224312 0.383734253706 0.220514667145 0.227998475065 0.191619764956 0.18870347503 0.535099427411 0.304898087974 0.307329492667 0.339115853632 0.340704428077 0.0924770128112 0.102648730708 0.141398651707 0.133761219577 0.193665181144 0.191009509378 0.378025143678 0.365981397708 0.173976007729 0.175977715102 0.297533716942 0.286386896083 0.144158408601 0.140154651122 0.15213760537 0.15451713051 0.126124144577 0.18870347503 0.0824665721986 0.0929492389259 0.268230676155 0.253978011972 0.273403941851 0.269154020284 0.272762649471 0.485540011202 0.469898922041 
2001120052 1.0 0.174022790329 0.180424119647 0.292125026061 0.208007839301 0.354371345061 0.249349198609 0.258593213986 0.217994283363 0.222075989099 0.539639733649 0.285192720755 0.282695606349 0.32394147169 0.328961126018 0.101201305424 0.107980490563 0.138987156978 0.15083878757 0.216689350753 0.213760981677 0.367468272125 0.356808438358 0.189953446373 0.193894127605 0.29640861279 0.300526329543 0.149158080098 0.151151839697 0.156579258699 0.160848128697 0.158976019325 0.222075989099 0.0981985663563 0.0905171993362 0.253671865675 0.243012843646 0.26627824946 0.26863474008 0.280738050657 0.480318857528 0.466472746788 
2001120073 1.0 0.165379646119 0.155373544809 0.285041943967 0.201165277916 0.386136882412 0.239191614906 0.246800563317 0.203921095065 0.216693835595 0.505507777073 0.306678952271 0.313040044439 0.362655862184 0.356984091695 0.101960547532 0.104661956985 0.158925398852 0.144193989147 0.196338363125 0.190201266796 0.383917035633 0.380814993541 0.170469437319 0.171692917879 0.264736605111 0.264472923168 0.151393319554 0.150584650484 0.143709302098 0.145278622821 0.150584650484 0.216693835595 0.0872071861682 0.100582638958 0.280103641331 0.260953985183 0.28016590734 0.302152288725 0.261488180184 0.507436414376 0.481617427261 
2001120077 1.0 0.178265930187 0.172153011696 0.275981781284 0.203347794135 0.380446706271 0.237713256237 0.231295980948 0.197599476582 0.194557175599 0.5104121936 0.273960270724 0.282919394789 0.333138952724 0.330975027074 0.103752793131 0.106206527409 0.159394869779 0.15482128806 0.184102442481 0.188684796096 0.389009811452 0.383110061043 0.166386242757 0.168088655463 0.270624328387 0.26577150005 0.150288948016 0.148929659182 0.135186863524 0.150198711474 0.152082435689 0.194557175599 0.0910888579541 0.0955915479251 0.263157038473 0.260360171023 0.267804198879 0.266840597652 0.241560365082 0.475112727804 0.46417187706 
2001120082 1.0 0.189747115979 0.183652363081 0.25949889092 0.211282398903 0.362547572401 0.251968963411 0.244266697058 0.208502246204 0.204475227001 0.53003945305 0.297526320942 0.304217500042 0.342050153859 0.336199769999 0.110170233302 0.102771309211 0.179799087785 0.176358422775 0.219942859423 0.213685362913 0.379378890008 0.363150646129 0.166749313309 0.169181202498 0.292332627227 0.283207645692 0.146937776488 0.128846829664 0.130534114486 0.128846829664 0.145139693823 0.204475227001 0.12563661777 0.12317406538 0.268668933554 0.253872384258 0.265995001315 0.288262133271 0.276535641922 0.497997390032 0.477814997271 
2001120086 1.0 0.175326372217 0.164063489517 0.260173498686 0.214767158359 0.339060369535 0.245041288386 0.239519262841 0.210875584383 0.210724473231 0.514715137397 0.30524357067 0.300457820747 0.350107264076 0.338684366792 0.109585795625 0.107827620685 0.168375381717 0.15983459102 0.228562782258 0.224697491102 0.374250011871 0.379448471196 0.189724235598 0.186165001282 0.297420931765 0.283605259872 0.138363272755 0.159335574532 0.132121613642 0.15681667461 0.135689895872 0.210724473231 0.103609252492 0.108563653944 0.295917711656 0.266762742968 0.270498018185 0.309955436832 0.254666885366 0.48923687713 0.476939296223 
2001120095 1.0 0.185880547387 0.185073536858 0.305698242948 0.200348953406 0.390737206349 0.245960250964 0.243872135679 0.22168799172 0.214539488711 0.546708202837 0.293159295364 0.286052651615 0.337354646722 0.322148209104 0.101011474345 0.0998939190366 0.141447814039 0.138146464136 0.19683158238 0.19019235551 0.366387418659 0.367610979307 0.19214978981 0.185342930795 0.312916804488 0.298012207868 0.172443640881 0.161074104552 0.145619159123 0.153865822329 0.144069058877 0.214539488711 0.0859319983753 0.0916904293723 0.26073078328 0.231109282724 0.243513838718 0.288311225681 0.245554208176 0.4924527053 0.452564656836 
2001120108 1.0 0.173822074194 0.161789619577 0.281107679646 0.199502591712 0.367153141564 0.248290983136 0.225737157909 0.208056549915 0.197673931754 0.520239110293 0.292304681231 0.280124149163 0.321326815566 0.316223172454 0.0971694934722 0.102409880483 0.161699811288 0.160798969676 0.224187456581 0.225092745638 0.359193645481 0.367825113209 0.184208505769 0.191173890724 0.281107679646 0.295468029962 0.141788597127 0.168733492662 0.146623680967 0.151879272972 0.133449974643 0.197673931754 0.118211790796 0.121125043883 0.267606538312 0.244042344663 0.250736111596 0.268040436511 0.282139270928 0.472263116409 0.4771590681 
2001120116 1.0 0.190057748317 0.177477712377 0.269265618701 0.215629708235 0.371542238935 0.259816658152 0.262747533643 0.224622208477 0.224557874462 0.511393098619 0.296441350613 0.297414568434 0.339517833826 0.32477082269 0.11403464899 0.102137253216 0.17210461095 0.15982941347 0.228701946347 0.22449352201 0.37029571082 0.365306615826 0.190057748317 0.186992099751 0.312527993256 0.292466702622 0.151379535004 0.134820488355 0.137052591371 0.134713275226 0.148293768436 0.224557874462 0.115419990946 0.115794935056 0.262472434066 0.236772597281 0.254875873192 0.28688019386 0.268782245304 0.48455408369 0.495084930373 
2001120146 1.0 0.189624173945 0.18980175242 0.298602396764 0.213313212602 0.388723706709 0.256482490293 0.250412349436 0.233807437913 0.218822329023 0.540280876066 0.281569356712 0.293749216014 0.315819122499 0.330959166182 0.104368371062 0.108999842888 0.154149056109 0.147446923234 0.216552540524 0.222789219884 0.356821705289 0.364173203851 0.184825820549 0.178080097303 0.308953059966 0.30566428796 0.15142964596 0.138168008788 0.163413888091 0.139381806705 0.142173708115 0.218822329023 0.0975845276347 0.104045081578 0.252377799383 0.232410409707 0.254548735914 0.257531145394 0.272159414262 0.453398174399 0.47279735466 
2001120150 1.0 0.178805327617 0.17068214863 0.290103868829 0.207641240087 0.359128392697 0.244873140358 0.237167328558 0.207641240087 0.214244648556 0.51878994666 0.283723115113 0.286097798173 0.32917723881 0.328693272992 0.10120001657 0.108169849637 0.15572560584 0.156998241596 0.212128907479 0.216217022938 0.36875155989 0.347297491915 0.193623475878 0.198829154388 0.299464455214 0.306297223064 0.152541048762 0.150174568977 0.152192781073 0.152888523128 0.14732063533 0.214244648556 0.100013265239 0.106189456085 0.263857137511 0.242969600126 0.271831343151 0.301451340329 0.283863352265 0.488362852196 0.477151048248 
2001120187 1.0 0.1841194551 0.177956221884 0.293056515525 0.190427935542 0.3682389102 0.233822887154 0.239850417199 0.193843955615 0.196116135138 0.568548653627 0.277113350226 0.28343614132 0.328734576266 0.326179021403 0.0960290605354 0.0975547721968 0.159168883661 0.158030839997 0.223121957052 0.217385596966 0.379301703259 0.371786573147 0.161420902603 0.158445619818 0.286945785749 0.269305769098 0.157302343605 0.139853277953 0.146835884943 0.145826691644 0.141833806139 0.196116135138 0.108087262861 0.105319277298 0.28916733467 0.26407603303 0.289677580339 0.28087737122 0.243044486073 0.477815816862 0.462423671974 
2001120208 1.0 0.182396739324 0.186008906606 0.274202424071 0.206616140914 0.36806197731 0.237816252341 0.233296766725 0.207964279796 0.207708166053 0.507705509482 0.289085885398 0.284304975204 0.327949134416 0.332742847673 0.100168861767 0.108828356156 0.146099674343 0.146099674343 0.200735877733 0.218632756277 0.381379325995 0.382076546551 0.161500957535 0.166691061833 0.279251731041 0.297614250569 0.136590681766 0.133834966903 0.146826542881 0.133137126193 0.141660162838 0.207708166053 0.0815703016006 0.0902449226402 0.267570483706 0.253629864073 0.267719645002 0.257947942485 0.290050962972 0.475072607483 0.496976727334 
2001130023 1.0 0.168738783133 0.173779114402 0.299492385787 0.208369296972 0.381015106696 0.238362576282 0.236136108622 0.202282830915 0.205568088643 0.507614213198 0.276405144976 0.289696103013 0.324754102573 0.336253708867 0.103533391139 0.107081335582 0.132855353587 0.145181214681 0.20431077967 0.204625831175 0.397919037508 0.377174781488 0.165967337302 0.165734291546 0.268220199261 0.279233960192 0.154134278687 0.134013997791 0.158989439222 0.126903553299 0.156374840617 0.205568088643 0.0861449885709 0.08185033247 0.263421944068 0.259678285532 0.283037601207 0.25115364217 0.31463892827 0.494683007907 0.513293107009 
2001130028 1.0 0.191023810729 0.181346208275 0.276145318781 0.195779777516 0.366459583556 0.241064286702 0.236792657324 0.206370005584 0.193774380814 0.527195011272 0.301283312671 0.292239561822 0.341359612079 0.317888933947 0.105539336194 0.0904992341709 0.159774676279 0.143575347288 0.209761289082 0.217777512631 0.386246073029 0.38862019241 0.154970728257 0.159537914465 0.287370010803 0.278462662782 0.151017582307 0.128574588576 0.138118280624 0.119745542758 0.141986880308 0.193774380814 0.105539336194 0.110211456724 0.303284109285 0.286315760801 0.29664725988 0.291851260764 0.260653263908 0.479218867794 0.501044722777 
2001130040 1.0 0.178886913562 0.178055091839 0.264460390168 0.184157436633 0.373518009408 0.236540563909 0.240551183738 0.199795355846 0.206214482454 0.511480754947 0.300050580763 0.30311351697 0.332788549273 0.331397785072 0.0926145834711 0.0918994022394 0.15163836493 0.142670862223 0.213214782975 0.210646305279 0.38551395329 0.378300989894 0.18753023861 0.198386870091 0.303494210512 0.312491752332 0.138088217335 0.134456865648 0.141859237567 0.144051580158 0.138326917975 0.206214482454 0.11048251857 0.107914563041 0.263021905105 0.241235930878 0.267930496812 0.26477207017 0.272932135123 0.486184155429 0.479866480946 
2001130043 1.0 0.188556542498 0.175494159392 0.282693727883 0.220975805701 0.367599098364 0.233544714001 0.236599490551 0.180514412269 0.191828735625 0.536807824112 0.289002015788 0.296416323499 0.339008487416 0.333503504473 0.115224723851 0.107486345165 0.172189580369 0.155844449436 0.202511912207 0.198372080855 0.386558044238 0.37981160303 0.159488058529 0.166919137704 0.275431496339 0.280995172183 0.139757370761 0.134758182153 0.153679121953 0.133329609837 0.122214275393 0.191828735625 0.10370840645 0.106141779233 0.275489427036 0.265579866031 0.282975829269 0.276991372556 0.27819856284 0.496950776278 0.504345524548 
2001130077 1.0 0.177585407139 0.171978134726 0.278125632931 0.195235513791 0.379377379874 0.259775622738 0.254053591121 0.223958719132 0.219539085063 0.526577500652 0.280319333879 0.287896064939 0.334044277423 0.346692961856 0.0991740478885 0.104835821776 0.168170788399 0.157531713671 0.21141720569 0.213312622959 0.369326170331 0.365132395281 0.1853016914 0.195951320092 0.287531100416 0.310475151568 0.135169943204 0.143094457619 0.160938792914 0.137607945982 0.150834802207 0.219539085063 0.0901132954691 0.100749727173 0.23553720277 0.226754428575 0.265176386441 0.243932316737 0.301669604414 0.473187272979 0.490333581708 
2001130079 1.0 0.176126510087 0.176771664299 0.294184434934 0.192123933098 0.346920787315 0.246149700377 0.258555028848 0.214784525238 0.237918861136 0.514378604915 0.272018320423 0.286787621505 0.310377919204 0.326857620608 0.0961729994891 0.0966158552441 0.147164754112 0.144136147779 0.234545663527 0.234788213399 0.365457398058 0.346140589256 0.185568460974 0.198032326458 0.290240047382 0.311064850149 0.147936265319 0.134642199285 0.165634193616 0.150321718474 0.132081416549 0.237918861136 0.102615352838 0.0979324075371 0.25783857956 0.246842430735 0.276686277687 0.261890655116 0.307059259814 0.452917258356 0.467998014175 
2001130101 1.0 0.162263085809 0.157197391133 0.304137070779 0.207798139517 0.365230434071 0.226318666288 0.215623993686 0.195833822937 0.189365346681 0.537258120655 0.276579600416 0.275369587948 0.327716178507 0.312920664721 0.106914794031 0.10187051007 0.167328935079 0.176517675026 0.224952545157 0.234019150399 0.416368160904 0.37001676568 0.165709211479 0.174542078212 0.276950848368 0.278338618116 0.163603148622 0.140180794055 0.152469188122 0.136466735111 0.144955417117 0.189365346681 0.12700991343 0.121848929302 0.281504526351 0.275369587948 0.292381208575 0.283867097697 0.289245544209 0.491306388758 0.471782776209 
2001130116 1.0 0.180647037201 0.175603555337 0.29386387969 0.194535107158 0.345988481307 0.231636028846 0.236624208996 0.194823521115 0.195399071914 0.540280876066 0.278924701903 0.293749216014 0.326415201504 0.334871986905 0.0966595349328 0.0999719219424 0.170871531543 0.165869326134 0.220305540471 0.219130024036 0.366876736992 0.36045389067 0.167486287119 0.172506703073 0.286315241898 0.281329960871 0.162102968087 0.138411619924 0.14256808809 0.144679164499 0.13073454638 0.195399071914 0.114526096759 0.120824418666 0.2585755477 0.246844203173 0.268252815966 0.263224082223 0.281888234907 0.478158548997 0.491499898756 
2001130153 1.0 0.173041025236 0.165623908539 0.289296592587 0.198328873103 0.401272488568 0.246112700188 0.234166636488 0.20111583229 0.194990497739 0.5364301049 0.300381777838 0.300761647452 0.341431984383 0.344594229657 0.0933063616656 0.106987618834 0.152805148507 0.151114566264 0.201611977829 0.200831770239 0.394420597439 0.389724730069 0.169793875988 0.184536193197 0.27247804308 0.29067467194 0.14145566491 0.145827513874 0.157133718925 0.146705706908 0.151114566264 0.194990497739 0.096317015271 0.108181565991 0.263097794158 0.256449922899 0.277203598175 0.245124875188 0.278743915264 0.488324563935 0.51769146501 
2001130166 1.0 0.170651949275 0.1599920006 0.305025729948 0.185058302549 0.340313706245 0.252672942039 0.239414427454 0.217072080128 0.214756578389 0.535346934582 0.29123275631 0.29123275631 0.330929068828 0.328807220999 0.0905493240284 0.0951267317345 0.149992500562 0.149156881244 0.220045808831 0.227694566291 0.36893277011 0.360329038933 0.168068959902 0.172690526081 0.273527911278 0.276074950443 0.154021517124 0.147047059529 0.160070102631 0.149992500562 0.156197183854 0.214756578389 0.105113724653 0.111797809124 0.266163325251 0.254987250956 0.268547552998 0.265787388163 0.29260286799 0.485001523041 0.5 
2001130202 1.0 0.190724334404 0.185220655273 0.306174296466 0.213744320174 0.398646131962 0.253656720827 0.253656720827 0.222990310982 0.215841806963 0.560356731268 0.287801960202 0.285940650716 0.341178061352 0.333311084412 0.111120380799 0.105418049337 0.159362152591 0.155439768963 0.222315830258 0.217075198757 0.37673897369 0.359700266419 0.184588963013 0.182680780723 0.304425339372 0.291603391546 0.16673061791 0.165222622344 0.149976359447 0.158627519065 0.143494561351 0.215841806963 0.0982068498099 0.101054014762 0.258672373147 0.237133445517 0.261239903796 0.277590644644 0.261750387729 0.498353705533 0.479515301193 
2001130212 1.0 0.191909401872 0.176830791293 0.287864102808 0.212350743338 0.374944735097 0.246842951211 0.246842951211 0.222038652104 0.21313001474 0.540376473692 0.29226057138 0.299032651099 0.347881043116 0.332933515234 0.112926965291 0.101508716807 0.146805054879 0.153929022774 0.210056297775 0.21721935483 0.382120555793 0.355997668434 0.174142021887 0.163178487966 0.316397093848 0.278909029772 0.165429332059 0.138675049056 0.131112048693 0.133425969316 0.157289061954 0.21313001474 0.0964848414396 0.0948855344079 0.253771792018 0.232311381213 0.249463820044 0.291430346057 0.257958412032 0.500153006583 0.482820557428 
2001140017 1.0 0.182811053565 0.183620851786 0.262166843834 0.231512252049 0.354077561957 0.255067338523 0.25331628346 0.211413920302 0.217638390094 0.518250022724 0.299418328283 0.304576857812 0.338273237757 0.347201614951 0.110300372197 0.123169083562 0.164551363821 0.150789219522 0.229339135712 0.2216909657 0.343712062919 0.37090994052 0.168449906263 0.175354663925 0.27045406374 0.284098866897 0.127169598666 0.153712707475 0.142179933645 0.160904343369 0.129481962586 0.217638390094 0.0872001007268 0.0998886620549 0.278028241846 0.249777348924 0.266933904176 0.276221323552 0.270316881858 0.474966811272 0.492826884696 
2001140041 1.0 0.188401573187 0.178621822036 0.293766799323 0.205235797871 0.361087380295 0.228975426588 0.235644405152 0.210183728334 0.210912270305 0.510654670415 0.298274993136 0.288231986849 0.34581096741 0.324151572938 0.105383381687 0.10107411845 0.168456864084 0.159764214535 0.235123067333 0.230577606549 0.356728016701 0.349341543551 0.181095099389 0.193462929949 0.311851240924 0.298274993136 0.16290180602 0.142940389118 0.143796327241 0.151282000618 0.137581622713 0.210912270305 0.117365652053 0.11892367137 0.272755625727 0.250229983796 0.271910743081 0.300376088556 0.254122954269 0.491459767834 0.462417471319 
2001140153 1.0 0.180159372953 0.190679126886 0.284966519496 0.206700685074 0.380046613589 0.249836098823 0.242353893665 0.211992959595 0.217873695078 0.502909579413 0.320823016284 0.315278902668 0.352835447667 0.349993535211 0.100712151177 0.106290506659 0.146212828179 0.150109711662 0.21272777275 0.225199216192 0.372791961858 0.368920879481 0.178506100563 0.187793005981 0.280718402135 0.305628289177 0.143628598158 0.155220415674 0.150421250658 0.152481911755 0.151969366063 0.217873695078 0.099934439529 0.102554599372 0.269834552967 0.262565735094 0.279827583856 0.247955248242 0.26185159306 0.472084464201 0.482190143122 
2001140208 1.0 0.187437162772 0.181552745163 0.280282900338 0.225219367663 0.373423505682 0.248092846156 0.238233344976 0.215362908011 0.21724506016 0.5 0.280927723814 0.276545988864 0.326780176073 0.319264837068 0.116492776377 0.110378229003 0.16701812561 0.159254142129 0.227550548474 0.220551452739 0.339986872662 0.351843327892 0.181801731902 0.191574644436 0.302432837553 0.312679381567 0.144145918563 0.135073584913 0.152976105264 0.127729546908 0.140651594121 0.21724506016 0.100810945851 0.105631537492 0.266607603029 0.241876460108 0.262963073082 0.286665871835 0.282373192821 0.487262360501 0.481566102146 
2001140229 1.0 0.181011250383 0.176003212974 0.270826869692 0.20634428167 0.361102492923 0.246809158896 0.248069469178 0.198644052162 0.201965395031 0.522468154985 0.312790405604 0.310120357562 0.360756885098 0.350941709063 0.104970048198 0.104970048198 0.165156008902 0.165156008902 0.214350054691 0.214350054691 0.37048038714 0.357689513324 0.171334495521 0.178815692754 0.280925112653 0.285622200783 0.140832098023 0.144906594046 0.140832098023 0.135566877881 0.141421356237 0.201965395031 0.109620399637 0.106737675602 0.276975047098 0.264692973202 0.279961387299 0.261850126151 0.263117405792 0.474549792116 0.477345396813 
2001140254 1.0 0.189735817278 0.192246212865 0.265783525095 0.190576290128 0.36797872582 0.250698241794 0.260085060034 0.2084977509 0.216027156024 0.51970904438 0.322309866916 0.30998770385 0.353355566851 0.345812179671 0.0948152481248 0.0966929600749 0.147565616982 0.145520728982 0.204238294953 0.20384665836 0.366509960169 0.381624012199 0.171950240153 0.181996984451 0.287519412385 0.288559770671 0.139921665795 0.145520728982 0.136451993594 0.155476449414 0.14330735697 0.216027156024 0.0939686664612 0.0999440469961 0.271509551344 0.259238752315 0.262911739387 0.276467707842 0.257847893533 0.491659702666 0.47993959718 
2001140393 1.0 0.197051225625 0.197051225625 0.276584288741 0.207399869533 0.382928995226 0.23168183051 0.230703233398 0.200466085869 0.218812612242 0.500141382726 0.294846382274 0.299509402779 0.340223841674 0.340763715061 0.107548789307 0.102292721662 0.162088322943 0.158649561165 0.229104098136 0.226247171928 0.355706549449 0.365857636185 0.164942057562 0.18081014267 0.292873499788 0.318766357934 0.143190061335 0.141601218135 0.141900481346 0.138266579689 0.144663754306 0.218812612242 0.109503197333 0.107680186777 0.277350098113 0.25 0.276379714535 0.274119322039 0.281248428854 0.480060563675 0.493767719769 
2001140534 1.0 0.197410828076 0.18556364601 0.280122661867 0.197410828076 0.401031685533 0.248959755979 0.247899827528 0.213386327899 0.207319964677 0.534793087034 0.303447212303 0.300832684109 0.350294300296 0.351045199979 0.0973624206563 0.104970649949 0.158097869043 0.159119513723 0.213481229539 0.219469594654 0.383210534766 0.385318999289 0.179233847609 0.191473080222 0.298331054141 0.300226098042 0.148995692646 0.15021421474 0.146942369504 0.15088691947 0.135017384607 0.207319964677 0.0939748586222 0.104390162641 0.267699370956 0.248308027751 0.268530385536 0.25963312175 0.243614002171 0.486812103281 0.491367653961 
2001150025 1.0 0.177932002959 0.166510480083 0.287754318422 0.218993234411 0.397868053989 0.24674729239 0.239034526133 0.209372020426 0.203473029872 0.520828806025 0.290346752036 0.302357416799 0.336657584145 0.343270148578 0.11034874381 0.11034874381 0.174208051222 0.156056690087 0.229437221786 0.22069748762 0.394795667825 0.397868053989 0.156056690087 0.171498585143 0.265754967047 0.2754471143 0.142897280664 0.145495625862 0.153026174611 0.140917084055 0.164814234017 0.203473029872 0.11034874381 0.117740689605 0.263276185675 0.260414403013 0.277142189464 0.25969402984 0.272713080231 0.504754465125 0.50918870373 
2001150292 1.0 0.182057401256 0.174548339666 0.262333383174 0.196669683973 0.360666512493 0.249008745929 0.241117106588 0.20011897681 0.192850491598 0.530896072401 0.300797313984 0.297765155901 0.343468837031 0.336776818396 0.100578511093 0.098787652556 0.143177691121 0.142761476022 0.197650586237 0.1985517334 0.361161141086 0.369146268529 0.185537808784 0.179920310305 0.292980457281 0.279413676079 0.140238246721 0.148982465636 0.134719561718 0.149779168994 0.139066467191 0.192850491598 0.0894626758261 0.0879533564952 0.267777612483 0.246426407701 0.256425895357 0.282905821184 0.247390426669 0.495291726838 0.478828780351 
2001180151 1.0 0.178765696212 0.178425081683 0.267542900306 0.197518878892 0.350312422117 0.256712938846 0.263264382875 0.21623984905 0.219866571149 0.534972101747 0.294665580555 0.295421575123 0.339494789088 0.333650861282 0.103667831187 0.0963693249962 0.149213201316 0.148668625771 0.210827060205 0.201382197626 0.370236665634 0.373616896741 0.181243977863 0.183799182998 0.284369918072 0.281503212634 0.149077243928 0.146608452846 0.139666938677 0.146608452846 0.157670815233 0.219866571149 0.0918444131142 0.094026294809 0.282078884427 0.274131400941 0.285153209677 0.262570261426 0.257580347961 0.475407027713 0.469095180042 
2001180375 1.0 0.183656472028 0.184159641387 0.278968693823 0.210864838254 0.374115035613 0.239622924372 0.243833873087 0.202925898038 0.206541788701 0.537752554296 0.273440696429 0.28185621843 0.31642522784 0.325506911534 0.109680430714 0.102934323457 0.163816057625 0.159378100126 0.223746424344 0.228655522533 0.395750807589 0.392522530541 0.163533372241 0.174351287207 0.279217366011 0.286980557162 0.142031841505 0.145571116267 0.146836975887 0.152857996257 0.144294151978 0.206541788701 0.109891152196 0.112594649851 0.280127275407 0.272168675127 0.286980557162 0.259015929702 0.285525844884 0.484431188187 0.49729755963 
2001180406 1.0 0.179929685892 0.186323686157 0.262877071977 0.198701619539 0.365410812137 0.244075233899 0.247335845648 0.20690623236 0.20690623236 0.512818432248 0.289575100279 0.284638189517 0.330893563754 0.332627299384 0.0980500098783 0.104342839246 0.160243241563 0.16416918143 0.221390986211 0.22734218704 0.364228340888 0.368266721248 0.158308644589 0.164294262729 0.272696146228 0.281444799242 0.133839084632 0.129787133731 0.141885414437 0.133377834261 0.150184767058 0.20690623236 0.106099904859 0.106099904859 0.261623777248 0.243654051128 0.267140430973 0.264279924303 0.317135909163 0.496247214878 0.521399103828 
2001180892 1.0 0.187668323214 0.181043343236 0.266655193097 0.207022732559 0.367081221532 0.264313132233 0.259565620991 0.203888299809 0.213361626151 0.539972627824 0.309154458076 0.300559081108 0.357954056785 0.354149576011 0.108486904374 0.105371796469 0.16500025571 0.162696237606 0.217076130758 0.220627506702 0.352137346224 0.379455529002 0.166607438994 0.185645848014 0.272014389387 0.290337066199 0.147520515057 0.146765929469 0.13278518818 0.146159456092 0.128016975691 0.213361626151 0.0894109341953 0.0999644633962 0.289341052745 0.266655193097 0.283134624952 0.299300421956 0.264060965091 0.48557994622 0.481492616201 
2001181052 1.0 0.171403387475 0.171783861611 0.268774989121 0.211397511219 0.371417953182 0.230316381459 0.243073398701 0.207972582702 0.206476074311 0.50330240612 0.288458315947 0.29759322707 0.337286949238 0.33636625906 0.109900332918 0.10426061029 0.176007531577 0.179405851324 0.214691818371 0.211397511219 0.373477628438 0.371374006195 0.176378074159 0.179314851648 0.293172732966 0.285272090869 0.149971162164 0.133259320931 0.130286620118 0.143292502939 0.13759800676 0.206476074311 0.123071398674 0.121065755484 0.267801604342 0.25165120306 0.260823671088 0.268957106582 0.256660317363 0.469755089344 0.475590780044 
