Leaf
2001110149 1.0 0.166646325339 0.161774259277 0.281408485602 0.203166963391 0.343747496003 0.244096072544 0.254538709648 0.205489705431 0.210638334883 0.547427867971 0.310065811784 0.314581149461 0.359029116569 0.364576032622 0.106216608097 0.10231502522 0.17193290941 0.179193236891 0.191484713399 0.199326286423 0.313544919965 0.314882740716 0.179571202375 0.173111891744 0.278161262696 0.260384883342 0.148213673935 0.15316298334 0.14525649542 0.160427519849 0.144037800479 0.210638334883 0.114332390095 0.112177240807 0.199394304267 0.166727675759 0.192755175119 0.300876957965 0.272646722309 0.487469432412 0.475015112087 
2001130006 1.0 0.193291983353 0.191880215338 0.276118845465 0.199975075482 0.3000286978 0.232654570891 0.233674884022 0.181253964974 0.182189073321 0.523682392431 0.315919527293 0.317064945154 0.350043369746 0.349427922638 0.100411515068 0.100072476908 0.156138373213 0.158514606743 0.189683154528 0.190517454553 0.280029841233 0.274596611221 0.1512739689 0.1537990893 0.273148852186 0.274637863623 0.139345813554 0.141283507689 0.140075590044 0.143905241414 0.131309407868 0.182189073321 0.104394123605 0.105366257477 0.175538736767 0.152318794127 0.175538736767 0.295960968185 0.322625737229 0.463186158512 0.471260308932 
2001130013 1.0 0.19330150189 0.177278376325 0.265761431412 0.181416880947 0.314285409885 0.258949242588 0.26000311014 0.206917879102 0.211492750114 0.522180262829 0.311382090333 0.3044358911 0.355382136134 0.342393679332 0.095404904622 0.0893798038753 0.147178209916 0.13184775722 0.181847034203 0.180337008966 0.29065031586 0.296998810527 0.169159563453 0.171624155847 0.276707402046 0.262544891603 0.143141474792 0.160691709486 0.129982772789 0.155691045166 0.163582946643 0.211492750114 0.0811320956126 0.0871670892669 0.213331852122 0.178759607751 0.177883329886 0.324347771149 0.272868993738 0.484641149281 0.462682443431 
2001130107 1.0 0.176106830457 0.156295323586 0.287723045717 0.202876002138 0.316164440955 0.238372010997 0.23418187328 0.199893181406 0.199056687927 0.504716563321 0.314187952652 0.318862108766 0.359218595657 0.361102649192 0.100833052323 0.104729317551 0.154000955791 0.153566945659 0.191014676781 0.189904965858 0.316586368777 0.31549523457 0.167295837144 0.162916486625 0.270300213124 0.256490022802 0.145304117162 0.146523900301 0.149901335057 0.145304117162 0.157641805568 0.199056687927 0.0930292703218 0.0949231901681 0.218860218676 0.188906540998 0.20549105316 0.303086962539 0.303783504406 0.485552596736 0.50246345174 
2001130186 1.0 0.195120207628 0.188561808316 0.269227896271 0.188648443657 0.349135252927 0.239416502017 0.253150088525 0.193438105485 0.19745107775 0.510830414539 0.321810645416 0.331760997522 0.365595583561 0.358099558946 0.0978527638787 0.0921777197925 0.161892403549 0.144280953227 0.190029237517 0.184355439585 0.341947517282 0.317053427386 0.164991582277 0.173582023707 0.274516806633 0.263337056315 0.148412074276 0.158113883008 0.127827498141 0.161082936459 0.137674428875 0.19745107775 0.0976856369183 0.107860961094 0.202113020864 0.185151413042 0.202274646656 0.289240610425 0.298416299122 0.505298720942 0.505977343263 
2001140173 1.0 0.190163241932 0.191882914386 0.272118957579 0.209283579751 0.371515197931 0.241414301653 0.245685463221 0.195346912175 0.199232032271 0.50252578575 0.320697638109 0.325905002458 0.366283634725 0.371146594608 0.106714105702 0.106714105702 0.163455701092 0.163455701092 0.170825919175 0.168729816244 0.313925369626 0.315056949562 0.168891978527 0.167181429713 0.271917686133 0.273773801101 0.138526918287 0.162531977944 0.13763478574 0.157049862096 0.158178794629 0.199232032271 0.0983020368365 0.100641250858 0.206186815804 0.18319786117 0.20512193165 0.283161920849 0.297309773738 0.482374816924 0.497131106984 
2001140293 1.0 0.160513400175 0.162495704874 0.27107624518 0.187823366105 0.325975027996 0.244586477028 0.245084617008 0.209028755685 0.209538671511 0.481191820579 0.322590136448 0.334241731596 0.361964198398 0.379402283375 0.0953215448273 0.096434594746 0.156959866433 0.154709779965 0.185125436569 0.190162677913 0.302089964746 0.320170854166 0.179862502664 0.195148024513 0.268363153592 0.285056892711 0.136379111772 0.141104066755 0.147340770597 0.155887790223 0.161271436978 0.209538671511 0.0995461849437 0.108907487945 0.225382628044 0.209829495623 0.220665987551 0.29884268237 0.308679615722 0.487236864547 0.509087464038 
2001140333 1.0 0.200061867589 0.195367438782 0.285337191017 0.222563008993 0.34811137304 0.263315368695 0.265470950891 0.227412130171 0.231105510646 0.530849886778 0.322064677081 0.320391865842 0.3702792924 0.361377045998 0.115411751298 0.109771409126 0.17755219917 0.15866389964 0.206233857769 0.213068752972 0.321305387985 0.318198947077 0.178740463956 0.19132491666 0.297627344315 0.297627344315 0.152274917902 0.167840371043 0.141177045298 0.168518125515 0.159890700634 0.231105510646 0.102879787301 0.112554581591 0.205759574602 0.182704948364 0.203211370103 0.310585305418 0.306521742645 0.5045549058 0.507130167678 
2001140382 1.0 0.181045648112 0.186354510585 0.292789752317 0.199961938292 0.366076543731 0.238131367882 0.234203366051 0.185715213639 0.191267705888 0.551308797814 0.33521112656 0.344208627809 0.375918117614 0.384921922808 0.0986336568982 0.103459348204 0.162416165961 0.153144688424 0.197508324655 0.196603010532 0.329088197011 0.310339723969 0.160426870448 0.163583592781 0.271020490512 0.287915384973 0.143523305184 0.154228090328 0.151897053068 0.153067009145 0.141772447077 0.191267705888 0.100544413742 0.11227974456 0.188196191319 0.173189287054 0.206918696408 0.277696231644 0.30555072017 0.502059221466 0.496628819725 
2001140458 1.0 0.187536160035 0.171122818081 0.269282765039 0.192304789528 0.329665353477 0.263101960292 0.255594017705 0.222642788612 0.222642788612 0.505516735441 0.338029807774 0.342245636162 0.374468176344 0.373661131922 0.0995082247478 0.0940493647978 0.143802799983 0.132323217775 0.187777467654 0.189776432519 0.330808044437 0.319669640794 0.186567808504 0.18793816727 0.283588859988 0.274721127897 0.146609479989 0.178293800356 0.129323347861 0.172002632714 0.158483378094 0.222642788612 0.0885949016805 0.0945296199961 0.227139720943 0.208860339724 0.221009689876 0.302343051441 0.304779536777 0.493795466022 0.497814089721 
2001150003_2 1.0 0.208914985568 0.203563301102 0.291866215483 0.206266674611 0.354564160288 0.261320446388 0.263536895661 0.213209842459 0.206863979065 0.583797131888 0.329122081936 0.325606949478 0.390975124748 0.380231013113 0.107818381483 0.108416147908 0.167493181791 0.168078465506 0.172917625222 0.175906112472 0.324667289623 0.31072845966 0.171675402316 0.167131988454 0.294417364408 0.274274182066 0.160705843838 0.177761978907 0.136706455704 0.171870854536 0.175366104116 0.206863979065 0.0973452785973 0.102256773346 0.198236502176 0.174915623395 0.183143508248 0.298910213194 0.297319467727 0.515689066526 0.488507939667 
2001150003_7 1.0 0.230512866622 0.204110135806 0.274823966166 0.180653518511 0.34106063904 0.286320429897 0.267195654881 0.230186360981 0.203390331114 0.577605321642 0.335311764375 0.319507467286 0.388500099767 0.360674190273 0.101034341126 0.08607107035 0.148377823342 0.147685578132 0.185074899399 0.165827682056 0.31595383831 0.320318550421 0.193362338833 0.179290115667 0.325165693748 0.259451790188 0.168281353756 0.192773137322 0.113489159219 0.180137580452 0.186658083525 0.203390331114 0.0932131269318 0.091008519447 0.207943182028 0.170584062627 0.157857853025 0.345595243108 0.230255782169 0.536010888678 0.457005223128 
2001150125 1.0 0.182218427786 0.176692266958 0.27884862602 0.200088131614 0.345501359338 0.233859721841 0.247369173741 0.197408465138 0.199904480238 0.527297873206 0.335304780053 0.336016041706 0.383778168742 0.378137964225 0.105841990704 0.0986577068854 0.160001652823 0.159080772353 0.182319184459 0.187091703888 0.337923535979 0.323257950617 0.164863281432 0.182319184459 0.272385361854 0.274065731659 0.146583812458 0.16980204185 0.135516782557 0.173651947579 0.138200543735 0.199904480238 0.0948617477897 0.092310705969 0.193366826136 0.188753036552 0.211075817677 0.271033565113 0.276932117907 0.487446162269 0.473339772178 
2001150177 1.0 0.189687055635 0.189687055635 0.270569511408 0.211750052407 0.364870336667 0.248159569389 0.25827034371 0.197198760725 0.208456693803 0.529505824792 0.295036905374 0.296207226928 0.34297343592 0.347582692612 0.108457723444 0.108457723444 0.166366553304 0.150651321427 0.179182261587 0.173691780932 0.323025415903 0.339322520682 0.156949892487 0.179952941538 0.25827034371 0.270825127442 0.145511305384 0.158266977613 0.134129003343 0.169661260341 0.153382383439 0.208456693803 0.0895911307935 0.101196823673 0.200331858635 0.176850071998 0.192942171202 0.289353479201 0.263048617456 0.492540536869 0.477706718426 
2001150309 1.0 0.181686503997 0.172999055847 0.272882850192 0.192587309063 0.299881098644 0.242960814133 0.243664370086 0.203394867641 0.202692292596 0.513775985421 0.330175244179 0.332242628287 0.370449085522 0.371602536426 0.102047512081 0.0932837311302 0.163503022086 0.165927987405 0.208588764002 0.201067053634 0.310767307714 0.329656372338 0.160686828259 0.158811563484 0.269622232688 0.255774954578 0.143821890167 0.151831425405 0.135233722761 0.151172309128 0.151831425405 0.202692292596 0.108155327622 0.108155327622 0.222295121978 0.203043884001 0.208930432968 0.322481462825 0.301446820267 0.505518758709 0.50979003258 
2001150330 1.0 0.184055639191 0.175503780223 0.282005209596 0.210437252065 0.364019031719 0.257144942945 0.247775915039 0.20943576035 0.217258029192 0.487262189713 0.324958301176 0.330053951708 0.381745076652 0.375077740518 0.111964890311 0.1045609053 0.176399975566 0.171336249466 0.192637138208 0.183769838337 0.324432183649 0.334326160513 0.181177343949 0.18583193628 0.284325515362 0.291896692974 0.146801196614 0.149022218312 0.142992239481 0.146801196614 0.139456425497 0.217258029192 0.105561510925 0.105685920527 0.219424644856 0.195077396278 0.206656634349 0.311876184199 0.280041295997 0.5093604761 0.500722211656 
2001159921 1.0 0.18000761934 0.188474842939 0.268487505559 0.211241176552 0.376949685877 0.25245391262 0.259312561058 0.20554881872 0.210238748813 0.51956426417 0.324951214723 0.324300460655 0.368050289984 0.374788011408 0.106501573084 0.109658972219 0.158501383023 0.161245759639 0.193830549133 0.196908077021 0.327541302166 0.328532052469 0.176819779689 0.175620987699 0.27298911869 0.27835333859 0.134183214444 0.152971159051 0.144222591854 0.158501383023 0.146014245542 0.210238748813 0.0935016875208 0.099724994801 0.190532864018 0.171121943714 0.191553583093 0.259312561058 0.273227121454 0.483871631725 0.483804459984 
