Leaf
2001110060 1.0 0.191028242277 0.190569747635 0.315004244056 0.220202384081 0.410228150417 0.255509903536 0.255509903536 0.208782643452 0.213576067677 0.574957059688 0.3163897548 0.326498108374 0.363036287507 0.373488438826 0.111790823115 0.110441186237 0.14847572147 0.149147560745 0.197208644508 0.196764551774 0.370262277062 0.352238674454 0.191616123366 0.20078826887 0.291214557789 0.309238554503 0.154011892644 0.180257285969 0.169760171518 0.180257285969 0.145328070049 0.213576067677 0.0890124557358 0.0860135766873 0.174980315822 0.165661779356 0.197967628627 0.212402563918 0.263977879808 0.467948427138 0.489689744522 
2001110001 1.0 0.176552515092 0.183343848567 0.285856503961 0.219795812415 0.373576558124 0.226222955485 0.238495080536 0.192888033851 0.192888033851 0.511337956476 0.272729558704 0.275536454866 0.329270146247 0.329636510918 0.112039306836 0.113244785364 0.155564655691 0.167068515753 0.18917602357 0.184655806973 0.330778785153 0.329086810962 0.172401826734 0.172401826734 0.2807439036 0.280152126964 0.14943062325 0.138641568841 0.146576296659 0.147908370076 0.132975782913 0.192888033851 0.0960913867981 0.0909282911638 0.265326798871 0.247254080992 0.268492292336 0.289005954545 0.296275410538 0.4635474975 0.462635258077 
2001110025 1.0 0.178056862571 0.183376942729 0.301421605975 0.186594327508 0.354050775272 0.24865438482 0.246295664414 0.203100607902 0.201232325672 0.545429572716 0.303087768248 0.301269679753 0.346634764323 0.344548279963 0.0920311167526 0.0967599162925 0.164630266483 0.161896169479 0.210571039146 0.216202991531 0.372359652908 0.376881415957 0.151298223947 0.156430949933 0.256984387003 0.271747784148 0.156723344487 0.152278486836 0.152052833236 0.13973601233 0.152578839172 0.201232325672 0.113725552106 0.113423224007 0.246991743987 0.234487842909 0.235607820289 0.286149703374 0.267673882818 0.514880993927 0.512898747638 
2001110027 1.0 0.170045068739 0.164097293163 0.301616823449 0.195827718802 0.359768217119 0.232309727857 0.22321526042 0.192584717301 0.191198935379 0.534597289295 0.296751716972 0.29485914845 0.347821370948 0.340747952672 0.0975558550603 0.101768821022 0.161951015929 0.154521315516 0.218141523518 0.211231187128 0.381298286758 0.376273205985 0.162296327656 0.166047368186 0.26134174972 0.271480919096 0.156680041516 0.157837024307 0.152699066463 0.143922846915 0.138471107909 0.191198935379 0.0994033987814 0.104349093815 0.263156274165 0.248663326538 0.263156274165 0.276031052705 0.278454195476 0.491238847526 0.492490848473 
2001110036 1.0 0.183109034983 0.177498230624 0.263437052909 0.19362024586 0.365625643474 0.234222646212 0.232612849499 0.197243776529 0.194290858687 0.516149573673 0.298806288653 0.302268594857 0.341720837261 0.335446280798 0.098107655175 0.0973683254589 0.162537612848 0.164569964198 0.218847723538 0.20577830782 0.37033852081 0.37618500804 0.161735393245 0.16324738746 0.27941072442 0.271381657748 0.148700180877 0.14625025739 0.12259773624 0.142039289269 0.136857399081 0.194290858687 0.113029527962 0.113921042276 0.244546259594 0.226378483887 0.230866669367 0.260568724816 0.247658631618 0.50002167771 0.505626349224 
2001110038 1.0 0.174527046082 0.169902453336 0.296078415951 0.211450872041 0.359621927442 0.223028051614 0.227002138003 0.193942066659 0.195592056638 0.518297316629 0.318275709306 0.317880362886 0.37379586377 0.352757159424 0.117374282065 0.0964654081087 0.188238787169 0.175962194423 0.22902433223 0.219045651919 0.378291756172 0.361829762266 0.161382874013 0.16716659222 0.290793002102 0.290937113617 0.165570893676 0.11641806017 0.143802140006 0.10412747854 0.142337224319 0.195592056638 0.12565324627 0.12565324627 0.246591972599 0.238117060551 0.24777901245 0.286679739708 0.271253230278 0.521843659353 0.511431429449 
2001110075 1.0 0.176774485629 0.175069225648 0.285040293293 0.2150554435 0.370029156906 0.237062428561 0.230322977106 0.196084264473 0.211893552351 0.500093738869 0.31196565025 0.31196565025 0.3696235713 0.363072588414 0.114016117317 0.10793381656 0.159136315437 0.15206716243 0.172189601221 0.174425455121 0.376459103972 0.36714660571 0.156522801902 0.165602881594 0.270643989026 0.290900127927 0.150414209399 0.124998437529 0.147052573553 0.116617580186 0.15206716243 0.211893552351 0.0860221773999 0.0860221773999 0.268324803261 0.259996750061 0.266173305939 0.270597800103 0.251641445145 0.50328289029 0.481995012443 
2001110117 1.0 0.171121943714 0.172540497497 0.273880562617 0.193914367753 0.387703014371 0.228035940156 0.244806963705 0.18000761934 0.202040357732 0.52646184925 0.295238299925 0.297813977507 0.341673638955 0.343002743986 0.0984127666416 0.0995619121166 0.167668455129 0.172352031578 0.214220316911 0.219317944438 0.379527443419 0.372657405067 0.140801806411 0.160639950009 0.255270422733 0.272810480355 0.137058895693 0.12120276472 0.145344963582 0.132966659735 0.139176669295 0.202040357732 0.117527033463 0.117388684935 0.26006346773 0.245403650487 0.261061316835 0.253994062622 0.265015144374 0.479858548931 0.495027108236 
2001110125 1.0 0.181102896634 0.174179188572 0.269790485239 0.196872324204 0.337366665032 0.250767530992 0.251708971661 0.189443565107 0.191677744215 0.567636643947 0.282802569848 0.283526492153 0.336992540531 0.32672928586 0.104911099958 0.0969430901277 0.169778160915 0.164014876997 0.211692643398 0.211394484597 0.359145460142 0.349668594198 0.159827400676 0.156638503573 0.264000569573 0.258569120053 0.143174411055 0.152765254134 0.135012085641 0.143833698092 0.137098232837 0.191677744215 0.108021347127 0.103244536078 0.26967356628 0.247348677106 0.256179732076 0.284692016561 0.268442842724 0.486792997586 0.473891828318 
2001110128 1.0 0.166599332426 0.161499036636 0.284683037116 0.209552596799 0.349139573821 0.234194547285 0.226618688562 0.184591062508 0.187614169895 0.542535774266 0.271984860921 0.265163342837 0.321969200679 0.314764587474 0.108629398509 0.104293296757 0.167807214971 0.168664692271 0.198740988175 0.207477082488 0.345651412581 0.331810331044 0.171632129852 0.184981401414 0.274150842352 0.287556913758 0.14462878044 0.147492994738 0.149821975527 0.144129197668 0.14462878044 0.187614169895 0.108096898251 0.108096898251 0.259443676643 0.241950622785 0.267168694587 0.27525364686 0.261933861789 0.452377192244 0.453905282818 
2001110132 1.0 0.17626390872 0.183547419411 0.281926867504 0.193871624784 0.35252781744 0.250860587743 0.257374006672 0.209597315066 0.215438606344 0.534886388195 0.281008037681 0.278233342904 0.330933892763 0.32615841296 0.101369926847 0.0968468396223 0.182416726396 0.184297360918 0.230292168253 0.226822123837 0.353602153215 0.333528678393 0.179654841485 0.185695338177 0.27145838571 0.285089217735 0.142997468027 0.163264118574 0.152451235844 0.161245154966 0.145862476563 0.215438606344 0.126491106407 0.124429733668 0.252163056169 0.236059606733 0.264249098782 0.269418274986 0.286837692901 0.477962630194 0.475793348361 
2001110142 1.0 0.186020933788 0.180624146907 0.262131454188 0.203845070061 0.36886250773 0.242332722518 0.239742944722 0.187345841021 0.192003034776 0.519342262448 0.278725207775 0.282544401686 0.321355838673 0.321831948787 0.102957308108 0.102957308108 0.166013671008 0.166013671008 0.202045975179 0.202045975179 0.352936557614 0.352936557614 0.167356216704 0.168827662455 0.269705354129 0.272183157028 0.138131723827 0.142744365979 0.136674506956 0.144058496028 0.137447899211 0.192003034776 0.112888461624 0.112888461624 0.250552954863 0.237868768291 0.249846838978 0.280158251708 0.270141700239 0.477146619642 0.481691560684 
2001110669 1.0 0.181799198497 0.175861016161 0.274258554004 0.190578719117 0.332217836798 0.24966270051 0.244251411335 0.202655088351 0.197587163725 0.548517108009 0.299424735808 0.288382212008 0.341986867147 0.332074143956 0.0996354170094 0.0939653940925 0.135113204733 0.141665818574 0.186016332951 0.184146774618 0.347798915224 0.33879704652 0.168728054648 0.16587530375 0.279942380762 0.268676552468 0.138944492973 0.150883331551 0.143672990401 0.152613160497 0.148572333284 0.197587163725 0.0880660987671 0.080861605305 0.257936891821 0.259090771124 0.270975998728 0.291223079024 0.282699246722 0.506631833131 0.459426451524 
2001120019 1.0 0.178901867041 0.170231290127 0.260446685754 0.206649205649 0.342613888025 0.239642153009 0.254568832004 0.192512297192 0.207783870077 0.522723889364 0.292396920048 0.281905972307 0.341883962251 0.330875089363 0.104280185512 0.108018013574 0.149552356789 0.161731992276 0.197337159312 0.196516316747 0.344325256755 0.349156641107 0.166301338524 0.180211321785 0.281175239064 0.272415380629 0.138958020186 0.132350035745 0.135531717456 0.145467904002 0.126444627953 0.207783870077 0.0902278933625 0.0932710334043 0.261853451339 0.239519479772 0.272253501613 0.289822464596 0.288144383761 0.463985862107 0.465756083026 
2001120021 1.0 0.171930161212 0.162276243346 0.277660988231 0.205399699078 0.383126467204 0.22152206564 0.223111543991 0.191141707665 0.187571684101 0.494127261185 0.290426144024 0.288302341165 0.34318946208 0.326063798645 0.111417963701 0.0968087146747 0.164626151967 0.155309979634 0.203294522143 0.193379228608 0.357012899519 0.354811360131 0.168591393653 0.171213782424 0.288089099759 0.275215567606 0.157763685717 0.123080143527 0.131761569174 0.124569070375 0.138581271925 0.187571684101 0.104148228457 0.101760559187 0.247529583663 0.210643533325 0.219851227967 0.311656925691 0.246035427656 0.492601356435 0.46787139061 
2001120033 1.0 0.18348202978 0.18348202978 0.279533535117 0.204274506431 0.419334760521 0.231402625879 0.223719848755 0.193821633476 0.175100854378 0.527059983832 0.292713614192 0.292713614192 0.336783188066 0.336783188066 0.103402594348 0.103402594348 0.148293768436 0.148293768436 0.202854930467 0.207433035206 0.383521278439 0.39065074507 0.15176084426 0.139766767558 0.271669585216 0.262086809545 0.149940989211 0.13352824938 0.139559858833 0.121874299556 0.13352824938 0.175100854378 0.0924860920046 0.0957106364808 0.258142923801 0.236589454855 0.260039008777 0.256289191519 0.270122813447 0.47948824041 0.490481571164 
2001120049 1.0 0.182313551604 0.17626655991 0.29930971464 0.230672279279 0.375269755567 0.231905829675 0.232704130933 0.199428570261 0.204723117702 0.534381400071 0.285553245832 0.295520527732 0.34636897859 0.332070837879 0.120507722863 0.11229673347 0.175211305076 0.170004615193 0.21749448646 0.215053985857 0.382946009536 0.349933761819 0.169668637364 0.167638630434 0.293826154119 0.285952621197 0.164546668993 0.137845662005 0.146961619297 0.13040045859 0.143722668431 0.204723117702 0.106828218128 0.103159779399 0.244599296763 0.229742770008 0.249164080365 0.277599245211 0.253927775684 0.491525907299 0.461777252686 
2001120069 1.0 0.167667302993 0.167946206379 0.290462002209 0.201089078452 0.329562656352 0.217559861398 0.227377369188 0.194302625151 0.199609603376 0.50284680987 0.299401378834 0.299401378834 0.33981733186 0.33981733186 0.101163280692 0.101163280692 0.150920214274 0.158187865957 0.208703000165 0.21379856967 0.359753772615 0.367349149742 0.169885709953 0.182374697865 0.285477949948 0.293135185758 0.150402476164 0.130282304781 0.150402476164 0.137392703846 0.130401994568 0.199609603376 0.104947799222 0.104947799222 0.255790963798 0.240189732596 0.255790963798 0.288576040317 0.296942295723 0.480671656965 0.503497905066 
2001120074 1.0 0.188222904124 0.17179702282 0.302109166402 0.208441204667 0.36986066412 0.232391666463 0.22656697741 0.204715822627 0.195678751092 0.542449143577 0.283670180132 0.280270515967 0.332328208526 0.313943853453 0.11023304629 0.0987322770872 0.167338137386 0.161842068144 0.223144409483 0.215573805123 0.341623654088 0.355490892628 0.17667881163 0.167741071119 0.302109166402 0.277559718429 0.169183686921 0.149888121087 0.144755946396 0.140399959488 0.140399959488 0.195678751092 0.11408513786 0.116775367167 0.265476330522 0.231518557554 0.237449248586 0.303802666661 0.236993928419 0.467361539413 0.459436620154 
2001120084 1.0 0.185129143538 0.170161879228 0.279637779914 0.191899224639 0.36842255199 0.24713191295 0.23741943315 0.203139412339 0.199240781782 0.513627117412 0.279637779914 0.280207694459 0.326528068676 0.321067416743 0.0963298860977 0.098107592507 0.166289567184 0.164440507996 0.211664627145 0.203988415351 0.348239771681 0.338286342558 0.170785756221 0.165086008056 0.28439891693 0.26504202433 0.157756135027 0.138840873262 0.136133409705 0.132068806445 0.161914890606 0.199240781782 0.110713045107 0.119045213381 0.249647451499 0.222683352689 0.233010881132 0.301771777667 0.238090426763 0.486592370543 0.455898737223 
2001120098 1.0 0.191040179975 0.172994240653 0.275786863648 0.205614620742 0.329786482573 0.227971057197 0.233788225338 0.181638929555 0.193997516727 0.524244329286 0.293580961613 0.294226686529 0.346241551058 0.338524061399 0.106160600002 0.103937094957 0.161199880459 0.153023064909 0.191650533543 0.186320499321 0.350599070206 0.338524061399 0.159561442757 0.158919710711 0.288059199106 0.26526395063 0.149451552094 0.128891965173 0.136697225235 0.13508580674 0.137761032915 0.193997516727 0.0894427191 0.0943668876728 0.251419328676 0.237751019862 0.24411317227 0.294870997403 0.270171613479 0.493253758296 0.467139142122 
2001120136 1.0 0.184058456093 0.173690850173 0.275823105561 0.194624167643 0.378444337036 0.23543709161 0.23543709161 0.198266486333 0.190069148887 0.52431322168 0.307419234389 0.309218961813 0.345611698361 0.340289364699 0.102820820563 0.0925040165532 0.141439940808 0.137779136473 0.207901507234 0.198192822393 0.388384548056 0.381862985099 0.16577597539 0.16577597539 0.278981488334 0.266944940134 0.152182030298 0.146011885851 0.133691098338 0.145510985967 0.137567005267 0.190069148887 0.0974245617058 0.0918704199421 0.258778867272 0.243426471341 0.254912884802 0.280859470192 0.273963901185 0.504643893787 0.495445215799 
2001120138 1.0 0.19278747958 0.182937865304 0.305059165201 0.208986189278 0.406675827784 0.216189538908 0.222802807619 0.179504999884 0.177269483026 0.536853644878 0.298076997293 0.302749668242 0.353637976118 0.353863438669 0.109669670341 0.104149052055 0.147829513839 0.15176948544 0.195824982654 0.1870764744 0.385574959159 0.385574959159 0.12892428293 0.136613555983 0.27170494351 0.26444547362 0.155096335178 0.123876350187 0.154167915119 0.128055260045 0.123876350187 0.177269483026 0.0893070753565 0.0814605860871 0.261656014331 0.237294798054 0.252914105467 0.259205997697 0.269997016461 0.4840740067 0.508501657064 
2001120148 1.0 0.180589161552 0.175219493125 0.288518057489 0.20611585783 0.371035721954 0.210258343591 0.227182849779 0.184657649877 0.192467962731 0.520305479718 0.289619625826 0.293984626008 0.332886348398 0.345750755575 0.100019899838 0.10927529739 0.154538607601 0.163953413422 0.214258860944 0.206886867471 0.375514330404 0.381682204929 0.16435753879 0.168187742984 0.297216309829 0.290717020193 0.148675100554 0.117580310264 0.150007739396 0.127227401643 0.116787752197 0.192467962731 0.107191337112 0.0990869823186 0.262917566566 0.242329589798 0.260687693427 0.277405290332 0.298641388709 0.503035762256 0.521502610541 
2001120167 1.0 0.173116542889 0.165960821483 0.286988417338 0.235158017995 0.37271277327 0.248284340998 0.225136792025 0.207832241887 0.198648949521 0.500259897791 0.284422011366 0.286802543992 0.328408718462 0.33376410862 0.112775459326 0.124034734589 0.16214138282 0.163288430653 0.201116732955 0.209684217346 0.367489673567 0.369659907041 0.170478126538 0.163288430653 0.27759033211 0.275807645565 0.150101063585 0.139035088734 0.143842186406 0.132253548912 0.162059140166 0.198648949521 0.0960491364274 0.106325722721 0.266765524048 0.236965214743 0.256991298289 0.284046784274 0.282682410879 0.501537431 0.501298141518 
2001120188 1.0 0.182784327327 0.167486969872 0.285632012816 0.226716055271 0.349912965643 0.231478405892 0.225482873777 0.199405103851 0.193480853282 0.517226581067 0.277319836419 0.282216260515 0.337030452635 0.332576827733 0.117041147196 0.114950958567 0.178421303987 0.1709258977 0.222669637551 0.223321991402 0.369952800441 0.364006743346 0.16515457444 0.16552117772 0.288503607316 0.274552060269 0.151686682202 0.135207262224 0.143387823357 0.135207262224 0.143133964515 0.193480853282 0.103871009276 0.108103029568 0.251314883778 0.226555586178 0.239052966445 0.30052284015 0.275609728623 0.51218632202 0.489878151901 
2001120219 1.0 0.17957602685 0.183424521725 0.275210819434 0.193011623208 0.352543536292 0.242467850834 0.242323767717 0.195528490812 0.197836913789 0.540777098761 0.302303588376 0.292079585949 0.354847551808 0.347856265527 0.0961432336976 0.105385937015 0.177161120281 0.18738039174 0.232116038073 0.24414253769 0.351981713566 0.34678366705 0.158721990841 0.158721990841 0.265741680422 0.27723383584 0.141998062215 0.152589086056 0.139266279155 0.141916053509 0.143466202982 0.197836913789 0.116608415833 0.123681902369 0.254965358981 0.246137121815 0.268140316473 0.288591105527 0.277401754593 0.494350961069 0.471053160607 
2001130001 1.0 0.182015493618 0.165903171854 0.266754610686 0.206272528815 0.361944035277 0.243080079094 0.235535551693 0.200247309345 0.194165177506 0.518458827274 0.293568588297 0.287528419975 0.337278639949 0.317375544109 0.106597666352 0.100626791784 0.145726803289 0.13521059483 0.202254851358 0.192335855101 0.334534810924 0.326126148498 0.173054853804 0.160880487273 0.289977003036 0.255290963583 0.15373734075 0.146504479271 0.124109880596 0.133802601639 0.149912015675 0.194165177506 0.0836337027311 0.0879026875623 0.250901108193 0.22618362534 0.240626507487 0.299908239759 0.246433066162 0.46614054287 0.449118007316 
2001130097 1.0 0.191410373372 0.189074588833 0.273552812324 0.193488472105 0.339511997917 0.23853929525 0.23140016478 0.188191195484 0.189309464189 0.519034249086 0.280054461211 0.282070262757 0.33176696793 0.330962358093 0.0984234053765 0.100765819822 0.148010866138 0.150023697619 0.202466571084 0.193775334341 0.356307743339 0.35254647252 0.162807858724 0.167184289221 0.276220106261 0.287067190719 0.141801045264 0.135961768742 0.144593894204 0.132065679725 0.150319602635 0.189309464189 0.0889365219769 0.0885609966318 0.253836541283 0.245153883491 0.26146820818 0.283602090528 0.291521682855 0.49403210553 0.490511641874 
2001130141 1.0 0.176840745256 0.17615634505 0.274792098003 0.202658623825 0.337127981759 0.234582874846 0.23429662352 0.195031292508 0.196129295793 0.528875237389 0.291800453905 0.298215417059 0.341557821405 0.338359902813 0.101791854377 0.104138197507 0.158594882403 0.15025100019 0.216491821001 0.209945200203 0.359141894947 0.35280759174 0.174164082214 0.177068290808 0.283447566139 0.290324841646 0.143301287173 0.148453674741 0.140940313654 0.143955421 0.13921562215 0.196129295793 0.095111783227 0.0996598515276 0.244390534631 0.233148103743 0.257702849936 0.282736397753 0.269016747562 0.474315474958 0.478288720187 
2001130178 1.0 0.166711852154 0.161423306034 0.317639408648 0.203080933398 0.333301697703 0.236856217311 0.241223382311 0.196084226447 0.205470203043 0.578023035066 0.269016445884 0.264544383837 0.322384351795 0.314594391616 0.10016255768 0.105309171927 0.170808972215 0.167684886791 0.217459199055 0.223970287772 0.358692794195 0.354089832591 0.170252460237 0.17128454336 0.278767818706 0.271823998819 0.171758797733 0.151367590671 0.156649435215 0.152082435689 0.150198711474 0.205470203043 0.114202886782 0.114202886782 0.249348391594 0.239587950693 0.247383268557 0.29456390797 0.265363091817 0.474998572894 0.469370973356 
2001140141 1.0 0.187003903987 0.175564631025 0.273176736984 0.196647924976 0.371486243356 0.250141691661 0.250201327301 0.198835903239 0.187720549208 0.551733719536 0.291358708055 0.29819132129 0.337833402389 0.347198267891 0.100722460375 0.100722460375 0.151083690562 0.151083690562 0.195430279058 0.200330931081 0.349638983795 0.362090302441 0.16065524955 0.167118601127 0.268994090292 0.254634198261 0.140438957536 0.148594497342 0.139265500939 0.171524169345 0.146979291792 0.187720549208 0.0909131596739 0.0955537158963 0.242571806563 0.213315193376 0.222958670425 0.288476954492 0.264970686494 0.493104568559 0.479016019149 
2001140169 1.0 0.191189519622 0.19266448474 0.267686478843 0.196393527264 0.362912649189 0.242728649838 0.242801530383 0.184693851617 0.190075784789 0.535505132224 0.278823227285 0.268280678195 0.324729731381 0.307087775119 0.101823432094 0.0968360036686 0.143260980109 0.151659842127 0.199521721117 0.194492461971 0.35142012972 0.340890968658 0.152474285187 0.154663298887 0.274022744057 0.274216376923 0.141396332552 0.135648686581 0.135648686581 0.128687643362 0.132080097511 0.190075784789 0.101126003119 0.0906061993945 0.247421236404 0.23801788249 0.250971220327 0.26841254386 0.263355235725 0.475329066185 0.460814073957 
2001140244 1.0 0.178457652562 0.179758697631 0.301206728415 0.206316293407 0.384773094182 0.218031357444 0.229351572604 0.19919053217 0.199813490789 0.519467228655 0.289691355151 0.292466648898 0.339470202878 0.334491282707 0.112037633217 0.0962235499792 0.161648337043 0.154975480027 0.213349709381 0.22198561619 0.373504994675 0.344016069511 0.147159950243 0.157066474055 0.277250980631 0.276802354155 0.156967534534 0.126127045838 0.15417145136 0.131553025582 0.14276612205 0.199813490789 0.107219580895 0.109938053652 0.251822624373 0.224698372039 0.257676910274 0.269638046446 0.285641039014 0.481117749896 0.471825425938 
2001140259 1.0 0.197376669605 0.187765375321 0.284167361985 0.191543095772 0.383086191543 0.232450159392 0.229802356238 0.203042709476 0.190840469453 0.508157821552 0.307575458783 0.296304381246 0.344952429528 0.326775908655 0.103811188182 0.0881002690824 0.132263304459 0.127552452103 0.200378768448 0.198658105017 0.341079614753 0.353289430491 0.183259637053 0.168669676199 0.31529180125 0.285895475757 0.156457896501 0.149131263454 0.133945397958 0.139298756387 0.135716653695 0.190840469453 0.0896121094996 0.0819562011965 0.254870755553 0.224013616604 0.238033819258 0.312963489945 0.237028392085 0.513853689939 0.470009266896 
2001140326 1.0 0.188999515407 0.182267876454 0.243163143873 0.22110525613 0.376868503516 0.245222563105 0.251117587337 0.197284212881 0.208987340826 0.508027602703 0.303841101256 0.303841101256 0.347630986323 0.337307408334 0.112601337744 0.110965396003 0.156928767981 0.164143245921 0.190365310756 0.197284212881 0.375409965887 0.358295262704 0.169352532908 0.17674975379 0.279384092054 0.280472888433 0.129942664307 0.150686734397 0.122206674113 0.150686734397 0.164699351114 0.208987340826 0.10134721882 0.101497474231 0.255747704083 0.243163143873 0.25184476334 0.272704181967 0.255270562429 0.504596368067 0.489854396818 
2001140379 1.0 0.179696408795 0.178825500233 0.280600195311 0.19919958485 0.36730588568 0.244953223287 0.239093921742 0.195507942389 0.194239480676 0.540920246191 0.287289726891 0.295196416357 0.326860905621 0.333090391624 0.0981192837238 0.102147018176 0.148980018107 0.151491337416 0.203080460915 0.196304853066 0.348214190403 0.343890715654 0.18391840134 0.182284170279 0.28442244677 0.285836925029 0.146069799564 0.164501619084 0.142279819525 0.160092734367 0.137063590996 0.194239480676 0.0962450729732 0.0981192837238 0.237346295414 0.224674804314 0.243354642648 0.271935272947 0.296822613043 0.497103391508 0.501688448061 
2001140493 1.0 0.18542323106 0.180538712193 0.259090974299 0.215847972519 0.407214443801 0.241226849418 0.24560178608 0.199073654352 0.200880426251 0.506039288603 0.266971389936 0.271631914279 0.333821065861 0.329866990456 0.117012209398 0.11117870466 0.165709927794 0.153187211721 0.176706086158 0.176382941567 0.364328078063 0.374621857037 0.166053843615 0.169678911324 0.271981730154 0.270790512419 0.136514244298 0.145548430577 0.134691167942 0.143839902213 0.149289319117 0.200880426251 0.0838814237883 0.0876507454484 0.249747904691 0.22826546615 0.237972776768 0.276970093994 0.263457983661 0.484067063451 0.489108546981 
2001140526 1.0 0.173569175231 0.170784462371 0.285567269649 0.183744894763 0.349718487668 0.243174361678 0.238529403158 0.191934209068 0.200885048277 0.526013409601 0.30576998754 0.297558119139 0.352166290795 0.342094910224 0.0920353900704 0.0956543374733 0.156117592132 0.157010793654 0.197879117437 0.216027156024 0.367761501052 0.355890633313 0.153926811573 0.162512831276 0.248778380161 0.25792536023 0.147565616982 0.15301560891 0.147971203502 0.147565616982 0.15301560891 0.200885048277 0.10192332918 0.104631441416 0.252840661666 0.22790749254 0.25480832295 0.293842297005 0.290010002418 0.498198769313 0.50131678932 
2001150061 1.0 0.163479646123 0.16514098692 0.280479802833 0.203951602928 0.367112885271 0.228309677242 0.231026397653 0.195424059034 0.20356883449 0.479720010198 0.285031030167 0.286668107619 0.332947478047 0.326720664826 0.103116647667 0.103116647667 0.166004577718 0.152963702196 0.187480229904 0.196154370616 0.355089639417 0.349778485546 0.155073646036 0.165455541466 0.266944913114 0.278526512326 0.14221877388 0.121625115251 0.146007127815 0.118594831987 0.162282561581 0.20356883449 0.10261117086 0.106098948492 0.251861650344 0.224346763221 0.247540875648 0.27950486388 0.270956440106 0.487381392078 0.482556776459 
2001150102 1.0 0.170020121476 0.168902781082 0.280881146807 0.202234425701 0.359527867913 0.231347872088 0.237007771319 0.188337040161 0.196215133698 0.516821310125 0.29405452491 0.295553174351 0.342260333408 0.346839883188 0.103583848808 0.103583848808 0.151154774042 0.151154774042 0.181510952013 0.190999179829 0.342997170285 0.342997170285 0.171130166704 0.181510952013 0.271744344264 0.283564785595 0.138972316384 0.140777227279 0.149896876106 0.156085023988 0.127112296713 0.196215133698 0.0905814480879 0.0877500754327 0.246664187528 0.224985623261 0.25865478422 0.252480749077 0.291683947745 0.465144606736 0.485201348305 
2001150151_5 1.0 0.179443472917 0.183971568557 0.28294018644 0.207703708079 0.363229036876 0.235453160424 0.240684015656 0.195629263607 0.19901020392 0.547017693784 0.293737400921 0.305464766851 0.342430366489 0.350136496004 0.106390359439 0.104704861008 0.161300723676 0.160194016105 0.198282559057 0.192651126718 0.350104739032 0.363596182222 0.141862521417 0.1402069421 0.261581564605 0.263824761227 0.143421497033 0.140681952864 0.143421497033 0.143731263046 0.153531084483 0.19901020392 0.10201553501 0.0972160228687 0.240684015656 0.226793812302 0.246886818249 0.279341247999 0.274685234458 0.487633089911 0.486880058649 
2001150158 1.0 0.184473564497 0.168934541988 0.291853520686 0.200046731702 0.37836724092 0.228024324575 0.224798924128 0.189780993196 0.189780993196 0.513474453589 0.307450662569 0.299656089998 0.350472685927 0.34135258418 0.103256549696 0.0986264255537 0.152867854511 0.146026812985 0.193364240512 0.195840964746 0.351305163789 0.367280728453 0.174044600741 0.171763888639 0.295038919488 0.273511736025 0.150751268542 0.13811084025 0.150751268542 0.140937198076 0.152867854511 0.189780993196 0.0992170082305 0.101975578055 0.263890831993 0.232966798579 0.242007243669 0.294047189221 0.237068422966 0.494197209199 0.475643852324 
2001150203 1.0 0.176976225096 0.16472543125 0.269405699288 0.208825023352 0.38978833943 0.24542186697 0.242023791673 0.208247359663 0.200285897148 0.511426431101 0.28073730018 0.277065962105 0.319990965089 0.316679809099 0.100142948574 0.109893104897 0.167984052132 0.159524213531 0.213742580407 0.201783942682 0.347295789359 0.353441573164 0.173539466386 0.181014225066 0.27107731222 0.269126087692 0.139911990751 0.159995482544 0.138831573109 0.158292347887 0.162886920202 0.200285897148 0.108097119299 0.115374383231 0.255816245601 0.231074821121 0.240525950829 0.272462488905 0.250282177749 0.475003863543 0.465719922192 
2001150207 1.0 0.187225854896 0.175828027817 0.280701754386 0.210526315789 0.3393828802 0.243727087534 0.245961881226 0.214548962899 0.212868710213 0.52050068889 0.306836482394 0.305496090915 0.353305437824 0.348628270428 0.10671513211 0.10671513211 0.165405095014 0.149780683917 0.217005559243 0.212868710213 0.34023832065 0.356149473183 0.162168709051 0.185758832448 0.293098575114 0.303924829478 0.147942814511 0.121688023665 0.147942814511 0.128255626897 0.140837363495 0.212868710213 0.0944765755638 0.102297401664 0.254772174395 0.233991216652 0.245961881226 0.286728670693 0.260545841052 0.463429538156 0.455164648475 
2001150292 1.0 0.182057401256 0.174548339666 0.262333383174 0.196669683973 0.360666512493 0.249008745929 0.241117106588 0.20011897681 0.192850491598 0.530896072401 0.300797313984 0.297765155901 0.343468837031 0.336776818396 0.100578511093 0.098787652556 0.143177691121 0.142761476022 0.197650586237 0.1985517334 0.361161141086 0.369146268529 0.185537808784 0.179920310305 0.292980457281 0.279413676079 0.140238246721 0.148982465636 0.134719561718 0.149779168994 0.139066467191 0.192850491598 0.0894626758261 0.0879533564952 0.267777612483 0.246426407701 0.256425895357 0.282905821184 0.247390426669 0.495291726838 0.478828780351 
2001180363 1.0 0.181047015522 0.186109025732 0.284899708225 0.19772982519 0.343020350468 0.234332316397 0.237198873335 0.196701760208 0.191743190985 0.540896652476 0.287732252191 0.288611721136 0.338208750112 0.335399492021 0.101520891446 0.100349135394 0.15258614954 0.14820476984 0.195409073082 0.1932353784 0.346109581875 0.343954945541 0.161933373532 0.167371985538 0.273276092864 0.287144443094 0.14820476984 0.150017739633 0.143807393239 0.146715236861 0.144393646763 0.191743190985 0.0939130091967 0.0988221786781 0.252383628687 0.238406723244 0.252182712937 0.29192954074 0.273646804442 0.485104031802 0.472863802503 
2001180499 1.0 0.179350134129 0.178783823482 0.286600950195 0.197436210134 0.36308373358 0.242102367108 0.245760714525 0.209497450686 0.203904610074 0.522289453728 0.309924537065 0.308086764184 0.350521570455 0.347908085125 0.0963790970766 0.102695588061 0.149228331892 0.153383664362 0.216636580342 0.217663963722 0.362636585955 0.353918902036 0.173954042563 0.163247972792 0.285182124895 0.274159198521 0.165346520585 0.145233493432 0.134954783445 0.128960598648 0.150311673387 0.203904610074 0.102695588061 0.0996892099858 0.270584998533 0.254835999113 0.270959510821 0.298524610663 0.249771728827 0.499908724886 0.467540464465 
2001181052 1.0 0.171403387475 0.171783861611 0.268774989121 0.211397511219 0.371417953182 0.230316381459 0.243073398701 0.207972582702 0.206476074311 0.50330240612 0.288458315947 0.29759322707 0.337286949238 0.33636625906 0.109900332918 0.10426061029 0.176007531577 0.179405851324 0.214691818371 0.211397511219 0.373477628438 0.371374006195 0.176378074159 0.179314851648 0.293172732966 0.285272090869 0.149971162164 0.133259320931 0.130286620118 0.143292502939 0.13759800676 0.206476074311 0.123071398674 0.121065755484 0.267801604342 0.25165120306 0.260823671088 0.268957106582 0.256660317363 0.469755089344 0.475590780044 
