Leaf
2001110054 1.0 0.159705350236 0.159705350236 0.270561902397 0.212605352943 0.405893162168 0.210454147322 0.221211957989 0.175839857731 0.183947286485 0.497584767075 0.276870746408 0.276870746408 0.328629131982 0.324232677142 0.108985388266 0.108017565949 0.146919773768 0.150451059929 0.188953569253 0.188149112874 0.434493861723 0.421406968504 0.140837675147 0.143626810765 0.244463583593 0.242739289146 0.145322772275 0.126431319452 0.137483916065 0.123158974174 0.130518121531 0.183947286485 0.0854636729288 0.0831103746572 0.300358764626 0.285174557136 0.307385426288 0.263039962177 0.268483956227 0.50848630985 0.504732232258 
2001110033 1.0 0.173528636425 0.176803737088 0.272858590301 0.197188292871 0.349327320355 0.238183247861 0.231285788057 0.182481059491 0.186215427985 0.53583945018 0.293955770313 0.297190653535 0.335704636941 0.338729064133 0.0980430651872 0.101493186494 0.166709156576 0.161662070973 0.206288193966 0.220448756535 0.361487380079 0.342062317818 0.150131677712 0.150131677712 0.250700192332 0.264989199553 0.134736791782 0.137360563949 0.147042924419 0.135867469997 0.135867469997 0.186215427985 0.106159127381 0.11536696213 0.221717370891 0.217186121382 0.238183247861 0.255983968136 0.281686477844 0.469383920326 0.478662508499 
2001110072 1.0 0.171089422037 0.175285565794 0.284938225102 0.197756557178 0.331593680229 0.213218731541 0.236660330894 0.179477769463 0.202235269614 0.488502244754 0.287771152012 0.288650739857 0.338254474079 0.335444836191 0.101534616513 0.100362702047 0.157081718274 0.15260677835 0.193261502763 0.196728353206 0.359143818791 0.340644291073 0.156542842867 0.163822845244 0.271015466594 0.280815827818 0.148224806311 0.122643410414 0.143826835209 0.127640275325 0.157081718274 0.202235269614 0.0967618354364 0.0937455987362 0.225769298705 0.215426676699 0.245355711946 0.296449612623 0.315291109975 0.511652292361 0.513992152736 
2001110077 1.0 0.177958795751 0.171512582627 0.285752762063 0.205780197222 0.348969930519 0.263088292044 0.25199585305 0.202017316374 0.208538239802 0.571505524125 0.29280666085 0.295912272919 0.338473969891 0.347563733004 0.0997891930622 0.109909302836 0.176021897076 0.17141737719 0.202662740754 0.211414765201 0.342501280629 0.342310578342 0.170462398299 0.177223425681 0.263088292044 0.283688710277 0.134489529251 0.164814438124 0.158039012975 0.160091553681 0.14998340261 0.208538239802 0.11779532537 0.120128132534 0.247221657185 0.228842020212 0.248078580577 0.281377562117 0.29635327506 0.490265685846 0.501589103598 
2001110086 1.0 0.172617754288 0.178992988484 0.272331018418 0.209398899669 0.351279649409 0.2311183844 0.23942606534 0.180513771875 0.190318125879 0.539771650648 0.28024638958 0.283109339315 0.332036879959 0.33787219893 0.106639691148 0.109173053627 0.17474260263 0.176919195815 0.213343459024 0.203909199783 0.333679417215 0.33677816843 0.165337822353 0.175756515997 0.271174191058 0.283398866582 0.137240352301 0.139217980914 0.143568077954 0.154394013085 0.136341061094 0.190318125879 0.105867861767 0.107660189913 0.236727735544 0.214620976184 0.232180460691 0.26644537623 0.269911146507 0.462266337761 0.466387489537 
2001110111 1.0 0.18651861743 0.186179923456 0.266348796494 0.211091105173 0.326634703821 0.237167498017 0.246408178961 0.181580483121 0.183379038468 0.562772557322 0.287499382566 0.287981948437 0.339780287505 0.333177612368 0.113359121074 0.102481209908 0.160235247407 0.156488866899 0.192316431161 0.178070672354 0.330934734556 0.332836455386 0.160550051733 0.164587724054 0.276715689536 0.267578177908 0.142913034113 0.151904512986 0.129180900775 0.158890370892 0.14605819634 0.183379038468 0.0922385631785 0.0877500754327 0.24743062393 0.231184124606 0.233790322015 0.297129241943 0.275252059096 0.494478475147 0.474787187076 
2001110148 1.0 0.191881639527 0.181685846077 0.256676384906 0.19892870886 0.335914636313 0.235732183388 0.255455925641 0.190399905851 0.191881639527 0.530511330707 0.287813976335 0.281258240108 0.327464266256 0.322263465863 0.10317536038 0.0981298653662 0.153924639027 0.153416216039 0.191728887767 0.180337008966 0.332260580839 0.337307275083 0.175951258151 0.15130091317 0.296472216477 0.241503063968 0.140455396554 0.142320388813 0.127249184755 0.146912545061 0.131402575001 0.191881639527 0.0988240721592 0.0951999529253 0.239023542445 0.221374745039 0.227295365966 0.309778395086 0.26476737672 0.484399272133 0.462682443431 
2001110158 1.0 0.159617376894 0.163634012821 0.282166323992 0.188342261448 0.336895065494 0.214891470164 0.219850289803 0.176871943701 0.18492950575 0.499926501212 0.29407008867 0.302852679075 0.335474099062 0.345333559079 0.0912647268525 0.0994842161359 0.152474285187 0.150859045931 0.197609426765 0.202204896544 0.349739176281 0.346325288265 0.16182751023 0.177079580568 0.257232472349 0.284371626486 0.135909299092 0.141819215404 0.151426339538 0.146157714176 0.143536217596 0.18492950575 0.0996072640693 0.106270803076 0.231994948331 0.222728613512 0.249840713587 0.276908105644 0.313035430573 0.486188467438 0.50845376656 
2001110163 1.0 0.173148665042 0.174156328244 0.275629980277 0.183929582403 0.335518323093 0.226171242932 0.22507253344 0.184720681032 0.182736513062 0.513289799043 0.304007088273 0.298244545594 0.34785184214 0.338202166141 0.0978046519802 0.0890649938439 0.133706594492 0.134142122012 0.181535602924 0.176319843847 0.342997170285 0.340608106191 0.174323705821 0.177638141408 0.271203400916 0.274197850993 0.144099537537 0.1632659757 0.136726156316 0.164245491296 0.129833423655 0.182736513062 0.0797353375326 0.0810053773154 0.248768438413 0.232779882714 0.244213262994 0.295444526577 0.292318566569 0.500604784575 0.491551297249 
2001120155 1.0 0.183439627022 0.174067599476 0.242086861172 0.19347849334 0.3333862835 0.23555584137 0.228649093252 0.183832852826 0.181858221418 0.489336330933 0.302689102287 0.31213205137 0.337348129865 0.341644647623 0.09733457073 0.09733457073 0.156227883967 0.149423857186 0.197175397924 0.194817460827 0.344003750896 0.353446147194 0.158065922302 0.165911559807 0.267319132853 0.271606802285 0.122555235217 0.137336756583 0.125466691835 0.139734467412 0.12372803931 0.181858221418 0.100975857213 0.103378697974 0.243336426825 0.225724908897 0.233338216088 0.290665261849 0.28746774678 0.496136251366 0.507845498783 
2001120156 1.0 0.164529826154 0.159617376894 0.27226885292 0.188081940299 0.341553071623 0.229286433301 0.22409926407 0.17770103548 0.178869003824 0.509825074957 0.285618028161 0.289790341351 0.323238451489 0.325654656675 0.0945605374743 0.0945605374743 0.143536217596 0.136897090279 0.188472287188 0.185986254385 0.321147501602 0.343198775222 0.159924038803 0.157298357113 0.257232472349 0.254792380726 0.136897090279 0.140081169163 0.140778962617 0.140081169163 0.155418229515 0.178869003824 0.0929931271925 0.0952060093871 0.244538581985 0.218677150675 0.22360679775 0.306790692741 0.289663509187 0.480103900236 0.497421080679 
2001120172 1.0 0.161736407651 0.165580995445 0.28463937209 0.186565865413 0.336495571828 0.226790152624 0.229839174669 0.189837952347 0.202067018127 0.507197387683 0.28628076934 0.297472102329 0.329581643218 0.340293431912 0.0954113342994 0.0937124803321 0.157967762611 0.161653614502 0.203847959853 0.198052041395 0.340175390595 0.348840945256 0.166869582937 0.166628731838 0.273069446861 0.281375430915 0.143117001449 0.127273561799 0.149342360522 0.13493200297 0.139036590599 0.202067018127 0.111099210706 0.109643699667 0.251478266209 0.227908947652 0.252911504872 0.294214019393 0.299981703548 0.486641822006 0.494284449406 
2001120178 1.0 0.176890028064 0.176890028064 0.2622110995 0.196691501105 0.333154314344 0.23331735324 0.25010065088 0.17629884465 0.190763605463 0.519306599008 0.29673842231 0.307597071248 0.337777974018 0.342818079519 0.0996638645951 0.0989128074367 0.158761049514 0.147562850776 0.183104392339 0.188086641307 0.334762038872 0.342818079519 0.172709253384 0.171060647042 0.266946162254 0.262267972096 0.135111189607 0.151748447602 0.133891449349 0.159230063976 0.131531448705 0.190763605463 0.100409304036 0.102613135758 0.235100372047 0.223923391609 0.237937947406 0.311356034411 0.302364532008 0.490597651016 0.502996242516 
2001120179 1.0 0.179395607495 0.186025221568 0.259678092559 0.212357961488 0.344442560435 0.196201113608 0.207005096973 0.164667328427 0.170828326835 0.477297826717 0.297606002976 0.303045389177 0.328320797115 0.350392142941 0.0994506279508 0.114706592198 0.156714313012 0.160567083421 0.192368803217 0.194380182208 0.323410030709 0.342825602109 0.137447544968 0.143924748882 0.259335509174 0.275903882646 0.122393251517 0.115093462073 0.142683995136 0.122936821555 0.126851850575 0.170828326835 0.0971900911041 0.0970756824816 0.226340874265 0.207487689487 0.218394844982 0.276266146271 0.320614672028 0.470544599032 0.513373263918 
2001120183 1.0 0.19107892659 0.189638974444 0.282767111218 0.204453995619 0.366823539047 0.209224789007 0.232554219123 0.166305366477 0.190576180939 0.513322323813 0.278272254488 0.288524752035 0.324771725105 0.342237131304 0.0978077782865 0.111062370149 0.160261969628 0.15566350786 0.173326895195 0.185103950248 0.356016062969 0.358662488656 0.149005805637 0.174037092596 0.259990342793 0.288334683007 0.139701373929 0.141456240159 0.151106512122 0.151015784697 0.112045242141 0.190576180939 0.0914346064953 0.100707436814 0.222186433047 0.214656743849 0.230898165974 0.278222998403 0.30298299498 0.484053023585 0.518343944839 
2001120191 1.0 0.166956476514 0.172255325867 0.283145164223 0.218997847161 0.368596056384 0.236594960774 0.239173565207 0.194430291811 0.194430291811 0.512803266106 0.273248540018 0.281021166219 0.320529163049 0.336847853581 0.108943833767 0.114186323196 0.158811563484 0.162452670601 0.201350646234 0.196401289396 0.343723008278 0.345379115232 0.181686503997 0.172586268201 0.280309590411 0.272987382986 0.145302085836 0.138568182592 0.148986112193 0.146670124889 0.136179792209 0.194430291811 0.0980552698668 0.0908039854084 0.225354373017 0.208383493724 0.231104770875 0.271992699407 0.287147414511 0.484392644403 0.472254434675 
2001120203 1.0 0.155094883465 0.162470689205 0.267225856592 0.20328884365 0.311696346302 0.244748497433 0.236280042208 0.21139311268 0.213454597861 0.475610415282 0.307419571068 0.296801149008 0.352511292958 0.347154905633 0.0985670392667 0.10980784673 0.150021554419 0.140413931877 0.174207021791 0.181254878999 0.33908181187 0.329207068467 0.1655135921 0.167531752206 0.258627139392 0.281769148391 0.127089337462 0.145821906283 0.144488889989 0.129313569696 0.148999829334 0.213454597861 0.0727711429398 0.0902614940029 0.238468065685 0.234723275345 0.254699000289 0.266691785824 0.321316973454 0.472172015482 0.4852342403 
2001130003 1.0 0.173834301282 0.172188031804 0.29184866087 0.187786581929 0.328285849646 0.212072884758 0.215309856866 0.186336470792 0.181169700359 0.495223352087 0.305694407758 0.30746399943 0.352203349275 0.34708293995 0.0960356188725 0.0943256491574 0.152113372954 0.144053428309 0.181916795077 0.179892518809 0.345005636462 0.333369499372 0.154589799919 0.160782705098 0.27564456599 0.275201367652 0.153268118782 0.12423644455 0.145272255476 0.13145060735 0.137502080672 0.181169700359 0.093168235396 0.0956109935699 0.221580821578 0.218809027416 0.234082294392 0.261245127577 0.319534450445 0.479188472625 0.508706243905 
2001130034 1.0 0.176593499266 0.170052208939 0.254019807044 0.211703375606 0.333370656515 0.23691322542 0.230504931346 0.189072151233 0.186087399465 0.49231255085 0.296339385707 0.298597959269 0.338123210239 0.341131739792 0.113107191022 0.101773094299 0.149837080029 0.15343700574 0.184045330015 0.185786286971 0.355714308039 0.338371495581 0.145572740074 0.15058254274 0.248448519899 0.251361000579 0.123518033306 0.137970606464 0.134892807996 0.143928890243 0.157843651891 0.186087399465 0.0910286228535 0.087580495579 0.227202222472 0.222785276021 0.239264779086 0.272367355351 0.323266805737 0.501634973131 0.514201214483 
2001130075 1.0 0.173170792905 0.168144673722 0.281441919358 0.201029942399 0.356156500929 0.226567441371 0.233805088083 0.187089922815 0.192564337344 0.505577234388 0.292873028316 0.288103160317 0.339219603352 0.3221091255 0.104023060155 0.0983165236515 0.158447369027 0.139040561153 0.183529370465 0.190237450768 0.339316842741 0.33199454027 0.156878026595 0.156878026595 0.267252424756 0.2594861642 0.146436514158 0.140221895561 0.140808846204 0.13700891815 0.158863242102 0.192564337344 0.0927925175131 0.100473936304 0.218336642405 0.189629523099 0.21367846192 0.299830602302 0.280561402279 0.495559591295 0.486184155429 
2001130093 1.0 0.197275844184 0.193955193954 0.265929467527 0.217952722086 0.345432072577 0.234072377682 0.231524740314 0.171547013287 0.178644036623 0.537405610203 0.273572373699 0.287171097156 0.327985608559 0.324697015431 0.113607604297 0.107475866626 0.181778381627 0.174323299484 0.17982581822 0.178644036623 0.339161468303 0.313861134211 0.134443338611 0.150030121994 0.263903917939 0.271447809422 0.136631246811 0.131576866347 0.134548331472 0.138581021438 0.146987370004 0.178644036623 0.117637921285 0.117637921285 0.235395850658 0.218922411237 0.246587647077 0.284255077242 0.311422113039 0.492974822205 0.492200808399 
2001130111 1.0 0.189875519139 0.183621292491 0.277325649056 0.197386958418 0.315082818916 0.22301963677 0.230454846533 0.180657024889 0.187069322618 0.516572716055 0.297565303699 0.294812421361 0.343459826581 0.340107031658 0.0967769185291 0.104231931161 0.168082050361 0.160572162214 0.208358123608 0.221233863609 0.359019580636 0.335901779885 0.144918481571 0.161666363372 0.269384863823 0.285547384558 0.134426301761 0.124997245331 0.151534382682 0.127700672534 0.136136732462 0.187069322618 0.098693479209 0.111287268354 0.224791223945 0.221084398083 0.247380386939 0.271665756113 0.303068765364 0.484612718091 0.489319124415 
2001130209 1.0 0.181860723998 0.172096440078 0.269627350164 0.215559408596 0.328274748606 0.233722453024 0.229630375178 0.189106928634 0.181794724821 0.524224181472 0.296545978864 0.304098173339 0.348386071642 0.344053389621 0.114370115069 0.10473031432 0.152423519567 0.152423519567 0.192128801951 0.183044639948 0.340300796627 0.337467858295 0.1492410497 0.1492410497 0.269493794133 0.260803989135 0.140288229127 0.133269315405 0.133718791606 0.138653413195 0.136208450948 0.181794724821 0.0883193750684 0.0832843169576 0.256489047457 0.240104781319 0.246175596063 0.300765055126 0.291320089757 0.481532215881 0.479859573843 
2001140004 1.0 0.166967489265 0.180538712193 0.283953914269 0.191279076052 0.32122166301 0.230915952254 0.226173162916 0.182633198873 0.195993025101 0.512462122202 0.306188158702 0.311361454257 0.350657216921 0.361971637455 0.0943382591868 0.10171017026 0.139545202353 0.139817485934 0.183981829281 0.18756456564 0.328943314886 0.339245730878 0.156016279198 0.166053843615 0.254947619165 0.289918591532 0.136514244298 0.131981380988 0.157230431978 0.1300947991 0.139817485934 0.195993025101 0.0772733526781 0.0876507454484 0.231738012356 0.222784609348 0.244593150253 0.284756423399 0.30073630152 0.480399686534 0.489108546981 
2001140047 1.0 0.180687015199 0.183944576273 0.26241003022 0.186782405868 0.332874862879 0.223052139282 0.213648845284 0.166819315149 0.179934149361 0.502217981529 0.304940205864 0.305662748146 0.334299150582 0.347294671054 0.0933912029339 0.094833623471 0.157398590086 0.159965040639 0.197812650168 0.205965468582 0.336071021897 0.336121509544 0.135123394112 0.151912623541 0.23591813795 0.278228779331 0.110532669304 0.132075105796 0.159007476088 0.129348938007 0.115340662406 0.179934149361 0.110532669304 0.11205732987 0.237209277565 0.234836765696 0.271562170328 0.250228972724 0.351905730822 0.464953074588 0.537092231268 
2001140087 1.0 0.175792604976 0.174835469342 0.269757239595 0.195740073172 0.349190731172 0.243608340071 0.232205754156 0.205702195374 0.199069345177 0.497553935104 0.296571755317 0.301806328423 0.336173819099 0.350030661984 0.0975121924751 0.10172327286 0.158650234174 0.157766381981 0.191697807324 0.194449937797 0.331313622743 0.338825465359 0.161099224888 0.158473858095 0.269705398096 0.276868775853 0.135962829018 0.135137553842 0.142392942953 0.126146613471 0.153726173579 0.199069345177 0.106425812478 0.104168239773 0.253950524553 0.238210272691 0.253067983136 0.274280923307 0.278329569127 0.465854530459 0.47864600073 
2001140123 1.0 0.179455393561 0.17369090348 0.271513055357 0.179176230218 0.323556492137 0.243726560738 0.225001622257 0.203178480843 0.195476971672 0.508496145234 0.293485643249 0.285940650716 0.333311084412 0.326176009624 0.0931492865665 0.088369172391 0.147960155365 0.149083635091 0.208288136818 0.210281370146 0.33391128493 0.333361142396 0.153495345069 0.15500978261 0.266551229255 0.273899356822 0.137314715962 0.136339110598 0.142911958209 0.124972882091 0.160613707043 0.195476971672 0.103339855073 0.0982068498099 0.240764675358 0.225372117523 0.24678814488 0.278850109583 0.288843675911 0.457796724338 0.471196027834 
2001140148 1.0 0.171885424548 0.178333353852 0.269933570495 0.196411157697 0.325147255369 0.214632226958 0.216899838826 0.188191079954 0.192540607627 0.48469228275 0.308943347104 0.302853074849 0.349740481236 0.354443804061 0.0938452188633 0.107140616856 0.13454784957 0.147491890402 0.19400111357 0.20179846257 0.345735893772 0.348608719257 0.161964789847 0.16518599592 0.277767323017 0.293576956575 0.133987231092 0.12632437293 0.145823811901 0.118006270446 0.131291606306 0.192540607627 0.0799887082735 0.0748854350182 0.248442646477 0.226989593371 0.25531607928 0.294983780804 0.334785445761 0.483876269189 0.503506709387 
2001140296 1.0 0.187250218817 0.176550768746 0.261285827056 0.194264556514 0.366622247054 0.249192833932 0.226364142418 0.197678412207 0.199287137303 0.496000302137 0.298243244625 0.291018286972 0.348768839203 0.332932695211 0.099414414875 0.0998721966432 0.142313072424 0.144749572974 0.197447524359 0.190150997305 0.345263535774 0.33760391274 0.162935156499 0.167445368964 0.269366076109 0.280157131784 0.138852054205 0.150517091125 0.131078633182 0.131541810008 0.154504989411 0.199287137303 0.0857857916181 0.0789559040791 0.239421615842 0.216826532709 0.22956567995 0.291227201778 0.258477478675 0.48577878114 0.46071822417 
2001140396 1.0 0.170414482631 0.171169367755 0.261403883541 0.198787622694 0.32948082619 0.236275150655 0.231102880767 0.190423422337 0.197486216739 0.505792394978 0.308462434225 0.31354077291 0.356362679566 0.362816451665 0.104684784518 0.100602536081 0.156616110164 0.149885801278 0.18872317917 0.193112677066 0.348589884152 0.347849384358 0.161479860561 0.161579631877 0.250961085747 0.259982023801 0.123994749181 0.154440061104 0.143738503727 0.159066576203 0.141021940675 0.197486216739 0.0888642637571 0.089766462154 0.251410204756 0.238718037379 0.259982023801 0.294784095865 0.29636530369 0.502211066062 0.492129841426 
2001140566 1.0 0.170423413434 0.173495934596 0.260345392597 0.176172566371 0.308485551602 0.221019698541 0.231103030251 0.191920620428 0.211384228531 0.461617803947 0.308191802399 0.324929797381 0.351530163299 0.368429905646 0.0894467696115 0.0921074764116 0.147846485988 0.143283499476 0.200536687079 0.211384228531 0.347730659154 0.34283403127 0.154731350911 0.173756765514 0.263801456138 0.290802595221 0.128626959196 0.129678900959 0.137805657106 0.137366784472 0.139871498127 0.211384228531 0.0887691328091 0.0945339008734 0.266307398427 0.254895904215 0.279148774677 0.29323223872 0.317456986803 0.489796868266 0.50598733878 
2001150081 1.0 0.167967170829 0.168431041281 0.284966519496 0.201114180072 0.346768545205 0.234965504841 0.227405752332 0.203351851558 0.194326879629 0.502785450181 0.2979760284 0.305832449714 0.3403644364 0.352348625243 0.101944149905 0.101944149905 0.150317476068 0.150317476068 0.204956984104 0.197433757584 0.323920956744 0.338202786467 0.173271736553 0.172459309244 0.274251311594 0.277868962556 0.143628598158 0.150421250658 0.147910566676 0.147593728254 0.146639105551 0.194326879629 0.0949705850341 0.0929779735425 0.238655598302 0.212360683999 0.240284665666 0.282491611411 0.314634818436 0.481639679092 0.497982948544 
2001150161 1.0 0.169335575149 0.175261871351 0.285810184448 0.195770188082 0.338877594176 0.223149683724 0.231819495799 0.192528139317 0.202444082545 0.508447082428 0.305216769426 0.309675381373 0.348000659827 0.357673591151 0.0965180171463 0.102696809047 0.154475919887 0.161903437585 0.202444082545 0.194479854218 0.342000198607 0.345378160813 0.157257876511 0.163279899653 0.264087237561 0.276911372539 0.142414850326 0.139637692503 0.150439033732 0.145235220167 0.147053722089 0.202444082545 0.10215054555 0.0993741958209 0.236833679846 0.22767952891 0.247914142915 0.277970118108 0.308045022908 0.484210491107 0.494585464883 
2001150198 1.0 0.172785096476 0.172785096476 0.276083191567 0.183895898413 0.344996314571 0.210992496439 0.221081764584 0.185683072558 0.196400905599 0.482726733334 0.313711324699 0.302346612748 0.350127359353 0.339593353838 0.0926635082413 0.0926635082413 0.147188535537 0.147188535537 0.190251172366 0.179901631715 0.322022997776 0.319345433574 0.145382472837 0.16008584223 0.252333887968 0.268072034326 0.139824385043 0.147188535537 0.142166664989 0.140295969468 0.134036017163 0.196400905599 0.102800932409 0.102800932409 0.236665519313 0.218678630554 0.242455514175 0.283868352839 0.2763223282 0.480119976199 0.463887427696 
2001150201 1.0 0.173825415612 0.178088662421 0.266069659573 0.201179314988 0.37381402427 0.21132910573 0.242467917843 0.177007838487 0.187721932901 0.496173558337 0.307665803101 0.310768773178 0.349302864061 0.354015676973 0.0974179042697 0.106977206336 0.144204050831 0.158936488475 0.185478163842 0.181196223625 0.364552278322 0.35568719481 0.159046213368 0.155047204883 0.275349437487 0.259362895064 0.142867111257 0.132080691081 0.127510893446 0.14089982822 0.116949229249 0.187721932901 0.0886024211316 0.0878113122481 0.242467917843 0.231046846779 0.240444908205 0.257878881923 0.269392808476 0.480817256648 0.480345351032 
2001150210 1.0 0.174758520652 0.175914598445 0.267369569111 0.18599622199 0.337118152357 0.219335606111 0.22360679775 0.183803655523 0.187803807923 0.488378453163 0.305799793187 0.304249186634 0.343471939135 0.338917194702 0.0937218426184 0.0937218426184 0.148869614637 0.148869614637 0.203017773154 0.198644052162 0.353553390593 0.359052807981 0.161914224873 0.177063128153 0.271133755762 0.281165527855 0.143790387981 0.141898326752 0.132542700922 0.140462556326 0.139980693649 0.187803807923 0.103975048982 0.103975048982 0.235383528322 0.220870513613 0.241895666587 0.283081499104 0.308877654429 0.488378453163 0.512017736179 
2001150334 1.0 0.163180632321 0.162869713082 0.279087874269 0.186109025732 0.348832598921 0.221355085482 0.221355085482 0.187646022168 0.1932353784 0.499957758497 0.305006158627 0.306773684665 0.355168546441 0.358907016666 0.0919126964597 0.101520891446 0.158132582223 0.153469434195 0.192446838087 0.192446838087 0.359095271081 0.354024990331 0.14820476984 0.163800700289 0.25748682046 0.276166682205 0.135707470022 0.130632486068 0.14820476984 0.135582910592 0.147976586841 0.1932353784 0.0962234190437 0.104796597758 0.244494683214 0.232595425377 0.253252421717 0.264734095877 0.315890980905 0.488436210859 0.505603380621 
2001150340 1.0 0.173547855023 0.16860571977 0.292117578757 0.193066941161 0.306926932102 0.225991531983 0.228418428671 0.198820193712 0.195839584858 0.514868976044 0.285670520218 0.29224339209 0.332269674919 0.343154742152 0.0961200491064 0.100969446196 0.167512049506 0.1703409873 0.200599518061 0.201999562031 0.336629538434 0.332085234341 0.163888539863 0.161629977044 0.279381746056 0.276958996955 0.147685654574 0.135934277062 0.151454169294 0.135934277062 0.147685654574 0.195839584858 0.109582536529 0.111247176691 0.245782960294 0.23782702931 0.25555943281 0.297849992961 0.300715969565 0.496353570356 0.489392442348 
2001150353 1.0 0.15940363514 0.148077668815 0.295501331669 0.204741927953 0.352800152907 0.24933808931 0.244638101798 0.207246509493 0.223130408408 0.51157125251 0.298757045037 0.298757045037 0.350599714686 0.36093233814 0.104706723761 0.10774232988 0.160612782443 0.154472427776 0.179570549799 0.183126747499 0.33402053073 0.335369335591 0.154472427776 0.167684667796 0.245690313543 0.264889386735 0.140478811219 0.145441060313 0.160612782443 0.148077668815 0.168834518988 0.223130408408 0.086492630359 0.0976969414933 0.253951106929 0.23876806655 0.255217703848 0.273041730154 0.287312879679 0.473875759584 0.475506070913 
2001170165 1.0 0.182243680167 0.182243680167 0.290708915913 0.182243680167 0.345021433454 0.236437441192 0.227217415768 0.189323724192 0.195308338085 0.526196355372 0.281514203246 0.274416064139 0.332894592329 0.333388135361 0.0924652320521 0.0976541690423 0.141630473612 0.15599391214 0.17859843832 0.186700173939 0.342150192689 0.348812991622 0.154936314101 0.14620036883 0.267744178431 0.276207700564 0.149536167662 0.141630473612 0.14620036883 0.130765585216 0.128226205908 0.195308338085 0.0906696197235 0.0906696197235 0.251924522711 0.235741011281 0.243292119835 0.303979957456 0.292962507127 0.500246568602 0.515462968298 
2001170390 1.0 0.190408960045 0.190408960045 0.275821076014 0.172388172508 0.362015162268 0.239489303102 0.239489303102 0.201775182737 0.201775182737 0.517164517525 0.295081019927 0.301063000323 0.332936861789 0.346924505021 0.0879010655533 0.0879010655533 0.148293913211 0.148293913211 0.192735836123 0.201037428227 0.363653248291 0.354968972966 0.16354178004 0.147288519156 0.277967575904 0.269830170572 0.125500483947 0.138983787952 0.158934042035 0.146276214932 0.138983787952 0.201775182737 0.0928338719759 0.100518714114 0.231283003348 0.224766677769 0.258582258763 0.262573841592 0.310777197631 0.503479719192 0.514283355734 
2001180074 1.0 0.176215599638 0.184470920768 0.281129083545 0.202603329772 0.372670069882 0.215325850352 0.213640105123 0.177418450459 0.172186584352 0.515900560248 0.290578299278 0.295297555968 0.332559681831 0.347692208662 0.0986962525852 0.1075641065 0.152258368949 0.157881676727 0.181682786721 0.188124164938 0.351040455654 0.35603365609 0.152676853574 0.148868147354 0.266207581914 0.274932851171 0.134455133125 0.135714693492 0.15057280002 0.141093123703 0.129129644538 0.172186584352 0.0933812864341 0.0962966477401 0.227524522253 0.216802387767 0.2540245627 0.26891026625 0.300650817591 0.475035007699 0.475571972837 
2001180155 1.0 0.17651787642 0.184083980354 0.251606149386 0.188645669476 0.339620424038 0.227854677488 0.239033906345 0.200927072378 0.203177604056 0.46570821759 0.309721235904 0.315977585783 0.350337350836 0.35621355682 0.0961907949814 0.0961907949814 0.162279140905 0.162279140905 0.210818510678 0.213890878784 0.345335522603 0.331847221013 0.159079996339 0.161178930654 0.26529898381 0.270026286376 0.13324433566 0.130848736541 0.131301240727 0.132649491905 0.152091001042 0.203177604056 0.109818499386 0.104088048624 0.241993173307 0.234018651269 0.265373495533 0.278389993594 0.296346542464 0.489833373594 0.473413355974 
2001180221 1.0 0.16947863824 0.168979436454 0.273276092864 0.17439208002 0.354597229374 0.228786930575 0.219361545665 0.196701760208 0.182070676814 0.494657703234 0.294350320724 0.289605223975 0.335852564712 0.332921946211 0.0889228619039 0.0889228619039 0.139997248357 0.132558375981 0.197644357356 0.194976272831 0.346938471262 0.343954945541 0.153469434195 0.143572221547 0.262619521251 0.252383628687 0.135707470022 0.135582910592 0.142509146458 0.136204568646 0.148887220586 0.182070676814 0.0858289401534 0.0919126964597 0.232304680981 0.220896634692 0.240312595623 0.27963220047 0.300316912101 0.490541772287 0.489300241626 
2001180233 1.0 0.183359640738 0.184113102958 0.264220579881 0.194964697544 0.333386067606 0.235487735431 0.251331396622 0.183143796471 0.19526877576 0.528890069224 0.298852061038 0.302927205807 0.343552960946 0.344530190451 0.0962060126361 0.102380494642 0.142585658612 0.146822473953 0.191587987116 0.181080444453 0.330047353328 0.332316567573 0.149492192147 0.155585814434 0.253525103777 0.253525103777 0.135764818967 0.147360287014 0.134447393334 0.157229594794 0.147360287014 0.19526877576 0.0873721335662 0.0820009242039 0.251331396622 0.232699800295 0.248084186889 0.296660206137 0.290394165675 0.486386136496 0.476859501923 
2001180275 1.0 0.166099682132 0.166625814847 0.272248892416 0.189438229136 0.313659793748 0.22328558536 0.233405179318 0.183714827587 0.189438229136 0.508901231628 0.292101278056 0.293774539653 0.328649727693 0.328169985721 0.0954096640352 0.09485762663 0.16247680319 0.164511188365 0.187113745654 0.189068232241 0.333514177305 0.342014036683 0.161612558746 0.167045527892 0.267906112876 0.267906112876 0.139270961842 0.13800827973 0.140646819744 0.13800827973 0.146499428283 0.189438229136 0.114277336214 0.117896509124 0.24288776868 0.224925977289 0.24964087363 0.329341454591 0.30321665573 0.499316807949 0.494844225354 
2001180404 1.0 0.166640099891 0.173001488741 0.244008717697 0.190445828447 0.339283833449 0.227792960162 0.231800450848 0.19494915043 0.199528363957 0.482212929807 0.304978235075 0.304455165778 0.350377141454 0.348298636128 0.0981535333305 0.0981535333305 0.147830507539 0.147830507539 0.179038229931 0.181005742082 0.341935544233 0.338185909236 0.148785803474 0.160247214534 0.252568009956 0.269462550709 0.122691916663 0.13701225707 0.128473762844 0.135843964485 0.160136661079 0.199528363957 0.0826799376475 0.0908446689112 0.234761179178 0.22052445353 0.24101463231 0.274798960849 0.295960358089 0.472530219729 0.4844114804 
2001181006 1.0 0.180599365552 0.178521451338 0.284871321253 0.212184060998 0.357042902676 0.224432622106 0.233530318004 0.189668476458 0.196116135138 0.513483393062 0.279305062081 0.278859421491 0.319981110692 0.322304755936 0.107257911994 0.106092030499 0.149829411943 0.142162533509 0.189668476458 0.185357266076 0.33664893316 0.35586533172 0.144655852249 0.151685593814 0.265083499792 0.263022852773 0.140401938853 0.133010096761 0.148788194242 0.150036788391 0.148474405083 0.196116135138 0.0899114807657 0.0928043558629 0.245600553468 0.219246778605 0.231927116089 0.291079573232 0.274589766433 0.476354646398 0.481031269923 
2001181246 1.0 0.181312816274 0.1790925756 0.283464428372 0.196661361214 0.358185151201 0.229954354386 0.213019376332 0.186569348756 0.184502781274 0.509732570114 0.278660101208 0.277461041854 0.331349188722 0.328113476772 0.102318666229 0.0996777389995 0.171387048776 0.168641540927 0.193671763668 0.188789961911 0.330896078626 0.339647244542 0.157604343627 0.15244263088 0.276739112508 0.276498050518 0.142845234821 0.121806384284 0.15342368046 0.118476193988 0.134799504987 0.184502781274 0.111068500407 0.111517869068 0.230967055404 0.207950531294 0.238704759046 0.284345210697 0.283170225461 0.478107383569 0.486026527139 
