Leaf
2001140206 1.0 0.187981472757 0.180316049964 0.266203668905 0.214317055221 0.3777306082 0.224297299026 0.224297299026 0.186456586592 0.184489780164 0.515024078801 0.293735815963 0.277407277806 0.335761706974 0.312367339011 0.108336129206 0.107158527611 0.143591631724 0.136339362942 0.214094926584 0.208388705303 0.362780696104 0.368678545544 0.171941380196 0.157094959589 0.30025101843 0.270400765804 0.153727154612 0.138532011319 0.123522192171 0.125053517489 0.131483332679 0.184489780164 0.0800475671432 0.087976638814 0.278263563239 0.243813217468 0.254507345469 0.306058310025 0.236415204858 0.498594376324 0.458836925656 
2001140027 1.0 0.169924388831 0.164603692076 0.257856535462 0.201352125853 0.364772659921 0.195370029993 0.209345758747 0.169341456105 0.16508358724 0.478143444366 0.247285716241 0.252822059462 0.295323892108 0.292565367237 0.102380494642 0.101410041511 0.146822473953 0.142307984233 0.208209031293 0.197384207258 0.350674872312 0.344070663483 0.132222517306 0.13793256889 0.253134764664 0.244713103058 0.129654845362 0.11197573392 0.135764818967 0.120811275512 0.142585658612 0.16508358724 0.0943377568762 0.0855421478675 0.270727265188 0.238988984086 0.262116400699 0.288618037908 0.279143422903 0.480371793884 0.472149765934 
2001140029 1.0 0.156603137438 0.15094941942 0.253431440471 0.168632373456 0.313206274875 0.220979033806 0.215501420326 0.192693940064 0.18812798597 0.488854217465 0.269166571103 0.255353830399 0.301478575761 0.279984991965 0.0844771468235 0.084262465036 0.13254916419 0.127960327125 0.210225812472 0.207537724916 0.341852142246 0.33672727287 0.153802259214 0.146566079464 0.266597225759 0.249179054197 0.141664491355 0.118708256088 0.124079658435 0.111955175132 0.149502586484 0.18812798597 0.0916748307222 0.0972358417017 0.288209406854 0.271111005536 0.28846067927 0.337264746911 0.270843637616 0.455042786661 0.42152722564 
2001150060 1.0 0.161631737532 0.156394699113 0.282955412557 0.209802826961 0.380469698482 0.213790869691 0.203060173489 0.186699985356 0.190234849241 0.463392581485 0.23736480265 0.246269364267 0.286174481443 0.290424728009 0.103474116859 0.107754491688 0.145027915228 0.138137838355 0.192163690166 0.194257172471 0.33822655415 0.343669790337 0.148353001656 0.148913279351 0.257417501841 0.261771110518 0.143460891486 0.111231333386 0.151448155535 0.111231333386 0.15316654958 0.190234849241 0.0829228830025 0.0907326344506 0.247666306829 0.219555940398 0.250294266368 0.280421432456 0.287087585807 0.465748482915 0.472846397899 
2001150140 1.0 0.16562646738 0.159626968996 0.244856592991 0.18081014267 0.324568979763 0.215360373555 0.216995631459 0.171663408424 0.173139757322 0.489511022066 0.285043856275 0.272048122573 0.321284892114 0.303169531295 0.0910285619738 0.0910285619738 0.147854184007 0.147854184007 0.185519327334 0.184985018349 0.323477988509 0.327518090413 0.159980909495 0.159980909495 0.259927330603 0.251016034894 0.130371033343 0.1404984662 0.122774302734 0.138675049056 0.128733826907 0.173139757322 0.09991512235 0.104751375546 0.28185110475 0.256146168678 0.266746782837 0.313938994564 0.273447903002 0.466284049137 0.455142809869 
2001150151 1.0 0.161742682546 0.165820053114 0.267091210355 0.203061160897 0.363859135417 0.199214058879 0.200751186288 0.16016209724 0.172032210995 0.497353607163 0.240529766519 0.25206377339 0.282107216608 0.286691596026 0.102232862592 0.101295404422 0.157492541996 0.153055239363 0.197772201142 0.191675384549 0.320654937155 0.325998734506 0.139200296311 0.143031179008 0.259971786274 0.273870954975 0.146328105135 0.104995027997 0.1296592949 0.094809092628 0.13423832508 0.172032210995 0.105196747738 0.107784755554 0.24795111228 0.225659469802 0.247309028046 0.26369626819 0.273056956988 0.436320110124 0.44156043765 
2001150194 1.0 0.160540324767 0.147574897986 0.261094050282 0.192982558904 0.34055745689 0.208393462113 0.204649562176 0.168758352218 0.173650911818 0.476915562346 0.252053422582 0.252053422582 0.294494149558 0.289418186364 0.10279596446 0.0915220665184 0.161341029608 0.154402740214 0.198252676429 0.193981612478 0.335218039521 0.346558931184 0.154402740214 0.142239090137 0.269831944644 0.249225604748 0.143591631724 0.0915220665184 0.132870761175 0.0976528672095 0.126918270642 0.173650911818 0.111803398875 0.111803398875 0.264769886474 0.23866035047 0.259112283109 0.287407537799 0.284024828303 0.457610332592 0.442142161212 
2001150246 1.0 0.155440126715 0.150677149615 0.287669242363 0.178225182812 0.319992709769 0.187952051746 0.188671011756 0.16781179885 0.171798383114 0.479402877912 0.264114181313 0.267872888122 0.306154328433 0.304551325891 0.0922987460883 0.0868337250921 0.143308715869 0.139104764075 0.194166112045 0.197727139417 0.346974905557 0.335126745322 0.127870091336 0.124569661234 0.247503679236 0.238939892951 0.147816151565 0.109912767669 0.145042352088 0.112996341964 0.149009085498 0.171798383114 0.0979906435093 0.100093686587 0.271732926946 0.255617984601 0.265333751308 0.295561838989 0.286690094291 0.478707208577 0.468214866728 
2001150248 1.0 0.169670432083 0.164858577683 0.255990857763 0.198030663552 0.328441100526 0.203778606052 0.209702816386 0.171312442266 0.180334978686 0.463782168105 0.278721648982 0.275691975862 0.328334538764 0.314878531252 0.103253952695 0.0985133870969 0.14689920733 0.14360670529 0.20013992539 0.198560079608 0.342113834354 0.33271064355 0.136100223121 0.139067565254 0.255032172627 0.242079717294 0.143036996647 0.119975113093 0.119488001405 0.121904097094 0.1440932342 0.180334978686 0.0911325630986 0.0864019561624 0.27918162051 0.251207279749 0.27750534225 0.326910396121 0.293401121152 0.498686014022 0.479146369535 
2001159151 1.0 0.163994040408 0.169278757485 0.264421872156 0.206817005328 0.359580720646 0.199874156662 0.199033167701 0.15906140692 0.164164423873 0.512984873627 0.244137295983 0.256478812079 0.286203104353 0.291190186835 0.101704786381 0.105747601457 0.158621402185 0.157027176777 0.196488604952 0.184680246378 0.343069079962 0.354885232288 0.14078735425 0.145186488966 0.267365824676 0.279031433134 0.142367065451 0.0983509545454 0.133761311081 0.0924913765635 0.127775313 0.164164423873 0.106406471392 0.107061286627 0.274791200881 0.254014455463 0.26484444034 0.269604541672 0.270484505077 0.453144204547 0.453144204547 
2001170230 1.0 0.148302910469 0.153392997769 0.255088760823 0.188765683009 0.326872135589 0.199557031571 0.203879602324 0.163336502712 0.169590866343 0.469391046134 0.268413504642 0.266515877895 0.312585230439 0.30414454494 0.0981346056847 0.0930986613739 0.151686682202 0.141844031625 0.188765683009 0.180302828149 0.347408042128 0.351393448351 0.146181663025 0.143757850656 0.248786748912 0.248786748912 0.131166234022 0.112006915827 0.131166234022 0.114648138805 0.137369501748 0.169590866343 0.0937949961427 0.0958536538521 0.26938146128 0.260240548636 0.264702990325 0.299444218824 0.266173846194 0.483620305289 0.455974281675 
2001170356 1.0 0.17467148984 0.172562702396 0.265592581009 0.187477116007 0.344062933093 0.195756794211 0.190704153601 0.160849587192 0.153869621387 0.468953102611 0.267424275687 0.269696400423 0.3220783132 0.328456720783 0.0988091159567 0.0988091159567 0.144037800479 0.144037800479 0.188774550975 0.203100209007 0.34934297968 0.35108534949 0.139737191872 0.12883132528 0.252398791815 0.230672203807 0.144037800479 0.122020257044 0.12883132528 0.132566340045 0.134394927668 0.153869621387 0.0781154650027 0.0910975037349 0.273292511205 0.250457233815 0.251914805192 0.291863463252 0.26696753022 0.488081028177 0.466081667805 
2001180107 1.0 0.150082042619 0.14972370854 0.287302148651 0.173643869385 0.32336635764 0.209360196867 0.219709256894 0.196021302261 0.190179672856 0.502990163666 0.259811928398 0.255853583913 0.305836979179 0.299746237049 0.0905568172646 0.0856801739685 0.126943265512 0.127225048912 0.200625699853 0.206084701537 0.345323016429 0.355944530096 0.142241928904 0.147190945967 0.249044728179 0.249403944763 0.151388677851 0.122784757554 0.149604073116 0.118782242478 0.135670357253 0.190179672856 0.0831346482544 0.0780239386629 0.262281157445 0.251334842835 0.270349089622 0.294199367235 0.281828026827 0.45730908859 0.452784086323 
2001180111 1.0 0.165801951083 0.160397169398 0.274327316969 0.188645669476 0.337120841807 0.213947688098 0.221888227973 0.177407553965 0.174812110252 0.519966044143 0.268979058501 0.25303021698 0.309713036968 0.288934202981 0.0973044248667 0.0921340718295 0.15374566319 0.147458803501 0.191650453961 0.187952116873 0.345915944427 0.337459632488 0.145676758543 0.146459071272 0.260844959167 0.245963860436 0.150309572048 0.138319177913 0.128911743522 0.131544146022 0.158039012975 0.174812110252 0.105049004514 0.109909302836 0.294141652547 0.268796926176 0.273850847106 0.305467283873 0.25361019277 0.477034709781 0.446270838214 
2001180189 1.0 0.17277083263 0.173247969226 0.247089713929 0.183970480939 0.344824227295 0.221809092617 0.226449798651 0.171427785245 0.171427785245 0.511450526519 0.265326000879 0.273053771674 0.30944623992 0.316253869262 0.0947699525146 0.0935425377718 0.139102526793 0.142271021016 0.203080128805 0.198475284358 0.3366844919 0.349059445203 0.138149758547 0.147288519156 0.244469958294 0.254528086476 0.125500483947 0.126548522886 0.131035171915 0.127587953264 0.146501775922 0.171427785245 0.0897596445643 0.0848426954921 0.255240598101 0.235877308515 0.251854603474 0.265326000879 0.287371077826 0.4621732299 0.483541227002 
2001180201 1.0 0.152246450182 0.152246450182 0.260799064165 0.195523879074 0.325953584361 0.214943340864 0.234990457193 0.177530622797 0.189531467983 0.506965483818 0.269501339021 0.263200948147 0.308088386726 0.307662555995 0.0952487077336 0.10241204502 0.154977545955 0.159480250786 0.199243416612 0.206100264942 0.340433411941 0.357709894993 0.149114188347 0.155989379636 0.256030112551 0.251066214495 0.132147258379 0.123107627565 0.133528970044 0.136634710078 0.150688458018 0.189531467983 0.106921314022 0.103684293118 0.275752870335 0.261602142476 0.272981414364 0.301202860626 0.290026861275 0.466227952674 0.472096201013 
2001180260 1.0 0.166594776676 0.161334534235 0.266461488752 0.177948996187 0.338736599709 0.209804645223 0.195517158053 0.176384196907 0.157957952119 0.505056979936 0.251719077226 0.240261275557 0.294154065237 0.278390431111 0.0945144005289 0.0848998482253 0.130042454303 0.145682906059 0.213587835399 0.20721938099 0.348375091725 0.350007040695 0.142259628401 0.131573110814 0.257106966289 0.245775043697 0.142692029485 0.133663547068 0.130633290849 0.111001534052 0.135494639884 0.157957952119 0.0970866907965 0.0877544178441 0.265766974568 0.249753451617 0.26091264171 0.294206419792 0.261796594469 0.442059341391 0.427932148945 
2001180294 1.0 0.164165493848 0.169423940217 0.254386784928 0.186451882251 0.339036076995 0.210173719294 0.214677953494 0.178588513749 0.180807089668 0.485977378985 0.255699838382 0.25161340709 0.295886191182 0.293015807933 0.0919340642494 0.0966690238506 0.136710644591 0.143760980428 0.197014781844 0.191098054787 0.356148663139 0.35164255222 0.149097345712 0.150056866599 0.25781155617 0.261618458148 0.127412610588 0.123987254148 0.135774259293 0.128782008706 0.143982662873 0.180807089668 0.0939925446849 0.0883968043798 0.27119593434 0.254198652189 0.27810538257 0.286911215439 0.300644626473 0.463849071317 0.463298671751 
2001180346 1.0 0.15962054748 0.155161225695 0.268056385312 0.185555117396 0.345420936819 0.202808889905 0.20948962254 0.174749488687 0.179016864109 0.485098549577 0.26963262167 0.268401977996 0.311557528129 0.302981100854 0.097916424238 0.0888401722817 0.138474735136 0.146287406488 0.203590932228 0.200246160455 0.354054005696 0.354465196676 0.142713293877 0.147459527712 0.258602042825 0.253168077116 0.148176224657 0.109171057436 0.133607613996 0.108562857398 0.118478403886 0.179016864109 0.10356875882 0.0966915701595 0.244005386413 0.226966135387 0.248362489437 0.283798091202 0.297823411322 0.462858962715 0.477060727289 
2001180366 1.0 0.157980243711 0.157980243711 0.257944864325 0.163155634979 0.347363609956 0.191362180759 0.200412305959 0.16817183191 0.178091473541 0.4581605426 0.246692196819 0.251859377225 0.282446779917 0.289517517237 0.0796449282103 0.0848646956316 0.123318023731 0.126751871591 0.175190383842 0.172401184338 0.362542138661 0.367550283246 0.137244465546 0.129988610513 0.256599009037 0.249594557801 0.136637633691 0.0978990400551 0.130201532213 0.0978990400551 0.137748116653 0.178091473541 0.0848646956316 0.0848646956316 0.298932108561 0.284255318055 0.294450673989 0.274942673779 0.264466748133 0.457888394941 0.457888394941 
2001180415 1.0 0.155186569877 0.156034590233 0.2355622531 0.206853413443 0.350554738903 0.223045453249 0.218714061256 0.180356235273 0.178332796856 0.471124506201 0.259040803286 0.258722218978 0.300928886573 0.303982973089 0.104812920094 0.105908828068 0.158447369027 0.155186569877 0.190929855062 0.187793932538 0.368404433116 0.364759670623 0.136526490884 0.141276650968 0.239382618427 0.244023306217 0.112846048525 0.113283720686 0.128433319062 0.121163750876 0.148227853108 0.178332796856 0.095075361477 0.0955944300922 0.262205357519 0.247046421847 0.263021905105 0.275937424296 0.282903357782 0.455168842422 0.455168842422 
2001180445 1.0 0.167456686846 0.16277844671 0.248589561817 0.173105758669 0.356989164988 0.205233797884 0.196304694653 0.169102279547 0.16241990344 0.469838862913 0.248882537242 0.243913849689 0.297338511864 0.288784505142 0.0932015404278 0.0853660060073 0.137648548675 0.124294780908 0.18356668934 0.179715211595 0.365741285669 0.374249866729 0.135299060285 0.125925710004 0.258364416342 0.244629841003 0.129801250832 0.10042758234 0.127077844801 0.10042758234 0.13069644248 0.16241990344 0.0750055867641 0.0767344956663 0.284923032581 0.26455199346 0.268054696133 0.313329293735 0.276670158722 0.473054010422 0.462081703773 
2001180778 1.0 0.161520280166 0.166584161328 0.238122843692 0.184698145571 0.333433478546 0.215442431235 0.211133147285 0.182386920276 0.191925525243 0.452494343856 0.255731804154 0.260049703742 0.295193873712 0.303227827523 0.0923012111224 0.0958706236059 0.132014713632 0.143190061335 0.188955512014 0.192109626509 0.364628444742 0.36506445845 0.146846566276 0.152398805532 0.244856592991 0.265498123145 0.122572584461 0.125423490767 0.125985930767 0.120390108732 0.138675049056 0.191925525243 0.0857492925713 0.0851286622723 0.276648187157 0.267553965462 0.289876807193 0.27760489844 0.303227827523 0.460585956231 0.476579595513 
2001181013 1.0 0.172347256079 0.167481269109 0.277570830418 0.200440475267 0.317165684672 0.207938953843 0.208306792365 0.190572771879 0.185607177926 0.500520307428 0.262196372545 0.263826383456 0.316924218566 0.302083245338 0.103378736476 0.0997608605585 0.141083161996 0.133957586507 0.191134343041 0.193285120166 0.321956978389 0.317792637903 0.145254005503 0.131185750472 0.281786228703 0.265734632029 0.155339397033 0.116734307635 0.126188616281 0.102933456288 0.137008888656 0.185607177926 0.0752669591497 0.0817046460831 0.271660832722 0.25 0.2630708487 0.324797830309 0.272055074835 0.457831038885 0.432198667731 
2001181047 1.0 0.131212368183 0.14212850952 0.262424736366 0.186044082915 0.333253755097 0.166761127774 0.177256044179 0.143382608907 0.159068722592 0.447953579893 0.21958746524 0.225222268259 0.264011768677 0.275731624278 0.0900889073038 0.0989290387374 0.136561059011 0.142965798115 0.195430279058 0.169423794175 0.337126082268 0.355058753429 0.11261113413 0.123842133953 0.218087626441 0.244593018022 0.122143924411 0.0819366354066 0.145756141885 0.084975660768 0.120297814288 0.159068722592 0.0880792364902 0.0806519949286 0.302956331244 0.289715501674 0.306335403964 0.273340528387 0.335395740224 0.424948525856 0.468147563483 
2001181099 1.0 0.165680287357 0.166465506388 0.268599685822 0.200166195537 0.382934520815 0.197955251361 0.19413047198 0.169762173083 0.171101163078 0.468510254158 0.254387079218 0.252844546071 0.298929868548 0.301481854512 0.10340742299 0.0997159688033 0.161495262555 0.152033015978 0.195135468198 0.210641459849 0.359531038503 0.371131784668 0.145569862472 0.152033015978 0.260653553883 0.273649898238 0.133661112827 0.106206926919 0.146796439868 0.107730777048 0.129196210044 0.171101163078 0.0997159688033 0.107730777048 0.276199394454 0.257000822886 0.282039350934 0.269871099081 0.258518557475 0.448167539626 0.448603783278 
2001181105 1.0 0.149940549322 0.149559505379 0.256887992711 0.192587309063 0.331554932589 0.197053907626 0.20521030582 0.160686828259 0.161660428526 0.491874054603 0.262219213321 0.260855609625 0.30450727254 0.303521885455 0.098490750632 0.0967370658766 0.148506593368 0.147349381499 0.162452670601 0.162715894113 0.37595337678 0.380291951816 0.131923117713 0.136179792209 0.241370315286 0.241842664691 0.12389310196 0.109986382246 0.137327248502 0.117632373003 0.133535272659 0.161660428526 0.0980552698668 0.0912740695787 0.292219603584 0.278215220625 0.291779918234 0.291584289705 0.299547923763 0.470529492012 0.487358011803 
2001181191 1.0 0.163636363636 0.157575757576 0.272794604483 0.175862037922 0.339448047635 0.196666433207 0.193370377376 0.172487872373 0.172487872373 0.484886362157 0.235351367745 0.235351367745 0.279642957456 0.281997336343 0.0917136118207 0.0867746731108 0.13820308183 0.146711738629 0.203278907045 0.207127363523 0.374190279768 0.379695881398 0.134567292795 0.129702633691 0.265838935751 0.25784299862 0.142649724799 0.0994013301022 0.135519271364 0.0958265957627 0.155227254241 0.172487872373 0.097724336343 0.0923124012832 0.301450427041 0.279380135069 0.290466835547 0.293173009029 0.270020235272 0.47663497554 0.481198381607 
2001181199 1.0 0.163473502172 0.170378447487 0.254898644766 0.183060662013 0.333283525272 0.208465450815 0.217485386351 0.177736269315 0.177736269315 0.483671479747 0.278201266179 0.28866897284 0.330388988423 0.32883481757 0.0951323293386 0.0935485651671 0.134695989566 0.138601029809 0.182008244503 0.189927807439 0.372020357254 0.34499006219 0.140740532702 0.151970339183 0.248796462654 0.2659631417 0.138446943014 0.11559322193 0.130183353171 0.114293337145 0.129360961156 0.177736269315 0.0797541580131 0.0797541580131 0.25481489295 0.25042120334 0.2772790495 0.263382480137 0.293435834748 0.466829264757 0.467742825836 
2001181210 1.0 0.161318870785 0.167051515164 0.264350353969 0.189642645238 0.36209065623 0.216019594003 0.223828227213 0.187188755322 0.192666061777 0.477014604209 0.255196973682 0.256036758424 0.290424005616 0.290424005616 0.097863572037 0.0921273600097 0.143668670635 0.154629142565 0.203096894967 0.20831461827 0.352243235884 0.361862567605 0.144013062669 0.156855662349 0.257002331022 0.272470957574 0.139942430133 0.102317918308 0.139942430133 0.108429402243 0.142282766817 0.192666061777 0.105496248219 0.103600951731 0.277574415505 0.264350353969 0.277574415505 0.277990524724 0.272289087964 0.455191686653 0.46746880172 
2001181227 1.0 0.163994040408 0.159412536281 0.222635747322 0.190639199655 0.313564374121 0.192245533061 0.209902995554 0.170840478541 0.144317390102 0.46012359925 0.232884934651 0.241662770415 0.25582397149 0.295809895961 0.0905053683168 0.102662350884 0.138787432269 0.153698236455 0.192463539783 0.167201638852 0.319219414175 0.359541844953 0.135423005988 0.11547812387 0.268044618019 0.212812942783 0.122068647992 0.0757037617765 0.107841816669 0.116442467325 0.135423005988 0.144317390102 0.094583530126 0.0827605888602 0.286593558975 0.259943435924 0.260373272407 0.293151730028 0.301566129194 0.441171591897 0.446807080243 
2001181258 1.0 0.173956840976 0.163095498742 0.277959448282 0.21761145945 0.326733594473 0.198972917786 0.198972917786 0.178728252886 0.16498521999 0.505782575052 0.228077546086 0.233893034994 0.289356133736 0.284675933898 0.115261916521 0.106751314626 0.150283152682 0.149889740613 0.191101646763 0.183857911703 0.327139951619 0.335339772983 0.132648611857 0.120643253108 0.27475458195 0.251236902356 0.144983832761 0.100188768455 0.136271457945 0.108669977046 0.142622876275 0.16498521999 0.0829387604095 0.0783630348686 0.267568787813 0.239135685835 0.260921118248 0.307365110723 0.270695146002 0.465286468105 0.439072432351 
2001181259 1.0 0.161184482916 0.161088739229 0.255761467445 0.183392019757 0.311513957017 0.201968161511 0.212611130604 0.175657697023 0.183223692948 0.477743727739 0.235669530789 0.231041628036 0.278238687007 0.273541394161 0.0904253339984 0.0950825881609 0.131097612387 0.14538261302 0.191297603375 0.188617436579 0.340341037739 0.330731304877 0.149050498479 0.156818156918 0.261133939994 0.265004539522 0.137417769711 0.120168353625 0.130034162184 0.117178299198 0.133776916483 0.183223692948 0.0878288485116 0.0846079508879 0.26870460745 0.250026997216 0.270877610505 0.291454181338 0.307977589985 0.451853605392 0.459706630428 
2001181280 1.0 0.156282062352 0.15674375335 0.258116783222 0.215050655436 0.371001337033 0.20577830782 0.204722124758 0.166924197176 0.170012470872 0.473111441958 0.238078170218 0.23174140413 0.29096480835 0.281317987001 0.109654748848 0.109654748848 0.152063776757 0.152063776757 0.185383768598 0.168732559538 0.348919274248 0.34483625737 0.13947241193 0.142039289269 0.247658631618 0.250097532786 0.133001485083 0.111872856534 0.134406659647 0.104388210901 0.126884442783 0.170012470872 0.0913965285601 0.0866896906531 0.228159016245 0.204368850768 0.22516224684 0.258955280666 0.263930329836 0.44157446115 0.4297315336 
2001181289 1.0 0.171130166704 0.171130166704 0.236207517696 0.196022040195 0.367342716748 0.214649070999 0.218149014847 0.179553149517 0.192316431161 0.457482877479 0.246664187528 0.247481635295 0.279077717909 0.289904179383 0.0959939828123 0.101615330214 0.138608513884 0.138608513884 0.197944499144 0.188872469927 0.345673296294 0.360229386371 0.135290275787 0.148373322289 0.249462942452 0.269645900935 0.117621809964 0.104554210502 0.130445027021 0.110311578185 0.131888579202 0.192316431161 0.0854174299488 0.0864457077523 0.296619002456 0.276396182653 0.299161497549 0.277990044847 0.301849888543 0.451343753745 0.462368249212 
2001181318 1.0 0.173480635126 0.173769208602 0.237029065181 0.190810318713 0.312573059133 0.213918769386 0.208382039422 0.178041692528 0.171836231804 0.48561373138 0.26742188247 0.266420767557 0.310428450211 0.309134543432 0.0997692574717 0.0953175915001 0.161928553494 0.169979544733 0.227097449097 0.217557236252 0.341967366091 0.341527536499 0.135294109104 0.129233054764 0.256715535024 0.253507692277 0.122464941246 0.111020145215 0.126225702816 0.102900678663 0.143559253047 0.171836231804 0.113842512166 0.104191019711 0.25599890607 0.243013129524 0.262886844388 0.297179832361 0.297179832361 0.478301993634 0.463980863506 
2001181333 1.0 0.156739238189 0.16089199011 0.264216554116 0.200986848097 0.304405682365 0.208080775742 0.207048110431 0.170736245778 0.172752318541 0.476937191791 0.282317578569 0.278554743739 0.324234147427 0.323674288973 0.104790451602 0.0991305982795 0.146405122917 0.150295120507 0.187049816801 0.189414858072 0.341713831958 0.344213741377 0.136134359701 0.131200305632 0.239055575156 0.241525790211 0.138892094861 0.127503778455 0.128405787122 0.122894468096 0.147079286681 0.172752318541 0.0925947299072 0.0898840509857 0.277784189722 0.258475459312 0.274800384721 0.313373264603 0.302122199744 0.484585135455 0.475101412353 
2001181354 1.0 0.168526204211 0.163444539058 0.245355253511 0.182736549943 0.312504477356 0.204008542937 0.204969120256 0.167218445881 0.162167054555 0.490710507021 0.240407683379 0.231195466638 0.284437958577 0.256273402177 0.0966233699111 0.0866628920985 0.139408577432 0.129348316532 0.17425657761 0.16880023074 0.324974734552 0.318437940974 0.137740950703 0.132263325322 0.260210793958 0.241558424778 0.143412333034 0.112636116901 0.11426565713 0.102878408365 0.137489062134 0.162167054555 0.0903189438176 0.0903189438176 0.2671346005 0.250158824599 0.264570327133 0.33173110334 0.26478860151 0.453815250778 0.411429390333 
2001181408 1.0 0.169883660771 0.163729953791 0.240251777088 0.175313719735 0.333447367185 0.215164461085 0.217228766061 0.179423520649 0.176666208207 0.48622806667 0.25729464735 0.265434025061 0.29881248654 0.297615236371 0.0899601551523 0.0874444610579 0.142239494472 0.142761476022 0.20503916506 0.194922149719 0.348840899584 0.337703182473 0.121969360266 0.125930042021 0.242102267409 0.237636883305 0.134940232728 0.107996275295 0.117496446989 0.104210667093 0.142761476022 0.176666208207 0.0983348419863 0.0983348419863 0.263860069486 0.250972520784 0.261025829727 0.275175419424 0.256773748868 0.464445486828 0.447679062159 
2001181418 1.0 0.153032033963 0.147225044321 0.245576245406 0.187105710785 0.327487195548 0.204563324783 0.209190544147 0.16465452047 0.17754257946 0.444529906313 0.270548666965 0.270548666965 0.311708827534 0.311708827534 0.0951831343245 0.0951831343245 0.149757638962 0.149757638962 0.194365063162 0.188924079175 0.359010987142 0.347936530218 0.146526739778 0.146526739778 0.248413771175 0.243198065669 0.126220536885 0.112470318972 0.126220536885 0.112470318972 0.128767995174 0.17754257946 0.0915208630645 0.0942809041582 0.264219540935 0.257867653062 0.26775419267 0.289414380708 0.305057091476 0.475484458301 0.475915671622 
2001181436 1.0 0.165232993541 0.158676234101 0.270065894805 0.179810963721 0.333412500496 0.203366936694 0.197935410463 0.172837645649 0.165570893676 0.476820544328 0.25724108829 0.24777901245 0.30024906991 0.288574280337 0.0912552000007 0.090486397759 0.150264077543 0.139561580241 0.191549865896 0.190599240346 0.354810845863 0.358103460727 0.140757844236 0.132579022283 0.261122564541 0.241322794926 0.145156056863 0.110000190532 0.133733273776 0.108465228909 0.145828301543 0.165570893676 0.0923207680539 0.0993200299671 0.272845376894 0.249856742523 0.256207003774 0.322462579862 0.24777901245 0.486164596706 0.460512863281 
2001181440 1.0 0.163378488372 0.167262109576 0.240950071134 0.178023193022 0.303207630094 0.232172690562 0.226935933773 0.182569197674 0.179627382082 0.503118519196 0.261556040285 0.261399310396 0.292568650912 0.299536096525 0.0850884335723 0.094230017581 0.129834519099 0.12941297734 0.16611478122 0.157243202843 0.334932324976 0.348797962405 0.150495965301 0.142188165664 0.245721822903 0.249363979766 0.127284329261 0.120333216759 0.133261368846 0.110880161172 0.145323998472 0.179627382082 0.0796143922337 0.0796143922337 0.245721822903 0.240950071134 0.250511743327 0.278797404948 0.309097439742 0.436191273604 0.455794043928 
