Leaf
2001110041 1.0 0.170223897103 0.163666930484 0.259028846532 0.187778554623 0.350328702241 0.238313455944 0.224798686501 0.192586355138 0.186194478364 0.472665578943 0.297878309791 0.285335965148 0.336031151777 0.316655087282 0.0969595742926 0.0919138990699 0.148224086807 0.151404670056 0.195835588165 0.187778554623 0.39265634895 0.381308284367 0.163981372523 0.162165004645 0.258829899615 0.255020421389 0.141557885334 0.139357369727 0.130084919513 0.125345626484 0.154686397332 0.186194478364 0.104502624152 0.0980163856099 0.263220923079 0.248886768049 0.256480714146 0.296708711096 0.269697309523 0.507534981935 0.508574260549 
2001140054 1.0 0.175201237174 0.169695207602 0.245563334191 0.173055834985 0.312504280526 0.239660740228 0.242244758213 0.203098469301 0.190849770479 0.463102156653 0.292061285578 0.303816292692 0.328483069508 0.337781376065 0.0853506120564 0.0899674445958 0.140821325315 0.146456389007 0.197187749442 0.187060403468 0.362670363644 0.371867298027 0.173055834985 0.169419802701 0.269902333788 0.25550413108 0.134141336891 0.139822973279 0.121859081581 0.144745890756 0.139488601401 0.190849770479 0.094852248953 0.0953432906242 0.272713593474 0.262772239278 0.267003191348 0.31414369107 0.300467642905 0.517786498332 0.506541481481 
2001140179 1.0 0.176094219984 0.175781348751 0.254500770533 0.169727250168 0.333235459637 0.246665840151 0.230675116071 0.224139537142 0.214689876611 0.473480185687 0.293038495138 0.294786503369 0.326223877649 0.325379101408 0.0856705873756 0.0850256302427 0.138139671374 0.133409764027 0.21715423851 0.21486074005 0.384707681233 0.376609695023 0.174419088258 0.174839375827 0.280628390542 0.280039315719 0.139855757935 0.141291552303 0.13048955106 0.14450167454 0.160045864986 0.214689876611 0.094819964607 0.102983030579 0.263010098526 0.254428663782 0.2683281573 0.274747590585 0.279251949637 0.495743348811 0.491020282098 
2001140409 1.0 0.175895962064 0.180529951158 0.255307905342 0.190079889134 0.369457766787 0.247744582116 0.243178577748 0.206086418419 0.199246479056 0.483620519582 0.294069584976 0.291095799504 0.33500050074 0.340242026335 0.0948457871739 0.100139999332 0.147735200363 0.157868862639 0.196788850406 0.204072964793 0.362405243935 0.358642017534 0.161470897105 0.173532569201 0.260057960937 0.277558615143 0.129089925319 0.138779307571 0.135771349381 0.143481476437 0.152160859937 0.199246479056 0.0979061123866 0.0923245175792 0.24869516434 0.238957574911 0.26079410906 0.277399175044 0.288704932879 0.499668080362 0.496113786892 
2001150100 1.0 0.176790922606 0.176411135009 0.238318319927 0.202071155914 0.352251513747 0.230070291206 0.235601062619 0.190028845349 0.192204685122 0.486910821829 0.300461986218 0.302020524946 0.337430773267 0.343459261973 0.100569820425 0.104751114795 0.150208668866 0.142885884629 0.183711913252 0.189958242023 0.37536982533 0.370803593616 0.144473035594 0.149492532873 0.246072328638 0.251464562397 0.118113264053 0.133670051122 0.129490231781 0.139945336142 0.145121523142 0.192204685122 0.0790633041506 0.095507275895 0.266636706657 0.248675193429 0.267390273982 0.276854839659 0.292728128022 0.502448797617 0.495540016255 
2001150139 1.0 0.168532086651 0.165141320884 0.263291347237 0.199587081111 0.364254309681 0.243186468004 0.222377998174 0.193470308226 0.187594014929 0.504032063033 0.281966325718 0.276180703145 0.325610799049 0.319287657344 0.100088352248 0.102416299528 0.152450036252 0.151052095038 0.183207846198 0.165141320884 0.369107605284 0.377224300976 0.148930581845 0.150739680857 0.238834332831 0.253438347286 0.136717991043 0.153528523931 0.132070230063 0.138004978859 0.16428269468 0.187594014929 0.0957555323726 0.0956323740807 0.264006571229 0.257726792529 0.273651404779 0.272269754274 0.273995728797 0.493302222869 0.484065478168 
2001150212 1.0 0.183602175846 0.169272842266 0.259652687162 0.195171790077 0.376720168408 0.232240423614 0.21607409882 0.197745595175 0.176582918347 0.481058723406 0.286795766879 0.301129958064 0.337548493311 0.337548493311 0.107057545514 0.0918010879228 0.166258841448 0.148024806482 0.191686299153 0.191686299153 0.378505582052 0.360721041311 0.151957839212 0.151957839212 0.261270476566 0.256057574008 0.13239741186 0.140428661606 0.13239741186 0.140428661606 0.151402232821 0.176582918347 0.104669344447 0.0988727975877 0.272944256828 0.25997705042 0.285027225244 0.275097089951 0.271085363983 0.517028421534 0.488706089935 
2001180096 1.0 0.157615376065 0.160185361405 0.26309501949 0.19868548787 0.375577373001 0.228182780501 0.227510664812 0.189928476727 0.193918075073 0.473816733654 0.265669396069 0.269358542025 0.307857509871 0.316362256631 0.0998552636422 0.101879562696 0.161349591442 0.163445128475 0.204841850624 0.194181133853 0.371019226311 0.370789848096 0.15144924085 0.154122080801 0.242778987743 0.255881970409 0.129132391013 0.133026702034 0.141937779196 0.128073910939 0.161349591442 0.193918075073 0.109603520782 0.110068272779 0.250573614521 0.235954792162 0.265156520308 0.266053404069 0.31571617919 0.495272872919 0.510198858894 
2001180115 1.0 0.164671349739 0.170848657817 0.25887140561 0.199917078392 0.352838208251 0.213939588437 0.21369725543 0.168302335662 0.180292652658 0.500129521378 0.272649276989 0.277235106532 0.315412906739 0.316506195656 0.106443743243 0.0956766925649 0.137208642634 0.141301618401 0.181438592072 0.176125153734 0.371949926373 0.365391100975 0.13758576284 0.144564248922 0.24495320494 0.262844088949 0.135689680974 0.120593601313 0.132599567653 0.119007722836 0.138710971823 0.180292652658 0.0881605875561 0.0766315619253 0.260335095231 0.247129361559 0.270614552457 0.273724072509 0.315029359242 0.491525474201 0.500440235914 
2001180300 1.0 0.169272842266 0.175385732216 0.259733815952 0.194847673955 0.344284678713 0.206195134539 0.218208694952 0.183257598421 0.193000734889 0.467374836892 0.273868971809 0.275403263768 0.323069406207 0.322351255684 0.100772341896 0.0992980588947 0.14295643175 0.146881740676 0.194523017789 0.193000734889 0.368864493634 0.354356955883 0.142513612622 0.148167069663 0.264316998084 0.275785503041 0.127534147214 0.104669344447 0.141772507169 0.111680843571 0.158473248331 0.193000734889 0.0831294207241 0.0813359711253 0.247181993969 0.240266440114 0.268351397632 0.262878310058 0.318273193531 0.486848788429 0.500505390965 
2001180302 1.0 0.163084385184 0.169627783413 0.253065386779 0.168769988872 0.361469746118 0.234613600126 0.239889911858 0.198689465318 0.200235710158 0.481892736591 0.272732770319 0.276432802575 0.310963202337 0.315193400209 0.0862456746775 0.085187405462 0.138675049056 0.141138847117 0.204804413051 0.204804413051 0.348175839332 0.349268362394 0.150591480185 0.165732748655 0.24393960565 0.262426988948 0.125777696861 0.133746939523 0.139066971785 0.138675049056 0.137360563949 0.200235710158 0.0942851802271 0.091749643581 0.264492832863 0.25299368671 0.274985155952 0.27813394357 0.295343641328 0.474341649025 0.485568211133 
2001181014 1.0 0.156696303244 0.155778601043 0.251527700176 0.173624681844 0.377232167002 0.243710768546 0.235634660979 0.201968944604 0.209118945545 0.473129128386 0.283675375038 0.278575177157 0.313678418318 0.308202673727 0.0900052172678 0.0840323633841 0.140281253287 0.136525927882 0.19928900793 0.187902076837 0.385642760045 0.399521184493 0.172381529708 0.174551235792 0.259039735066 0.270744798134 0.125013441101 0.139255416829 0.138221967172 0.136657139761 0.161095254816 0.209118945545 0.101779985909 0.0965384094134 0.291957334621 0.281646378945 0.294828414201 0.258485638741 0.294341697544 0.485284197911 0.508018716883 
2001181042 1.0 0.167120104589 0.173825427084 0.265427041905 0.203793327486 0.352332131709 0.215957066921 0.229140217101 0.181545197657 0.197237542378 0.481828295539 0.278867699369 0.286350433517 0.320981539047 0.328548885794 0.100484632477 0.105659979387 0.144103643826 0.144103643826 0.176759855411 0.188040197889 0.353735205942 0.340899709484 0.143573849224 0.166205623829 0.25674368071 0.287147698448 0.133250752352 0.119852579797 0.139262953861 0.12158852058 0.144103643826 0.197237542378 0.0839580949462 0.0857541933243 0.254208246778 0.240815278743 0.262612865719 0.271178569815 0.319673104129 0.463406588042 0.498272879122 
2001181311 1.0 0.15417994731 0.164864511337 0.258377975562 0.192313609555 0.340707988004 0.216655431168 0.231008893883 0.181167058019 0.205214239881 0.477873253637 0.269353314777 0.269297310344 0.304074515621 0.314750449061 0.0948140976518 0.0994721960619 0.137310830164 0.151515517173 0.189150341049 0.187709479551 0.36108310258 0.361750848139 0.142803263371 0.167316500401 0.241167232092 0.274236920497 0.123914941258 0.123427085265 0.14259185946 0.135653093376 0.14778626293 0.205214239881 0.0990162477667 0.0887329740286 0.26568847306 0.252651927502 0.288235024318 0.265745238037 0.332462385458 0.475690378068 0.504945525786 
2001181379 1.0 0.163624791726 0.16812550706 0.243753207582 0.203014988601 0.390714729365 0.245069805728 0.249081205183 0.204279104107 0.195192575649 0.492575851252 0.274172481515 0.270628526216 0.317750492068 0.320010940732 0.0996841452773 0.108465228909 0.143508435741 0.139966713583 0.156302362831 0.15932021895 0.370108506179 0.38416996496 0.187730207929 0.17517437022 0.273090557921 0.25277453823 0.125518617797 0.159239407269 0.128357847065 0.160447308831 0.15932021895 0.195192575649 0.0792551240886 0.0864035200915 0.246327119525 0.22854591366 0.24543718759 0.257766479065 0.275156609474 0.467284710475 0.484673052236 
2001181437 1.0 0.169683658306 0.168205978572 0.258096810425 0.174280341253 0.368577283095 0.222422080571 0.231226995127 0.177474070928 0.194048933947 0.483780361799 0.28005456024 0.281018606328 0.329476171709 0.323550659931 0.0939193118979 0.0860591342392 0.148499470937 0.147091861245 0.180726484165 0.190478171786 0.375289408725 0.35623524994 0.16445370034 0.182102594016 0.268293420979 0.284476747828 0.139245102734 0.132821964655 0.128523405612 0.1389459722 0.13713748766 0.194048933947 0.0984611563899 0.0923557420555 0.260024131359 0.245115383311 0.274426634152 0.296016660613 0.283377670643 0.502055357763 0.483823362587 
