Leaf
2001110016 1.0 0.16798769763 0.161321626292 0.26356499913 0.198925509737 0.360125078965 0.221331445296 0.214774469053 0.181858221418 0.183832852826 0.484173722344 0.275984861751 0.270647999049 0.324695768046 0.312686788866 0.104352022584 0.0980736441423 0.156965682092 0.156227883967 0.20429800211 0.195631207323 0.365972745398 0.358638197882 0.153993281838 0.156227883967 0.266886577338 0.267319132853 0.142294857475 0.125351531928 0.129209401618 0.115393317348 0.155857675191 0.183832852826 0.101404025313 0.0986609167212 0.258083266886 0.236473714082 0.258083266886 0.294024523238 0.280552051854 0.511274915505 0.497763694237 
2001130133 1.0 0.188970680432 0.179750210549 0.262162855582 0.207714727093 0.351276085296 0.20301024324 0.207125129744 0.165880089181 0.16169882034 0.489713185982 0.274869753585 0.277350098113 0.32070150575 0.315007216248 0.104911780057 0.104911780057 0.168440682931 0.162227372645 0.20959029316 0.202044097396 0.372367035659 0.369366287144 0.142652590324 0.14951717982 0.284790343813 0.280157889759 0.139269043418 0.0960259636326 0.133164052174 0.0995280535088 0.130567289349 0.16169882034 0.106186293478 0.108577920087 0.269976604551 0.252661024397 0.271602440218 0.302611841916 0.289433160436 0.50038507857 0.505443040547 
2001130180 1.0 0.173196825624 0.16714733851 0.272723373253 0.19793038409 0.347629745283 0.212962813306 0.210939047286 0.17484009607 0.170869699197 0.481306248547 0.285879685774 0.291182005371 0.327947142075 0.330163173149 0.0975830303506 0.102164171178 0.167915443677 0.160425513678 0.204677920614 0.208553167782 0.346971043137 0.350333800545 0.143986305071 0.141279742656 0.264147860258 0.256290602145 0.141583026889 0.115684483092 0.136335470787 0.115684483092 0.136125562317 0.170869699197 0.105333871467 0.114816061823 0.240341002621 0.22459571915 0.24211913539 0.284274734506 0.287475676881 0.477937614904 0.500042892069 
2001140072 1.0 0.178832750113 0.167252364865 0.275998659354 0.192822351588 0.364861503603 0.222307206213 0.212402490626 0.207240054545 0.176086008802 0.464570113059 0.298256414988 0.301147789855 0.352709861076 0.349276610697 0.10368534088 0.0959536644388 0.147920302679 0.143553714607 0.180415705219 0.177006325221 0.344711217142 0.343609649148 0.168863696533 0.151716064733 0.293819938022 0.256258321926 0.149014672489 0.121037721321 0.136594029675 0.122814516837 0.144587502666 0.176086008802 0.0895298716646 0.0839090454179 0.258363148426 0.235095117002 0.249023221791 0.291274391649 0.294602293381 0.491065098206 0.500487197647 
2001140077 1.0 0.179075065518 0.169038759993 0.268147669156 0.18997884407 0.329574001351 0.20137717196 0.19738756092 0.170142398006 0.177412470889 0.463874133821 0.288328231435 0.286809562018 0.344837912486 0.341245989763 0.104340106309 0.0954399025279 0.146604794106 0.150903735826 0.180463265096 0.182611201523 0.347226858031 0.365094262325 0.135087913686 0.144137065503 0.267681932515 0.268670657848 0.143594991129 0.110863011666 0.131459944248 0.0999110563056 0.142175925612 0.177412470889 0.0916040555409 0.080550868784 0.264929195359 0.235175961995 0.247393373595 0.30672857007 0.291395353142 0.474511781941 0.490290031959 
2001140088 1.0 0.190893936321 0.173002767977 0.261133939994 0.172287877448 0.361103693817 0.226114513354 0.221217141439 0.191297603375 0.189840385007 0.472287332181 0.298618084939 0.296960234045 0.342960126411 0.327025383618 0.0958904411503 0.078556510263 0.146650508649 0.138869602783 0.21151987722 0.201356135372 0.345871745061 0.349775012209 0.149050498479 0.154738379797 0.276458653145 0.261133939994 0.148220127124 0.126668566709 0.122960387916 0.121952498885 0.158870710001 0.189840385007 0.0971690368183 0.0993669989862 0.275788178464 0.245418383529 0.25339802445 0.323515509934 0.256844952271 0.510858971866 0.474535944232 
2001140363 1.0 0.182957602561 0.177768923932 0.244843747315 0.208395600804 0.34930323391 0.226124988693 0.233211557483 0.196331470696 0.197639673119 0.468743642301 0.297281867735 0.297601059954 0.346261348116 0.339537186701 0.112430939365 0.101126169226 0.160444925932 0.169568747968 0.204983351568 0.198324734699 0.361214702504 0.350156423939 0.15388631595 0.151666898927 0.274856163757 0.254566326619 0.133904018533 0.12863459941 0.120242081422 0.13145060735 0.156247880767 0.197639673119 0.111461689043 0.092290650042 0.251942137474 0.234429683593 0.24693976717 0.275447676989 0.283455839247 0.491484518999 0.502806446387 
2001140384 1.0 0.178065485351 0.184519543941 0.264151232127 0.200937158324 0.333179485481 0.213579840002 0.21861311519 0.174324196573 0.187707257458 0.5 0.307723047499 0.310495383207 0.356916775603 0.344941790013 0.110431526075 0.0934577128984 0.1625845959 0.15156837722 0.19796259543 0.192988501302 0.346847560261 0.35696294555 0.143985094079 0.149267603326 0.267129076121 0.269585487131 0.146368927328 0.134517375058 0.122729880629 0.131042169163 0.146368927328 0.187707257458 0.102699233193 0.0950314800564 0.267129076121 0.246865651655 0.259937622455 0.305141613168 0.274192047368 0.491355731467 0.483409665208 
2001140389 1.0 0.185981292328 0.1854690873 0.265321951983 0.185161084175 0.345662402056 0.215813211981 0.223521695255 0.182261290685 0.166094909693 0.518493603083 0.299225280759 0.298397546723 0.336966501503 0.3288511435 0.0933480092832 0.0927345436501 0.149326239231 0.144535154751 0.193108040674 0.193600036479 0.339329628314 0.347309730221 0.16552117772 0.152602985662 0.289662061011 0.260253944595 0.145191837618 0.135428740242 0.128804360042 0.140665952518 0.13114644933 0.166094909693 0.0965540203369 0.104866371445 0.257091210295 0.240891924585 0.248281766581 0.30251356939 0.25944854292 0.493835669215 0.471807947926 
2001140427 1.0 0.168779175216 0.169101375653 0.28915137994 0.192861688456 0.361439224925 0.200518252946 0.218281231303 0.173444805292 0.192485005111 0.500571216333 0.306039887861 0.298172148086 0.353007698972 0.348038427733 0.0980634049824 0.0993501401071 0.153582138406 0.150599677052 0.199429458005 0.204904129686 0.349287373473 0.342997170285 0.148170490722 0.159037822528 0.266829310152 0.269737433131 0.146569931623 0.133754219522 0.146569931623 0.143694506463 0.140631394429 0.192485005111 0.0971338730563 0.095247598874 0.247277148793 0.216863534955 0.242311089616 0.299810635642 0.280810857079 0.513701657477 0.485557274801 
2001140503 1.0 0.183721743817 0.187143841702 0.281040227038 0.202727599834 0.353510426563 0.234819101142 0.219237859666 0.204715822627 0.195885636173 0.495408671546 0.302109166402 0.296561269211 0.348510027197 0.350942195363 0.102093761425 0.10598690684 0.158043419894 0.143726308101 0.209475017356 0.208700137941 0.357913345817 0.369056697691 0.151500831096 0.146425192493 0.279836623104 0.283527357174 0.141835090066 0.125685010414 0.144942367524 0.118496964209 0.167580013885 0.195885636173 0.0813370832622 0.0966592902364 0.236993928419 0.214632293249 0.218559389491 0.288203146504 0.296242410523 0.514683275401 0.510865390485 
2001140544 1.0 0.185733885508 0.17996228109 0.282409323107 0.194203393276 0.353131090984 0.210449815737 0.22111318783 0.176565545492 0.173800366072 0.482344596186 0.292046514096 0.291156578515 0.344701926327 0.334461718829 0.102729100322 0.0957561115466 0.16480803957 0.163543509075 0.207885780416 0.206549954339 0.349882708082 0.357319525078 0.139447817913 0.147526108891 0.262337850981 0.255658092324 0.149968567575 0.125058375352 0.139819514222 0.125885672413 0.148461307536 0.173800366072 0.11314736046 0.10814387202 0.242531429027 0.218357530377 0.229105943254 0.313585231997 0.278957660876 0.511789656976 0.510774535996 
2001150042 1.0 0.169700126759 0.160075828006 0.299513413246 0.202896183166 0.338194809671 0.206374493915 0.21211828232 0.169631352642 0.177234031675 0.516992469515 0.295591884914 0.292416799445 0.347855574317 0.339434631868 0.103272023568 0.103272023568 0.165240887066 0.165240887066 0.2230581968 0.218459654788 0.342173709015 0.341593492843 0.146924916727 0.151229885978 0.263580941051 0.257172490004 0.15824297817 0.129985188996 0.148818763952 0.127538403396 0.140427751266 0.177234031675 0.104059941437 0.10594906418 0.23587271848 0.212557906174 0.230468043887 0.308721910792 0.281685210403 0.50354634989 0.488944282189 
2001150049 1.0 0.174793955451 0.186396928784 0.256060777563 0.209610904075 0.348813628864 0.229322670896 0.219380079554 0.194906063695 0.187841887841 0.488892439319 0.268432932063 0.268432932063 0.323894110613 0.322429938586 0.0993421650478 0.118573833346 0.165252437977 0.156426914175 0.194906063695 0.192463097948 0.348425842609 0.370976226761 0.140491037126 0.145687408081 0.25999032854 0.280982074252 0.132569575857 0.116271209621 0.136091961688 0.100020276436 0.148899800089 0.187841887841 0.0885495151221 0.100020276436 0.225757852763 0.221221063546 0.245274385396 0.291606710203 0.301857616798 0.497662509642 0.51854873867 
2001150050 1.0 0.168416091309 0.174188086075 0.28798843642 0.195655417692 0.353297636861 0.205010868096 0.194748200667 0.183833490477 0.174948920938 0.494382719648 0.282347653011 0.279669320307 0.325649562135 0.323284478149 0.0983917787264 0.0991388796495 0.154428541705 0.158670578646 0.211878308421 0.204794801777 0.334590273031 0.341012266233 0.165231466083 0.155665893406 0.285104359376 0.279405356756 0.150263191078 0.134179697196 0.143840405578 0.126713048611 0.146785555259 0.174948920938 0.10450155479 0.10450155479 0.251673071127 0.222810106228 0.239597174805 0.277497407116 0.291806390557 0.487014457653 0.495545518713 
2001150116 1.0 0.169628565769 0.182134709295 0.274777333949 0.188212132564 0.344827983087 0.201914211525 0.199300531425 0.181290185228 0.179375468925 0.468589851494 0.293500449205 0.293195287126 0.347340693437 0.3512945302 0.0950189181849 0.103150038445 0.161360272216 0.154145405963 0.19678213422 0.195347177404 0.312247647355 0.334129524676 0.158803908209 0.168342049041 0.27998706517 0.309986889573 0.133038021048 0.111949141862 0.150365728031 0.104137142644 0.141695989138 0.179375468925 0.0928405445887 0.0997464687266 0.228869386265 0.199557031571 0.220328578701 0.311591664178 0.315547635868 0.498732343633 0.511392538573 
2001150126 1.0 0.166839519023 0.164352948926 0.269998456633 0.206700040979 0.356585949732 0.221471538999 0.23363173217 0.18526971531 0.179764974871 0.494426557718 0.307636872573 0.310408431915 0.354361899242 0.354036391229 0.104735206047 0.105830301455 0.154432910993 0.158745452183 0.190788289198 0.179673328179 0.358336866848 0.367055916433 0.157913229138 0.159882685852 0.257956371519 0.246462604192 0.143486348411 0.138937468857 0.135090701548 0.14175405535 0.14210220337 0.179764974871 0.100399439418 0.0925459139403 0.242147826853 0.224132841235 0.237616165636 0.286857884777 0.309079053507 0.501176268992 0.519000257786 
2001150291 1.0 0.188771671273 0.183135421126 0.263505875687 0.194917740227 0.378409865014 0.225749693566 0.211053144597 0.163881261877 0.166655748802 0.517099206296 0.286377923291 0.291815964359 0.329556311982 0.332721391214 0.105526572298 0.0922803104974 0.137827655888 0.137827655888 0.184560620995 0.194581384946 0.349430110048 0.336635895185 0.148797529665 0.144781262753 0.257216046014 0.266963457706 0.139246159699 0.139715793949 0.130504066645 0.130504066645 0.129496298153 0.166655748802 0.0809351863459 0.0825380189028 0.251290394381 0.228919276407 0.257216046014 0.282694452623 0.29427481717 0.50414241072 0.477586183656 
2001150298 1.0 0.172666887778 0.171247197599 0.259867809874 0.221033166437 0.376004402029 0.192711250002 0.210351580956 0.170622368628 0.193973908882 0.452976458164 0.333099297355 0.325968896824 0.376491034331 0.356379584573 0.111718072297 0.111033099118 0.164243394341 0.160198991302 0.227295196825 0.222409475916 0.373439178799 0.364799994111 0.15077867262 0.150271852119 0.266991969217 0.25892668298 0.138213016614 0.143307629226 0.122654994956 0.148741029327 0.147090592343 0.193973908882 0.101409053615 0.106258245655 0.251937866218 0.22709372372 0.235017967875 0.311022215334 0.262612865719 0.525516152103 0.491769301684 
2001170304 1.0 0.172748895148 0.170239092564 0.271559606347 0.186333651162 0.356130970701 0.227266205724 0.206772006908 0.182443167386 0.160701475202 0.4915352344 0.2958343016 0.305379788004 0.348804064578 0.337515608864 0.103038486493 0.0863744475738 0.156173761889 0.145718425044 0.204679824856 0.18938850477 0.357337516125 0.363704832474 0.166833966726 0.129006800839 0.265143906677 0.242535625036 0.156173761889 0.145718425044 0.119779807545 0.122151915201 0.143735769054 0.160701475202 0.098772959665 0.098772959665 0.25010758087 0.23715191966 0.235329982919 0.283956470081 0.273664751078 0.503645248747 0.4947355568 
2001180169 1.0 0.182269331996 0.175062940744 0.259240932375 0.198828718807 0.337735093634 0.22725887881 0.220536386325 0.179057286025 0.175373428025 0.506450484676 0.302079451101 0.297299124092 0.348932591321 0.340036096086 0.105175790478 0.0980367266277 0.168733258488 0.167438610779 0.191393221283 0.196165918931 0.352860273822 0.342903857187 0.156581054338 0.152354698504 0.269327601145 0.259240932375 0.135870369434 0.135335444642 0.133310361191 0.128883880657 0.140593135363 0.175373428025 0.107731040458 0.108569426958 0.257274829752 0.240969197346 0.256215354436 0.297482058654 0.295340771785 0.502315832336 0.495811558949 
2001180192 1.0 0.165099810273 0.166352165592 0.270546112016 0.188297865999 0.347204109359 0.203908673437 0.215937670289 0.16738863771 0.174867700024 0.488478058096 0.293011289711 0.28383647832 0.334053208165 0.324386722903 0.0948353255597 0.0957428613148 0.141399340753 0.137806479371 0.189396890114 0.18156407263 0.349141453285 0.344604041997 0.147505694996 0.152917367661 0.255351928839 0.252559624857 0.14310154373 0.138806902518 0.131512934243 0.137177509957 0.128989988379 0.174867700024 0.0868383798598 0.0929936876167 0.248138108053 0.223494614274 0.238180054043 0.303165126711 0.298160444439 0.511955377436 0.498813840873 
2001180199 1.0 0.159789856463 0.153945256462 0.270633438051 0.206203943771 0.34708465153 0.213134320519 0.210438893964 0.180432944902 0.180432944902 0.464710952129 0.27745083321 0.285319851497 0.33753350645 0.336866595611 0.111602076711 0.102723768962 0.163535021612 0.158266977613 0.212076575426 0.206539234958 0.337071939486 0.341051434272 0.148453602798 0.153382383439 0.263377222977 0.260471266995 0.137315409649 0.11314148842 0.138444564051 0.11314148842 0.129001144656 0.180432944902 0.0848306301704 0.0920670161095 0.245143811902 0.235277836007 0.253197104786 0.290189245066 0.305408394279 0.479189104237 0.494957971248 
2001180206 1.0 0.167983333699 0.169171909846 0.25485763233 0.179515311891 0.335618592611 0.205208518299 0.216377375147 0.171816146248 0.162732551916 0.485969448517 0.30893630899 0.313975685907 0.342317833914 0.358472110676 0.087449147974 0.0953064500385 0.139889993276 0.152564760056 0.178395662848 0.175755412252 0.339968470148 0.343729459837 0.166686145686 0.15868048318 0.289459742846 0.276960821617 0.129862431546 0.096870379524 0.136016853385 0.113829205368 0.12831023516 0.162732551916 0.0956561996543 0.0956561996543 0.258435897999 0.24909252563 0.272585562034 0.272585562034 0.312750150339 0.476532250192 0.499590749194 
2001180234 1.0 0.172672707811 0.172980046009 0.238102151525 0.22620467555 0.339398317807 0.216608548899 0.217912449608 0.171747393397 0.173286839119 0.494051011806 0.279935747383 0.279682640869 0.325062643777 0.321833011439 0.120345348198 0.109725384741 0.164157217532 0.160116812883 0.184759241547 0.184567483072 0.349118679952 0.356694376444 0.135957417096 0.135957417096 0.255533658106 0.252816990321 0.121370829226 0.120492379833 0.120345348198 0.125530037713 0.131050451976 0.173286839119 0.0931431016972 0.0959520654642 0.231083174264 0.20827430703 0.227764726282 0.309264411015 0.287240460508 0.48810206521 0.484789899295 
2001180475 1.0 0.175781726723 0.176552515092 0.258237842586 0.170377124386 0.351949480656 0.189016448659 0.198059384059 0.16733921836 0.162304615373 0.478190615062 0.28448091406 0.282778694356 0.321902161861 0.32030462266 0.0885748492675 0.0840294801274 0.141762336494 0.14943062325 0.206488005266 0.18917602357 0.361090349072 0.353788019276 0.123443843991 0.123443843991 0.263271741089 0.257184045135 0.134666937544 0.101289215269 0.128239554049 0.102179035131 0.124538980865 0.162304615373 0.105663407017 0.0959342462403 0.230058637011 0.214515495963 0.243936733094 0.27793531374 0.293615425523 0.490402763295 0.493347414806 
2001180495 1.0 0.163748558619 0.170668216246 0.248484848485 0.193939393939 0.315209784823 0.210120434223 0.225549018981 0.176487512467 0.184026987281 0.479132978813 0.287160187648 0.285428165802 0.339069108623 0.327777388679 0.105843934525 0.0940859072501 0.156405913946 0.163748558619 0.212812725649 0.211687869049 0.355101868492 0.344229619907 0.144058961503 0.139919956129 0.252589890717 0.241361306082 0.136733505123 0.129702633691 0.11907201639 0.126113042707 0.137135860594 0.184026987281 0.106017307179 0.0958265957627 0.252589890717 0.242499988167 0.258909204404 0.316372924512 0.299003548692 0.506849321868 0.482722612163 
2001181069 1.0 0.179382621462 0.18032207717 0.257431869334 0.214553295966 0.355453250237 0.203966965917 0.213764333268 0.161773113672 0.178122306406 0.466341679066 0.301250849781 0.31304747785 0.357297036414 0.358608222605 0.114472895724 0.107013821991 0.171682007862 0.178122306406 0.20369065019 0.190054208741 0.350131793393 0.342816821727 0.131565014568 0.154653470997 0.256042509518 0.281135704904 0.138244813396 0.11298724363 0.124978877801 0.110466764998 0.125727709413 0.178122306406 0.110466764998 0.0989943045777 0.228042000478 0.221357994421 0.245103744882 0.285640522364 0.304289167192 0.495843119095 0.51109420543 
