Leaf
2001120105 1.0 0.179573717092 0.177146933689 0.267091280141 0.193566203189 0.33433727709 0.227965080465 0.231964772952 0.186447347213 0.183227449144 0.529017321446 0.296879482781 0.291731956004 0.330635186684 0.32129859597 0.0949132318197 0.0989598275935 0.160227756198 0.147296296991 0.218698485268 0.213249735638 0.335347178735 0.339197260529 0.165950487956 0.156469226027 0.286869416199 0.27151129305 0.142820423872 0.12569299315 0.137315965155 0.125261798078 0.128775985455 0.183227449144 0.104672393796 0.112037558194 0.270513086387 0.246440917727 0.260891520041 0.319356176353 0.277425118427 0.476159622325 0.453102982774 
2001130144 1.0 0.178127816064 0.167423509137 0.279998348706 0.198971492114 0.354955424753 0.224042537295 0.224042537295 0.188760931357 0.185362338807 0.505567900378 0.296246323388 0.301803086977 0.332073910334 0.328442665617 0.102137253216 0.0969108167379 0.161269347183 0.168798673994 0.234688614649 0.227815746709 0.357874248513 0.351025907845 0.166036955167 0.158740891746 0.28848737839 0.271669585216 0.15982941347 0.115043824848 0.134391122652 0.115419990946 0.13352824938 0.185362338807 0.125034311141 0.127777620726 0.266894137919 0.24751327902 0.258142923801 0.289936194148 0.256964823249 0.486547835692 0.455028575136 
2001130165 1.0 0.17399325817 0.163233719139 0.263143316564 0.19479716109 0.326467438279 0.214748163589 0.203149367243 0.169885455604 0.163403312659 0.510606535311 0.277737767018 0.26923046486 0.320127661218 0.306875204066 0.10054692008 0.0960382983655 0.156476265377 0.150521657355 0.214748163589 0.211368138894 0.344788042997 0.338954741614 0.145943752843 0.153437602033 0.265970081402 0.273061120191 0.135307873739 0.121160281739 0.135307873739 0.112998532254 0.13448657405 0.163403312659 0.0988802811149 0.103799949066 0.28715194155 0.263195939965 0.275535053485 0.305971298704 0.277737767018 0.469841636412 0.443613118785 
2001140200 1.0 0.183230467357 0.177999644001 0.282583118832 0.193621766607 0.324616047813 0.239635783556 0.22471543957 0.207018722945 0.207018722945 0.512862728863 0.289476402994 0.283791880953 0.344148206136 0.326508623563 0.101606883153 0.0964921343315 0.172768953729 0.169811320755 0.245115494874 0.233617893476 0.35634527303 0.351236670692 0.149942253218 0.152567460389 0.285523508499 0.285523508499 0.152387863552 0.115245326741 0.142353553965 0.105960593605 0.152118070723 0.207018722945 0.117597514653 0.115837851607 0.273822528306 0.261860273123 0.27196608298 0.287387664372 0.281806790115 0.477468335257 0.469107545221 
2001140320 1.0 0.170414482631 0.170414482631 0.278420779648 0.193029204973 0.312304733514 0.20571997741 0.216186268806 0.190846116358 0.192108618215 0.482873483396 0.283923245521 0.290931982104 0.335299065516 0.328942338483 0.103601542523 0.0924202293402 0.166975271635 0.166975271635 0.228578623117 0.224595616553 0.340308434779 0.342762160206 0.162673077728 0.149885801278 0.28454694187 0.266894879517 0.158355774029 0.126057173373 0.128086393085 0.124642922699 0.117041147196 0.192108618215 0.117041147196 0.114957161905 0.279287686094 0.26115715967 0.274221482445 0.300952021523 0.265077186089 0.44649228278 0.442758913268 
2001140376 1.0 0.172219481806 0.177580715619 0.274150842352 0.209759018714 0.365885089122 0.214653601167 0.213034569119 0.181755877695 0.197064434206 0.50516661252 0.282597791621 0.280136806081 0.336301461224 0.315268321042 0.109555046147 0.102620033723 0.167807214971 0.15613996414 0.209001141641 0.208932107406 0.353247239527 0.351609931804 0.157976968089 0.156601235349 0.288508511127 0.295816180973 0.15277770492 0.117925910998 0.129136686889 0.105803877401 0.129916303121 0.197064434206 0.103320519901 0.108096898251 0.266682294214 0.24266504547 0.252511904617 0.299354951838 0.218120281063 0.474782423519 0.429609519559 
2001150128_23 1.0 0.164702290844 0.176883575753 0.27311308795 0.200836891078 0.353425071988 0.228661553304 0.244576688653 0.198697476183 0.212389419185 0.51016598585 0.289871491899 0.277826067177 0.339483092746 0.319184712565 0.105642748408 0.0984518497153 0.184907520305 0.183901748871 0.236224366769 0.238804646227 0.38460831316 0.380752123649 0.165581230152 0.174543075078 0.272906329513 0.288616932789 0.152394007604 0.131732453248 0.138709710691 0.124039735486 0.131732453248 0.212389419185 0.126995006337 0.128321525859 0.278521792975 0.27311308795 0.278376993489 0.290510618814 0.262145502526 0.494139511623 0.460591122277 
2001180232 1.0 0.175588209231 0.1697105518 0.278675529494 0.207672558032 0.371536133696 0.208031542843 0.221241764188 0.178621627242 0.181604383802 0.502612188559 0.270413413898 0.269695036337 0.322512521028 0.315211523791 0.10607568964 0.105086287837 0.17154720492 0.167230305948 0.210243567933 0.205940720503 0.333567047351 0.341043983026 0.149115684087 0.149215728167 0.271294959558 0.261605708338 0.159090085409 0.119816802907 0.134930492754 0.109263519252 0.139925577678 0.181604383802 0.112626257726 0.112626257726 0.272776107741 0.246388630239 0.251839968326 0.290371785415 0.246509735496 0.463565852396 0.448113657316 
2001180307 1.0 0.169924388831 0.176209417233 0.264220579881 0.176209417233 0.358704081367 0.228670432975 0.223332449766 0.19526877576 0.190967625033 0.503291908375 0.280204136374 0.280204136374 0.329507618946 0.323755551043 0.0915718982356 0.0900474081643 0.160712951552 0.162304813923 0.230651046108 0.228929745589 0.372126280334 0.351857210469 0.155331381206 0.160343354393 0.265340954857 0.281612206228 0.145197082837 0.129654845362 0.135473164884 0.110015784443 0.146822473953 0.190967625033 0.110015784443 0.109835872982 0.275649982304 0.264445034612 0.290189782659 0.250385352876 0.282453678839 0.459799125854 0.472149765934 
2001180316 1.0 0.175828027817 0.176313607388 0.280762663957 0.204678362573 0.356916830869 0.201223982855 0.202747787408 0.162905126049 0.165094669164 0.508906347774 0.266322749397 0.271284526427 0.319075388671 0.324337418102 0.102130112261 0.107830929325 0.163847084516 0.17446121509 0.206673649673 0.208977408014 0.358303477942 0.368235356525 0.136396535552 0.142766732348 0.267220108978 0.275847401522 0.150350410903 0.111724989325 0.137644471298 0.102297401664 0.120558644024 0.165094669164 0.112487626092 0.105425475891 0.272793071104 0.257575620416 0.272039844435 0.269577323313 0.278806957686 0.461247462847 0.487945030292 
2001180335 1.0 0.164606608128 0.165057585982 0.292633970006 0.219560135358 0.365792462507 0.213291825238 0.214767910845 0.190949271361 0.19375110529 0.524337973402 0.284650367345 0.287573265795 0.335752849341 0.319414535973 0.116474253061 0.103820352896 0.163814409472 0.150943264736 0.225572018546 0.219813913291 0.360727753538 0.360727753538 0.16584384637 0.150573456264 0.294469874468 0.281301036584 0.154352090767 0.122690521774 0.142325183673 0.120242584513 0.115029306318 0.19375110529 0.10364119771 0.100915710733 0.300219829017 0.280507146845 0.291743536388 0.313067919184 0.246589824476 0.483129241088 0.440472453349 
2001180355 1.0 0.152031873893 0.15776260846 0.292386607599 0.192909476787 0.344938527732 0.227579481987 0.231741959841 0.197111265032 0.195021687302 0.532007285148 0.262417783707 0.255562895015 0.318968977494 0.303164148928 0.102044648446 0.0951181185147 0.165369941284 0.170653354579 0.219562244884 0.212690578891 0.373681818853 0.36606663299 0.175389144468 0.170352996433 0.280588563487 0.272376840154 0.162978423546 0.13130643286 0.1443129258 0.126404705368 0.136282397146 0.195021687302 0.117589305608 0.110864260521 0.300789901256 0.280710214723 0.290159537473 0.305855007746 0.270363865941 0.487606734733 0.454783760741 
2001180386 1.0 0.176769159255 0.169757064637 0.287577811257 0.176286182507 0.353116038993 0.218993270878 0.207395864448 0.198897121137 0.196416875682 0.483860058165 0.286835673733 0.272742128016 0.321190130621 0.309565577252 0.0851292818524 0.0916405362995 0.161257315812 0.164787484863 0.224852051092 0.235410692662 0.379588336189 0.368476017995 0.150311581355 0.159396080819 0.283772618726 0.291991027838 0.14730361335 0.108666178302 0.150736391193 0.0996626589016 0.148886794874 0.196416875682 0.126098210943 0.126098210943 0.28668701569 0.267773444247 0.291991027838 0.28519617347 0.28556961369 0.502784471122 0.490162408423 
2001180430 1.0 0.183620297698 0.171906707459 0.278718314092 0.202593997626 0.367513089754 0.219390023796 0.21820041323 0.188144173677 0.182197287355 0.506593691376 0.282995571366 0.285881560314 0.328323651499 0.329054614151 0.102035504329 0.103011942886 0.161332297942 0.158199333727 0.208150889828 0.206606149446 0.362632075503 0.385383448054 0.148269155396 0.15239777915 0.298489905896 0.288183437534 0.142765586097 0.0934314068288 0.140503810006 0.10223153814 0.126559466981 0.182197287355 0.0963848184928 0.102035504329 0.260601892576 0.246790960613 0.255088760823 0.291705158081 0.240962046232 0.492526129812 0.472399210303 
2001181034 1.0 0.164577655427 0.176069291511 0.270684442147 0.182790634264 0.33351122181 0.222321053547 0.228634262391 0.184941186295 0.202982896197 0.496926098779 0.273011702097 0.275031900806 0.323704340104 0.314974877707 0.097618944288 0.0889284214187 0.158706714644 0.152220937845 0.220804095067 0.220804095067 0.365581268528 0.35732187797 0.160317991636 0.163492913546 0.264477969372 0.282618944471 0.141868009876 0.132649491905 0.139194996797 0.127326122531 0.137910751021 0.202982896197 0.106899212703 0.101588802028 0.273011702097 0.257815748284 0.278531993089 0.273011702097 0.287405321629 0.479265617201 0.47628621305 
2001181204 1.0 0.16715517729 0.163355699648 0.281549992706 0.202409123872 0.375780772391 0.208520960101 0.209796788568 0.150866853415 0.195706272168 0.505394253053 0.291843299089 0.286852302139 0.341969968001 0.344029357451 0.095745033386 0.113314759977 0.174055794456 0.16715517729 0.22586633863 0.223701547141 0.362297146071 0.345077188153 0.118196559372 0.143179690676 0.232442353662 0.273862711692 0.129356552829 0.112061085458 0.156284039396 0.114965061801 0.122884573751 0.195706272168 0.108212952136 0.120302677121 0.268303820334 0.247106763212 0.290603586055 0.264057865568 0.303031492203 0.478659583647 0.456468421096 
2001181208 1.0 0.159478592993 0.153614450721 0.285494910793 0.214244145349 0.346024165822 0.218487015562 0.219243385148 0.18917553387 0.190444118302 0.505001472153 0.280281410648 0.285125679345 0.324986802599 0.334119988367 0.106523325511 0.110271865954 0.155367874733 0.151344404662 0.192644040818 0.197808849545 0.370554149943 0.368844454533 0.153712387901 0.162840338001 0.272439815236 0.277637950734 0.146390885494 0.108205376778 0.149241601514 0.108205376778 0.12854648721 0.190444118302 0.0884628068268 0.09596983634 0.296916085875 0.285494910793 0.301942104439 0.280871420968 0.269719512566 0.483286764559 0.457829130399 
