Leaf
2001120042 1.0 0.188645669476 0.188645669476 0.301833071162 0.245239370319 0.47161417369 0.245963860436 0.256585850998 0.215089156388 0.210912270305 0.584801575376 0.381512255928 0.377291338952 0.4558828594 0.430178312776 0.137336120392 0.119309997254 0.236372346354 0.245963860436 0.241584331702 0.203177604056 0.434294945451 0.423928416706 0.18579443736 0.155561204213 0.313968967345 0.272068653676 0.18958655147 0.188645669476 0.114748680979 0.152091001042 0.147336977889 0.210912270305 0.18579443736 0.155561204213 0.304182002083 0.283596625973 0.270099493992 0.245239370319 0.256585850998 0.550961631025 0.559931363359 
2001110018 1.0 0.178422451427 0.183278950897 0.283336943803 0.199926024101 0.37210675206 0.243754620125 0.244826905944 0.202072530672 0.205999568852 0.538739333102 0.317642553649 0.31579379893 0.361904352548 0.362542444761 0.102362008731 0.101302802018 0.162133910243 0.157799281589 0.196191668427 0.203591894401 0.374912031142 0.378959064507 0.165053779605 0.170291963494 0.2713359986 0.284855605987 0.146980036288 0.155537161747 0.144121671232 0.147816344809 0.137445200307 0.205999568852 0.101909411044 0.0993057350703 0.246582859123 0.2387729942 0.248574474383 0.270368868575 0.273372744437 0.4985726491 0.494850053601 
2001110032 1.0 0.169951328939 0.162856314337 0.311755945043 0.201298701299 0.37012987013 0.25291353369 0.256143934069 0.206366864702 0.210313438191 0.564972382705 0.319768110448 0.307671629623 0.38046628767 0.358144993069 0.107093652613 0.100806329196 0.167577764942 0.171433490681 0.229488273339 0.219726289814 0.365948124769 0.382014703379 0.186963377258 0.18112111274 0.280952047439 0.263687539016 0.173268364469 0.171433490681 0.149914238709 0.162337662338 0.147217974659 0.210313438191 0.108073486864 0.101639453523 0.25974025974 0.234576517769 0.235294427688 0.324545428561 0.258601399373 0.530444366712 0.517080494847 
2001110073 1.0 0.187787800422 0.186511402959 0.295128153609 0.213111572308 0.393436748876 0.26166428771 0.256884891957 0.210928643868 0.216172077924 0.546549206053 0.313810703069 0.309113103442 0.36234365354 0.361807611426 0.10609944236 0.111452314438 0.167267752556 0.170713291133 0.20807812576 0.215064206041 0.375933197372 0.370170201264 0.179744684726 0.1858699173 0.283991092429 0.303655444286 0.145808359277 0.159313246969 0.157712068171 0.151827722143 0.143017015861 0.216172077924 0.103102079599 0.107774800322 0.230543258604 0.218849021013 0.238250315633 0.268812901907 0.271300683585 0.519117932544 0.512635215469 
2001110110 1.0 0.164407118221 0.164782734699 0.288428737871 0.223780917314 0.397832741892 0.24924149841 0.242910202281 0.213603675432 0.220160078629 0.502288454398 0.310279253455 0.309760758293 0.35600612572 0.351954118685 0.115345770336 0.110416504814 0.195973010331 0.193112864872 0.229939925556 0.231814394068 0.373796094867 0.368465396306 0.168272551259 0.169152030514 0.264827846652 0.272059499274 0.144813303926 0.146257649533 0.154400624625 0.139330233315 0.159210779503 0.220160078629 0.138529222461 0.13682280062 0.248297116019 0.223836165042 0.245693929184 0.265806536266 0.295710444545 0.494098015204 0.511339864577 
2001110133 1.0 0.177997663796 0.176623143891 0.292740289984 0.221054731258 0.375486483125 0.249355605154 0.260353032337 0.207769865071 0.224134112828 0.54653934455 0.305372059037 0.306019826227 0.360924597552 0.353116901433 0.113786855968 0.111624438329 0.164105737466 0.15611427845 0.225489228637 0.221674029773 0.385099466879 0.38620539583 0.176364228809 0.192786912425 0.277350098113 0.289759203546 0.152661086934 0.159205950434 0.150145905175 0.174541069436 0.144879601773 0.224134112828 0.0905260920591 0.0949606083401 0.2633199485 0.248621484998 0.264301519522 0.268815913648 0.266425379541 0.50117911236 0.493306298704 
2001110137 1.0 0.175523121863 0.180759030261 0.313715133282 0.212724127805 0.350925450154 0.233439637686 0.231616337411 0.205217418382 0.205217418382 0.553012204736 0.304479464806 0.300037683708 0.356835852866 0.340127665321 0.107518386822 0.10685916303 0.186075472328 0.175523121863 0.230331439614 0.22711850464 0.362025893155 0.352171652479 0.176085826239 0.168875508149 0.300037683708 0.300037683708 0.168959172018 0.141561189522 0.154817129856 0.126816925149 0.1355432092 0.205217418382 0.124454717962 0.126370385294 0.261804409622 0.249872777126 0.266459312637 0.26587526243 0.252740770587 0.466697622059 0.476496778927 
2001110141 1.0 0.192938957484 0.197682298994 0.273042024562 0.226436333848 0.400654699354 0.255975612806 0.243082437773 0.198532549365 0.201897747498 0.546084049124 0.313424216125 0.311104720986 0.354243530134 0.363397405285 0.112696249645 0.11738171286 0.170705235979 0.184732586606 0.200138073886 0.195109317742 0.374356565179 0.379939285499 0.167517926685 0.174607573942 0.270749855838 0.28980103207 0.130947641187 0.159376564676 0.15068455393 0.161372131515 0.144172148519 0.201897747498 0.117525123681 0.10670803896 0.243082437773 0.232166086018 0.260864194582 0.265218635099 0.28916097279 0.498008430904 0.504827790672 
2001110143 1.0 0.218754712425 0.212337557264 0.295730660489 0.221729604629 0.394580973291 0.258515108638 0.244575203691 0.209576821539 0.22471910794 0.542073406338 0.323964197979 0.316231602871 0.381224776629 0.360414772884 0.11594682065 0.110151131897 0.183261825002 0.182332566732 0.216075982261 0.22777592161 0.357982705399 0.336168550115 0.177613363323 0.189511173021 0.30842316931 0.337069662947 0.157712419641 0.158632927962 0.15111193744 0.13005299293 0.143872727749 0.22471910794 0.114578358124 0.11709225935 0.213136035988 0.197290486645 0.224665108394 0.272721389865 0.275598043955 0.487858853326 0.485690304067 
2001120024 1.0 0.1796326606 0.184500811715 0.289648961954 0.221290856686 0.38476556239 0.240254315365 0.244878857346 0.204711294113 0.216354380162 0.521050346251 0.312686904001 0.312110603837 0.372475623313 0.360727162789 0.114942735673 0.112507231961 0.173754311033 0.178782598068 0.190701760698 0.193513240509 0.362947043205 0.359149659238 0.174311344831 0.183597865944 0.296594153985 0.308764792157 0.157006395406 0.13448657405 0.144800572685 0.127182911667 0.160063830609 0.216354380162 0.109513154256 0.110645428343 0.245330872234 0.226364440093 0.245500163253 0.278335481698 0.269693016348 0.477791748124 0.48785947674 
2001120026 1.0 0.179848661257 0.175760657652 0.291238186537 0.216847053645 0.376333710666 0.237638178393 0.229377248831 0.202652248995 0.199313891631 0.518594690383 0.310338132977 0.318342436106 0.354688237972 0.358373613191 0.111537404826 0.106930644374 0.168284940144 0.161849113648 0.218004265231 0.217747638579 0.374359951407 0.361905620214 0.15906140692 0.168699742203 0.27747412969 0.290998108855 0.143832288258 0.132184501821 0.155596375401 0.132501364845 0.153334022112 0.199313891631 0.10887381929 0.110023252174 0.251359179181 0.241662770415 0.274180100345 0.262511897836 0.299332964525 0.505850590275 0.497126211566 
2001120028 1.0 0.189940838021 0.192108687695 0.283497875162 0.219022479319 0.391773954223 0.246358269368 0.239885677592 0.199801126898 0.191331091435 0.554022141595 0.310438996234 0.322375233161 0.357878274511 0.364027678077 0.109964079247 0.111757090047 0.171711512326 0.180735251335 0.220304425934 0.223958395531 0.391435561628 0.370701022349 0.173152473356 0.177685038296 0.289052647161 0.296017405664 0.149650357228 0.142970683009 0.146744248408 0.149317923592 0.134862306236 0.191331091435 0.118518825268 0.118518825268 0.247230811944 0.238500644783 0.267070810752 0.264139647135 0.280324949283 0.500620784082 0.501909555519 
2001120119 1.0 0.178591529289 0.189947999356 0.306281945916 0.198784007257 0.386972141507 0.226476649304 0.233071690788 0.209046381616 0.201881752226 0.494302945504 0.306611610595 0.310028653372 0.355603759501 0.353487051651 0.103342884457 0.0980396684569 0.181795220214 0.178833796906 0.234553093567 0.235474237681 0.383299813845 0.387195846396 0.180200494487 0.17325923273 0.293283647725 0.300574328774 0.16313426016 0.13559679774 0.156450747791 0.125308106355 0.146641823862 0.201881752226 0.122748153758 0.122748153758 0.238640010681 0.220339679253 0.232451653268 0.270180581359 0.292396550136 0.511097794365 0.534507055042 
2001120149 1.0 0.175608173914 0.177970133417 0.273423269978 0.217541872843 0.345936599896 0.255166230396 0.259433821669 0.222045157489 0.226868295783 0.496508066219 0.317009300149 0.316374450725 0.353717389082 0.360859543686 0.102550222319 0.116925243327 0.177447970531 0.181071492085 0.207648373942 0.213161145585 0.379044332011 0.379655858623 0.194257172471 0.197102424932 0.289040992472 0.300530513501 0.137585560928 0.154927319998 0.1497497655 0.157403145068 0.151801227741 0.226868295783 0.117847484885 0.123110526237 0.254741610201 0.245277070522 0.256194520901 0.315885236808 0.308904853434 0.538352759038 0.527029974362 
2001120182 1.0 0.184028123164 0.177263607954 0.278278145649 0.224611637149 0.360629681523 0.243338739327 0.245907782564 0.205537474044 0.204002954641 0.538510645691 0.325198075245 0.315885318857 0.364481643208 0.359466044131 0.113657785972 0.112887215826 0.167334509084 0.163001146153 0.196417178783 0.199940637793 0.393766455538 0.391409749582 0.150645099334 0.151454093027 0.274869756691 0.270581154226 0.142914489672 0.140946554233 0.140450262008 0.134741073036 0.15509862253 0.204002954641 0.103361557069 0.103192527426 0.265566943106 0.260053761637 0.274933259004 0.301811211987 0.29896359861 0.537829458564 0.537991724206 
2001120186 1.0 0.176762844689 0.156747792869 0.303592413864 0.230137163133 0.361068887883 0.258849454113 0.253466363212 0.221462691614 0.220114244167 0.528631193373 0.320319029912 0.311137499521 0.371211682716 0.350498720179 0.119674467307 0.112102575217 0.18165928002 0.186090645358 0.227947937027 0.23750877273 0.373442213439 0.361849203354 0.193034231219 0.191485694323 0.300427474439 0.277545597145 0.168781695238 0.167757355489 0.14162286962 0.163212292829 0.152285748716 0.220114244167 0.12580244797 0.122265123963 0.259755898305 0.236781939338 0.245553391508 0.320661277313 0.262097982458 0.521107935278 0.496090832673 
2001120189 1.0 0.172664859682 0.182506134249 0.294081361063 0.212984167297 0.365328982023 0.237623831294 0.242759923964 0.211774020188 0.222890158188 0.542827692197 0.322628312839 0.321351204163 0.370116605099 0.374774513067 0.103400259987 0.114375724111 0.16882654721 0.166295731215 0.194041122267 0.192712057843 0.375459659001 0.358332484104 0.178014961104 0.192712057843 0.29303075445 0.319224754212 0.142761650104 0.147803401294 0.161114880054 0.154186315967 0.111646685552 0.222890158188 0.099859831343 0.102651876737 0.266432256238 0.260333483892 0.289678696942 0.243605411675 0.298376013435 0.477109745682 0.481213010633 
2001120193 1.0 0.184794299237 0.180020954478 0.266261510541 0.211878308421 0.374900988474 0.239597174805 0.245438897995 0.202985305254 0.211320365889 0.511143205957 0.327592407145 0.332111136565 0.368228488616 0.371341345784 0.10450155479 0.10987111806 0.157550537031 0.153854100005 0.211878308421 0.206873990126 0.382962622352 0.374231205289 0.170159575577 0.184794299237 0.28177212676 0.297218096444 0.137439598234 0.144658849768 0.141043097867 0.143429432151 0.126829459338 0.211320365889 0.0904194319901 0.100175460719 0.253426097223 0.233861967771 0.25769924669 0.279352534115 0.276645205773 0.500346681854 0.500906766099 
2001120206 1.0 0.194946168575 0.179731486795 0.290857292229 0.214525738915 0.352368814822 0.25376874029 0.251243102484 0.209740176195 0.206740162162 0.540833353103 0.298061868974 0.303771059517 0.353843167767 0.347084285681 0.115105789337 0.103181046943 0.164296251305 0.169597487925 0.205667163693 0.201834520454 0.365067571384 0.363996466176 0.175925665878 0.179441597112 0.286120253456 0.271701095471 0.162143283347 0.170515892589 0.138788709015 0.158490024619 0.142946361202 0.206740162162 0.103307108135 0.10165612 0.274749730529 0.255302718034 0.262392316932 0.325448385282 0.282457763224 0.501475034882 0.506921661367 
2001120218 1.0 0.198577284362 0.185216760422 0.273576604365 0.219728732454 0.372193567217 0.247651344469 0.246267124239 0.199989945454 0.190356698417 0.538185913994 0.315941486232 0.30993340748 0.365185082913 0.349024091156 0.117962459137 0.104686100174 0.171695042483 0.168801264454 0.217336304778 0.214167423997 0.357167848369 0.373164790123 0.166643204998 0.161682288072 0.29480385051 0.270917589383 0.151273167763 0.145514059265 0.130583617804 0.136898511655 0.13317572292 0.190356698417 0.112375229646 0.106589639726 0.272656274082 0.238721037536 0.244669699008 0.330408104294 0.253191969336 0.527734707191 0.498701309583 
2001120256 1.0 0.200556439263 0.193446618735 0.276122860544 0.242856656699 0.392402421235 0.227246982725 0.237340069839 0.192499892243 0.190272545782 0.524475547188 0.309453590829 0.30394359074 0.363772665743 0.353585684964 0.124492759269 0.123387226934 0.175972854172 0.179484948791 0.219684711877 0.222165546366 0.397337524758 0.391897723378 0.165633278065 0.158012748675 0.304344043602 0.291204311922 0.155389545093 0.145785024086 0.124492759269 0.128346442131 0.117315236114 0.190272545782 0.102641561646 0.101297832343 0.259406789321 0.237852683978 0.247082729384 0.307825785086 0.265325576473 0.520717488081 0.505164847401 
2001130005 1.0 0.170739556579 0.163964286244 0.295022461298 0.207860107841 0.360686686363 0.234630816856 0.228771364146 0.203947438077 0.189618362065 0.519650269602 0.313079444291 0.321496174065 0.358071325712 0.366431773234 0.100722460375 0.10979373262 0.165142922218 0.17012680049 0.213035252057 0.209076720686 0.376274663229 0.371967859258 0.1783468609 0.171001494176 0.285983768769 0.281991146993 0.152362000345 0.136888413198 0.153823773511 0.13029957541 0.139051081257 0.189618362065 0.107736203639 0.110606027783 0.256792895455 0.245870592533 0.262311009498 0.264745371244 0.297188994685 0.501653290977 0.514891335204 
2001130011 1.0 0.180801751302 0.175961693248 0.294844403348 0.223776490524 0.420704727537 0.24818853079 0.239147114563 0.195897061483 0.201884597759 0.540425666084 0.308657228309 0.312205680271 0.358710297449 0.359704875043 0.115746460616 0.111287946321 0.165948117121 0.158609726881 0.195211971546 0.192215034347 0.414717771902 0.419819218815 0.15889103315 0.161216164517 0.262017992141 0.270900573613 0.141654837779 0.147422201674 0.160568521639 0.15170196623 0.158609726881 0.201884597759 0.100165096381 0.101493799791 0.249862268172 0.234686077883 0.251228782266 0.24884741305 0.267583298615 0.511384577585 0.52599235429 
2001130016 1.0 0.183456567993 0.170827700222 0.294046560735 0.208811316406 0.358028864753 0.253164638128 0.25467976752 0.216187331029 0.215923526988 0.540125482819 0.316092558529 0.320390898324 0.361829366094 0.358108453254 0.108881722112 0.10156933316 0.159258756061 0.150991781552 0.210307216012 0.202576732557 0.377215125716 0.370814727685 0.179451683779 0.17608516295 0.286735341186 0.27345774693 0.154074517581 0.151086121944 0.153704145609 0.155180329743 0.140936896842 0.215923526988 0.100724081296 0.098144658009 0.263695809966 0.2509599694 0.267558118588 0.282328388396 0.277440978809 0.493560701291 0.483704240175 
2001130024 1.0 0.186054238907 0.180084748339 0.298958031402 0.233755386604 0.358731524544 0.245525873953 0.243350897173 0.208014962849 0.204578828983 0.532711730778 0.322896335222 0.321796798538 0.369719569247 0.362539865028 0.115287446504 0.120056498893 0.157606368071 0.157980730517 0.201083986849 0.199387667638 0.381708051675 0.37691923537 0.179920661974 0.185736468839 0.296677011273 0.290946981774 0.154578832927 0.155721056586 0.150316439708 0.163131623644 0.138558266596 0.204578828983 0.0904514738416 0.0904514738416 0.260978911074 0.244561605627 0.255488819762 0.292162642981 0.283699791451 0.518608447027 0.518608447027 
2001130046 1.0 0.189849595522 0.190888925892 0.287181487783 0.212471810845 0.350291363826 0.252146596285 0.26452838776 0.216164573499 0.223367024648 0.534544516449 0.317710274671 0.324081554675 0.357420455064 0.362686686158 0.109709952609 0.104000760984 0.188367394605 0.178387020552 0.224251066459 0.234599868082 0.347645478039 0.344740245356 0.176154769692 0.185545251612 0.291568801545 0.298443336986 0.143562034355 0.149745593546 0.153228514778 0.159554201703 0.143562034355 0.223367024648 0.132575477421 0.136497224031 0.246659462325 0.241457514368 0.255072205803 0.259494085759 0.316045224101 0.491577872383 0.530115326002 
2001130156 1.0 0.187820856971 0.175261871351 0.290951590971 0.1910695718 0.370580694201 0.274476047506 0.261264972137 0.227495148103 0.209573371767 0.54570647563 0.31129720127 0.320899605512 0.350204358816 0.343184229578 0.0957906667873 0.0953515934287 0.156990809446 0.157257876511 0.22245910772 0.209239390085 0.374634979661 0.35559487402 0.189008668696 0.191142764514 0.284829700651 0.279275385006 0.164219524934 0.170323923475 0.14053633548 0.161470886885 0.142905092224 0.209573371767 0.113562968724 0.118858970297 0.260460665542 0.243358602914 0.258520120309 0.284829700651 0.288925373842 0.523733161806 0.512147519732 
2001130161 1.0 0.181127205274 0.176563696992 0.305598462239 0.212091033212 0.362106642069 0.244007659219 0.245756057105 0.208271554483 0.20326476352 0.559061869507 0.321597897048 0.332520639835 0.372488467673 0.371769377297 0.109734883765 0.104616480414 0.168895101345 0.165615272597 0.193138937513 0.199074658932 0.369060310035 0.35876576103 0.180683446652 0.171255184562 0.299942015626 0.28488832791 0.168498540334 0.143822951844 0.149300393299 0.139285996093 0.129323800739 0.20326476352 0.108755088402 0.111067990324 0.233700667823 0.222677409705 0.2368850573 0.265085401843 0.265085401843 0.46825932083 0.484824562947 
2001130213 1.0 0.186167095909 0.181234066785 0.28780182194 0.214350054691 0.400397259011 0.275611763532 0.262312087332 0.235552322556 0.230089496654 0.54144598252 0.307820689861 0.311415048245 0.345491056255 0.348742916231 0.107286224014 0.107729862946 0.159490444566 0.155962573473 0.194764543347 0.212786793283 0.40977717005 0.383316628285 0.20126784154 0.212562531714 0.296025607967 0.315976292604 0.144534778053 0.175167419349 0.157282163182 0.174074888403 0.152353033251 0.230089496654 0.100870613972 0.106393396642 0.242928607673 0.244819131187 0.266162745915 0.230020390331 0.274629393286 0.494998835733 0.507495486991 
2001140115 1.0 0.202400896641 0.196343616037 0.287004168476 0.213488089519 0.366149210934 0.258967160008 0.273746716405 0.215462503324 0.230921996857 0.521946217971 0.358443589391 0.3547933111 0.404801793282 0.408273901222 0.106265452046 0.113266765207 0.163286509903 0.178256578502 0.205629675297 0.207829797171 0.355676322199 0.348369566813 0.180355845111 0.179309283983 0.296413103167 0.290480500126 0.146583851757 0.160379099193 0.147011210832 0.160183395521 0.150282043496 0.230921996857 0.10417869023 0.10816711825 0.23768276993 0.224307102621 0.243162455829 0.251719307537 0.299571002344 0.491840575613 0.51893264649 
2001140221 1.0 0.177959937255 0.175538600794 0.281379366993 0.206635386069 0.3622003543 0.251477069243 0.25997356078 0.203747482458 0.219610712155 0.524140692843 0.318116825174 0.323147869704 0.357120282217 0.365457780039 0.103913417901 0.104702445312 0.162488224083 0.15952342112 0.203343140955 0.202856867303 0.356474411135 0.361836607933 0.169916089533 0.192874107607 0.266229834905 0.285387242751 0.136382589404 0.164101049953 0.150934234048 0.171938398117 0.150168897976 0.219610712155 0.105485570998 0.111405179581 0.269730988999 0.258767769426 0.278557271093 0.261677496034 0.303445667477 0.479360692683 0.500361996954 
2001140238 1.0 0.182792301039 0.183735345824 0.274555891019 0.220633908024 0.393109707461 0.244123254245 0.23046732637 0.199157137457 0.197340966593 0.51567586196 0.31828420672 0.322732807648 0.360826248235 0.378780118996 0.108540185453 0.117216323291 0.163229921456 0.171826774619 0.204368005443 0.194473875215 0.362935546648 0.357699375882 0.174818181074 0.158575477252 0.282824380916 0.276020757541 0.13577471263 0.144510002506 0.146489683827 0.147371864538 0.125752051125 0.197340966593 0.103235666819 0.101263726245 0.249722604406 0.236694795198 0.257670304179 0.248160557266 0.289020005013 0.482698915408 0.498059141731 
2001140310 1.0 0.192539729461 0.190716313268 0.283195457628 0.219286393701 0.381432626535 0.271190142111 0.250457152738 0.233614441238 0.218906676717 0.515484038237 0.318116336154 0.308396097703 0.365300232093 0.356167434312 0.112007843795 0.110963110897 0.155861622146 0.167292225916 0.229663720019 0.233756845665 0.371577560581 0.369602025479 0.186392318795 0.179108533824 0.296961876464 0.286408711605 0.159554287675 0.163265348569 0.137120372929 0.145595341024 0.150429225043 0.218906676717 0.102708737985 0.0954889335958 0.278395689144 0.254411983937 0.268352960014 0.275753392444 0.263661659863 0.484707915891 0.477270386291 
2001140338 1.0 0.183463474956 0.177378342505 0.290305234743 0.209904415464 0.376870886801 0.250043333815 0.238087258345 0.222726452608 0.219327844951 0.511087062032 0.298741533943 0.303348164051 0.346183230496 0.336749130491 0.10870469616 0.102268276685 0.165584529621 0.167406578248 0.223568032088 0.219327844951 0.370687187668 0.357838058082 0.180286377989 0.17867664596 0.30071758241 0.293718670798 0.160354686031 0.144729031455 0.141090009735 0.142008507744 0.149443282924 0.219327844951 0.119346616757 0.115783225164 0.256432331693 0.236565529484 0.255359742665 0.292091134782 0.285639983074 0.494626154723 0.503139341346 
2001140359 1.0 0.173867838923 0.178180041319 0.281551613701 0.218376269565 0.339378427286 0.246690245768 0.2502762409 0.203594639424 0.211856100128 0.528642340342 0.322525920724 0.324209874166 0.372524224552 0.377976946467 0.107320881895 0.117170473404 0.17697202711 0.179471886602 0.221750523361 0.231293286265 0.372524224552 0.359907875374 0.176224517847 0.179931012158 0.270979556064 0.283828112442 0.140834402402 0.159617376894 0.147697195535 0.165704072597 0.159720722568 0.211856100128 0.102765303325 0.110502570671 0.25517320117 0.24127971416 0.257234199422 0.290720936209 0.300599491223 0.53709619962 0.5342931091 
2001140372 1.0 0.187538990834 0.187538990834 0.285767112614 0.236327617226 0.401249407258 0.248774316982 0.254532633448 0.206830002469 0.203889838629 0.549478021291 0.313620289952 0.31491714024 0.365291651398 0.368787344935 0.118610072225 0.122860877885 0.167108860722 0.167108860722 0.172005229038 0.181983463315 0.38918013334 0.382648029593 0.173751519789 0.174618116286 0.283646362618 0.272795419501 0.151970513032 0.161598254614 0.142645659184 0.164835164835 0.14008295367 0.203889838629 0.0914467965774 0.102203710097 0.265390871994 0.247496827023 0.268557129887 0.261955987716 0.271853118173 0.490521189465 0.505613937157 
2001140408 1.0 0.186393769299 0.193015017956 0.284329816114 0.217370620456 0.362021985087 0.249485011291 0.249699161555 0.201880623105 0.211197067183 0.537865473638 0.328993430838 0.316024871637 0.376958069664 0.363054018904 0.114784480846 0.106574714941 0.179454039255 0.174929259619 0.210943833198 0.217923180473 0.344159364046 0.347559314578 0.171846564261 0.183358072633 0.279590653948 0.296251998597 0.149204600918 0.162329769563 0.144194771503 0.152657433661 0.157228250155 0.211197067183 0.116173053286 0.11559650852 0.234065090106 0.211954953831 0.220846819435 0.284470771167 0.291339896464 0.501454402965 0.515980136856 
2001140410 1.0 0.182435168334 0.183192163985 0.282578378008 0.223591324837 0.382371726573 0.229094053279 0.25827034371 0.206539234958 0.212565419506 0.524681443559 0.306369778511 0.326116638641 0.34842772865 0.368502854429 0.11314148842 0.112374418637 0.1589214269 0.170576431105 0.238200654112 0.225133352247 0.381737835767 0.365722727973 0.192313547144 0.182624711417 0.309962364795 0.279005191777 0.152704197139 0.152590873044 0.138444564051 0.17148671796 0.134129003343 0.212565419506 0.109410518234 0.105219446982 0.268322484035 0.248159569389 0.269416238054 0.290546694487 0.311298895743 0.539249665784 0.523625346993 
2001140418 1.0 0.187466474281 0.189506266265 0.283293445292 0.23003233432 0.390886701061 0.259087119748 0.257764675793 0.208401554252 0.209287938166 0.539658380778 0.314090624774 0.309523783444 0.372341390717 0.364534300407 0.119330382833 0.118131052064 0.170187049165 0.163356277077 0.169600340034 0.165779065975 0.377431267428 0.391469136401 0.18640001677 0.187390500023 0.282891039627 0.28926236155 0.143692809101 0.173173014649 0.14566129547 0.174238704798 0.155129497683 0.209287938166 0.0954643062666 0.102513064129 0.253531433092 0.240147763017 0.24623731248 0.270540690051 0.261711961295 0.498338309042 0.501755526051 
2001140558 1.0 0.183082772862 0.174527424293 0.282039850197 0.215585479319 0.410537876414 0.260995057173 0.248996907796 0.218487722148 0.222972079388 0.510485747824 0.30884265372 0.319793080766 0.360593809234 0.368980832882 0.106057002716 0.114816196292 0.162374621976 0.15659128794 0.187933487625 0.189007743049 0.390255184657 0.379737390729 0.19818759468 0.201005302088 0.303701037479 0.314401329206 0.146496933655 0.153251451474 0.150735322359 0.138281413439 0.142606250872 0.222972079388 0.0953333884988 0.096738870525 0.245631315377 0.22845377543 0.243053404126 0.248182450891 0.267297313613 0.493683670981 0.512596655855 
2001150094 1.0 0.170549216134 0.170549216134 0.306818181818 0.210227272727 0.375 0.24668515166 0.233991594113 0.216357190507 0.206821303673 0.539892331247 0.304547574619 0.305447273994 0.343033155639 0.343033155639 0.108103963582 0.102430433962 0.173923043921 0.170454545455 0.224773186873 0.226846190655 0.366466261286 0.372234985322 0.168932599401 0.175401693641 0.274202920728 0.288488688063 0.158480973648 0.153514273706 0.158480973648 0.143402607547 0.136836302032 0.206821303673 0.122390109253 0.124612001133 0.251673120345 0.238703994745 0.243987619927 0.246161125255 0.26068340334 0.485388253049 0.49120624424 
2001150118 1.0 0.173845397472 0.173845397472 0.293333333333 0.213749593892 0.333333333333 0.226666666667 0.2385139176 0.198214249964 0.210818510678 0.5068420749 0.322490309932 0.335724754987 0.376415845693 0.376415845693 0.10994948335 0.107496769977 0.170749979665 0.160554594384 0.2198989667 0.210818510678 0.363929175039 0.3577708764 0.173333333333 0.185711843696 0.281266974796 0.288444102037 0.162207000808 0.162754074876 0.135973853696 0.161107279648 0.133333333333 0.210818510678 0.101543641412 0.107496769977 0.251572830188 0.240370085031 0.248014336503 0.298142397 0.310125422656 0.517773009039 0.514673575083 
2001150128_13 1.0 0.170096389256 0.183306775745 0.272765122274 0.213415323719 0.367506850322 0.237909284273 0.258299658158 0.198440323394 0.208979467487 0.526493800304 0.310736396779 0.312789798487 0.359082982956 0.358887255912 0.108503327732 0.109291931835 0.190696239659 0.193983998188 0.217437937749 0.221598955944 0.36526950706 0.362695644061 0.167459793439 0.173909055068 0.270696513441 0.281331609372 0.14120589689 0.13920129506 0.14280025188 0.147055838466 0.129013746566 0.208979467487 0.129978348756 0.129978348756 0.235037034703 0.23326993923 0.246039754783 0.247463516293 0.279018835666 0.482660542366 0.489167535534 
2001150262 1.0 0.178853785464 0.168251488375 0.273635067262 0.214479405604 0.380895506825 0.267355797458 0.271818598184 0.21710310445 0.233742437839 0.524016282573 0.324729731381 0.309555305087 0.367274154164 0.35372849753 0.10773351832 0.109686550769 0.185839843078 0.181602522812 0.181212398789 0.191836212282 0.396016970477 0.38311865123 0.181991810553 0.203299046916 0.271297373163 0.290447101474 0.147159950243 0.178457652562 0.135648686581 0.165708498395 0.160060144393 0.233742437839 0.124210172774 0.117173602915 0.271818598184 0.26281722651 0.277487463295 0.287754318422 0.237049569143 0.51323599044 0.478556451658 
2001150304 1.0 0.158710166267 0.158242683171 0.304312852253 0.207290445485 0.365378241615 0.244967120663 0.234142983519 0.212583819419 0.212583819419 0.523559627604 0.317420332534 0.336675104432 0.361914862583 0.386656992912 0.100377122646 0.110226803185 0.175554494813 0.173003930745 0.235090295481 0.230957216251 0.359450033477 0.361300231747 0.196652983477 0.201490960594 0.287281648031 0.304312852253 0.150565683969 0.163311413775 0.162401593806 0.163311413775 0.137716276115 0.212583819419 0.114835268256 0.119885360364 0.240079504785 0.231277767712 0.256779466034 0.261354961241 0.281024310182 0.499666506058 0.500407301878 
2001170233 1.0 0.181698090536 0.182604321048 0.291284197972 0.218037708643 0.381565990125 0.252423054576 0.243773569092 0.224748125776 0.212672162407 0.527237642054 0.329069237733 0.31101703263 0.374580209626 0.357903731309 0.110522633694 0.110522633694 0.16751736235 0.16751736235 0.20314464091 0.195694832535 0.383292541884 0.374139267496 0.195694832535 0.195694832535 0.312605215038 0.302405891492 0.14983208385 0.162515712728 0.155242916605 0.146489683827 0.141910745272 0.212672162407 0.114915962519 0.0978474162676 0.236905325768 0.218037708643 0.22179078474 0.270113630516 0.282071289945 0.516483014748 0.488899560028 
2001180340 1.0 0.188009166247 0.188009166247 0.305548188067 0.236105418051 0.39588469911 0.270470451848 0.254959959961 0.229055900566 0.217501141136 0.562657874626 0.320642168021 0.322142607512 0.370202266195 0.375890064256 0.119876807415 0.119876807415 0.162115778921 0.171932221018 0.18954187503 0.186980380598 0.36804668108 0.365944290836 0.186980380598 0.175677856223 0.289002087681 0.287076780797 0.156670030269 0.179210788534 0.156670030269 0.163890822111 0.158353879644 0.217501141136 0.1001517872 0.0964729792907 0.229266333225 0.215384562392 0.23702273157 0.251724054788 0.265794413416 0.490297430773 0.497909987831 
2001180424 1.0 0.174894926439 0.174894926439 0.303116287092 0.235329982919 0.401789397856 0.250795005659 0.250795005659 0.222803321211 0.222803321211 0.515192432464 0.304532946721 0.312898239792 0.356130970701 0.35572787949 0.115883481776 0.121445147947 0.17750058096 0.171414906882 0.20691073353 0.20691073353 0.39509183866 0.370272690238 0.180068534697 0.193139136294 0.2858700129 0.302737391585 0.158181923125 0.147090383988 0.160522818698 0.139068431696 0.153392997769 0.222803321211 0.111851510503 0.11857595983 0.257568366487 0.250451529115 0.269011688182 0.262970559311 0.275753825298 0.493283438737 0.493864798325 
2001181087 1.0 0.182269331996 0.180770791918 0.28913544169 0.234871581507 0.403542272728 0.269327601145 0.257274829752 0.225013499603 0.214956498489 0.548860312407 0.302079451101 0.296627398809 0.353476444735 0.352911662488 0.116932851437 0.122832284851 0.180670447313 0.192055319899 0.215882495132 0.201905905033 0.401876131138 0.399704300974 0.200192131709 0.181171614566 0.300695552303 0.284265044293 0.156349253983 0.164378117112 0.146653763242 0.155418595393 0.16035739136 0.214956498489 0.118779273805 0.110719525328 0.272673413917 0.259030992322 0.26675671868 0.256215354436 0.267300011948 0.522974285776 0.528767663109 
