Leaf
2001130102 1.0 0.173287698674 0.162140844826 0.275692418316 0.194869043289 0.367678175521 0.266150354092 0.252116124365 0.225771382557 0.218606376916 0.535501352842 0.266808057782 0.274577647064 0.309533813768 0.311884142231 0.0986264255537 0.0974345216443 0.153630292431 0.145425464597 0.227254403442 0.218873458722 0.389175558375 0.384797571458 0.190088580096 0.184869006675 0.281096094447 0.276115909223 0.140314038658 0.169624777925 0.147023594611 0.163397073803 0.160693129728 0.218606376916 0.101975578055 0.101544996632 0.282960422066 0.270234741376 0.290298027939 0.261444256502 0.293101937372 0.467810603269 0.485370483889 
2001140563 1.0 0.165576155169 0.177501553269 0.272017969206 0.171591514753 0.331205104648 0.247659251959 0.246456156608 0.209071468076 0.213703360133 0.532241921583 0.292700055307 0.301527159354 0.320691371189 0.330571016438 0.0829990029647 0.0887015116976 0.147835852829 0.139562056366 0.216951317702 0.227571195803 0.376282179343 0.349443430205 0.193704461308 0.203906321334 0.280436468868 0.302915626372 0.138429943473 0.167361677548 0.149599364728 0.169438204582 0.142168598292 0.213703360133 0.106605949546 0.116481143402 0.276859886946 0.274322162574 0.303434663523 0.237717109324 0.278371417125 0.448369349542 0.459005921138 
2001150044 1.0 0.183713973325 0.172614163115 0.264088836654 0.183713973325 0.355945823316 0.252084258339 0.232495277488 0.225587930317 0.211719893062 0.517205614809 0.289112478197 0.290704143663 0.313611241105 0.318409031185 0.0918569866623 0.0918569866623 0.13091634852 0.146143570879 0.215729511539 0.211096269047 0.359447316174 0.376116224901 0.181548310533 0.181548310533 0.296318878995 0.294085848838 0.134394807948 0.143870592993 0.145238648426 0.149708572096 0.140157177048 0.211719893062 0.0925718378067 0.0981033047596 0.29787203988 0.275810067156 0.292737854657 0.279372118308 0.298755935116 0.472025607386 0.464565064063 
2001150128_30 1.0 0.153625510836 0.182611841644 0.261723207614 0.203322579924 0.352798999734 0.239213105391 0.253041183375 0.213186056836 0.218796651477 0.510562929471 0.265472781241 0.265472781241 0.301832503694 0.326587053342 0.0945430792781 0.113163457427 0.181715408122 0.194905551017 0.25044652093 0.253448438762 0.375091664631 0.385420847805 0.177116697498 0.186200576168 0.259646137294 0.290958593601 0.129789963185 0.130120638786 0.163175059706 0.152446134692 0.147226373522 0.218796651477 0.130120638786 0.129856165669 0.285592093351 0.28220143739 0.30435620705 0.228481198057 0.309063892341 0.440529546828 0.470181395373 
2001150155 1.0 0.17580097527 0.169564550399 0.274811512716 0.198885785202 0.345025702003 0.243689588174 0.251695107919 0.205646780404 0.220178637653 0.526267294212 0.275804960195 0.285549402973 0.322490309932 0.334715084862 0.102114398727 0.100935792403 0.15436664092 0.157328118123 0.216340978096 0.218307397168 0.369152413338 0.355662377116 0.173845397472 0.179362594124 0.278947962552 0.28416920444 0.140572699201 0.144411567593 0.146176336551 0.152472499972 0.1490711985 0.220178637653 0.0915208630645 0.0967859564582 0.274562589193 0.269535846688 0.293810800218 0.271242787135 0.299629400723 0.455094617757 0.463063009133 
2001180246 1.0 0.165505649677 0.178065485351 0.282378001684 0.202516994863 0.387128748503 0.241399919637 0.241632968689 0.203625672827 0.203625672827 0.546041528498 0.278093212605 0.28502328663 0.306832758133 0.328736280647 0.0980102226931 0.104854048478 0.16942680101 0.168204289264 0.22473666057 0.227969255029 0.35681518069 0.373060965597 0.187408514266 0.180991639955 0.277350098113 0.294158257874 0.134345749794 0.154604136505 0.163452433253 0.154604136505 0.151663694313 0.203625672827 0.129799961551 0.12613462536 0.282178605636 0.263687233002 0.292238561984 0.255814191481 0.293135984555 0.469081574411 0.485821483748 
2001180384 1.0 0.163856189732 0.18457375764 0.261590484564 0.194578855621 0.335761388603 0.244111560033 0.274237572767 0.201734523357 0.228446239077 0.52014514542 0.282376166402 0.286262259685 0.323014765293 0.332454400044 0.0978556174275 0.100088352248 0.154485097198 0.148157014292 0.204724688293 0.201002936094 0.370541657068 0.378652901792 0.171650107998 0.182567461559 0.25351099695 0.28529569893 0.12511044031 0.151718694196 0.148777180311 0.160334432452 0.141676343159 0.228446239077 0.0959553274572 0.101004092754 0.286262259685 0.280806671154 0.306336537567 0.275510454624 0.32443686764 0.476348379269 0.490405890602 
2001181190 1.0 0.181180833645 0.183579171549 0.254679184839 0.207443248915 0.350023059912 0.253038193623 0.257687471064 0.214550871941 0.222930436656 0.509358369678 0.267444882653 0.284062532903 0.311750037394 0.33475362209 0.104072459657 0.108193782655 0.155171895063 0.161357498895 0.211421429939 0.216483801724 0.371949160343 0.342990025925 0.17533851569 0.193413735684 0.273984843067 0.300315740255 0.12729869324 0.142141211972 0.144322534483 0.159409449628 0.141553849079 0.222930436656 0.0983089680408 0.0930852377512 0.263363911509 0.258333305337 0.293369056039 0.225900498452 0.31862284375 0.434168625461 0.452399927771 
2001181195 1.0 0.165711580241 0.171520982764 0.274340752642 0.205790275676 0.365752954419 0.252008194999 0.261670085398 0.213346856273 0.219829371683 0.548592233134 0.275765292307 0.277182510851 0.330139908877 0.329694542687 0.106749923971 0.105364502146 0.154388977511 0.157633017554 0.210108298955 0.210108298955 0.385908991037 0.386289551138 0.173508326671 0.195288325824 0.273147961111 0.298289601689 0.144558904339 0.14746602556 0.146466244368 0.148238971461 0.145683893324 0.219829371683 0.0951031157493 0.0921385842608 0.286223436405 0.279995428683 0.301555643585 0.264401061598 0.27481641967 0.469329690643 0.472899052661 
