Leaf
2001110003 1.0 0.171498585143 0.167087754148 0.259709353877 0.171231799523 0.331657884195 0.214386559919 0.220622267008 0.172914490163 0.172914490163 0.497356621204 0.291346284902 0.295139948414 0.328518512855 0.332162935602 0.0890191737135 0.0844510033082 0.128882851433 0.129354951371 0.180503545731 0.178038347427 0.300208197593 0.320107418728 0.157122866717 0.153789875529 0.260412539335 0.252026229507 0.129942664307 0.14396315015 0.13352876057 0.148650333569 0.132727466302 0.172914490163 0.084270359244 0.0796211694897 0.215944725225 0.193225717736 0.211307882082 0.282907359776 0.268877354945 0.452902186046 0.461237485778 
2001140120 1.0 0.16706375588 0.175079307432 0.277983227995 0.187145847033 0.315753135932 0.192711057748 0.205689673245 0.15089127203 0.172366010056 0.471438186531 0.261023224713 0.260091289611 0.308430328028 0.308384013691 0.0975342336042 0.0933436714199 0.139887930331 0.132763147827 0.16740539991 0.169777659453 0.283327101662 0.287828608399 0.119514324501 0.136581396726 0.235233824417 0.25352816791 0.136267295743 0.113381243532 0.14588582489 0.121881174557 0.147831055107 0.172366010056 0.0789156623222 0.0845093893035 0.209064683073 0.187145847033 0.209542389843 0.297780198649 0.304702936392 0.461083723696 0.457694613664 
2001140300 1.0 0.181332196176 0.189442070355 0.279856139386 0.184754577682 0.34861181078 0.201961591798 0.214788599806 0.158120486173 0.170163591122 0.491739260815 0.310555277786 0.314165211391 0.358960488715 0.36254921814 0.0972947555348 0.0935006858851 0.126856840859 0.134319007969 0.160479971679 0.159522912622 0.308215506056 0.303160583876 0.132335174806 0.136885518322 0.25084427421 0.260321632807 0.134526130694 0.12363349454 0.148588967977 0.135145594281 0.126856840859 0.170163591122 0.0709887060462 0.0709887060462 0.187373218174 0.169589958313 0.198063965169 0.278659741435 0.30970241063 0.466519744007 0.485557198852 
2001140471 1.0 0.181148605162 0.177364175283 0.275299121934 0.1797497533 0.331461207446 0.218781761693 0.216170214722 0.18365686948 0.183398984678 0.471976825838 0.301082932732 0.307511736807 0.342233334241 0.3496215009 0.0914410620674 0.0914410620674 0.127102269475 0.127102269475 0.160949600574 0.163285146097 0.324048476137 0.30446979892 0.146046674556 0.145722246148 0.261304538505 0.259730035642 0.137706855272 0.132570203295 0.14221563325 0.129317190134 0.152803810529 0.183398984678 0.0755714251077 0.0764019052643 0.216753277722 0.196922012775 0.221362500814 0.284763869928 0.315013125403 0.485618106717 0.489339868684 
2001150003_10 1.0 0.182269331996 0.18129668991 0.262248892005 0.171742547681 0.322209701642 0.222276870386 0.233729965545 0.164736269807 0.17245380907 0.53606511348 0.290964194505 0.288774581189 0.337278386063 0.3367268266 0.0885612878033 0.089831959442 0.14393916256 0.137330669379 0.169697762582 0.164295355614 0.310019350491 0.318245635235 0.149501080415 0.15848047126 0.257221959629 0.259817392826 0.134663800573 0.144567720845 0.134427932356 0.148160782878 0.143054541242 0.17245380907 0.0835024156328 0.0848488812909 0.211426455512 0.192926750806 0.201411312384 0.298121445629 0.282376857046 0.480779943859 0.47539373375 
2001150074 1.0 0.173818988236 0.171951920255 0.272709665492 0.181806443661 0.340887081865 0.208595165786 0.208595165786 0.162692008031 0.173074578014 0.477241914611 0.298911301944 0.298911301944 0.335734839576 0.335734839576 0.0916106505687 0.0916106505687 0.128556569176 0.128556569176 0.177857560464 0.177857560464 0.327756227415 0.315716979436 0.137298476066 0.147717735475 0.244764415529 0.254082229234 0.138235677909 0.129557024492 0.138235677909 0.138701904116 0.15455218636 0.173074578014 0.0819390568538 0.0819390568538 0.198769617593 0.183221301137 0.218274233612 0.274596952132 0.312634735318 0.484491573937 0.498415824798 
2001150083 1.0 0.174705055293 0.1716471331 0.26366011651 0.187465896507 0.347545103103 0.213744008241 0.232721819792 0.160185959718 0.17784576497 0.493848155191 0.302279675331 0.292732434258 0.344554065907 0.33376632767 0.0981241349016 0.0925701237261 0.1528029407 0.154058016736 0.186177455834 0.170662667847 0.310993141508 0.304659242426 0.138247121173 0.161383628428 0.24205058252 0.257844387365 0.141516639899 0.142364560248 0.127938219252 0.130361153821 0.156998615843 0.17784576497 0.1056829276 0.0993431149926 0.215538323106 0.201333891904 0.219412235873 0.31598409211 0.295188973277 0.491502998344 0.472628420352 
2001150092 1.0 0.17836222999 0.173920979562 0.266762479854 0.179382700605 0.338418537189 0.2033642314 0.211411392591 0.157723775906 0.164837810651 0.49152508844 0.276175986123 0.274993214152 0.316520365419 0.323164940089 0.0856004678124 0.0975594650807 0.135970938694 0.140868959429 0.162928427962 0.169055091552 0.303739932759 0.311872724374 0.125603188842 0.137496607076 0.240656312275 0.242598861108 0.133161118541 0.127662394746 0.137496607076 0.137211836442 0.147293859266 0.164837810651 0.0849890280724 0.0845275457762 0.200198081783 0.184117324082 0.208430119112 0.290756534189 0.303739932759 0.480255001932 0.492399665355 
2001150124 1.0 0.186100830396 0.18661833718 0.254660797399 0.185235106224 0.319967047167 0.228723886758 0.212046141733 0.174265957918 0.159899775725 0.513950267866 0.279151245594 0.280873354745 0.31124103452 0.321070327444 0.0930504151981 0.0936244515818 0.147343966014 0.13888293553 0.174265957918 0.174019819437 0.305682711769 0.304453302029 0.142613533028 0.139268187131 0.248656915178 0.259000022342 0.118027799729 0.142613533028 0.140112012015 0.141708998323 0.137487091706 0.159899775725 0.0911892188753 0.0913066551363 0.20099410035 0.195315915637 0.221294558477 0.285564990692 0.312237888361 0.464837310054 0.468122257909 
2001150133 1.0 0.170645555152 0.164476653065 0.255477501341 0.173987663439 0.342414207742 0.223804825949 0.217174575445 0.178759920769 0.170212333953 0.478510437326 0.285140974035 0.28591672855 0.328998192984 0.326112979093 0.0896274365216 0.0884666251671 0.147833337939 0.143473902783 0.184771693866 0.172624369848 0.301453458816 0.3090006375 0.146327356347 0.144397233817 0.247909153949 0.240716591159 0.133227463383 0.13267211514 0.129175677207 0.128257898783 0.151093669972 0.170212333953 0.092385846933 0.0949087913573 0.206581033901 0.184851595143 0.197593316497 0.304038577463 0.282592002383 0.48840664552 0.476748189703 
2001150237 1.0 0.171810180341 0.176881455023 0.273590576366 0.188326029691 0.340801827552 0.220062740522 0.222559664314 0.168741894581 0.184825741191 0.498082326749 0.296298203402 0.297516428654 0.338820834546 0.337959789102 0.0950920593363 0.0958288101566 0.136335470787 0.133279737378 0.183132812041 0.186449424572 0.315830364993 0.313659683841 0.137509533113 0.144839909615 0.240565995919 0.252665882593 0.140401743053 0.126789412448 0.142461883762 0.133731279283 0.1490112764 0.184825741191 0.0784149209602 0.0833827175418 0.206398209873 0.188752348357 0.216379421977 0.296704834247 0.323157585207 0.490152191777 0.501820257446 
2001150294 1.0 0.180364013319 0.17988762918 0.262006235531 0.187771135464 0.327536904925 0.218032641396 0.218032641396 0.172749797854 0.176840730783 0.49781184751 0.273577393463 0.272984289955 0.324554183729 0.324554183729 0.0953717093173 0.0995776903252 0.136002297196 0.126636347174 0.168672696735 0.171864463145 0.301813038451 0.312491180609 0.141094675883 0.141094675883 0.255894247063 0.257787448561 0.132810142683 0.134522051907 0.132810142683 0.134522051907 0.132810142683 0.176840730783 0.0666558602024 0.0772560582201 0.219297114872 0.196553190333 0.214372413863 0.303796703997 0.285848416052 0.466345748391 0.463330616609 
2001150313 1.0 0.179434991327 0.167022301761 0.276591831854 0.2021947759 0.329782568749 0.219052861599 0.215406066905 0.169042806305 0.161510762524 0.500106085789 0.279845965351 0.283711632263 0.340296027504 0.335944878907 0.105981792451 0.104503216874 0.158683222093 0.154619534512 0.164203517939 0.155076314043 0.298295245949 0.30983318882 0.166937583368 0.148172247245 0.281509179789 0.245024040266 0.150446123019 0.137988705072 0.129418648538 0.13870447196 0.139619351975 0.161510762524 0.085767486134 0.0880463361336 0.223464408293 0.197451581133 0.199943406903 0.323109100358 0.266431971036 0.481486358092 0.463858603536 
2001150364 1.0 0.179228318599 0.179915165854 0.256583855241 0.188544041789 0.329866397929 0.179075328115 0.178692278847 0.138315399676 0.15100957589 0.460975364816 0.263643731185 0.274691948758 0.309371242985 0.316292764359 0.0965344403689 0.0955355353205 0.13347486892 0.13702130847 0.178922206815 0.175597806243 0.303693403668 0.29359803838 0.114938716682 0.144801660553 0.248332799112 0.284831934991 0.132547591139 0.107419684534 0.126625378854 0.0993331196447 0.110439092728 0.15100957589 0.0772985009112 0.0772985009112 0.220194639004 0.20524838968 0.237962204329 0.294855622788 0.317934956713 0.46287410006 0.459038923082 
2001180101 1.0 0.180959844463 0.182655055667 0.260762482119 0.186206143758 0.329198325547 0.208554575542 0.217151813355 0.159094598967 0.169528283671 0.497170016388 0.277579730181 0.280410488378 0.333095676217 0.324008202446 0.102366346514 0.0903734125744 0.140445468746 0.131959897292 0.155667544234 0.153298416545 0.329022737486 0.310901689507 0.153298416545 0.149995826373 0.26653436381 0.264065727574 0.133987939903 0.134275159825 0.132687756631 0.130934096858 0.124137429172 0.169528283671 0.0723839377851 0.0757645216591 0.230407897114 0.218037066978 0.244601141413 0.29825292937 0.288536085072 0.479377863439 0.454629501873 
2001180129 1.0 0.175858808221 0.182721655554 0.260601274584 0.181915822937 0.315378737216 0.233859721841 0.217249929278 0.20146018059 0.184621411938 0.491049694425 0.279375004263 0.291219228076 0.325804442095 0.346933550432 0.0900957317119 0.0999522401192 0.132917026814 0.128562508217 0.178244498241 0.170772655267 0.299366357445 0.309738125848 0.136192680927 0.152959972227 0.254901268295 0.28811263173 0.126546845734 0.116418302623 0.144056315865 0.106015360175 0.155224403497 0.184621411938 0.0623966124975 0.07297802082 0.20685739089 0.194030504372 0.210116575368 0.274065731659 0.289701792332 0.441585132141 0.462825029581 
2001180400 1.0 0.170312413546 0.170966924273 0.276796402874 0.203360622519 0.31068983996 0.224041629748 0.22771468814 0.175389212796 0.184001792509 0.514174599275 0.275872590859 0.272087352186 0.333620400991 0.316792350886 0.109681918169 0.0986539052347 0.139860346272 0.147846023329 0.173284282961 0.17152594568 0.319750045975 0.305720138549 0.150095168397 0.15542193143 0.252942350726 0.252942350726 0.14956272554 0.148277062213 0.132959460505 0.142571946204 0.147846023329 0.184001792509 0.0847335927164 0.0757880293167 0.222827690072 0.209314652263 0.23972935577 0.305720138549 0.285814557134 0.479325584033 0.453498466393 
2001180409 1.0 0.190893936321 0.178532524204 0.255761467445 0.172287877448 0.322225360969 0.237300481258 0.229635070772 0.182717782108 0.186230298857 0.505759966664 0.271276001995 0.263193619879 0.315500001846 0.296127828108 0.0904253339984 0.0840591367662 0.129677740786 0.12182592646 0.178877848558 0.166458260889 0.300420884063 0.299134279076 0.149567139538 0.151106464545 0.268474847162 0.256303782392 0.141619762887 0.138869602783 0.122960387916 0.127880733723 0.157113020526 0.186230298857 0.0771695271402 0.0771695271402 0.207989394888 0.188862659785 0.197253504522 0.284652200502 0.270877610505 0.451717011192 0.436006324508 
2001181108 1.0 0.166828221322 0.169755255506 0.260844354166 0.172096817919 0.327556857138 0.209382460457 0.223327812242 0.175462900515 0.179281531546 0.472448318406 0.28836835257 0.284931437505 0.332547332286 0.326662727134 0.0903250563585 0.086137809928 0.137824963541 0.138715602622 0.16902824893 0.174141956505 0.320093579495 0.315296628459 0.137040906188 0.146487879812 0.245773359409 0.2484519975 0.129533933987 0.130952231014 0.134203313046 0.137040906188 0.149915567917 0.179281531546 0.0868497047607 0.0894688753639 0.209382460457 0.194913932673 0.22810177067 0.300907364206 0.323537602381 0.491202114466 0.492329013483 
2001181206 1.0 0.1643518647 0.162046983192 0.252024830147 0.19787869789 0.353338006235 0.219507874803 0.227521732709 0.180058344377 0.176135910579 0.479761649403 0.295472269192 0.287856989642 0.35130438931 0.325747799031 0.106060528519 0.0974343068426 0.144146120923 0.139729213348 0.16769641998 0.150111610933 0.318744042395 0.305487065535 0.163368040241 0.161160262538 0.265049970212 0.249093793562 0.150707057979 0.1447661071 0.107902285438 0.133836313358 0.148190103098 0.176135910579 0.0766497754574 0.0780393104976 0.229090866701 0.203589624985 0.219752542768 0.299267094527 0.259311095087 0.482553690333 0.444570309294 
2001181350 1.0 0.169217123333 0.162776044397 0.28901734104 0.190751445087 0.3410894449 0.215119006543 0.202229545486 0.171862066443 0.166429827155 0.503023037395 0.293662099327 0.292693384998 0.346435238469 0.341578883299 0.100949417321 0.0953319219796 0.155533225978 0.14450867052 0.157878615997 0.163595048533 0.311120153544 0.306358381503 0.127953431336 0.132065429581 0.230127505635 0.237838619785 0.152057184254 0.147370506173 0.140641908215 0.131049526575 0.143580836397 0.166429827155 0.090476738974 0.101114772743 0.207207495132 0.191101448033 0.210407800268 0.303784585976 0.293035649841 0.494582904061 0.470486144396 
2001181393 1.0 0.168444953686 0.169233188939 0.299142595186 0.175259798031 0.313819744514 0.192762305344 0.186016332951 0.169704372744 0.170174251925 0.474250455782 0.307911819489 0.296281631948 0.35241287761 0.342997170285 0.0887616277664 0.0902485256394 0.139392957473 0.13571643707 0.163960822914 0.172966723265 0.311692128494 0.30687274402 0.131533410441 0.144456614945 0.258782390807 0.281635589495 0.140344456283 0.109442412873 0.16200106139 0.0992385167396 0.129082262542 0.170174251925 0.0850871259623 0.0890609932968 0.208675302692 0.182549886349 0.213092868647 0.304871284097 0.310408559025 0.480495263968 0.487698008899 
