Leaf
2001110080 1.0 0.165191085302 0.160181314797 0.274763624785 0.197790255749 0.31885147669 0.20732772676 0.213990839075 0.173741029765 0.17896169449 0.48925918204 0.289058293313 0.293051215201 0.339217959365 0.339795881738 0.101307558672 0.101307558672 0.169252657903 0.169252657903 0.189449436813 0.182634798692 0.303375917959 0.295104138479 0.145154365783 0.147935156174 0.26291788646 0.260553624535 0.140074496342 0.118857151482 0.139101369571 0.120621829261 0.155592828337 0.17896169449 0.106110120361 0.108222672414 0.191351905658 0.165647289112 0.198171428305 0.324482014352 0.31099159014 0.502979530992 0.484765494981 
2001110061 1.0 0.166125029917 0.160874393969 0.311906550509 0.221322647231 0.377166761277 0.256219196651 0.245036576603 0.227898851753 0.225672136389 0.538505931071 0.324094496671 0.320530112605 0.375523032968 0.361860557045 0.117306814707 0.105999788001 0.175006988516 0.167336532055 0.218394134491 0.217699347573 0.391069348646 0.385214686575 0.197956993668 0.191341419842 0.299686323408 0.29748769202 0.158661870635 0.168539325843 0.162202988158 0.153402680143 0.159929917741 0.225672136389 0.110318541201 0.110204043463 0.267595067804 0.256465442933 0.269896902235 0.276504960275 0.278189177599 0.502487185955 0.506989401019 
2001110097 1.0 0.192246098594 0.188228046544 0.305595749703 0.21757314083 0.409259856505 0.26735082769 0.274478793387 0.218557083174 0.211256260158 0.590479197983 0.301664952105 0.29632770931 0.361667350052 0.346208800764 0.115802498188 0.106764628031 0.176385110258 0.174012279936 0.220024746557 0.213089183522 0.383724119753 0.395258202361 0.190986372696 0.189930218759 0.2889962653 0.27452764607 0.165803944774 0.18765722477 0.149470479243 0.185428693723 0.15125419964 0.211256260158 0.113698947741 0.106638948614 0.242743692955 0.222931088191 0.227397895482 0.288903444913 0.249123446545 0.52020977603 0.508740816842 
2001110145 1.0 0.187133289194 0.193009922514 0.296698818129 0.24175459255 0.395751017591 0.236515586466 0.249920742153 0.203293634644 0.2 0.554963877798 0.331309579904 0.330397130967 0.388863850646 0.38464882293 0.123959823071 0.123959823071 0.182973345827 0.182973345827 0.222507154856 0.212229850478 0.393915995259 0.403456761612 0.177530225968 0.175563781884 0.295883709946 0.293064485144 0.157336318061 0.158483378094 0.146609479989 0.15550283623 0.136035511457 0.2 0.108366951726 0.108366951726 0.282842712475 0.263732282781 0.282842712475 0.267595865383 0.24504139042 0.517585103749 0.509087233508 
2001110147 1.0 0.187339894901 0.188933659808 0.299303358532 0.213820822974 0.379563913769 0.243071799493 0.248647032889 0.199662746091 0.204537594079 0.55083154083 0.334791298153 0.333423750754 0.375479209108 0.376125113614 0.1074100734 0.108072695807 0.171086705512 0.175291342221 0.216409466717 0.217593838712 0.390430390868 0.391999783202 0.163926491008 0.172665106219 0.280437636825 0.284481647084 0.154232831432 0.151900782537 0.153024601429 0.154140226902 0.147416691219 0.204537594079 0.117199799576 0.114737344295 0.24657109369 0.240710676994 0.250477868716 0.265315603835 0.272536394971 0.526226880317 0.532082270551 
2001120046 1.0 0.172046505341 0.167882742963 0.305538616469 0.210859048802 0.383385726631 0.234028269167 0.250660665504 0.211223541811 0.214117149818 0.534357990058 0.326472993346 0.335077488168 0.377073753243 0.381131917401 0.112181172149 0.102281662391 0.186382567689 0.184641023861 0.235077728553 0.225865855355 0.372310870934 0.377196133433 0.168978833449 0.181107702763 0.287696421196 0.285549402973 0.157870443475 0.13427869984 0.158841963066 0.146550070204 0.149048262705 0.214117149818 0.126734125087 0.126734125087 0.260768096208 0.238778945084 0.252312382696 0.248379362452 0.287856802007 0.495921830068 0.52813168521 
2001120110 1.0 0.19090380226 0.173496460962 0.298838740754 0.228182879045 0.385710339038 0.233462791248 0.231504865015 0.220592093258 0.206353903558 0.51123866366 0.338770796456 0.331674875018 0.397816488367 0.367302752659 0.122260897288 0.108922943783 0.177760319959 0.172477881939 0.230551512173 0.215746282373 0.409600803274 0.398701345412 0.170163788125 0.154230830466 0.313981715704 0.269052572879 0.180139862391 0.13677237987 0.126858323271 0.124757488234 0.154990592849 0.206353903558 0.112764561599 0.109728796524 0.267739579734 0.245361048116 0.242653117951 0.298494597976 0.228440131527 0.53995749253 0.500821596798 
2001130069 1.0 0.177351702709 0.171858520519 0.304294015814 0.21084418581 0.359351397256 0.246774453869 0.240589273127 0.214637037609 0.211493049602 0.559530804687 0.333328258492 0.33564954566 0.376078114477 0.362766840779 0.106141705989 0.104987957528 0.169988017073 0.160023291649 0.227514804837 0.21829428834 0.388071954238 0.355432322222 0.185080840401 0.198955925278 0.299096339094 0.313024421429 0.163412396193 0.153318249396 0.153714933757 0.153318249396 0.129291916731 0.211493049602 0.113623491363 0.121020164746 0.271732180073 0.270890467632 0.291570048171 0.258466054439 0.297155792589 0.498123878011 0.496777263933 
2001130164 1.0 0.180711886034 0.173610112571 0.29466367008 0.22110720771 0.373686543192 0.23516721042 0.227517439722 0.198225174427 0.190034896288 0.526795547994 0.3323271323 0.334648807161 0.380978139058 0.383437955102 0.108406727568 0.116757618831 0.175747176405 0.167695823358 0.209945189596 0.212952966221 0.374388857904 0.363445578955 0.192851451475 0.193352644138 0.301344551765 0.301986198685 0.150580486489 0.155370617421 0.15312979314 0.155281605316 0.138029330242 0.190034896288 0.101149241809 0.113758719861 0.26611328675 0.252407936917 0.270697787828 0.274501690281 0.294335040058 0.496893346158 0.51447362447 
2001130179 1.0 0.178198546981 0.189008101452 0.329787694359 0.235502154372 0.392964405279 0.220742097567 0.222286847676 0.188645669476 0.203581402276 0.544539627043 0.327789467262 0.332968136474 0.37206741822 0.383765828772 0.115580634666 0.121357410706 0.201961365369 0.203177604056 0.213492332846 0.210587539904 0.369409232352 0.355782085577 0.143668261613 0.15947147857 0.278924845179 0.311122408426 0.159127789639 0.122591775819 0.173370951999 0.124804802423 0.151730595319 0.203581402276 0.147336977889 0.147708104366 0.229318370098 0.226495697801 0.256585850998 0.259766788795 0.317825213187 0.509128281378 0.516494957176 
2001130216 1.0 0.167717590697 0.16206056693 0.307933536694 0.205233797884 0.372688859439 0.227784914929 0.229378950576 0.210838481753 0.208404980004 0.529544539858 0.317763419269 0.322226991077 0.367292139066 0.379355619673 0.0995530148967 0.111303654337 0.161970608241 0.172852987896 0.221951615619 0.22701580216 0.411814673285 0.377969981692 0.157407137505 0.15469865468 0.275561678955 0.270598120569 0.153658810813 0.130025626541 0.166321374184 0.130025626541 0.157684670141 0.208404980004 0.106485324582 0.106485324582 0.250981864806 0.25306377769 0.28343570932 0.234655607734 0.343888349093 0.528028599223 0.552945083719 
2001130217 1.0 0.176271821218 0.174113309342 0.303344314758 0.186013988168 0.365576752313 0.23603997745 0.230432847618 0.199106186654 0.201544472962 0.534358225951 0.334235483355 0.344633509704 0.378452499521 0.381603560694 0.0925824962311 0.0955968171932 0.158876876179 0.155265566325 0.228510251525 0.220151983095 0.374139628988 0.362981522488 0.168502686597 0.153325308742 0.283863660066 0.27729328154 0.159668297645 0.13864664077 0.151151839697 0.131531752429 0.131051707936 0.201544472962 0.105917917452 0.11057585266 0.252301666347 0.235839632264 0.256267357948 0.255651773686 0.286075330898 0.486187755284 0.504884283565 
2001140023 1.0 0.180063476184 0.16924284885 0.28800520034 0.211928354967 0.396686408016 0.235928353743 0.247890851993 0.2010602342 0.214971868342 0.511061751055 0.323543425899 0.322263147287 0.381817670493 0.37142905817 0.117305241616 0.101516625618 0.157962069356 0.161566230485 0.206922854632 0.196980004321 0.409145414823 0.401164700325 0.157962069356 0.165538283706 0.279471353475 0.270286470837 0.16211360494 0.134979259744 0.135851509594 0.131432386301 0.146215610905 0.214971868342 0.100199122584 0.0904407894399 0.282414344713 0.266324402628 0.277722487402 0.300597367751 0.285275231616 0.531149868756 0.526178694835 
2001140358 1.0 0.188395288612 0.181505998213 0.295550879516 0.211214596494 0.400835786329 0.217234127745 0.231533182004 0.180488199545 0.200781402601 0.515644116397 0.33255461183 0.344258580011 0.38164841308 0.397760077837 0.106583992114 0.11040439802 0.164746900716 0.170696346948 0.189370594294 0.197310750049 0.393764726857 0.374706926722 0.136853540758 0.157505890743 0.270207280082 0.289250670286 0.1424596426 0.129356832259 0.15514906121 0.133905231383 0.129830668396 0.200781402601 0.104106650401 0.106439862241 0.234824976141 0.232591624925 0.259069447861 0.215174990015 0.305612226984 0.478073094769 0.527563845127 
2001140426 1.0 0.197518569637 0.192980783988 0.29894478725 0.239116309709 0.407584618822 0.243340116475 0.23575794248 0.199822721194 0.199304757335 0.521736615812 0.328279266819 0.32136926482 0.386802360586 0.375410781115 0.122607041845 0.122607041845 0.176933250334 0.176933250334 0.194429208377 0.192060361648 0.370859699504 0.361789866989 0.161578159034 0.175003164261 0.279491987043 0.294164549264 0.1530358277 0.167413173624 0.148331934086 0.153132288994 0.158719774832 0.199304757335 0.102537216098 0.105518157263 0.250751970086 0.239178056982 0.25926425957 0.262490682759 0.28196425188 0.510955002683 0.516273850508 
2001140429 1.0 0.186231712325 0.184329721582 0.277700107914 0.1953891141 0.352409437453 0.249632644466 0.243860354845 0.207418505139 0.204064191594 0.539222763587 0.358318114607 0.346569501484 0.402804977764 0.390665487447 0.10123749747 0.0988896419386 0.159381071193 0.157527739908 0.201165405234 0.190287484906 0.363525553634 0.367102816466 0.17450909482 0.166940532266 0.290820442908 0.278544825022 0.147913162939 0.152699965471 0.138902919009 0.146416532571 0.142245422181 0.204064191594 0.0976945570498 0.0994818007755 0.251040358508 0.238687432338 0.252090985385 0.291072781734 0.26219801198 0.515955910506 0.500264231838 
2001140461 1.0 0.176444120584 0.180822351381 0.301412439755 0.236287266748 0.397312921175 0.22741889352 0.231269063694 0.190603494077 0.197366418218 0.54758205174 0.307051455643 0.314680217886 0.372165219461 0.379648530932 0.122314222307 0.124258275703 0.183934840725 0.191922565139 0.202477278262 0.195375038081 0.382528333497 0.373349653706 0.157640472135 0.157640472135 0.28311196173 0.294297459686 0.153669449698 0.126770828266 0.154732918786 0.12262322715 0.146008441778 0.197366418218 0.108660709943 0.103548563086 0.237086707174 0.216040650296 0.242400971421 0.267769833448 0.292275955218 0.510356452052 0.519761123985 
2001140489 1.0 0.188073913362 0.179520575879 0.275670710291 0.246975097191 0.437691274692 0.228251454793 0.227699788839 0.185634023195 0.178202169475 0.523402939132 0.353303185686 0.342778717047 0.425562686408 0.406247392455 0.138489618067 0.124122450202 0.186731709497 0.178466629926 0.183932483871 0.170538785737 0.394347739838 0.404851882022 0.145465442418 0.14962091174 0.269732934581 0.255054238693 0.15232825988 0.140182018357 0.129454128267 0.13928196399 0.14718444379 0.178202169475 0.0992029230112 0.0912799171055 0.254869260374 0.22047382911 0.228251454793 0.290984916016 0.250765217816 0.549542119791 0.535076802342 
2001140528 1.0 0.165886417342 0.177004158434 0.271511984799 0.191527167511 0.403969198523 0.227496389911 0.233790322015 0.197433673778 0.197049685718 0.497836774634 0.31908889482 0.314105004818 0.356424783944 0.369501257096 0.0916895192341 0.104915782337 0.178919306258 0.175284239177 0.202546275425 0.207167697616 0.385190372838 0.425072576484 0.16702393753 0.166342358882 0.271744344264 0.278715631843 0.1287894426 0.125914979952 0.154785646344 0.140777227279 0.147776587176 0.197049685718 0.118263972025 0.128396790946 0.26516132381 0.251227735143 0.25865478422 0.260890054042 0.286796019109 0.506309595717 0.515182273134 
2001150008 1.0 0.196574980604 0.19359334674 0.308858877168 0.207772262348 0.393149961208 0.230171873472 0.230717628533 0.191634510379 0.195612943929 0.539349290906 0.337603006459 0.338114843714 0.388686087615 0.388524269919 0.107858198466 0.104752648818 0.166716441763 0.164915073922 0.203259092698 0.201003613014 0.360003144146 0.354014415768 0.163286479703 0.16299739158 0.281762369762 0.286410766525 0.157902459151 0.15468372731 0.159487467099 0.14470695822 0.135737894409 0.195612943929 0.105351240255 0.102935991119 0.218396206475 0.202561803875 0.224291229372 0.251078478672 0.272227560468 0.50704826257 0.517877229079 
2001150043 1.0 0.191040179975 0.172994240653 0.32700811392 0.211010775661 0.422021551323 0.249085920157 0.256307297315 0.217819318414 0.217819318414 0.575979014216 0.31507153631 0.32700811392 0.376790131134 0.386826881817 0.116205204853 0.102878285395 0.176130343241 0.180226945335 0.196687903509 0.191040179975 0.439807522599 0.436475599438 0.176130343241 0.170871531543 0.286560269963 0.282067445473 0.163224801321 0.162102968087 0.172994240653 0.164338976722 0.164338976722 0.217819318414 0.111394609942 0.111394609942 0.266088180324 0.270171613479 0.271519111182 0.251274125471 0.284001644901 0.527007804759 0.535253538396 
2001150084 1.0 0.170813475879 0.164761899419 0.312690139258 0.208809991769 0.400760811473 0.219954248843 0.219818432684 0.188753524699 0.200417661553 0.537332574256 0.311925146946 0.318275178335 0.357725798276 0.368418807202 0.102091024451 0.109432679868 0.162204464146 0.166205623829 0.203302581574 0.19382739944 0.388616579742 0.386922246513 0.159325140899 0.169497143834 0.276337746961 0.284222518282 0.15997984045 0.137925499212 0.160724802991 0.143444684399 0.123654472423 0.200417661553 0.10610736348 0.107644219007 0.271320938218 0.257774442358 0.274113337047 0.264859989046 0.270494158424 0.503237243118 0.502584035022 
2001150128_1 1.0 0.196036207033 0.184963946991 0.263950199959 0.243874804978 0.387769424782 0.271647501544 0.268749687614 0.22502971508 0.217225334268 0.547776526858 0.33694637765 0.34786659731 0.403124531421 0.394793620572 0.132880082696 0.120254971662 0.206322152944 0.205468455965 0.225065217126 0.214895673584 0.393658687898 0.379059076167 0.192291650889 0.182046832437 0.314883311175 0.287285636926 0.1554884788 0.154250329203 0.122623458928 0.143294761691 0.151954188039 0.217225334268 0.132337835707 0.125202573109 0.24693516121 0.236388620843 0.24954217359 0.287285636926 0.277669008531 0.539457917507 0.528883244335 
2001150128_12 1.0 0.179059743329 0.177260102244 0.291889202882 0.225151595378 0.383566226694 0.241493045065 0.253228717491 0.203308850606 0.204159518968 0.55142795567 0.352706790015 0.349721354791 0.406020549121 0.387767909287 0.121372851786 0.107031798511 0.199869975065 0.205639721294 0.224187344286 0.213414917964 0.374142578408 0.370535235147 0.167818090836 0.164005326033 0.292156269763 0.269957310959 0.163582085776 0.144991483644 0.135539233738 0.141543852021 0.144332564175 0.204159518968 0.142276611976 0.136938549641 0.249540305264 0.233168217555 0.237038340872 0.304131003425 0.24992199823 0.547659269902 0.503523116248 
2001150128_2 1.0 0.176668995511 0.176668995511 0.289943852409 0.218647008339 0.373969882994 0.255886648486 0.253843262967 0.220135651773 0.221135818902 0.537826791207 0.324860691777 0.338747335429 0.375289337286 0.383985170514 0.112113834437 0.110527986031 0.19464088395 0.192451788461 0.236564101092 0.231204959018 0.392758171621 0.395043883479 0.188137945834 0.187903213433 0.300674499937 0.305537789779 0.151492413843 0.139162596497 0.154149364764 0.137182215286 0.136795604234 0.221135818902 0.135759258973 0.131599340583 0.272621596883 0.264703545809 0.278325192994 0.273913649604 0.27772196652 0.520206915791 0.520359605961 
2001150128_34 1.0 0.16616956912 0.175490851834 0.290463564769 0.211642536518 0.369265996925 0.2362412963 0.246790379632 0.20027524527 0.20865256428 0.523192525096 0.335047523241 0.333579985636 0.384633393384 0.382186405585 0.109852089166 0.106671902666 0.188725053473 0.194475250793 0.210337095928 0.214189372468 0.357998875755 0.351520808745 0.162714958398 0.168943534099 0.263522231053 0.27848173076 0.144026642014 0.151937053768 0.151426339538 0.150856851474 0.134955983847 0.20865256428 0.130216922452 0.125983819907 0.218958551571 0.220056488155 0.2362412963 0.271311473492 0.287365198138 0.50898283087 0.50516355972 
2001150128_35 1.0 0.173803206411 0.183177674154 0.282709259868 0.223650577059 0.367083448426 0.247526839186 0.262329896536 0.20465757635 0.215007118037 0.527805648975 0.334612519358 0.334612519358 0.384699722649 0.390167157102 0.112578863462 0.11768108439 0.191909780386 0.202559365514 0.202954432373 0.210869165881 0.354653034118 0.344416823755 0.170859364673 0.175637054202 0.272807902751 0.286896847298 0.140248428013 0.144005747489 0.15147582335 0.147607210181 0.134283170242 0.215007118037 0.126923240821 0.124086609111 0.20947168438 0.211332939474 0.224682877059 0.268466902156 0.304767673997 0.514743987609 0.516814705943 
2001150128_4 1.0 0.178374126185 0.16811849093 0.287746011337 0.232896429388 0.387113577269 0.247258268818 0.241402331415 0.208477729822 0.199479785044 0.54108319861 0.354737272677 0.363408801143 0.415955750729 0.410449543423 0.127079041905 0.11295914836 0.209095609401 0.213782506485 0.222202023549 0.217804187235 0.370012849564 0.366669722971 0.177979201436 0.165977213861 0.303379659051 0.270801568871 0.16387952742 0.142727241082 0.128957046269 0.145494161126 0.14057461875 0.199479785044 0.140907931888 0.135476551298 0.234926994775 0.212434228305 0.223255119607 0.301712831726 0.288417721541 0.53766952759 0.535604313005 
2001150128_6 1.0 0.17070381199 0.17070381199 0.295137109759 0.222329362455 0.395891858332 0.233051708944 0.245521707871 0.199885433459 0.208013548852 0.524405860973 0.328228640782 0.33551239848 0.387551174626 0.38622679542 0.1187675575 0.110348283291 0.199492997736 0.20141760544 0.20963010921 0.203797807461 0.373402922592 0.37846994075 0.169605571229 0.16702695801 0.275706775931 0.2697835606 0.152539932109 0.150230397534 0.149143070353 0.152183853453 0.149949254985 0.208013548852 0.135103883202 0.131760774901 0.233051708944 0.218858882205 0.228691313083 0.270207766403 0.288944733496 0.518754309976 0.533466185957 
2001150128_7 1.0 0.169016556747 0.17323925273 0.282318209815 0.215695386902 0.372585733546 0.238800269027 0.252902463841 0.202572590528 0.209255261919 0.52555721893 0.323911154583 0.318791787454 0.377423647032 0.368519531422 0.11611977663 0.105578478327 0.189230501059 0.194677094934 0.209034722323 0.21708091051 0.372090218664 0.371200766942 0.166819064921 0.170420711455 0.274363983412 0.277733614088 0.149310515945 0.141376775206 0.141702653722 0.140558773498 0.138742194499 0.209255261919 0.126694173993 0.126572761244 0.237379595003 0.227456802307 0.240340517851 0.270355982232 0.253933856362 0.50460282044 0.483233116478 
2001150176 1.0 0.15981307916 0.163691555722 0.301397830859 0.206542912989 0.385503377102 0.236145448992 0.231855870852 0.197291007929 0.206205148392 0.523423192876 0.317525635072 0.325332675127 0.364077777281 0.373378738949 0.103742864354 0.106134179047 0.164964118713 0.149538068414 0.201070604472 0.201070604472 0.387307333502 0.405799309517 0.173691358841 0.18928497683 0.259222744104 0.294661833268 0.14604789438 0.156730145446 0.165386130451 0.152309238069 0.138603498787 0.206205148392 0.0969347585436 0.102526293581 0.250859390038 0.24312662023 0.262163993658 0.251913076208 0.272796547311 0.52985587344 0.53151089718 
2001150183 1.0 0.179929685892 0.179929685892 0.295126116796 0.205111349201 0.371764320427 0.231106089601 0.235333990531 0.186654145215 0.202693449195 0.539027396428 0.322785738073 0.337227323733 0.373748253212 0.390520374238 0.105711969721 0.105711969721 0.184884871681 0.184884871681 0.207104703612 0.212199809717 0.367317218756 0.373748253212 0.150047924418 0.160627364947 0.263968823637 0.286651824856 0.143325912428 0.146164324855 0.154366731912 0.149499301285 0.126906172679 0.202693449195 0.114660729943 0.114660729943 0.241877074792 0.230750267851 0.248908876087 0.269513698214 0.292890280679 0.505190804115 0.520571078866 
2001150185 1.0 0.16298006013 0.1625 0.275 0.225346954716 0.387701560482 0.218660696057 0.225346954716 0.182002747232 0.19121323176 0.5125 0.32596012026 0.3134984051 0.364434493428 0.364434493428 0.113192314227 0.115244305716 0.168170300588 0.160078105936 0.190394327647 0.195655948031 0.385073045019 0.363361046344 0.158113883008 0.158113883008 0.253105709141 0.260108150584 0.139754248594 0.152581945197 0.139754248594 0.152581945197 0.132876822659 0.19121323176 0.100778221854 0.107529065838 0.234853677851 0.226384628453 0.25 0.246221445045 0.280902563178 0.515388203202 0.5 
2001150202 1.0 0.16674094432 0.172483917127 0.304606643392 0.201201607453 0.367806324698 0.246755402162 0.249483534547 0.21881153466 0.21881153466 0.540180171607 0.331595270589 0.331595270589 0.378076778605 0.370489772179 0.10485963164 0.0983603399755 0.178504787207 0.177018769368 0.229419521453 0.227323001629 0.37790206659 0.378469585753 0.16753119019 0.175049227728 0.274139956712 0.286911099816 0.153329672416 0.148293913211 0.160278773157 0.148293913211 0.158934042035 0.21881153466 0.126025592868 0.127199162254 0.288002348054 0.28156734843 0.295807477471 0.295807477471 0.293003551844 0.538680475894 0.531056308104 
2001150222 1.0 0.170542476152 0.175851504376 0.287229979233 0.234099678554 0.404284592794 0.240302068594 0.23560554561 0.210422985415 0.206897608627 0.51065877695 0.320250644519 0.32555164452 0.379298814775 0.379298814775 0.121293542101 0.12000377228 0.196877592765 0.186167579133 0.19766639706 0.192738453539 0.363102271132 0.379149602018 0.155076314043 0.157160401216 0.264567110802 0.273816076999 0.146056765901 0.144694447843 0.146056765901 0.141631261889 0.168203879011 0.206897608627 0.114576353757 0.116656393326 0.27007069591 0.244908544601 0.261934002026 0.274589934624 0.252865876517 0.503404732594 0.500106085789 
2001150258 1.0 0.176205173425 0.169486343976 0.292451515275 0.233847310601 0.414990480308 0.228603265097 0.231793404851 0.183050625537 0.197155022282 0.543650842624 0.328117820448 0.323346659378 0.377673887533 0.371473122352 0.119201955203 0.118194799329 0.169888924933 0.173568538347 0.191441714313 0.182957303774 0.395909335496 0.394006745765 0.162804938385 0.171887686927 0.269664976168 0.275863541225 0.149002444004 0.150825171642 0.151728324454 0.154295444065 0.136437880675 0.197155022282 0.102234488127 0.104547030728 0.254615487926 0.239689886288 0.251579021308 0.257218098879 0.256952377632 0.516688730196 0.502104734284 
2001150270 1.0 0.18958655147 0.18958655147 0.283596625973 0.245239370319 0.433885039795 0.236372346354 0.262074939705 0.203177604056 0.215089156388 0.528207874533 0.377762658735 0.35892286466 0.441608190135 0.41758499039 0.137336120392 0.119309997254 0.173922713641 0.160071158554 0.177967968648 0.177967968648 0.423928416706 0.41416210487 0.168729816244 0.178964995882 0.295277178427 0.287955117104 0.150916535581 0.168729816244 0.133392632128 0.168729816244 0.188645669476 0.215089156388 0.0943228347381 0.0800355792768 0.241584331702 0.207510236424 0.230271385613 0.272068653676 0.272068653676 0.575910234207 0.575910234207 
2001150281 1.0 0.187874776362 0.183551007787 0.309809110957 0.245578685686 0.344931374696 0.240730567602 0.253587665365 0.205257887171 0.210760874559 0.538067696007 0.358912836368 0.351505825339 0.416055156177 0.40502718059 0.130708345688 0.120507140401 0.190852089118 0.195364163621 0.224041882818 0.220118442549 0.355997323263 0.35829348675 0.156850014826 0.172614215311 0.28499215593 0.290278487822 0.164609505222 0.154324438298 0.147184794154 0.149030443609 0.152990196211 0.210760874559 0.11763751112 0.105380437279 0.245578685686 0.216597572247 0.228646222789 0.360764505595 0.305141705438 0.5742248362 0.550373716711 
2001150318 1.0 0.182041661138 0.175886113462 0.285675478434 0.21981902929 0.362754546595 0.241225455163 0.241225455163 0.201554337955 0.210562252404 0.527400883263 0.352671956396 0.348236737927 0.401345336657 0.4090914426 0.107935242622 0.119985512058 0.175198384089 0.172507538075 0.184184371036 0.191652685393 0.374100395814 0.37843189121 0.163341203916 0.179621563504 0.273255849421 0.294108592502 0.141244111001 0.146282622412 0.151949871564 0.152643483973 0.151949871564 0.210562252404 0.0959443797063 0.112722514411 0.25348802662 0.236295517914 0.24989056851 0.278507042457 0.281525008741 0.517522614225 0.500203682897 
2001150350 1.0 0.183278376082 0.184490815164 0.268212917002 0.23163842832 0.341361894366 0.236716038237 0.240453891051 0.189262917242 0.192764480819 0.524376080198 0.342231607608 0.341579530279 0.405264112881 0.397113545044 0.127282957416 0.115658688491 0.181239621049 0.173273717606 0.192764480819 0.189262917242 0.3707898822 0.3707898822 0.154211584655 0.169807893134 0.267658184418 0.278276075717 0.14831595288 0.156127329968 0.124329354326 0.147310409402 0.129597382572 0.192764480819 0.0879141295447 0.0879141295447 0.257179894658 0.244134521698 0.245349128806 0.304787405684 0.278543007266 0.518389530289 0.514504252116 
2001170395 1.0 0.184458386271 0.183330189839 0.326556280217 0.224994236902 0.38916870655 0.265592581009 0.255235632731 0.207734270093 0.232253974592 0.591081714622 0.328456720783 0.331599918914 0.393410452622 0.391825179071 0.109695920712 0.123906001047 0.237553226182 0.209722203139 0.232253974592 0.264810274211 0.401242882332 0.395514266835 0.167975497126 0.19324698792 0.265592581009 0.305550316398 0.167975497126 0.172845360575 0.174041536512 0.159094950641 0.172845360575 0.232253974592 0.148295992005 0.155133458807 0.255235632731 0.264810274211 0.282989377101 0.291654317067 0.255235632731 0.542393649824 0.52568864142 
2001170431 1.0 0.136599993644 0.15611427845 0.312837783932 0.215542320678 0.371284589989 0.21017527955 0.244513287789 0.20373511468 0.218176336796 0.507371404963 0.429757543363 0.436352673591 0.463849254605 0.471584000912 0.099503719021 0.117085708838 0.22840884763 0.238202202789 0.271802535733 0.260353032337 0.402297287323 0.411654288958 0.167868225257 0.160918914929 0.271101108665 0.249904780038 0.157329193882 0.130905802077 0.160918914929 0.165584197398 0.167868225257 0.218176336796 0.185128760691 0.199007438042 0.297872629793 0.273896039339 0.288124962312 0.317669541423 0.314658387764 0.620173672946 0.589964306303 
2001180272 1.0 0.18477010504 0.192916387945 0.284710892469 0.2384544837 0.384604005967 0.258458470588 0.273150086519 0.202347035612 0.220267653506 0.584800477197 0.323890467913 0.316218410581 0.379960729039 0.375732722022 0.11941319555 0.126861035251 0.185249820529 0.180231198777 0.204383649476 0.207115595762 0.409418145129 0.423623461193 0.160615348274 0.175406414399 0.273150086519 0.283774169757 0.149353180093 0.158576294064 0.14369991545 0.160061818719 0.160061818719 0.220267653506 0.103200084211 0.117414507192 0.241413701173 0.230890569324 0.23394548365 0.253722070502 0.244458130419 0.51075643681 0.519030195315 
2001181411 1.0 0.177376846545 0.17802777294 0.285687845377 0.231271112924 0.387719218726 0.252503313784 0.249461549416 0.219571684024 0.215101021718 0.510156866744 0.34071621609 0.341800870536 0.385325128414 0.390335758481 0.117422306076 0.117422306076 0.154214081931 0.154214081931 0.198313343254 0.200978497487 0.389801986018 0.393170306518 0.174351287207 0.176854380471 0.281198826938 0.283493027883 0.140228709815 0.149336508197 0.153462180416 0.152857996257 0.152857996257 0.215101021718 0.0819080288123 0.0830301088888 0.232169644267 0.224572059712 0.245252898877 0.261770078074 0.29256902033 0.51713792973 0.535640416347 
