Leaf
2001120003 1.0 0.168423156978 0.15681332763 0.284953180136 0.195598309566 0.33591861648 0.237333183731 0.219859669566 0.204947390012 0.192624173971 0.491716371354 0.294803382224 0.293104825013 0.329777676094 0.332416693576 0.0951302988309 0.101171172667 0.154103389254 0.139656087405 0.18728500963 0.182388925325 0.344041857193 0.347291865556 0.162865585496 0.154911276254 0.265390664327 0.257755352637 0.146632241335 0.13184008053 0.150414209399 0.12738595106 0.153392997769 0.192624173971 0.0954577707075 0.103910135569 0.262315624124 0.24604850297 0.258782390807 0.299424735808 0.277799794554 0.49377463222 0.460653439705 
2001150061 1.0 0.163479646123 0.16514098692 0.280479802833 0.203951602928 0.367112885271 0.228309677242 0.231026397653 0.195424059034 0.20356883449 0.479720010198 0.285031030167 0.286668107619 0.332947478047 0.326720664826 0.103116647667 0.103116647667 0.166004577718 0.152963702196 0.187480229904 0.196154370616 0.355089639417 0.349778485546 0.155073646036 0.165455541466 0.266944913114 0.278526512326 0.14221877388 0.121625115251 0.146007127815 0.118594831987 0.162282561581 0.20356883449 0.10261117086 0.106098948492 0.251861650344 0.224346763221 0.247540875648 0.27950486388 0.270956440106 0.487381392078 0.482556776459 
2001150138 1.0 0.168870809075 0.168870809075 0.28105255074 0.202507934962 0.337180740457 0.2160733606 0.231304079703 0.191951623769 0.199051378051 0.494257241546 0.282842712475 0.284399860684 0.331900178829 0.326534233547 0.103564241177 0.101720219989 0.159652619742 0.151126161598 0.216947565224 0.209851983287 0.346956119554 0.337180740457 0.162006347969 0.160833789629 0.286389468111 0.271692905134 0.149868501772 0.115652039851 0.142088966665 0.121504760977 0.151126161598 0.199051378051 0.0905643017114 0.100472071861 0.261999109012 0.235895501647 0.256400711624 0.267008193497 0.267008193497 0.463153366618 0.461789141662 
2001150154 1.0 0.176275512218 0.166194146729 0.271309081297 0.200124253627 0.329885962058 0.247902400261 0.242267518695 0.216690656217 0.211856799304 0.494828943087 0.284235722843 0.295900265748 0.320974211016 0.347222490755 0.0947452409476 0.108345328108 0.149574732056 0.150495200633 0.205234631509 0.205234631509 0.35274683174 0.362783207782 0.159840412056 0.168258749452 0.270544469872 0.268237558761 0.14199634121 0.124922293206 0.145360511217 0.137047204264 0.159840412056 0.211856799304 0.0894982870115 0.091783717478 0.262776018725 0.258804364215 0.258002696731 0.282530049439 0.282530049439 0.483107832412 0.48453503739 
2001150168 1.0 0.164428556082 0.163415639527 0.257766242764 0.226264190114 0.35771641853 0.244713872399 0.237657466762 0.208107212539 0.206706250479 0.473565087357 0.278858008309 0.285284038303 0.326322855704 0.336550959877 0.113559355637 0.11762915125 0.17581525212 0.175184522725 0.211274530325 0.20462063366 0.359952890923 0.375308890567 0.178935553359 0.176835389348 0.276065368471 0.277215750024 0.136773924732 0.1223569362 0.141644255 0.127235380896 0.130668992704 0.206706250479 0.105866236125 0.108321057075 0.269932632893 0.247748327956 0.256474712754 0.280737193309 0.270802642687 0.474178268046 0.479863505425 
2001180152 1.0 0.173755905731 0.179640718563 0.269461077844 0.19171030651 0.35948098251 0.233225653822 0.225963619929 0.206478319156 0.200755145081 0.503136563775 0.273686104959 0.265168740425 0.316006582083 0.308252399431 0.0965539850096 0.0974779676413 0.148739429322 0.153368245208 0.211623916731 0.201290255257 0.362510439944 0.367032165766 0.163441246275 0.152665254898 0.286738201049 0.281500820923 0.143961859643 0.118102292954 0.138244268031 0.116266394245 0.161787498037 0.200755145081 0.101796407186 0.0991194332769 0.250783132831 0.233532934132 0.250783132831 0.277394846034 0.285484968648 0.4749073068 0.470469709591 
2001180405 1.0 0.174058447084 0.169283781677 0.270035726934 0.190902812931 0.337074424597 0.218688628573 0.236088341343 0.202444082545 0.207747178778 0.478872677874 0.264312856772 0.276039820217 0.316875111149 0.31281982373 0.10246027742 0.0914021365585 0.156107280343 0.156107280343 0.218400121022 0.211655934366 0.342686147535 0.323959192859 0.155702856657 0.160881086003 0.279275770277 0.276211078524 0.154483233255 0.119372043383 0.128036879933 0.115751832638 0.147381516736 0.207747178778 0.108002615446 0.108439579937 0.233739812882 0.221553041765 0.243774956688 0.295404055686 0.268396292797 0.481204090848 0.438529009654 
2001180422 1.0 0.170972424957 0.165618911945 0.253829832665 0.215244132183 0.360749985164 0.230080794822 0.232073623706 0.196473127488 0.200108087559 0.475651494154 0.259755405527 0.273277615453 0.309100609255 0.331539910432 0.110513303477 0.112131973432 0.15239777915 0.165618911945 0.202198305847 0.204463076279 0.348498446568 0.36356946706 0.16610176694 0.161332297942 0.268547737504 0.266151279207 0.130454512571 0.128131694555 0.136602170426 0.130300946288 0.143465078702 0.200108087559 0.0912633295193 0.0912633295193 0.259755405527 0.234135013915 0.254538745913 0.276771983679 0.294437818766 0.448259982569 0.469849357872 
2001181065 1.0 0.169637016448 0.168779175216 0.283191470576 0.216947185309 0.367660666729 0.220925157895 0.218281231303 0.194640979398 0.198151635963 0.48206954272 0.260776723969 0.261540957382 0.315210556548 0.312551479956 0.111076833427 0.109927448718 0.158122489329 0.16186488039 0.202050669167 0.196219300802 0.361639968747 0.354392752301 0.159037822528 0.162200816165 0.266829310152 0.270744545905 0.149025210161 0.133754219522 0.144826471928 0.133754219522 0.143694506463 0.198151635963 0.095247598874 0.0917546376195 0.259101481423 0.228990758389 0.257344840955 0.28827154323 0.306039887861 0.473295276665 0.485594641169 
2001181431 1.0 0.17965998472 0.179958837133 0.269406880665 0.209828706961 0.377835818079 0.225862409857 0.233121191054 0.194960511174 0.202531092899 0.503089259941 0.283594063571 0.276364695664 0.318575409613 0.3214858568 0.101926699586 0.109222240149 0.157108099058 0.170135383086 0.217869733441 0.211529129474 0.370559859074 0.38835599245 0.144642322462 0.155273197008 0.27040235227 0.281056258053 0.130721840064 0.11621431803 0.146732460095 0.129482742525 0.131268795759 0.202531092899 0.112454364495 0.107069050687 0.26075765512 0.233428333731 0.255693917649 0.271460165022 0.278495327589 0.4881999433 0.487612546555 
