Node
24 1.0 0.177293317621 0.174702234893 0.26829444737 0.185927445177 0.315749944216 0.215400727057 0.210725231981 0.162940340193 0.16713742272 0.502111516595 0.308603599739 0.314545864031 0.350044187759 0.354757030763 0.0949311700942 0.0947636221899 0.149048637469 0.147907476786 0.178035264929 0.17875044594 0.305380086039 0.301863215815 0.134611368029 0.146640940678 0.244253586028 0.262579202471 0.131799535754 0.134597574233 0.140419203871 0.131243058599 0.135263063404 0.16713742272 0.0933911015235 0.0936458945572 0.19708672458 0.182322179065 0.202535374174 0.293145580417 0.323623477476 0.482187508135 0.501817835008 
5 1.0 0.178052493627 0.176760962001 0.295160871853 0.220513882727 0.384349663624 0.238369351704 0.242658636226 0.202325146017 0.206418833018 0.534853002842 0.333409795953 0.334205487075 0.385903739874 0.383964146898 0.114021344535 0.111966586291 0.181597010687 0.180319522007 0.210470603938 0.208111695003 0.382794222928 0.380570084444 0.166804921882 0.170819446771 0.280727764764 0.28294516433 0.1531827656 0.147581155662 0.149676815685 0.147001619011 0.147139429822 0.206418833018 0.11506832023 0.115514535867 0.250675013674 0.237656583819 0.252787894544 0.274829626681 0.280123223586 0.521390007222 0.519907312119 
6 1.0 0.175922854415 0.173665905869 0.280172052284 0.211426437978 0.37200868042 0.248055812055 0.249301721381 0.21383142373 0.216710770674 0.526119157185 0.301107511531 0.30040164023 0.347635092801 0.343859524991 0.107909437958 0.106783823426 0.167256644861 0.165042958867 0.223477155266 0.222406711339 0.403305701618 0.401970529567 0.179322977 0.181664065876 0.288921467359 0.288071107699 0.149928074218 0.146319466183 0.143687220769 0.146931154546 0.146932355077 0.216710770674 0.107619301605 0.109172172916 0.300686486473 0.285374831651 0.298695644671 0.285068736722 0.268977900889 0.511645239764 0.498917874799 
10 1.0 0.169277197577 0.167553975191 0.26826915799 0.200684198557 0.343068382042 0.222627917616 0.22107521867 0.1888318592 0.188249198361 0.490574358401 0.290505726388 0.295257789949 0.33229791229 0.337290295225 0.100844875666 0.102774758842 0.157083959144 0.156985657586 0.204450328053 0.205809764294 0.373272587488 0.369311083873 0.158404234125 0.163267255574 0.26830334239 0.273370606645 0.136538418703 0.129230692807 0.140686155234 0.130315707605 0.134557992671 0.188249198361 0.0999071422196 0.102633023378 0.281533093009 0.269236413648 0.285952419538 0.285813038049 0.303772712117 0.491885264408 0.499769738642 
18 1.0 0.182076848324 0.178036787765 0.280749331925 0.2051346259 0.369055232199 0.243830661106 0.242797267879 0.206453507021 0.206970698653 0.526820905752 0.291536096647 0.292740542069 0.336259088344 0.333732742873 0.104049531299 0.103485374374 0.158964963807 0.155198987022 0.213875497888 0.213771913511 0.372313952022 0.369336982859 0.172491181796 0.177253356665 0.286438834539 0.287988070561 0.147177375722 0.143333006292 0.145503456214 0.143887496048 0.144240938886 0.206970698653 0.101359836838 0.104430038983 0.269003524874 0.252027486303 0.269833844417 0.273989179632 0.27168411819 0.483369945434 0.483588755862 
27 1.0 0.178901099931 0.176419659304 0.271468737929 0.203410791054 0.359407497674 0.236743908843 0.235318316484 0.198439016086 0.202533913482 0.508333454087 0.288048576882 0.29063244639 0.330291922464 0.331798155679 0.103145442775 0.102679015855 0.147827876024 0.145155757373 0.194901038024 0.198139102778 0.367558214923 0.366913911796 0.166033842979 0.172825300458 0.276850409936 0.284881404416 0.139477590502 0.137832027384 0.143190232465 0.138769527694 0.139764424004 0.202533913482 0.0907703761532 0.0931842466123 0.274212674755 0.258471877388 0.27631558881 0.273444614218 0.283219892029 0.469975086033 0.479373697028 
29 1.0 0.174943641017 0.173106375995 0.252581976202 0.185927473392 0.347647257076 0.244485690654 0.239732696454 0.206966065654 0.201198387848 0.474570393574 0.294230513839 0.293903726049 0.334145694893 0.331957164672 0.0947524357449 0.0942325628999 0.145370273621 0.148172155057 0.198264373222 0.195120632528 0.373325257145 0.370706401373 0.1713699542 0.172146426778 0.268709790101 0.267842411943 0.135772013375 0.143671517347 0.128638987561 0.142438684529 0.155752220405 0.201198387848 0.0956541278569 0.0944072836031 0.258388721964 0.247323908121 0.260107438569 0.292239005773 0.28166558028 0.505814483347 0.495505467984 
31 1.0 0.171516038713 0.164489601783 0.249854028941 0.224955914984 0.371040508978 0.253240694311 0.220278905037 0.225862472353 0.210810273753 0.481374504612 0.278660882529 0.265712180229 0.34060120982 0.315710656146 0.121617214153 0.112318441241 0.181876097129 0.175245357429 0.2196743563 0.236336766439 0.397826138966 0.385061109395 0.186138757204 0.155673008655 0.290923524339 0.262498751812 0.14585553996 0.162347700071 0.114717649751 0.130571959211 0.157447492995 0.210810273753 0.103037802732 0.107929388635 0.275426530648 0.249386908365 0.24896937505 0.33705451701 0.197829971917 0.535143641938 0.454229438582 
33 1.0 0.182760518332 0.180686380139 0.289651534977 0.218253763259 0.378450534048 0.24957290813 0.248606165278 0.210769284897 0.211796482368 0.532688068365 0.316899540766 0.317572992069 0.365049981748 0.362786160901 0.111000747365 0.110704398087 0.171949766269 0.17224313641 0.210952100985 0.210326140696 0.376811252032 0.371490242691 0.178570878013 0.180514638854 0.287817692245 0.289820849415 0.152047768846 0.155576888372 0.147434167564 0.151258311833 0.144080481834 0.211796482368 0.110996066562 0.110821794096 0.253790559104 0.239359364263 0.254697441313 0.274138828395 0.279633985007 0.503797749213 0.505804922537 
36 1.0 0.177365574195 0.17351772142 0.274322408378 0.204386493436 0.366082558222 0.247923245655 0.248594134377 0.214077506891 0.216114130076 0.514700934703 0.277351434436 0.278090272385 0.319649344541 0.318455057965 0.103794019869 0.102570000203 0.150737277916 0.146778505712 0.195459600354 0.19749044153 0.353114962529 0.352939740829 0.188961700773 0.189719203874 0.297186507111 0.293481185714 0.145329856451 0.148667732541 0.143234874979 0.149656298235 0.14557338997 0.216114130076 0.093496626775 0.0966276678765 0.266175472186 0.247354369266 0.267571684992 0.279571524966 0.270951411 0.460040634647 0.458601719524 
37 1.0 0.169806507397 0.17579692784 0.269035818693 0.195856919063 0.354591106295 0.248817158472 0.252336883075 0.212502393621 0.217537404387 0.527324043294 0.277064209632 0.283373524929 0.315544078821 0.32753390817 0.097425346326 0.10117699504 0.155770812623 0.157635175665 0.21974597883 0.220540116812 0.372707124555 0.370270432882 0.180467656837 0.187571996873 0.274937715711 0.291811609025 0.134979471128 0.150146591453 0.15047015516 0.15667216391 0.146654917441 0.217537404387 0.104662471117 0.106126011894 0.281763916075 0.272769654818 0.297570816951 0.255542630609 0.298881633144 0.45919533273 0.471523580931 
39 1.0 0.187190598615 0.184581391789 0.28139632331 0.206677903845 0.344000877057 0.253401318425 0.246042774174 0.20866836958 0.206317948525 0.542789093246 0.284071895084 0.283736639218 0.332066861061 0.325276899684 0.106208854788 0.103167575265 0.157225040765 0.153162645702 0.21745683501 0.217417057045 0.36184952028 0.357913432148 0.170682590275 0.168522947754 0.28715282313 0.285444869338 0.150750810812 0.146767012098 0.141527126143 0.140242306931 0.14039196841 0.206317948525 0.0965109492455 0.0985541898805 0.268862681296 0.251714758577 0.270491686178 0.293727241673 0.283164657478 0.489952428044 0.480939434033 
49 1.0 0.180064848474 0.178145125073 0.287862156734 0.203559858999 0.36246142272 0.24554290188 0.247563854679 0.208640396268 0.213857302016 0.527326854841 0.291790536964 0.293740145675 0.337210965952 0.338917432068 0.103094232508 0.103367869596 0.15645169159 0.156138875761 0.205919800559 0.207024362167 0.351585788606 0.344237333727 0.172796026329 0.182176257548 0.280376686449 0.290221141094 0.14911679135 0.149766701571 0.150012727007 0.151436291254 0.149597675759 0.213857302016 0.100635019174 0.10150182063 0.240823548397 0.22483463605 0.248292398147 0.266899378481 0.279189647145 0.475388148892 0.475650425717 
50 1.0 0.188518877241 0.190077592194 0.268860242543 0.221237191736 0.377917636234 0.260944743973 0.268639180351 0.220988046789 0.227825914475 0.518295397324 0.296496611273 0.299216710026 0.348607519911 0.349982996973 0.114283689589 0.113041520374 0.184768042046 0.189032716164 0.214984919619 0.216333172151 0.364731535074 0.363742182557 0.17898972893 0.189165898971 0.288929045808 0.297945478761 0.142186362275 0.142141858724 0.143715474154 0.149214479136 0.155412310528 0.227825914475 0.121159856749 0.119477854447 0.234977168478 0.219382532632 0.239003801703 0.27956881989 0.283129083 0.505358321401 0.505584615704 
51 1.0 0.170838799753 0.170447970478 0.286070603688 0.197924505152 0.359781388949 0.235557035467 0.238407568729 0.204416168896 0.203006031927 0.519128281677 0.310977427555 0.306096970138 0.354062874906 0.345283645877 0.0993363365676 0.100661898515 0.16640549348 0.169742299731 0.22560214163 0.223611107792 0.376146083633 0.371784525483 0.171858767179 0.168159885877 0.283218184453 0.275182502423 0.156257108441 0.138496065328 0.142277611835 0.134374804817 0.147137165158 0.203006031927 0.11633613249 0.117841097608 0.272010279711 0.257325904959 0.267923577152 0.289551094781 0.260699710495 0.502744710432 0.475330600547 
60 1.0 0.182820114813 0.181572574241 0.294422879163 0.205655162978 0.36139256961 0.268653461476 0.26927448449 0.236187781565 0.238363753014 0.540071793494 0.317170971999 0.312806997018 0.35756455989 0.35634572089 0.102200649406 0.105365636928 0.161240861296 0.155365731596 0.216021354775 0.219832833181 0.357526572922 0.362694657794 0.205803223869 0.20871447477 0.311575041737 0.312479655485 0.155764490496 0.168117539544 0.153715042883 0.168141122434 0.157682754713 0.238363753014 0.103292950089 0.107656785308 0.255522062191 0.234726303467 0.251472710763 0.287198480976 0.271580266992 0.491315945669 0.487721945572 
62 1.0 0.162107755971 0.184822721165 0.25823078888 0.215312844604 0.35412751511 0.252278510292 0.262090254191 0.214693758026 0.228449796115 0.514289830592 0.284798393496 0.297006349737 0.319077722895 0.35362553441 0.100650259873 0.118504803841 0.182125478739 0.192048971321 0.221516762139 0.234564287164 0.380450403887 0.357297849861 0.179973991361 0.192516816741 0.260788061432 0.3110197107 0.115942581916 0.141451444824 0.164179874891 0.149442466286 0.139648398498 0.228449796115 0.127245857442 0.127912854244 0.232080272773 0.250705497734 0.288253748983 0.198298361138 0.360550450642 0.463281000053 0.518755179525 
63 1.0 0.180950879892 0.183696731843 0.277614785548 0.206190546251 0.382120366593 0.257902400377 0.26363621267 0.216905537422 0.220990354995 0.541360575456 0.288820018037 0.299948305313 0.331941787997 0.346592658278 0.101745228949 0.107357786047 0.155947984648 0.160753730237 0.209596084775 0.207903199893 0.360623048114 0.365649547415 0.189221677001 0.194156997443 0.283213985501 0.291925906144 0.145464536371 0.166352422172 0.145348953289 0.17266402285 0.142666000606 0.220990354995 0.100377885123 0.10339699491 0.255308172274 0.237857746521 0.261101819908 0.249955230074 0.274413351637 0.462288596178 0.480719882226 
64 1.0 0.167432287473 0.167937372112 0.289550889214 0.21758852709 0.359251687357 0.233383450708 0.243968920792 0.2035363895 0.209411196171 0.527820166437 0.299842534184 0.311729393205 0.344798696789 0.362508685718 0.109191650408 0.111723296086 0.157021680447 0.163672816207 0.203261874402 0.197567671492 0.360425609193 0.363097101046 0.17135460043 0.180343669757 0.271361189022 0.285662431038 0.147046563388 0.14001363624 0.158061094976 0.147493765123 0.135390932769 0.209411196171 0.0962366358584 0.0952492560979 0.26653627999 0.253333904652 0.276007572064 0.251068107916 0.298535107531 0.463312110897 0.483230671743 
65 1.0 0.181227454436 0.179351809341 0.281863290438 0.213907154775 0.373711793816 0.225036082197 0.229044060128 0.186923849553 0.190368923429 0.519008690048 0.312712974825 0.308734822923 0.360173985905 0.355796103728 0.110556048153 0.107412536606 0.157665724381 0.157497455842 0.191101107449 0.186794655708 0.384099935625 0.385754874904 0.151963489705 0.156870490862 0.276660214383 0.278581619663 0.144296480619 0.126577252349 0.145761743011 0.126462224452 0.143817174461 0.190368923429 0.0937155580527 0.0942671907359 0.267828769568 0.250998407073 0.259334850642 0.27602071866 0.269572361257 0.507404332856 0.503479934784 
69 1.0 0.177540057995 0.164609991398 0.278775325587 0.216330356225 0.366896535511 0.254214392766 0.261689872668 0.219704739249 0.219029013267 0.540742149746 0.331264120677 0.31585104264 0.393135285372 0.350422318955 0.123362080996 0.0973653375022 0.195458808113 0.191207607568 0.238323367945 0.227615191564 0.38174352904 0.381033898737 0.190185750166 0.179339218559 0.304869299632 0.260635543236 0.173852413982 0.161320220746 0.119462332642 0.150002456412 0.159950533346 0.219029013267 0.134563728452 0.129124055425 0.290523252378 0.261610288769 0.249124931456 0.353568956175 0.219204662167 0.55112089451 0.486043441055 
70 1.0 0.171466561455 0.169642008985 0.300032776388 0.199828151917 0.404424236885 0.249373733243 0.236618783709 0.226073139058 0.225632235393 0.485621894135 0.300861368898 0.297700448474 0.342824214914 0.346579721778 0.0968780001306 0.105253002939 0.145038347974 0.144694654723 0.225411460159 0.227609576131 0.382500788945 0.37778565292 0.181413757006 0.183189018599 0.294547866343 0.304643868605 0.142876701733 0.132573536153 0.167277544794 0.13010948153 0.156593094028 0.225632235393 0.0928095227241 0.0997894170503 0.263640542655 0.249473542626 0.263640542655 0.23386730895 0.265616110479 0.460601401241 0.469567263893 
73 1.0 0.165800824591 0.167994904459 0.270758324998 0.202707713902 0.342111042355 0.253712479263 0.257820728539 0.212171136803 0.216677366702 0.517541149004 0.297667652044 0.2993132138 0.342603540735 0.343424650787 0.104596064552 0.10177568099 0.156361771986 0.154272278367 0.187756901711 0.187667316581 0.362733230135 0.363719095017 0.186171295523 0.188192868781 0.271034226635 0.273772430753 0.139210465245 0.165104828872 0.14175117172 0.168366835979 0.154261892858 0.216677366702 0.0986510003635 0.100188726716 0.267315090721 0.252831604936 0.269900426969 0.286682756681 0.29943183415 0.494275233568 0.50044133626 
74 1.0 0.174733695956 0.174818953643 0.287118712546 0.225938030743 0.42947540243 0.240454656442 0.244314917106 0.205885530898 0.209795319377 0.535269386429 0.280303372311 0.285247050278 0.331122509551 0.334609121834 0.115335619176 0.114155803182 0.165121992038 0.164271169816 0.2042396825 0.204724498753 0.418321320175 0.418858023452 0.170736001706 0.177248613511 0.27801099221 0.286732632169 0.146582123377 0.145540697318 0.153222972142 0.14810962849 0.138185863321 0.209795319377 0.102712656007 0.102459834744 0.283544761342 0.269705815813 0.287891612092 0.238195007774 0.257773213476 0.485946181573 0.498498486695 
76 1.0 0.189739096642 0.189739096642 0.281663181891 0.229953087748 0.339512910041 0.274176171905 0.275198211393 0.227715926216 0.242535625036 0.563472922144 0.316556596424 0.329390649463 0.36392824732 0.375804890844 0.117216903603 0.116226519739 0.175166654942 0.170871531543 0.182643519142 0.201801838199 0.365106158334 0.347208230755 0.192761297444 0.201801838199 0.289926206368 0.317338154514 0.138168008788 0.178528368539 0.153349927995 0.174789140161 0.155276241263 0.242535625036 0.102806025304 0.110546358634 0.224796370517 0.212717814906 0.232737038411 0.279898726135 0.298070996556 0.499032985019 0.505542814872 
77 1.0 0.186967076811 0.17529341456 0.257550862214 0.192804184031 0.332923832769 0.269014627466 0.257550862214 0.242266653581 0.224664297989 0.521353587103 0.310393366579 0.300625725819 0.347263656214 0.339768053223 0.0950662016829 0.0999624784664 0.153289644224 0.145059370115 0.216075202838 0.216075202838 0.363482087431 0.376660319632 0.194126285352 0.198297783086 0.310997085129 0.297776128561 0.140400005402 0.154177001241 0.135831919471 0.15428756203 0.154177001241 0.224664297989 0.0966670547469 0.102156009196 0.285437665112 0.263377505212 0.269204721444 0.300625725819 0.245135470607 0.475761302113 0.468829214256 
78 1.0 0.181797884922 0.182822629413 0.286023136844 0.206695543823 0.368375508149 0.251807196973 0.252129415577 0.20555387595 0.207305564481 0.531438768858 0.322508387468 0.323944662765 0.374895076643 0.370636244959 0.107437907267 0.10494371337 0.162041902892 0.16101483608 0.192929399192 0.186491608523 0.351958268232 0.351587167465 0.174189981207 0.173922005677 0.272457073408 0.271572601351 0.151325593601 0.168232599699 0.140945824984 0.165705047367 0.162557756756 0.207305564481 0.0980761514049 0.0971968733121 0.226875889678 0.207149582737 0.221379837157 0.292371958629 0.275757964909 0.516404133337 0.504714921315 
82 1.0 0.167990507714 0.169337368334 0.283849426434 0.195223108219 0.345077099379 0.259876616012 0.263967482687 0.232398404152 0.233036514632 0.538655222689 0.276991650982 0.278387758072 0.317242605972 0.318371492566 0.0978472311729 0.0985470622291 0.153859556067 0.155812610731 0.215499438906 0.216818191436 0.372148011779 0.375029611164 0.204700448261 0.202538354705 0.300241415169 0.296860035284 0.151068067487 0.169566966857 0.148896058504 0.169966258866 0.150407551151 0.233036514632 0.105553702289 0.104308980558 0.285136829153 0.268551566839 0.282598114191 0.280688448955 0.277657028851 0.473787226764 0.47463586228 
86 1.0 0.16726336935 0.168527890124 0.281456090577 0.181725118696 0.338815521349 0.249047185892 0.266367136239 0.216016003285 0.22332445121 0.534684973778 0.384014300547 0.380417753512 0.414682784128 0.421295084691 0.0945442179972 0.0897498778362 0.179133943593 0.184240693136 0.225725385908 0.233425920723 0.380324312679 0.375830568956 0.176500310217 0.187025811571 0.268491322627 0.273908871133 0.131552004066 0.163453189274 0.157221555458 0.184566241825 0.147469509681 0.22332445121 0.135895427771 0.13428788913 0.290253331977 0.281143788964 0.299118306447 0.269976828019 0.334340576845 0.517831188551 0.555669085281 
89 1.0 0.176433254698 0.171994323251 0.277889878972 0.204459455831 0.374046462463 0.254553701846 0.255290125291 0.221065939976 0.218540486064 0.524455091023 0.281746546246 0.279447018697 0.327671848765 0.318702662523 0.105006112964 0.101501751623 0.163713154597 0.162549872273 0.220542834128 0.217727569493 0.362418015366 0.364504636857 0.188297719094 0.18851128927 0.294286156317 0.282919381901 0.155328747691 0.148669629209 0.14238501805 0.149261477331 0.153750653929 0.218540486064 0.111438229009 0.112043791042 0.268969958364 0.248102130403 0.26467410557 0.280750684675 0.25026618529 0.47985226036 0.460588442169 
90 1.0 0.18460714124 0.183211351652 0.301651364763 0.202963088406 0.39089230293 0.261261139745 0.273065623496 0.209891331909 0.225988495109 0.573555038648 0.289492633317 0.297694708794 0.340879604483 0.347274318625 0.101932241657 0.104887411348 0.171423099761 0.172205695279 0.223377081536 0.21945739676 0.36738886022 0.373067744978 0.203864483315 0.208664740644 0.289745870834 0.301975372767 0.15486440698 0.182408962314 0.16105521877 0.185136102615 0.140547391769 0.225988495109 0.112858941258 0.11296719926 0.240301818174 0.217779990791 0.235886582817 0.253471882674 0.259052796282 0.477669754421 0.475695215244 
94 1.0 0.182504845689 0.170403307609 0.276766647069 0.196534568468 0.325162186773 0.260472059211 0.266397052098 0.222787564023 0.228037003356 0.527795702442 0.309115600349 0.307882334732 0.352390760063 0.345937660355 0.100427673958 0.0984850920768 0.148480583191 0.149254949781 0.200413765621 0.202295263887 0.345490501812 0.343489651907 0.193896638349 0.194792753712 0.291415545698 0.279810534712 0.15171560341 0.175434458903 0.13560467333 0.175162920295 0.159553512813 0.228037003356 0.0953285383349 0.0984848192191 0.261647642733 0.243793314737 0.256242365277 0.300155627778 0.282995754451 0.490412556384 0.484802414602 
95 1.0 0.179380557103 0.178027534599 0.306818142773 0.214148568041 0.382660492786 0.235280165084 0.246734662996 0.191400929544 0.198674059606 0.558527659195 0.298896868027 0.294357252057 0.3466109122 0.338893344142 0.108388829555 0.107565453963 0.16326958334 0.159269822881 0.22257344404 0.219157394269 0.352691141179 0.37140847663 0.16197724725 0.1654507234 0.26803283862 0.266856966336 0.165138961014 0.157878794967 0.151342253188 0.153621075108 0.149553540272 0.198674059606 0.107247345972 0.10944635282 0.257457255894 0.22543136763 0.240223856881 0.304728657258 0.259360442866 0.512320708095 0.491727512514 
96 1.0 0.180459799526 0.176042214264 0.283714533263 0.209291622857 0.375310154438 0.237322256785 0.240904667852 0.200922231333 0.203105556202 0.519239502237 0.302809399505 0.303389444953 0.355570512968 0.350324610238 0.108380934673 0.105958192987 0.154392265553 0.151332876021 0.193271987428 0.191968151062 0.36979818992 0.36984370168 0.16793409991 0.171383459594 0.280038128921 0.275296271424 0.150491275254 0.149387410425 0.14143155444 0.149092551862 0.150894836362 0.203105556202 0.0888764710966 0.090702030139 0.254952302277 0.234376133394 0.254943747288 0.286021349202 0.264544258212 0.498647605128 0.49241032085 
108 1.0 0.181056802478 0.184129874933 0.278247424028 0.219049375303 0.422976208103 0.233767927642 0.241212659302 0.184052977582 0.188603700834 0.535954162345 0.313163994212 0.31556016583 0.365448564541 0.366951208224 0.112951830738 0.112586290644 0.161112511961 0.165809948084 0.193717133001 0.188969112832 0.398591752156 0.394045789982 0.154173186464 0.15415491443 0.257849087867 0.261358286409 0.140564841586 0.151745047193 0.142925975665 0.153781563584 0.143183465833 0.188603700834 0.101288967083 0.0957445566927 0.242420592221 0.225776296651 0.243916570848 0.253383828035 0.264002031981 0.507072180851 0.510027306531 
112 1.0 0.175194122683 0.175619661621 0.300578170758 0.196709564114 0.349748577861 0.254244710103 0.246916916097 0.219995847126 0.219452311157 0.524587296004 0.309099259354 0.317203467179 0.355170046317 0.371441957616 0.0954273568622 0.10609469054 0.16974095135 0.175959351807 0.205977609813 0.20091451858 0.365486184522 0.354328409953 0.183191842577 0.195491536526 0.282026608941 0.306431424557 0.148641074171 0.157610315508 0.163011400482 0.153968977794 0.15627864142 0.219452311157 0.112646432002 0.112646432002 0.234640747563 0.230079191755 0.251588569471 0.25658264169 0.307646944698 0.500559505423 0.512874290852 
119 1.0 0.165914610205 0.170824175621 0.294359281264 0.210740840794 0.3412236245 0.250628216899 0.246310707861 0.211725383548 0.20921756491 0.540529050918 0.310046569807 0.307594995212 0.354223009259 0.353186578048 0.107148717346 0.105926297271 0.17278552437 0.162928294973 0.213089326917 0.214918096456 0.36097675408 0.362094839609 0.175085666717 0.173755370124 0.279566708974 0.289090998392 0.149013944677 0.143844535238 0.155119859572 0.134188202785 0.142135064393 0.20921756491 0.109031109462 0.114094989604 0.262940551165 0.243884633283 0.258041494744 0.292326414049 0.291738481288 0.498794047253 0.501970163315 
125 1.0 0.184528054722 0.1856636227 0.26673759599 0.225534289104 0.384570110494 0.23478083596 0.240966150395 0.195183860615 0.201019445389 0.523733256535 0.272438906699 0.282662446002 0.311831113314 0.321129152576 0.113232165678 0.113232165678 0.17069691641 0.17069691641 0.212395372419 0.208714280858 0.391208126339 0.38746280728 0.168606197127 0.177043556218 0.288595485949 0.28927747702 0.142787688567 0.132280862301 0.139436271907 0.139906547347 0.124081978781 0.201019445389 0.112417116358 0.114615909476 0.291449124471 0.282336931849 0.305188400072 0.246090794038 0.266983732054 0.453073660206 0.464441994329 
135 1.0 0.178334539642 0.166828221322 0.310722949873 0.199827517139 0.355285294903 0.238848772625 0.22367218841 0.196643739281 0.209161786803 0.521570665858 0.316660711712 0.320189747013 0.372213020403 0.362830805141 0.107734792455 0.0957841029516 0.168754813999 0.143193208004 0.194834940195 0.188653219566 0.390222547907 0.384820183578 0.154566781874 0.183188646232 0.26569741652 0.305224763637 0.148055757651 0.142114117961 0.169755255506 0.13153867475 0.153065612131 0.209161786803 0.0918460716159 0.100029243592 0.260844354166 0.244202505021 0.251224641282 0.268463971809 0.298286930876 0.513899653905 0.52606692121 
138 1.0 0.180405556428 0.176845572199 0.281337486284 0.198181662784 0.341878888669 0.239927460634 0.241175019944 0.202488711846 0.202751750078 0.528530366922 0.311706432764 0.31294352216 0.359343350085 0.355285194906 0.104086531399 0.0978600587217 0.15539611505 0.155707068037 0.20427028431 0.198145528933 0.374066734131 0.380577059834 0.167183835747 0.165002647485 0.278674204664 0.272227650115 0.147047867233 0.147822662937 0.14253159125 0.149390270449 0.149382791854 0.202751750078 0.100457053651 0.0958136037446 0.285823589275 0.26984387583 0.278904965194 0.298410625825 0.285998698025 0.514544689834 0.507022454382 
141 1.0 0.184582987809 0.176705276897 0.279423617821 0.199056936262 0.340787365867 0.265531101191 0.257409520761 0.209229535783 0.205096672603 0.566531875266 0.303044630138 0.296700792504 0.34727246117 0.340393648647 0.101340038135 0.100975639514 0.173697429677 0.179208636342 0.223301442188 0.212707014367 0.353837493691 0.363242185993 0.186470139071 0.183800447258 0.282561098708 0.269320472869 0.151342291653 0.174163918721 0.14083310663 0.166146891239 0.135788041528 0.205096672603 0.124936696913 0.115145458724 0.273155274778 0.257439732967 0.262683861256 0.282046016446 0.275527582196 0.472198523289 0.476001785289 
142 1.0 0.172025288168 0.174652549447 0.277012987596 0.200905541108 0.35963561405 0.240875222534 0.243076447513 0.201974425597 0.207895592734 0.524885944599 0.307472421095 0.311084174896 0.350560781183 0.357215509896 0.101138836523 0.103278276586 0.15847704518 0.160813485476 0.207167265393 0.205636168734 0.381444188171 0.384589098453 0.173130272894 0.181826351415 0.271982102908 0.287755203837 0.136271180829 0.150660806534 0.1502103054 0.158936641538 0.13958574632 0.207895592734 0.104101385819 0.10140213372 0.263947526245 0.254191856464 0.277189673715 0.26536492323 0.310389146667 0.496773077097 0.523922751063 
146 1.0 0.172817184883 0.1711349688 0.283621646346 0.223532238509 0.410495101266 0.241568859379 0.246203287632 0.212393229718 0.217285720106 0.515801770901 0.282867194813 0.279180696142 0.33461492827 0.335015545075 0.114621571373 0.114992647834 0.167483636125 0.162809239556 0.203328625936 0.203329345176 0.38635099682 0.380647061417 0.165514263384 0.18303008046 0.276580344867 0.291942633968 0.146744209224 0.142499331388 0.146627491008 0.146672226677 0.147499628365 0.217285720106 0.0965849307252 0.101357959943 0.273371584281 0.26156777964 0.27540554158 0.260183784882 0.252687387853 0.480672466633 0.467517330315 
153 1.0 0.179108591804 0.178847055634 0.296123601019 0.206766485356 0.391196619131 0.243370517781 0.243370517781 0.201879142105 0.207294047867 0.553066318755 0.270975998728 0.272812367042 0.309872909689 0.30764939629 0.106285531171 0.100552382932 0.150310439667 0.150102684986 0.214907078223 0.212717814906 0.382688259893 0.355462466793 0.182645389841 0.187784215339 0.296070905298 0.302122310442 0.157310045147 0.145671408146 0.153697853316 0.142750110362 0.12738595106 0.207294047867 0.107453539111 0.102701837096 0.280204548249 0.274238473816 0.295173638704 0.25193896236 0.276504946026 0.462310167761 0.462175147265 
156 1.0 0.196406893096 0.196050243278 0.291049313183 0.217186121382 0.370705161523 0.237797783165 0.246639130176 0.197543845535 0.197685504818 0.560863667303 0.308012187672 0.315775967541 0.350841007704 0.352592039945 0.112237600597 0.105950815361 0.16126494542 0.157132640836 0.211240056736 0.214266384256 0.355714308039 0.347795733493 0.168148425027 0.172341476313 0.298175779868 0.292201227895 0.149650134129 0.154255827476 0.145284000471 0.164359864141 0.134892807996 0.197685504818 0.104353475438 0.104219258694 0.244129323492 0.227571557134 0.255941107945 0.251527999379 0.296150393733 0.480427044418 0.516780721912 
158 1.0 0.162234052738 0.162713327203 0.284850854561 0.2179458404 0.363152543026 0.259682457966 0.252197938198 0.221138056835 0.219299333052 0.513575251558 0.305532233146 0.301839865091 0.356923642871 0.351427108094 0.112869166224 0.109649666526 0.165935686106 0.170837598692 0.201226576727 0.200062285894 0.359142067226 0.359488813208 0.196290152618 0.190737060035 0.277259375409 0.280276189235 0.153554165668 0.168727845397 0.144891734415 0.157262043281 0.142069602654 0.219299333052 0.107353083927 0.102453927943 0.255571768447 0.228889915386 0.246135051934 0.303281127758 0.275682104889 0.501205523819 0.494479727495 
