Node
43 1.0 0.192454481512 0.171150236917 0.25248326359 0.179043196012 0.327104860074 0.238087157909 0.232055887801 0.206897780091 0.19005481196 0.48877947641 0.294048613964 0.285309147724 0.346999028643 0.323098779909 0.0989040655854 0.0861892807275 0.144243951688 0.142969762643 0.19278930022 0.173327895875 0.321279146184 0.32396586013 0.170512325663 0.1552296764 0.301053695179 0.248130017442 0.153444685951 0.140181968817 0.108307764466 0.132803792774 0.165159522272 0.19005481196 0.0890134992352 0.086029586028 0.232609381508 0.199210203779 0.189559116861 0.344689123428 0.24179765295 0.509125857253 0.450625565471 
25 1.0 0.174773075223 0.174192492793 0.283168839711 0.216952386808 0.404433455126 0.245432836622 0.249442491957 0.209356140689 0.220661013844 0.522747152612 0.279365674737 0.280101815559 0.324573152875 0.327045358625 0.108639712914 0.110640585092 0.149527873154 0.148926500328 0.200758650521 0.206594874873 0.403636838568 0.396556031451 0.176788800958 0.181472296401 0.281708995608 0.290920293398 0.146042827732 0.14198616586 0.153361597673 0.141019076166 0.138966581434 0.220661013844 0.0889374335745 0.0924880437966 0.293809075919 0.280903902989 0.301203912556 0.243562331554 0.256459417731 0.47343010325 0.475415859244 
9 1.0 0.178380910447 0.178443615698 0.285194929849 0.207593924369 0.360098822638 0.221841913531 0.221007455926 0.179824635969 0.1830807052 0.511238364997 0.339016091935 0.340525802128 0.387803295748 0.388989157542 0.107370642751 0.106572060294 0.172670954797 0.170717405658 0.196429296401 0.198961553632 0.369774220188 0.364173583482 0.150878317577 0.155102179374 0.265027074635 0.274984391574 0.141915682032 0.139082966066 0.147751488403 0.136590328696 0.137944668907 0.1830807052 0.108884881484 0.109469362651 0.238380432577 0.227919362541 0.245713720002 0.283308133782 0.309639161142 0.521569494424 0.533331097678 
26 1.0 0.175992334907 0.180259769057 0.274114398883 0.19560421689 0.343670336081 0.237571023731 0.239976610826 0.196419902928 0.202729794206 0.511003714125 0.291666024288 0.297998229175 0.333764677555 0.344528078811 0.0979507425059 0.101304888399 0.147123887145 0.150005334568 0.195402329534 0.19802403998 0.339448362007 0.334192036162 0.169026301597 0.177750710993 0.268681014829 0.288624486006 0.13383124675 0.146943737025 0.149334113058 0.150700549402 0.140881004855 0.202729794206 0.0915822778592 0.0929179347558 0.232835654314 0.22383147881 0.249784311544 0.263568948519 0.313469464895 0.46957517913 0.491167653891 
41 1.0 0.161531110365 0.163842332924 0.276549291686 0.18770257135 0.298450536306 0.229245737314 0.2234280527 0.191442964164 0.191817872895 0.500768544986 0.297351393839 0.301639939206 0.337909597401 0.343656791156 0.0949909729025 0.0954337757564 0.161203967016 0.161516665797 0.204478551879 0.210084380074 0.323287353986 0.327181515146 0.155270822724 0.158130015635 0.253853881607 0.26350726961 0.136808644576 0.142146517963 0.145316591191 0.142546129495 0.14983143631 0.191817872895 0.111370108536 0.11049418997 0.242239164701 0.227974365474 0.246241310741 0.319278584944 0.319161862257 0.495306686385 0.496141076281 
44 1.0 0.163480482323 0.168185192938 0.266956966856 0.183963330566 0.308549637517 0.212047284227 0.206046856075 0.180307919406 0.176181844892 0.48045295112 0.265978397297 0.276141211453 0.30671815833 0.322397204817 0.0909814916446 0.0961142160126 0.158713915284 0.162629464031 0.206756184622 0.20626548096 0.320437251552 0.307884336135 0.135559643287 0.129773476377 0.24984348498 0.254358212481 0.136441886762 0.114658971691 0.135424253727 0.114694411328 0.149552374068 0.176181844892 0.107604940638 0.110192925561 0.220089353714 0.213686883459 0.233303323986 0.276199787954 0.324853729346 0.465540805662 0.476367622857 
48 1.0 0.179501766114 0.17812939006 0.281904863899 0.205270761267 0.351453776381 0.229646516618 0.231895754117 0.186680296907 0.192327290397 0.512354072355 0.330691932706 0.333656929242 0.378154950994 0.381685660756 0.105029930434 0.105518784948 0.16413158687 0.163949908283 0.190161145939 0.192068835449 0.347935385944 0.343813610805 0.155126040518 0.162999103508 0.264120295137 0.274749451591 0.139961092143 0.145356969185 0.146578247716 0.146270967134 0.143974063152 0.192327290397 0.0997814213245 0.101390949979 0.2270531525 0.213986708245 0.235977879684 0.286726225207 0.314828303152 0.509597033667 0.522647741143 
58 1.0 0.168209489793 0.175406098722 0.280889668191 0.189229576129 0.323883745153 0.22277009183 0.228775586592 0.187373131068 0.198749202302 0.49472053824 0.290713677863 0.296677309091 0.332372772453 0.345405808487 0.0927042412293 0.1002721521 0.143495243516 0.146513738264 0.186708135544 0.196605310843 0.326744481102 0.320603941687 0.149199845681 0.16777294301 0.25166181907 0.285835192093 0.131080193245 0.132042844636 0.157117781645 0.136853116006 0.14566378151 0.198749202302 0.0856476920751 0.0891269535185 0.211212123408 0.206657164422 0.233665147866 0.27162437514 0.327695060589 0.470261629126 0.492618331471 
71 1.0 0.173221793103 0.17635279055 0.26638964781 0.206847092146 0.342875940623 0.224774050731 0.221148392293 0.179689208274 0.175585969518 0.521905001178 0.280271633049 0.276082968039 0.320362036432 0.326225540219 0.100102718132 0.109738316463 0.183812366261 0.184022474669 0.211326986745 0.217461153724 0.34436666481 0.337524792338 0.138504018167 0.131922928596 0.251061452578 0.24741901988 0.130561197218 0.125123956042 0.142869019669 0.13793173722 0.147196166812 0.175585969518 0.127654708845 0.127930344413 0.224294356429 0.219071736886 0.243666919922 0.270004469353 0.296564455845 0.477945471358 0.480062711277 
93 1.0 0.175556866812 0.18434846214 0.258616162366 0.193448972328 0.349182091666 0.246717971297 0.258572956212 0.195363484197 0.21973019886 0.513166458606 0.279992960332 0.292023045761 0.317881707182 0.341161559911 0.0949027236694 0.102484620985 0.15190442391 0.158947581987 0.209648767881 0.217543668167 0.347000297991 0.336741525127 0.167634132471 0.187489903917 0.251761888629 0.294616482135 0.113260345181 0.155528830663 0.153694480905 0.166607561312 0.141166353911 0.21973019886 0.103520837926 0.101088592962 0.229920468918 0.228522370235 0.270093755613 0.252941842841 0.359372042916 0.474132611752 0.526737113298 
97 1.0 0.185493518707 0.183294036012 0.290079627806 0.210878395658 0.35804191998 0.239269386356 0.238508381304 0.201444604011 0.202310076179 0.517571641657 0.337251891605 0.337012070771 0.38836862305 0.389654444581 0.109236190019 0.108087828268 0.167702359285 0.166251946886 0.190665875792 0.193023812799 0.35022523433 0.349002769336 0.168640378733 0.17056659323 0.285242999293 0.28491459739 0.148343171946 0.146409016673 0.148382867555 0.14734757255 0.145550213838 0.202310076179 0.102240886251 0.102221232083 0.233146698124 0.214505975508 0.233700740961 0.292197160325 0.3056284549 0.512173735937 0.521576825713 
104 1.0 0.153392997769 0.161791441641 0.238869888285 0.1789676277 0.325576411922 0.255814730754 0.237882818409 0.195914146863 0.188648443657 0.471948401965 0.294658326561 0.304910787338 0.331351954343 0.341493260635 0.0882843001165 0.0936200079169 0.15 0.139957976886 0.181820855595 0.18700424657 0.338595715897 0.332282657847 0.174894926439 0.182305496674 0.230600239784 0.262342389659 0.109812674721 0.158113883008 0.138266579689 0.155298573911 0.161791441641 0.188648443657 0.0926727322038 0.0977692361094 0.230727748911 0.223409410513 0.251641668671 0.303944654405 0.348146351917 0.483248809377 0.518396850027 
109 1.0 0.184277168522 0.183210946447 0.308619295448 0.228567696884 0.382893533134 0.241082042396 0.241082042396 0.191574639296 0.202511495393 0.560020010651 0.287759377629 0.294987401042 0.34762772276 0.357765035386 0.117801094607 0.117801094607 0.206028137758 0.206028137758 0.218712534458 0.215403075529 0.358676540138 0.37251976982 0.161318442977 0.166105195001 0.276002000756 0.291423813528 0.159383977045 0.141937595223 0.15804675322 0.139501215199 0.141476757659 0.202511495393 0.13055397891 0.128410503829 0.245776709267 0.21721448577 0.239314853895 0.267531630132 0.267653651406 0.484629549553 0.49025639768 
116 1.0 0.180687015199 0.183944576273 0.256920767417 0.204228030498 0.32706382549 0.247227207922 0.250228972724 0.202224109283 0.2066235069 0.502657027627 0.307434079154 0.308755908592 0.351712800034 0.346512034181 0.105505798716 0.101739436388 0.173793852782 0.172912886999 0.226224729977 0.222976051223 0.347441219203 0.334299150582 0.179462004361 0.198155479975 0.278472625811 0.299890248935 0.136373405877 0.155118117425 0.131431147275 0.158472995665 0.152470102932 0.2066235069 0.112510699205 0.11205732987 0.244951745241 0.234185545558 0.250567806965 0.282585823857 0.317053049597 0.486078505854 0.494076773118 
117 1.0 0.164143245921 0.161312977776 0.300642183517 0.182731781191 0.32191138999 0.231139451785 0.230391022022 0.197275629896 0.20046003511 0.494063782624 0.314127168437 0.320117997819 0.346709177678 0.355400801094 0.086511086607 0.0965734169969 0.137415908237 0.136575436082 0.183360808116 0.177619388279 0.350343198788 0.350343198788 0.153635656003 0.163440273757 0.249582264696 0.265020827763 0.151750484535 0.145948942579 0.153635656003 0.145948942579 0.177619388279 0.20046003511 0.0916804040578 0.0959754334332 0.217273628384 0.214875685365 0.238253093489 0.291897885158 0.33932439904 0.524473033773 0.531993134779 
118 1.0 0.16377634834 0.182022742964 0.30166634712 0.2009649568 0.344671033047 0.204733163761 0.222244611943 0.185426745853 0.198179444999 0.504833903301 0.288622974662 0.299910577699 0.330088626379 0.356094419221 0.100724230717 0.103581257524 0.164030725426 0.156485996973 0.202068410293 0.213505688684 0.323711555029 0.330088626379 0.137075827048 0.16813108026 0.25595718087 0.305102032421 0.131803679854 0.116106997971 0.174300088607 0.132119629999 0.126751015102 0.198179444999 0.103581257524 0.103982996294 0.224298729882 0.224484535848 0.261914839097 0.26042486043 0.350548234654 0.458919139448 0.499603756603 
123 1.0 0.183666433644 0.190820190773 0.272331018418 0.1778438669 0.313880694187 0.234115087037 0.241755333302 0.200120244873 0.217467952158 0.477193713829 0.302572732299 0.311300869014 0.339244848239 0.349524312876 0.089496494242 0.0902568859374 0.140682959673 0.138034803813 0.195350677804 0.201210084082 0.330096455092 0.334375052294 0.166162455011 0.166819226168 0.285417334076 0.298066998133 0.137240352301 0.126459117377 0.143568077954 0.126350986432 0.149537069382 0.217467952158 0.0865460985089 0.0914603642193 0.243277062746 0.230585511792 0.259585646576 0.292652616087 0.320772420048 0.478652281817 0.504754465125 
129 1.0 0.170241564148 0.170516015705 0.266586055408 0.194092432326 0.345946845666 0.217749541271 0.222033124807 0.179314271502 0.181018947475 0.49233132761 0.302033806512 0.305450180023 0.348702713528 0.350331141522 0.0998261884844 0.0990955220446 0.153263380597 0.154592516822 0.1865151741 0.184417857624 0.359081034688 0.353632292922 0.154786732785 0.158196646161 0.263850061578 0.267861720046 0.137394814129 0.129736655231 0.136603655348 0.129742355162 0.134204953904 0.181018947475 0.0949481630231 0.0942287623638 0.250747216151 0.241151164809 0.260457466563 0.278280273869 0.305250065469 0.487694804733 0.499019064365 
150 1.0 0.170662784157 0.170506742946 0.242331727971 0.181021192465 0.256856200343 0.237461098324 0.228032888852 0.187768508658 0.187358677126 0.494600682633 0.342578177231 0.339621916049 0.39040750518 0.376149199492 0.0999166016128 0.0874201469615 0.182515881686 0.172423255282 0.198810129394 0.213684155233 0.344283437914 0.32642798583 0.166158822838 0.147092318427 0.263094801958 0.241358325182 0.134422807414 0.142959896135 0.115973499191 0.142722220298 0.141869654994 0.187358677126 0.116150570807 0.120463183038 0.283376303884 0.274091143832 0.281647404015 0.379751613369 0.335265404378 0.554729736599 0.529096560676 
160 1.0 0.173942393225 0.171033930997 0.276563675334 0.198678304204 0.368487077056 0.245118501587 0.237883020332 0.202491696504 0.200905068243 0.506352649862 0.313829005118 0.314775950766 0.350155152665 0.360737671909 0.0983929506079 0.102792150997 0.140134664997 0.142783236313 0.174899076825 0.176033416701 0.352289588974 0.358145302197 0.161789544841 0.167951625484 0.251853255106 0.268146496464 0.13296259102 0.153378465249 0.150719710451 0.156216738125 0.153219838256 0.200905068243 0.0816638172711 0.0869522263016 0.235409564746 0.21711233915 0.235560639764 0.263452669163 0.291456102165 0.492048297311 0.489766978102 
166 1.0 0.182272131114 0.176489971302 0.270533036701 0.223853084751 0.378503128358 0.2291478812 0.217537817245 0.175753826399 0.161931970036 0.525074621332 0.318871421633 0.311674814828 0.380084059295 0.361553399769 0.122635817067 0.10951136713 0.189508292623 0.177314481236 0.187962662253 0.176765235266 0.353942804534 0.352106513003 0.164217713841 0.153294771334 0.282661591876 0.262135759159 0.148133291532 0.142785353598 0.127939316939 0.129825501971 0.134364931865 0.161931970036 0.112287946423 0.108021347127 0.237824205352 0.214386016174 0.214612679867 0.29544491212 0.270053367819 0.508994682361 0.499253948788 
