Leaf
2001120065 1.0 0.192817647401 0.18913289413 0.262249174234 0.174959448965 0.340266913654 0.236574192317 0.222997542412 0.203702361068 0.185374912366 0.482427168574 0.302186005732 0.300200095902 0.341814449165 0.331502603845 0.089304142537 0.0873119779725 0.138518824768 0.133605542487 0.19945506546 0.200686100329 0.359605348619 0.348070573898 0.176095344276 0.163883371425 0.302186005732 0.282404494905 0.143427339667 0.130407073731 0.130407073731 0.126295129552 0.135695977782 0.185374912366 0.0873119779725 0.0866377441142 0.255223162793 0.242353507027 0.257829181161 0.304967628231 0.298751075172 0.507612346791 0.500422039934 
2001150131 1.0 0.179124131057 0.179571104006 0.246381484339 0.19270640089 0.331548255101 0.203480871604 0.211165730103 0.16851685904 0.178732112792 0.488965989602 0.303954721108 0.299972609542 0.356453644629 0.344357237604 0.105369110297 0.0948596681818 0.16147194588 0.149014424837 0.208106580944 0.205392452543 0.366570761534 0.370513226896 0.144646749953 0.150486538416 0.271016305172 0.268341003322 0.134673677751 0.124465267725 0.119453375768 0.126144605201 0.127251851809 0.178732112792 0.0864595252647 0.0944361854056 0.275708307355 0.255329186947 0.252646420192 0.321451076871 0.266279262198 0.509892518455 0.494468176434 
2001150251_30 1.0 0.174328824507 0.172376182455 0.270123882831 0.205312575813 0.346603705689 0.241728704033 0.217399214694 0.208989193579 0.172866410768 0.507892352392 0.296252438505 0.303710377218 0.34873348867 0.353493547433 0.109039673988 0.102694921648 0.158801468526 0.163300611713 0.216765751554 0.218176336796 0.357821017425 0.33650748174 0.175146066292 0.142993835641 0.290992675001 0.25443514489 0.151855188609 0.136754781222 0.12554358408 0.127508260928 0.133704104944 0.172866410768 0.0975714240314 0.0884743230972 0.24653818793 0.228038053801 0.244513287789 0.324016141858 0.283871552477 0.519292274588 0.481319394107 
2001150298 1.0 0.172666887778 0.171247197599 0.259867809874 0.221033166437 0.376004402029 0.192711250002 0.210351580956 0.170622368628 0.193973908882 0.452976458164 0.333099297355 0.325968896824 0.376491034331 0.356379584573 0.111718072297 0.111033099118 0.164243394341 0.160198991302 0.227295196825 0.222409475916 0.373439178799 0.364799994111 0.15077867262 0.150271852119 0.266991969217 0.25892668298 0.138213016614 0.143307629226 0.122654994956 0.148741029327 0.147090592343 0.193973908882 0.101409053615 0.106258245655 0.251937866218 0.22709372372 0.235017967875 0.311022215334 0.262612865719 0.525516152103 0.491769301684 
2001150362 1.0 0.175603022146 0.175225786432 0.267974778172 0.195773229084 0.329307790621 0.2003834334 0.215407083802 0.17717864161 0.178592224456 0.504846810178 0.299505503873 0.296886971771 0.346845422279 0.340646786169 0.101079404708 0.0989623239237 0.157484863608 0.14955377425 0.212125795454 0.197187745263 0.34984682423 0.3453157768 0.171253282032 0.153484324274 0.296842390801 0.26444504253 0.146333339564 0.12903108403 0.130154446676 0.139005009983 0.120106710979 0.178592224456 0.0920330918458 0.0944460879321 0.259698077742 0.236884668594 0.250885145581 0.296172870985 0.260816813626 0.48943307271 0.457193547254 
2001170304 1.0 0.172748895148 0.170239092564 0.271559606347 0.186333651162 0.356130970701 0.227266205724 0.206772006908 0.182443167386 0.160701475202 0.4915352344 0.2958343016 0.305379788004 0.348804064578 0.337515608864 0.103038486493 0.0863744475738 0.156173761889 0.145718425044 0.204679824856 0.18938850477 0.357337516125 0.363704832474 0.166833966726 0.129006800839 0.265143906677 0.242535625036 0.156173761889 0.145718425044 0.119779807545 0.122151915201 0.143735769054 0.160701475202 0.098772959665 0.098772959665 0.25010758087 0.23715191966 0.235329982919 0.283956470081 0.273664751078 0.503645248747 0.4947355568 
2001180128 1.0 0.166076425386 0.159738147647 0.289955520227 0.195235513791 0.325446302429 0.198876789995 0.201933253458 0.172486195315 0.179643017066 0.496998340407 0.312217670854 0.304556460664 0.35991870898 0.347247792004 0.102129924734 0.0963092091816 0.150834802207 0.146956047184 0.217053808116 0.21141720569 0.330727182166 0.350058748007 0.153480219601 0.148260240978 0.26727995048 0.264912266468 0.149786921345 0.136201789806 0.145038104657 0.123108723444 0.142481630573 0.179643017066 0.0953963050791 0.0953963050791 0.289169813361 0.260918385554 0.275215891964 0.316449059092 0.27502505693 0.505413466519 0.48415567779 
2001180495 1.0 0.163748558619 0.170668216246 0.248484848485 0.193939393939 0.315209784823 0.210120434223 0.225549018981 0.176487512467 0.184026987281 0.479132978813 0.287160187648 0.285428165802 0.339069108623 0.327777388679 0.105843934525 0.0940859072501 0.156405913946 0.163748558619 0.212812725649 0.211687869049 0.355101868492 0.344229619907 0.144058961503 0.139919956129 0.252589890717 0.241361306082 0.136733505123 0.129702633691 0.11907201639 0.126113042707 0.137135860594 0.184026987281 0.106017307179 0.0958265957627 0.252589890717 0.242499988167 0.258909204404 0.316372924512 0.299003548692 0.506849321868 0.482722612163 
2001181084 1.0 0.162869713082 0.164418429823 0.273276092864 0.19772982519 0.360457175251 0.192534613161 0.206425357886 0.177084068386 0.159938656169 0.476813446488 0.305006158627 0.304285168427 0.348832598921 0.351918819723 0.100349135394 0.101520891446 0.14820476984 0.15258614954 0.176797601655 0.176797601655 0.372853004128 0.366592266013 0.17439208002 0.140599389838 0.298963618341 0.252651267818 0.143807393239 0.110295235752 0.136823402221 0.112869390031 0.119839494366 0.159938656169 0.093732926559 0.0887326523558 0.25748682046 0.250029566055 0.263197908271 0.278178297028 0.304562674338 0.485104031802 0.502082306113 
2001181127 1.0 0.165455906805 0.167278832626 0.286789611805 0.165822095169 0.306289376847 0.206348885423 0.204775181725 0.172983150158 0.176340111768 0.490673221473 0.293617233248 0.287915384973 0.337026314636 0.323809212322 0.0892526367012 0.0786563260673 0.144168208357 0.139608371424 0.213192095044 0.205465160225 0.347133137694 0.359043524277 0.150749576101 0.148315790788 0.267455700176 0.262187753558 0.157312652135 0.1262222893 0.134894486331 0.122317558508 0.131093876779 0.176340111768 0.102732580113 0.099533891474 0.275865729161 0.254359482744 0.258850611945 0.323059074143 0.263495431264 0.508122460731 0.476202799602 
