Leaf
2001110012 1.0 0.173177018118 0.172432523072 0.278039089039 0.192488600104 0.320814333506 0.239120885959 0.239419600486 0.197835505662 0.211524016401 0.481251204373 0.297174449891 0.297174449891 0.332799236662 0.337236755743 0.0915242805046 0.102152487261 0.139941910627 0.13238316214 0.177739376479 0.188966027144 0.328301742946 0.323034528395 0.164020195424 0.177094807261 0.258648784608 0.289375793424 0.133672638961 0.139430238308 0.154320994713 0.133993069238 0.129434878776 0.211524016401 0.0765560370279 0.0910545206167 0.209145357462 0.198124316773 0.228857551899 0.278039089039 0.315150079014 0.475153116694 0.480299761546 
2001140352 1.0 0.166587746722 0.17179788238 0.274267803504 0.188559114909 0.320030117098 0.225391942988 0.217579308513 0.184445239465 0.187952116873 0.497143231344 0.287745284788 0.290287004149 0.333175493445 0.342453615013 0.094236260296 0.0997891930622 0.14998340261 0.146347568347 0.175278401052 0.176392469901 0.310712877765 0.309713036968 0.14998340261 0.166097060099 0.245963860436 0.281377562117 0.128911743522 0.139494383211 0.151283861073 0.141123230207 0.145676758543 0.187952116873 0.0870317234054 0.0921340718295 0.215619773615 0.200068550725 0.221888227973 0.304611031919 0.305413838455 0.489699308934 0.472875892716 
2001150003_11 1.0 0.186047230836 0.204796397824 0.272005156019 0.179668770538 0.325553251999 0.232441858793 0.234811974833 0.193801204051 0.20410490548 0.500070683034 0.301582380353 0.30492346964 0.339408200379 0.360679273277 0.0813702166541 0.103769664455 0.13600257801 0.147632909495 0.17346336262 0.197593915203 0.326348431549 0.311346835581 0.14284704421 0.165112134518 0.239038681067 0.301777642517 0.115381594489 0.141770812378 0.164826473172 0.144812921664 0.154266987678 0.20410490548 0.0825203827675 0.0849127733403 0.180388626444 0.195676645694 0.226277918748 0.225861008363 0.334372398736 0.447555934825 0.493525469713 
2001150136 1.0 0.177157780619 0.178443879395 0.267371988954 0.192469342027 0.331474977936 0.213654241509 0.222373029355 0.177721594031 0.186740697326 0.48164835356 0.297144718217 0.301110326788 0.33494915879 0.335588578701 0.0968268899634 0.0968268899634 0.148644487453 0.155413025574 0.185973791838 0.193801325685 0.312888318117 0.307172139773 0.143955434325 0.162603514155 0.258235788481 0.277445214036 0.131067886648 0.130521540432 0.140641052591 0.13869684848 0.14033586369 0.186740697326 0.100449184108 0.0982918277741 0.203583727599 0.198464881718 0.221342326104 0.295988133673 0.317918052259 0.476397322655 0.487693336662 
2001150189 1.0 0.163004965569 0.175225072889 0.293610109757 0.184738960978 0.337052157426 0.214330696855 0.228465543327 0.192563689934 0.19978732197 0.500943842275 0.275130406663 0.289967665521 0.321082545375 0.345187577795 0.0896115587389 0.100188768455 0.163004965569 0.156726069737 0.213502629251 0.21869411021 0.328535779099 0.320898596609 0.14127097016 0.165877520819 0.253459763428 0.286896971858 0.137457856298 0.115517770147 0.16623310005 0.132648611857 0.147807148798 0.19978732197 0.0928476690885 0.102519051307 0.21869411021 0.207613699634 0.231035540293 0.248281766581 0.319607990876 0.463347169955 0.476663732259 
2001150225 1.0 0.15831873805 0.170027899134 0.289392639887 0.202066633093 0.316825670753 0.220070081473 0.240269769603 0.197290380337 0.223029592003 0.487375262686 0.307468699484 0.31055503731 0.352788619223 0.36873296199 0.100663906474 0.107257575047 0.15831873805 0.151783327162 0.188483114421 0.197893716242 0.31365851627 0.317624254035 0.159163611314 0.17882744951 0.263462656094 0.295456811978 0.129765291149 0.132042048884 0.166037118561 0.144232135222 0.160561854378 0.223029592003 0.0831530749926 0.0939247779704 0.20601048105 0.19177496026 0.224428327957 0.281032960577 0.340625002991 0.480446498538 0.510492535378 
2001150230 1.0 0.165087031505 0.172122262371 0.308414894176 0.180687545655 0.345432072577 0.207871532158 0.216392181331 0.173103956239 0.187815106512 0.51117206698 0.288789251552 0.299164750806 0.335140641951 0.344613512012 0.0917397249566 0.0917397249566 0.124064506639 0.131576866347 0.173755337492 0.185925950597 0.350020979295 0.347388748539 0.143092972346 0.157738336299 0.249830489301 0.276345658061 0.141804266747 0.132005456624 0.171382301763 0.140302590819 0.143585548578 0.187815106512 0.0755309568361 0.072282833045 0.216326914497 0.223770931386 0.252081259896 0.255641277419 0.333831906095 0.468144755364 0.518577166342 
2001180457 1.0 0.169522549102 0.179668925421 0.276710632453 0.182387217854 0.320235819729 0.236766927726 0.236517392865 0.19940072409 0.202048403112 0.490842043172 0.281785728167 0.284842664771 0.322685077741 0.334486104727 0.0887321576183 0.0974035006235 0.133393682377 0.147011807209 0.202534915743 0.210913930894 0.342855361965 0.320481587854 0.144853718611 0.165646564551 0.250737044387 0.291671118851 0.132950267247 0.124541518047 0.152660576296 0.117883601825 0.159964172038 0.202048403112 0.0871655146417 0.0853398565205 0.210446789831 0.210446789831 0.244376159045 0.26803868496 0.331352537895 0.466033929046 0.490039357364 
2001181222 1.0 0.154982347613 0.154140046009 0.26819469993 0.2 0.297535305356 0.215282659011 0.223151479017 0.170195885803 0.185740661044 0.502038156739 0.279602181651 0.292070412947 0.319325978513 0.339673897124 0.0996331758577 0.103321565075 0.138102920313 0.149748908368 0.189642290999 0.199266351715 0.327378322914 0.327775747428 0.153611262131 0.170959099882 0.245579303825 0.272169955996 0.128710194144 0.133061833696 0.146674556584 0.137985034742 0.129340821114 0.185740661044 0.0855746858078 0.0816828692628 0.240693329963 0.233973703779 0.252699018877 0.287125423727 0.35098373898 0.465576626123 0.503397731256 
