Leaf
2001120174 1.0 0.178269852302 0.171479188141 0.257921327139 0.191719560705 0.310925972566 0.240353355196 0.234011465973 0.197071984593 0.197071984593 0.51157159469 0.285398248321 0.29197980304 0.324871871112 0.325671578324 0.0980469769094 0.0951195393106 0.145582622356 0.134687386756 0.17871338914 0.176484558437 0.31921782942 0.311325830766 0.17048701479 0.168552253091 0.274449130561 0.277807683931 0.133929527361 0.157450853661 0.129376560874 0.145193675302 0.138250941326 0.197071984593 0.0857395940707 0.0874375726508 0.227343658607 0.214862806893 0.238226501661 0.28352963205 0.299475527373 0.458477166193 0.464870899961 
2001140315 1.0 0.179075065518 0.179510031098 0.262563708759 0.178726330882 0.318405266079 0.23277614449 0.237288758726 0.199587808705 0.208530674646 0.486201015804 0.288328231435 0.293049960442 0.324951015047 0.327818285449 0.0900586091239 0.0900586091239 0.126625193169 0.134277263078 0.198097448546 0.190879805056 0.322832165442 0.324951015047 0.157676772625 0.162835099643 0.275039096609 0.275039096609 0.138170163808 0.133227750358 0.131459944248 0.1399646567 0.134509376065 0.208530674646 0.0883097317865 0.0799678632772 0.252880587573 0.229061213485 0.254049770389 0.288544531714 0.302272228065 0.458734844896 0.470782816228 
2001140334 1.0 0.165927987405 0.172255325867 0.261783632931 0.17626655991 0.288436188944 0.237257271414 0.229432096749 0.196981501264 0.201350646234 0.480845664944 0.274965955615 0.281882807672 0.308602297515 0.320128362272 0.0861276629336 0.0914302272114 0.128638209227 0.132247120946 0.171008588184 0.179554052118 0.304132263442 0.293826154119 0.162189019894 0.176912818943 0.257774962955 0.289078421555 0.128416227682 0.139286955312 0.142526619883 0.13396190401 0.144316975591 0.201350646234 0.0788649869246 0.0861276629336 0.22459346694 0.220037605397 0.253365365745 0.265624449316 0.325168671253 0.430837024967 0.464579941572 
2001150332 1.0 0.162503866731 0.150957622376 0.254977263351 0.185608195252 0.301248519069 0.222705759306 0.215361781779 0.19408132399 0.186688368456 0.487511600192 0.243411852133 0.249932966884 0.27103218451 0.292213517734 0.081868265333 0.104201290046 0.141326538019 0.147362877599 0.208723941238 0.202199699551 0.310668223847 0.311745066673 0.170945956686 0.176349640517 0.280032552685 0.28027179455 0.132008611304 0.124698026669 0.135516092255 0.12944509327 0.147362877599 0.186688368456 0.0989218013797 0.109837803891 0.23443503476 0.219980501208 0.254187450622 0.27520404324 0.312603870137 0.426972633815 0.437669921043 
2001180002 1.0 0.169665331716 0.16996731712 0.25727035233 0.169665331716 0.327434993875 0.223797833067 0.230124455365 0.187197048702 0.203390071949 0.485622342803 0.265445923799 0.274064063881 0.306343196181 0.31121487891 0.0894427191 0.0826898230595 0.137995416745 0.137000842221 0.185822265969 0.183041726129 0.337410956915 0.343038210226 0.138982874183 0.163821875333 0.253859103529 0.290357869374 0.123896841568 0.108761481367 0.146176336551 0.104595272074 0.144766242464 0.203390071949 0.0942809041582 0.0915208630645 0.245924038025 0.233955215234 0.262792368724 0.255403150393 0.313404247294 0.449272916885 0.479672252778 
2001180118 1.0 0.150607891429 0.16136347611 0.253872379631 0.186518482994 0.27982569324 0.225718667517 0.23199389812 0.18398266997 0.192258851629 0.487130706411 0.276981323434 0.276350661927 0.317739377607 0.315662765896 0.0945456366304 0.0945456366304 0.124561346134 0.132091858949 0.163839786661 0.155863226909 0.31056176224 0.31051854162 0.157320324781 0.165551166359 0.241517851683 0.258690519546 0.126060848841 0.1510528197 0.131174189227 0.152995133271 0.157576061051 0.192258851629 0.0747224393619 0.0649186081477 0.245650429184 0.233148103743 0.255138057836 0.293314404005 0.319214400884 0.465979479036 0.469165749692 
2001180139 1.0 0.170811347119 0.167460841149 0.279359113328 0.193813184286 0.336513226363 0.216315801893 0.234143874927 0.187701943753 0.192556004418 0.509041975715 0.277906377983 0.280919629463 0.325756089565 0.334001898532 0.0982341415654 0.10083682118 0.140891424316 0.141350355252 0.174561768856 0.175763426143 0.334728253646 0.328330493836 0.158520408544 0.178596291875 0.274624365535 0.285039241039 0.149370189946 0.133333873038 0.139505573342 0.133212384291 0.112954212797 0.192556004418 0.0814762914143 0.085358265466 0.250448902371 0.240690801207 0.262012645876 0.262753144703 0.294702424696 0.443790018644 0.450740497279 
2001180469 1.0 0.156409205579 0.165284711097 0.268260919076 0.17097752761 0.302107497438 0.23950675551 0.23739772157 0.194836162963 0.204504606939 0.490690729521 0.263563320831 0.259781550617 0.296196539908 0.298922499627 0.0861974421119 0.085630968667 0.143762743957 0.145891018748 0.184046213389 0.187365776666 0.338953092511 0.33640688483 0.173520434052 0.18200759385 0.257901321678 0.281423608225 0.135394449617 0.14010522264 0.146002173826 0.140682978586 0.137179948047 0.204504606939 0.104721290966 0.10093492422 0.247304668324 0.244931754155 0.267776693195 0.292004347653 0.331598396426 0.483094026481 0.476364568071 
2001181068 1.0 0.172952488495 0.166699113035 0.238287160797 0.19048482944 0.309444020734 0.234694686367 0.237766638994 0.19777873723 0.200710268409 0.482076349757 0.274269760876 0.26938622922 0.321781740105 0.319573949092 0.0940737518753 0.10390785517 0.126493345247 0.139407016534 0.181247676894 0.17325923273 0.335303979309 0.330036679335 0.169332753375 0.17325923273 0.27063172518 0.267738591567 0.122657165898 0.146344413342 0.126072867589 0.143905168959 0.144028112312 0.200710268409 0.0716444349499 0.064356348021 0.239841948264 0.232116378959 0.251020078954 0.289527159591 0.328585489121 0.450180009701 0.468521285666 
2001181400 1.0 0.161984140246 0.172104551813 0.250382723985 0.20212654539 0.309512940173 0.229003282583 0.240993143485 0.177047322022 0.191386380189 0.517165630633 0.278928066732 0.271246147588 0.319038636207 0.315932483725 0.103644026922 0.101584668792 0.152000941667 0.151071263578 0.187669786004 0.195753171248 0.326620918261 0.322715645651 0.157687297195 0.164144024146 0.247339949627 0.262335242625 0.126868106711 0.143539785142 0.133364440659 0.143662416335 0.142678415602 0.191386380189 0.0905883437252 0.0928918048152 0.251855369986 0.231755089659 0.265736705972 0.293149577063 0.329038177012 0.471234310922 0.475104883623 
