Leaf
2001120161 1.0 0.174751361579 0.172198980632 0.264242751751 0.191948492577 0.388552136329 0.245665496751 0.23648211154 0.19827513286 0.194999888188 0.482207233369 0.29599953583 0.304886629261 0.328036087591 0.333632854384 0.0989682451 0.0932442247118 0.155407041186 0.150583640252 0.195480945912 0.185695338177 0.320421699867 0.331696864029 0.166816427192 0.167378505796 0.268823736916 0.269222733406 0.138225902447 0.134386910354 0.13448671498 0.136860193134 0.143278212519 0.194999888188 0.111224356024 0.106793274296 0.203088985882 0.187134858466 0.197257460788 0.275722828136 0.261947827688 0.480534833302 0.483735187527 
2001140467 1.0 0.191452769888 0.190912050878 0.266355865389 0.212023055766 0.364287251064 0.232170586048 0.227609590668 0.185736468839 0.185736468839 0.516411125101 0.299698088722 0.300681998423 0.346161103853 0.343247815037 0.110846613277 0.10453858691 0.162132756551 0.161585317431 0.189825992204 0.194817213409 0.309014327156 0.309825702954 0.144403631048 0.142654466585 0.264966124792 0.262502311884 0.13759567339 0.143480259107 0.133233365759 0.139196297292 0.146837571522 0.185736468839 0.0979754898997 0.099767873067 0.206590186061 0.17942750254 0.195950979799 0.287628765736 0.275030306283 0.48074849833 0.481607855371 
2001140477 1.0 0.185684039289 0.185684039289 0.254756400173 0.197436210134 0.382187670825 0.219149741815 0.22080929238 0.169226145551 0.177417302885 0.503184198284 0.28773097311 0.288364664997 0.331183320225 0.331183320225 0.103678343353 0.0974255891772 0.158200442588 0.154174986885 0.188071658601 0.185684039289 0.332466862864 0.330324854333 0.143123451589 0.153911664768 0.262055688339 0.276296206197 0.13129844334 0.127378200087 0.13129844334 0.125614540147 0.135404884028 0.177417302885 0.102695588061 0.102695588061 0.206670884305 0.191173419161 0.21399916713 0.261823403742 0.273937177269 0.463882304774 0.468450540847 
2001150034 1.0 0.179117062319 0.172984087622 0.299977376574 0.222167372851 0.394386198846 0.207966936775 0.211132072933 0.161930907963 0.163353461566 0.53878450822 0.285919137534 0.280417559895 0.335327409953 0.330368934335 0.112326426371 0.112326426371 0.164950858697 0.157292303393 0.18134220431 0.188842266924 0.331254831029 0.336612897618 0.131670488238 0.134222929 0.256817218872 0.250985225493 0.151599728854 0.129663738546 0.152512682948 0.133531647516 0.14579072616 0.163353461566 0.0944211334619 0.104796140182 0.209076496154 0.183624391294 0.200258963638 0.273511857927 0.233540076697 0.480172003568 0.457268274028 
2001150135 1.0 0.177983043454 0.168398344677 0.258751912496 0.212032565484 0.38884003057 0.212032565484 0.210395223872 0.163818050214 0.168398344677 0.470605017887 0.307826619759 0.294271399195 0.347510562561 0.338639920026 0.106504464676 0.108435216394 0.166332029064 0.15997302304 0.168398344677 0.17642175852 0.343506851027 0.342902262378 0.126674699359 0.147370553218 0.242468515012 0.253349398718 0.13149701492 0.125025934507 0.13149701492 0.12109154497 0.141626619398 0.168398344677 0.0895725389216 0.101175823398 0.212032565484 0.188550396186 0.20940667389 0.284228295858 0.268460101021 0.507925837893 0.496355510057 
2001150272 1.0 0.183016484217 0.173291748303 0.268892306143 0.193447764066 0.355304976382 0.232495277488 0.230749979947 0.19043906182 0.193746064573 0.505570722651 0.303973835058 0.313329057342 0.35138244616 0.357250091151 0.0990833478316 0.0990833478316 0.159767097756 0.146176336551 0.177896126003 0.164047331315 0.324910919433 0.337294550456 0.132934260714 0.149689753848 0.245307073228 0.254776499919 0.132934260714 0.136788225776 0.141356004406 0.146176336551 0.144587416138 0.193746064573 0.0918232455945 0.101387919791 0.214941960073 0.193447764066 0.208670897692 0.28937446974 0.273998312176 0.479301293269 0.490143081396 
2001150288 1.0 0.180616537868 0.168020432527 0.280257991916 0.213120450036 0.403870856534 0.225423065244 0.2268102972 0.195623380251 0.195623380251 0.504558890296 0.292095788761 0.294661833268 0.336973019036 0.340676130433 0.103271456494 0.11257229658 0.168020432527 0.16652022006 0.192715521614 0.185415535901 0.347964145314 0.342878800774 0.155614296531 0.156016921516 0.280928733981 0.267194166684 0.147330916634 0.130629207922 0.138553198114 0.136730050281 0.159201268571 0.195623380251 0.115325081962 0.110320623184 0.224027243369 0.201935428267 0.220925394903 0.266253339232 0.237352608957 0.484774456346 0.459665472163 
2001150302 1.0 0.180097487678 0.180714144377 0.288425245728 0.228717064675 0.35305483034 0.224847153138 0.23374206358 0.171447700387 0.19030909735 0.532596318117 0.315170603437 0.31918468446 0.369545205405 0.370246969325 0.117029572716 0.117029572716 0.17259740447 0.17259740447 0.152523073697 0.166769642683 0.318564456165 0.311660491644 0.135256017827 0.149577071675 0.244595475935 0.260170144956 0.146318649171 0.147664136326 0.145556347115 0.149163303049 0.14783146118 0.19030909735 0.10006178561 0.10006178561 0.186172162703 0.174307742577 0.201906855368 0.28493271168 0.277236940873 0.494668734593 0.490251064562 
2001180249 1.0 0.189545393988 0.182448402709 0.287978451648 0.227398954846 0.348567183949 0.222809714695 0.23127784125 0.184481752453 0.191653191525 0.538358727407 0.281936273726 0.297004481574 0.335478633719 0.342337076597 0.115886807127 0.114642014776 0.161062815344 0.166149334844 0.184481752453 0.184481752453 0.330045771376 0.323636505504 0.143739893644 0.146312181181 0.267843477722 0.264284296099 0.148840020488 0.139278608416 0.147094604841 0.139690067535 0.144734645262 0.191653191525 0.103041443248 0.101639453523 0.218518259119 0.197115330777 0.222809714695 0.273147823899 0.273147823899 0.46755376134 0.466816681909 
2001180264 1.0 0.171279817431 0.182146490156 0.261387417987 0.221631546035 0.375117646007 0.215952468787 0.218256621619 0.165433011608 0.165433011608 0.522774835973 0.306983953937 0.308085856981 0.35577714394 0.35880316716 0.111613801987 0.115869975483 0.148685814243 0.149119301502 0.162778045042 0.16514012319 0.333295678579 0.348814817154 0.140310175312 0.143719016558 0.248993455421 0.259342150093 0.131155906743 0.143381779449 0.131769648545 0.146609247395 0.130786279216 0.165433011608 0.0772698579684 0.0807420802574 0.223877257226 0.205224641457 0.223588755486 0.257656673566 0.247498376123 0.446346761678 0.458227637066 
