Leaf
2001120022 1.0 0.167808684402 0.163006057048 0.266975569365 0.204185642723 0.351016555995 0.200325708597 0.199297511687 0.167236375407 0.169109546385 0.476391640025 0.280534118925 0.278180767717 0.323015499264 0.316850841416 0.105198260306 0.100674327519 0.155612330815 0.156139533898 0.202163285424 0.192444817919 0.349883169957 0.339391432829 0.135776749482 0.155348058339 0.255171676 0.271603931409 0.134560813804 0.112008405348 0.138572446416 0.117031528562 0.155612330815 0.169109546385 0.100674327519 0.0960799626802 0.229811305597 0.215159847392 0.238698419137 0.284749998719 0.308484098539 0.492339831655 0.478113543133 
2001120141 1.0 0.172190358332 0.160288744546 0.266034676013 0.181071492085 0.292597574957 0.216412498947 0.224300936509 0.178714712765 0.180524328976 0.483913058826 0.278289209484 0.281520542261 0.321853380662 0.320973998197 0.0928476690885 0.0910028295176 0.144622859958 0.143050825662 0.174877814084 0.173172440583 0.294858906961 0.303782448711 0.159315948697 0.159935685208 0.266300153253 0.255299954376 0.140760271131 0.135855641138 0.132911051663 0.13130643286 0.127815936058 0.180524328976 0.0857250524881 0.0908474018559 0.207613699634 0.186757763984 0.19613276384 0.326171411549 0.307665400832 0.470287308598 0.469926566554 
2001140121 1.0 0.163439324199 0.163439324199 0.247571218831 0.183166072383 0.277268522553 0.227935116537 0.223866941068 0.18641524429 0.181553427004 0.504944307651 0.245782960294 0.248756249387 0.285670520218 0.281479104837 0.0945779161991 0.0896561799822 0.129565267091 0.126017486139 0.1885069254 0.184963492856 0.307764170206 0.316595664225 0.148347925406 0.154973109359 0.261577880141 0.268329983923 0.128520751746 0.115462979117 0.127275273408 0.121764585925 0.149663675561 0.181553427004 0.0798233560161 0.0798233560161 0.283388047892 0.262419720658 0.276958996955 0.326766170795 0.287125194547 0.426800947909 0.414005511626 
2001140201 1.0 0.173859393519 0.1739702379 0.261084602091 0.167765076431 0.285895987035 0.232495277488 0.22499480573 0.197333498668 0.204246093778 0.49709027274 0.248525745292 0.251149188166 0.281136387179 0.280587292149 0.0869296967597 0.0809588983142 0.132010764573 0.132884053685 0.210840861766 0.210108137181 0.313798292035 0.324905341202 0.151205460671 0.15005364606 0.265259876677 0.269585051107 0.131571946413 0.124185281085 0.140087382332 0.129206415171 0.149280832444 0.204246093778 0.10031373079 0.0945766923834 0.255486883111 0.235952034062 0.247281553521 0.305833832648 0.305266012768 0.452765637862 0.443994944756 
2001180116 1.0 0.166796240167 0.16124157186 0.253327703891 0.159996444563 0.313397282988 0.209226748255 0.218373005376 0.183420143938 0.173072887122 0.473369760151 0.273327259462 0.2687359531 0.313042560426 0.302060241204 0.081101698164 0.081101698164 0.124004412629 0.132326614383 0.187849196335 0.17332948161 0.303235005934 0.298508208921 0.152312077442 0.145598962289 0.262968595296 0.233232892898 0.142513888569 0.138721264317 0.116425740767 0.134986711871 0.155631441961 0.173072887122 0.0894407315503 0.0866647408049 0.24156357774 0.219995111274 0.235697022742 0.323377689526 0.29287192696 0.474775951268 0.443210688012 
2001181170 1.0 0.154268455491 0.154543036169 0.271190662364 0.175523121863 0.281821580175 0.190355354818 0.195193805794 0.154817129856 0.169876755113 0.478952125474 0.2710864184 0.269203124454 0.311499954405 0.309314601812 0.0910028295176 0.0865454066101 0.127815936058 0.128036879933 0.171614881665 0.174877814084 0.316227766017 0.318631897395 0.140358098105 0.156992652844 0.245306421132 0.261804409622 0.13668530162 0.121233531864 0.140760271131 0.128587578732 0.137201291758 0.169876755113 0.0784963264219 0.0784963264219 0.245306421132 0.22860700886 0.243455898365 0.317209426464 0.300978243018 0.47373048941 0.464238345443 
2001181173 1.0 0.165215397669 0.170937372523 0.255342042633 0.164958386265 0.308517211695 0.219865908534 0.210936251838 0.181919726429 0.168184846579 0.48932831235 0.259735346354 0.258808009384 0.306862459056 0.307276982642 0.0877144845068 0.0840924232894 0.136219343553 0.137253673845 0.183699123961 0.185766234808 0.281879007051 0.292080478872 0.148155481411 0.13828026761 0.252669396426 0.249741755568 0.126418632249 0.126865342588 0.135594958248 0.128746571118 0.150617018893 0.168184846579 0.0857577814596 0.0785262955378 0.212738873246 0.18622247676 0.209590981406 0.300576012889 0.287836953379 0.432892243923 0.436244389693 
2001181230 1.0 0.151983492959 0.151568236738 0.264079774881 0.208386242087 0.320764300128 0.207096851685 0.200996477654 0.167470932086 0.166243330467 0.494510246433 0.235839632264 0.246617044416 0.284584338422 0.297522835079 0.104871419772 0.107248411 0.143779296338 0.151672157379 0.181382207636 0.179724120423 0.316362268495 0.311392524408 0.130569898555 0.13307993863 0.233489570183 0.243725018153 0.131051707936 0.120137107987 0.138873744347 0.111427540616 0.128010650929 0.166243330467 0.0887594164867 0.081735808828 0.229129988165 0.224615695428 0.236106721401 0.274150237103 0.321206090635 0.42869971204 0.462674156029 
2001181388 1.0 0.161447698891 0.158588545606 0.256930091456 0.158835632557 0.302365402454 0.196704881631 0.193285998262 0.157844964062 0.153818499274 0.467562166011 0.267645263227 0.259209456779 0.301022223573 0.295544252573 0.0782153888875 0.0819692274477 0.112604345219 0.115921993154 0.160473156593 0.160473156593 0.290548275943 0.286516148355 0.137674428875 0.135858442284 0.245960834334 0.2385139176 0.128235893744 0.12121390373 0.132743794705 0.123139752691 0.130158274691 0.153818499274 0.073742175834 0.0732084498141 0.207632153365 0.189460879436 0.2086996779 0.304819672396 0.301369423485 0.46032100195 0.45264653858 
