Leaf
2001140412 1.0 0.192212502963 0.192212502963 0.273255813953 0.238442984354 0.430860635201 0.243492925481 0.243492925481 0.200476042437 0.200476042437 0.540697674419 0.279614294335 0.285417156015 0.338260190879 0.335903647108 0.125506006657 0.118581849153 0.160806007976 0.177206402955 0.214486822624 0.211631101433 0.399981408438 0.380580880211 0.170993501975 0.179103741869 0.287188117098 0.283873386412 0.149476280607 0.158156633823 0.132578537802 0.164546182536 0.156437488919 0.200476042437 0.102859337285 0.0937471831198 0.284170916508 0.261627906977 0.286304005866 0.235590692899 0.251885802586 0.484933910737 0.495790828031 
2001140516 1.0 0.202272569641 0.198002987716 0.283008600528 0.232378122633 0.409090909091 0.228671341872 0.239938858994 0.205649222944 0.20164105836 0.520594144649 0.288984232342 0.294015749047 0.33440293651 0.34358285559 0.117145590957 0.117905227575 0.175318736947 0.179132806575 0.205649222944 0.212361576178 0.387179767854 0.395103176073 0.153605114401 0.15159930323 0.300536879734 0.294492519942 0.143739893644 0.112139410662 0.150671049396 0.119196199204 0.129356045201 0.20164105836 0.112932726136 0.112932726136 0.273754146119 0.257625267573 0.26653080408 0.24916962391 0.240098269172 0.493013115907 0.490835302265 
2001140533 1.0 0.191904659761 0.198961983527 0.287358751294 0.227521732709 0.431110843557 0.25764793889 0.246273363575 0.217869733441 0.216963483694 0.526744092895 0.308114331862 0.305780098759 0.356014656272 0.346788457138 0.1203038831 0.109222240149 0.173574914826 0.170135383086 0.22490872899 0.224988356796 0.383248877287 0.365449115219 0.17450120319 0.192742878717 0.297706838367 0.318631630457 0.157108099058 0.14125914085 0.14389737851 0.142269952604 0.14389737851 0.216963483694 0.109876271384 0.112931204929 0.273498034797 0.258480854658 0.282328012322 0.216302008118 0.25009849747 0.470258984195 0.486104102573 
2001150160 1.0 0.164963194797 0.159853726605 0.282712288635 0.236600885301 0.427116930708 0.227924155022 0.241286506217 0.202526195472 0.21434341137 0.515819296742 0.26580692106 0.26176228568 0.316102783033 0.304038500695 0.123289134753 0.114768287201 0.155170798856 0.148845221269 0.197521523817 0.196451663416 0.414248338543 0.422403429832 0.167183953128 0.176758066634 0.277350098113 0.276398636996 0.152602985662 0.141960531181 0.143161650474 0.137721944641 0.124246941305 0.21434341137 0.0883044832966 0.0871030057709 0.314766543358 0.298088395034 0.315142933434 0.251549465961 0.24470149123 0.471863779883 0.487596414502 
2001150316 1.0 0.195171790077 0.183602175846 0.272944256828 0.234047769344 0.456058343721 0.223361687143 0.21607409882 0.1808271722 0.168774246655 0.519467631905 0.286795766879 0.2859128635 0.330993529649 0.337548493311 0.11756275422 0.119693974637 0.148024806482 0.156331619505 0.187238215475 0.174663481794 0.418073080079 0.429997706946 0.151957839212 0.145150264759 0.278748981053 0.267643863786 0.13239741186 0.140428661606 0.143397883439 0.140428661606 0.13800729626 0.168774246655 0.0831294207241 0.0918010879228 0.261270476566 0.247011464805 0.270151121007 0.247011464805 0.247011464805 0.496065762293 0.478775898549 
2001180073 1.0 0.173503818426 0.179560290046 0.254331011245 0.231210010223 0.450859519935 0.211670838652 0.218123087399 0.175514136643 0.184696860207 0.491457258793 0.272224627673 0.271733247078 0.323384209793 0.318805823908 0.117894435386 0.117894435386 0.147368044233 0.156173761889 0.180580790741 0.173407507667 0.412022790413 0.405648392218 0.155100389981 0.150286506645 0.276788899503 0.268952503952 0.137394980093 0.121934512721 0.126242571144 0.121934512721 0.147368044233 0.184696860207 0.094095656911 0.0821527917325 0.240905408762 0.231498842328 0.256684767428 0.239793317843 0.245371453141 0.504076267438 0.496597174538 
2001180148 1.0 0.161262960362 0.173867838923 0.241894440543 0.212866239471 0.443277751727 0.237488481515 0.233847522699 0.192684943734 0.194390153466 0.477368063425 0.281551613701 0.288155449799 0.325429094542 0.345641439003 0.111542967519 0.108999064277 0.147137522452 0.14223345399 0.156274234119 0.17584957164 0.444578724824 0.449598202045 0.150354629581 0.156274234119 0.225220777316 0.252246433262 0.116322425055 0.14269675637 0.134112658149 0.15296590373 0.148254755825 0.194390153466 0.0781371170597 0.0854019242391 0.258194629145 0.259533259821 0.267979125042 0.208796362341 0.275808079462 0.509083847855 0.515909713913 
2001180281 1.0 0.17637341587 0.183661451574 0.276227471116 0.235034016291 0.428977323393 0.224900045315 0.236498416853 0.189672596769 0.202950886384 0.506176462552 0.282591143622 0.28887439957 0.3233853691 0.331191618875 0.118103131523 0.118103131523 0.153785722146 0.162517992163 0.197082014044 0.200555092132 0.392804005683 0.388028633139 0.15060986366 0.170804412171 0.266040442259 0.289053620598 0.135654540649 0.125748690045 0.151067645456 0.137047204264 0.137675576217 0.202950886384 0.104616542233 0.0896909638481 0.244395824749 0.23036031533 0.259736515701 0.227039088456 0.285931221528 0.470398433051 0.498582440186 
2001180305 1.0 0.181341391136 0.180592043339 0.269413534506 0.215747784428 0.448674277907 0.195726800858 0.218247480106 0.171936989541 0.165609534602 0.519804741401 0.262078139134 0.248942571637 0.31143685481 0.305557567395 0.108773671904 0.111998430822 0.170053506493 0.164891496694 0.214802899079 0.219718219259 0.393612766476 0.414668168297 0.15283424886 0.134423339492 0.296491559415 0.258627450434 0.142740860951 0.096379874691 0.140707581846 0.11184697919 0.12378849797 0.165609534602 0.10496699307 0.109859109629 0.24757699594 0.222478221343 0.24489222234 0.255992359278 0.210900686508 0.485648528956 0.473632661197 
2001180342 1.0 0.16298006013 0.16298006013 0.26875 0.2188392675 0.43754464058 0.229469496884 0.239220740113 0.194052183703 0.190086329072 0.5125 0.264353574782 0.269403275778 0.327036886299 0.319239819728 0.116759635577 0.109151557479 0.146442181423 0.13764197216 0.181680523172 0.160078105936 0.426651204147 0.425597007156 0.165004734781 0.164055059355 0.269040540625 0.256554696897 0.154616460961 0.138772520695 0.124530367782 0.137215615001 0.159099025767 0.190086329072 0.0800390529679 0.0800390529679 0.271353666826 0.25 0.257390753525 0.243830115039 0.2125 0.481736766814 0.45625 
2001180380 1.0 0.169705627485 0.168783307463 0.293673121751 0.212488163228 0.412487989478 0.240324983223 0.237876787127 0.20165171617 0.206054693189 0.524892555788 0.26503566258 0.265991013969 0.321277936054 0.318594474253 0.109098299824 0.107839085181 0.137006319954 0.142452388281 0.1993159032 0.198432884765 0.391370325532 0.400243828124 0.174019903543 0.169935425325 0.272154905675 0.268691499589 0.147035751418 0.154288295242 0.154541019892 0.16 0.142452388281 0.206054693189 0.0795106987739 0.0762537484085 0.272154905675 0.250190171572 0.271221266883 0.258853004713 0.238122739411 0.478371220278 0.464001682083 
