Leaf
2001130085 1.0 0.176236267436 0.178684546601 0.274424100548 0.198474643088 0.335668336354 0.212410711208 0.184089283047 0.15375228941 0.168082897506 0.472401270799 0.301873891472 0.307721870977 0.350475686855 0.356901189506 0.100907163733 0.103091554617 0.146859341974 0.147464950077 0.159722699856 0.1651408852 0.337785721191 0.337752739136 0.15375228941 0.17407377735 0.253534350102 0.303015752743 0.125951660114 0.14010442546 0.151342344196 0.128404356632 0.112595240397 0.168082897506 0.0825704426001 0.0812100456894 0.209080437805 0.208546932374 0.231484245916 0.267392214395 0.34460970484 0.474706713731 0.53305261614 
2001120070 1.0 0.165989684723 0.166448094004 0.270572332994 0.209787922113 0.331428060951 0.232920056059 0.230089496654 0.192830976327 0.188838184165 0.507937604013 0.317766128473 0.320630664728 0.365537685405 0.356162279928 0.111649951515 0.100743956206 0.171942307967 0.157896875671 0.19565533953 0.188676714974 0.371164218604 0.361007091461 0.155465303301 0.16236968141 0.251117587337 0.255747704083 0.147311577976 0.152695979568 0.129942664307 0.148650333569 0.144491457063 0.188838184165 0.103725189636 0.103725189636 0.25449329928 0.248984527084 0.255747704083 0.316179571584 0.292181987687 0.527020574329 0.502508186295 
2001120081 1.0 0.179201700143 0.169679666013 0.275497009676 0.180864089175 0.346213122473 0.205569941839 0.197627565374 0.171696080008 0.157893686717 0.497472136227 0.308742902736 0.289688509534 0.356645484419 0.335188722905 0.0917055087669 0.0944387862291 0.144430413193 0.139475826294 0.17299847096 0.176763468161 0.347421247708 0.338387839426 0.140118082153 0.128065616318 0.272053503323 0.247696115142 0.148113366073 0.115404374158 0.133220055832 0.112249215016 0.155506284539 0.157893686717 0.0788994420672 0.0941213440326 0.246181139982 0.225363296057 0.232423944706 0.313170240153 0.260073728694 0.505025177069 0.473523076936 
2001120099 1.0 0.184042781492 0.175750903105 0.265548321935 0.215844197175 0.333915435163 0.201324567515 0.18648269508 0.153805002471 0.126735778571 0.496400981492 0.318818712223 0.319762523382 0.367471028253 0.36845379184 0.111154630929 0.110338306802 0.161452095591 0.159574681808 0.15729220883 0.16910978557 0.329417899275 0.316351625589 0.132887594701 0.109378228703 0.262695947897 0.230821767874 0.13767686092 0.127683348987 0.128154506857 0.124456387857 0.13635724394 0.126735778571 0.0944455474186 0.0938052312396 0.214373231428 0.198308298596 0.204296308527 0.330559415965 0.305052282222 0.539456894999 0.50922658659 
2001120112 1.0 0.184520417539 0.165428256648 0.290237028544 0.19155565755 0.362021985087 0.215021935221 0.209162610924 0.175767522689 0.163232748698 0.524685917875 0.313648072817 0.304262659021 0.356404863528 0.337613055481 0.0994398766026 0.0931968846494 0.163478150112 0.158244822707 0.196853760614 0.185315300636 0.354638332368 0.345786237861 0.135696712317 0.125888790603 0.277094258847 0.238532492013 0.165751043798 0.121128373863 0.127889657929 0.120686298031 0.142610677491 0.163232748698 0.108685310228 0.113378903577 0.246629966273 0.22769871496 0.233550723519 0.297691870985 0.247765145815 0.513071427588 0.471543082119 
2001120117 1.0 0.192245707871 0.174606680761 0.283932975227 0.177656175552 0.31961470999 0.218814274993 0.22395539335 0.190642519011 0.187940149572 0.502309363245 0.320254259824 0.314207379861 0.358215834478 0.343936761309 0.0960895876762 0.0823276399439 0.150365728031 0.147445727194 0.200069045323 0.190642519011 0.339445555397 0.33535204703 0.151551729611 0.15381319565 0.289508253599 0.264968290164 0.161914096793 0.132363430574 0.128041791991 0.128937548056 0.146663054874 0.187940149572 0.102403466231 0.106324625949 0.251548989183 0.222753016451 0.221659531663 0.345161597984 0.281989598957 0.519530080385 0.490040978513 
2001120121 1.0 0.193942571664 0.183185826362 0.262154214566 0.185692568651 0.327692768208 0.212720035662 0.241422579812 0.176129570636 0.161739241995 0.513414386814 0.3353407118 0.3353407118 0.378426429134 0.378426429134 0.0953818027315 0.0953818027315 0.139883833769 0.14695517688 0.183185826362 0.17451327862 0.32255504938 0.333467534506 0.139242651629 0.131531448705 0.267838588186 0.214951913531 0.142942341697 0.13653865342 0.121266003887 0.158384837967 0.13221003334 0.161739241995 0.0833668836266 0.0831877923701 0.20761060321 0.191232120959 0.196918846395 0.314501606122 0.306285143474 0.498917545668 0.525473402556 
2001120135 1.0 0.188703782896 0.172394047782 0.254097192737 0.189136755816 0.347819344536 0.223069632795 0.21204075689 0.192636278925 0.177306097709 0.467039928834 0.339448398729 0.323659007651 0.373704910931 0.352684731446 0.0962827478981 0.0939899726171 0.14108162329 0.133126862349 0.186961864544 0.183651241171 0.355226775074 0.340531043586 0.167174853261 0.157084490437 0.299097052456 0.265279090704 0.146579125628 0.12715585565 0.116759982208 0.117342329872 0.14108162329 0.177306097709 0.0797052592086 0.0887683074717 0.248070314653 0.221536490004 0.231231935711 0.341809737758 0.270822758895 0.526171835133 0.480506694428 
2001120145 1.0 0.181761606407 0.179805175756 0.271474770799 0.194571188898 0.327745349024 0.224340814074 0.217220828329 0.185542024786 0.173199786521 0.49744559585 0.323480897444 0.321449727684 0.373932497719 0.373687192648 0.101985836512 0.100563009406 0.156010010488 0.145495743929 0.18154526639 0.186317028073 0.352546939791 0.352992543853 0.153384959989 0.14258553506 0.268173452652 0.258675356036 0.139708472853 0.137820433731 0.136579212994 0.13109813961 0.154745385383 0.173199786521 0.0851891909217 0.0922754750168 0.251277226786 0.235674470233 0.249603421467 0.30445528922 0.29656526257 0.522490584317 0.51320685693 
2001120159 1.0 0.179515311891 0.179236055338 0.265887714095 0.191050387226 0.324437424904 0.210113312145 0.218450959041 0.181366034132 0.185011947194 0.508665926923 0.324900282684 0.332620153185 0.372811138423 0.375622153239 0.096870379524 0.0997575956647 0.152564760056 0.147331129931 0.207152130916 0.208837954006 0.336215071623 0.338195737191 0.155599015415 0.15783643207 0.286968598963 0.28545177932 0.141669081203 0.118992823462 0.131776968691 0.126870707113 0.151245731612 0.185011947194 0.0882095896608 0.0931803881656 0.242778484535 0.214517363202 0.232950970414 0.325465103831 0.280078227748 0.492047290393 0.488334444109 
2001120177 1.0 0.18861292986 0.18343847639 0.276030901474 0.203147681447 0.302062684736 0.225298067211 0.224151811742 0.177961462108 0.184690630697 0.515618323923 0.335248475209 0.335248475209 0.376146115515 0.379090131168 0.105309171927 0.101105601888 0.147465941507 0.140111514311 0.175661131079 0.182846260232 0.340066664384 0.349309824624 0.151367590671 0.154558358991 0.279690330773 0.287199810271 0.137868024541 0.128608437328 0.14212899338 0.123444771917 0.144024130299 0.184690630697 0.0794845105581 0.0823331152423 0.247383268557 0.229176115627 0.237713256237 0.314551293542 0.29881363398 0.510730836141 0.512426916645 
2001130002 1.0 0.185479234749 0.182484754438 0.282053821942 0.19298419396 0.30715432702 0.229230283812 0.232623330953 0.173755544448 0.175508216851 0.51966707492 0.305876176032 0.304431841842 0.35424527656 0.348285291774 0.100926171366 0.0960788526959 0.150497054354 0.140657473941 0.164489534779 0.159347961304 0.291068483179 0.287896556131 0.13969674726 0.13969674726 0.257312258614 0.249043223024 0.139959417652 0.137577331117 0.144859687592 0.140657473941 0.157493217677 0.175508216851 0.0864185654955 0.0908389454247 0.20378398811 0.19355431099 0.21179703107 0.303182596106 0.314247075229 0.483316164825 0.477710832585 
2001130014 1.0 0.182922079557 0.164416269203 0.269049417362 0.175719553857 0.335434262613 0.2156995522 0.210555559672 0.183822977272 0.167672353004 0.50065286425 0.309298812743 0.306371628787 0.347052934499 0.338376333743 0.0892167649811 0.0878597769283 0.147568117772 0.151584310342 0.199268780135 0.194230914208 0.340764590021 0.325343013099 0.158083010435 0.138647972018 0.288028439676 0.246319741052 0.148380053021 0.134803516666 0.123646670331 0.129345442884 0.151187492095 0.167672353004 0.103406665431 0.0988018815219 0.255477935369 0.230769230769 0.240207861608 0.320740515243 0.275829765058 0.50065286425 0.470210089225 
2001130045 1.0 0.175446525543 0.167254645603 0.276794565442 0.196383428452 0.334925680634 0.215340031159 0.214274099569 0.165097976854 0.165097976854 0.508856358346 0.307367635115 0.309465732066 0.355291368031 0.353042665895 0.104168948042 0.0963236621216 0.167492561293 0.154700693693 0.176521332948 0.173621284476 0.326832239981 0.331549899695 0.157759322964 0.147789418751 0.275496745795 0.257800166473 0.141807994195 0.123979156552 0.140113017029 0.126286313398 0.143690946491 0.165097976854 0.103785972672 0.104073336321 0.220457012082 0.196383428452 0.209148645224 0.311709428067 0.295578837501 0.509169284109 0.507838017939 
2001130047 1.0 0.173569235652 0.170517976121 0.264837896964 0.194487896073 0.329820014247 0.227905365597 0.22507253344 0.171626077604 0.170774330025 0.513488621981 0.306300792631 0.308577447998 0.352681036077 0.348396375431 0.103877969582 0.0943132063799 0.177144929513 0.169488683158 0.17951623418 0.183612188582 0.316462850499 0.304342663494 0.143491092015 0.147401100701 0.251276306956 0.256730111709 0.132391415693 0.135008962192 0.135977552259 0.130617246183 0.143795636593 0.170774330025 0.11443154476 0.113536035397 0.229435804946 0.217091724443 0.232278201349 0.309332609599 0.304390572611 0.489321353961 0.479903214794 
2001130063 1.0 0.179932053744 0.168139026953 0.266662551536 0.188885974004 0.372589419921 0.231070149053 0.223948148156 0.191884994825 0.18095829051 0.48345356974 0.297775255477 0.296320657254 0.343002463247 0.334252818628 0.101377811045 0.0904364965864 0.141419173859 0.133793430622 0.19436206377 0.171591187691 0.337469071039 0.35450688778 0.154757481532 0.149585602907 0.260870571626 0.239143456766 0.140653261677 0.147925794498 0.129693748901 0.151125117937 0.164895478444 0.18095829051 0.0833320473549 0.0833320473549 0.241199537215 0.200305313085 0.212637376462 0.309913565886 0.277662359556 0.491054511113 0.492309925436 
2001130066 1.0 0.190452389738 0.177068835894 0.269019772771 0.199596889887 0.338947873376 0.209785080383 0.212374276478 0.16311719684 0.157829372246 0.533152325581 0.312222838402 0.314014201494 0.366589735184 0.350709662494 0.106862206311 0.0971327769372 0.153392997769 0.147952126471 0.189619889712 0.178283036422 0.357412115221 0.346791917396 0.144410205641 0.1378889971 0.278166626216 0.25138763463 0.151030783992 0.130933872575 0.123820481253 0.129164414583 0.126577490365 0.157829372246 0.0954901365214 0.0887777562474 0.23949224778 0.220481540907 0.232669090762 0.291792912348 0.269713880712 0.499244359253 0.486374093037 
2001130068 1.0 0.184641589632 0.174235187873 0.255315537096 0.186167579133 0.335143854651 0.227230927624 0.224411964805 0.164977053579 0.163166432714 0.494673853124 0.300892246039 0.299053062975 0.338085612611 0.329954107158 0.0963325216733 0.0910478756475 0.135610302685 0.139213480907 0.168959101023 0.159394809618 0.314230777855 0.310152628087 0.14634704131 0.144694447843 0.250053042895 0.235545495769 0.135610302685 0.140427574946 0.125196125669 0.13726920599 0.135610302685 0.163166432714 0.088527029439 0.085767486134 0.21989078939 0.196805726512 0.208056707941 0.304490836783 0.288458618511 0.492725408225 0.474859540252 
2001130112 1.0 0.177694984556 0.164938688751 0.275824959931 0.19905417463 0.330403226719 0.201805501811 0.206952006023 0.157852091499 0.158690878189 0.49745071285 0.289834299917 0.285610688064 0.337618655833 0.329009440782 0.10482420155 0.0975581112259 0.153389864839 0.148243807497 0.166172353575 0.159717183976 0.311011374122 0.309464289904 0.137448907293 0.143625353996 0.259338079604 0.244626913283 0.151581669648 0.127984568736 0.127824887365 0.131758878048 0.134823447649 0.158690878189 0.0909490017891 0.0930579226605 0.220382116878 0.203568908828 0.203116923521 0.305879640511 0.277154600545 0.480874779853 0.464696649639 
2001130125 1.0 0.185308118005 0.180406196282 0.241246185995 0.206081016056 0.336816377365 0.256465442933 0.255132889519 0.174428929171 0.180406196282 0.522683296612 0.337265865614 0.337003736994 0.378236360763 0.379801873944 0.10741949126 0.103590387161 0.149231080592 0.149400181021 0.155852052893 0.159613850401 0.317999364002 0.329196226108 0.158661870635 0.165744619457 0.240617393824 0.247446242085 0.124308464593 0.154795416623 0.123186247853 0.157704144355 0.142213638942 0.180406196282 0.0836305351278 0.0794502001333 0.2062647163 0.190945130663 0.20212230851 0.313521402361 0.315408288711 0.501304950305 0.512093366692 
2001130140 1.0 0.177991393832 0.171401903053 0.284206258046 0.201023832162 0.319258199611 0.199887250277 0.208806750397 0.164256988585 0.166288512649 0.519472374697 0.310422049111 0.312385912215 0.353752593526 0.352666210635 0.0998836169525 0.103306488742 0.164548741903 0.159891802158 0.184019964903 0.185383334844 0.311116592786 0.302914510643 0.148054186733 0.133218167401 0.277416605739 0.246081115272 0.152522340951 0.127703279845 0.134472434705 0.138686688798 0.124854521191 0.166288512649 0.10514728369 0.105488856708 0.215699163137 0.186672525167 0.193175654122 0.321018655895 0.293872640948 0.492941276906 0.478072811368 
2001130145 1.0 0.184561594666 0.179299660601 0.277975519083 0.192444590135 0.315440599644 0.203206282015 0.194585800525 0.148240331043 0.136288711164 0.513296930008 0.328879003734 0.328879003734 0.369277990424 0.369277990424 0.0975495618357 0.0975495618357 0.143837620309 0.128741096293 0.163982694378 0.165024967759 0.306340756486 0.319043693079 0.126727644901 0.117239982366 0.253568011751 0.236663477634 0.134600860149 0.121900329091 0.145221656785 0.132352894483 0.140317816254 0.136288711164 0.0742646024866 0.0831593123086 0.206346135854 0.187404125724 0.194365389881 0.304750822729 0.311015864786 0.480784683719 0.507417687519 
2001130174 1.0 0.181886181202 0.172989375287 0.289371730207 0.194505009063 0.357261283744 0.229831057425 0.203473029872 0.192161917413 0.172353382784 0.502410180488 0.321163941282 0.315471540703 0.369797909918 0.356183802193 0.102943714243 0.0948949504153 0.149859001013 0.148201013906 0.190511812531 0.18398724638 0.330433428732 0.336403243955 0.150133552084 0.149124393643 0.268607949654 0.258821943804 0.157974912309 0.14253517104 0.137535810883 0.130151375821 0.161413289246 0.172353382784 0.0901471574339 0.0915073757917 0.241538101577 0.206020732113 0.220378944051 0.304849521628 0.271757989777 0.49777122408 0.478077497446 
2001140178 1.0 0.194267746113 0.183212414529 0.265123877173 0.186840735364 0.34357856663 0.227320721888 0.227320721888 0.183509275239 0.173444805292 0.50605077069 0.306039887861 0.302161654812 0.361037402427 0.337181881191 0.105204411558 0.0862503691287 0.140631394429 0.123601880947 0.188580624556 0.189061085524 0.328845697384 0.334154858506 0.14318853832 0.137368040642 0.269737433131 0.239827325963 0.151680119038 0.149632734939 0.116964671921 0.133754219522 0.149632734939 0.173444805292 0.0771446753825 0.0810444574667 0.254223674488 0.224186222158 0.220925157895 0.323841836172 0.257344840955 0.503282399998 0.483197368193 
2001140258 1.0 0.176790922606 0.178827838508 0.269389481435 0.191715524978 0.326356489509 0.211350908248 0.22565507413 0.163793626868 0.170376867806 0.513434892409 0.320173599421 0.317015784072 0.363938971291 0.357130209267 0.0996317736215 0.095507275895 0.142885884629 0.143260913843 0.169350253925 0.169350253925 0.339333593465 0.331252110195 0.141470670964 0.148321437446 0.259446209601 0.259807879291 0.141375819683 0.136745608651 0.130419229013 0.136843669336 0.139369031692 0.170376867806 0.0818968134341 0.0790633041506 0.237189912452 0.217790097787 0.238487120553 0.314552003528 0.297230152917 0.502101608888 0.491080500478 
2001140261 1.0 0.182191311602 0.169784751366 0.282667404488 0.217343705502 0.386008697447 0.22111217436 0.217072025764 0.179827736656 0.171771615876 0.500206495776 0.311328649739 0.305927128581 0.372312748535 0.35809335506 0.11863438703 0.106719812481 0.161501861941 0.157524967626 0.185401978264 0.182595732325 0.360515845327 0.355571393913 0.148261891852 0.137417292701 0.268315841446 0.238075707471 0.152480571091 0.144635372599 0.132163720091 0.13912440527 0.146157358101 0.171771615876 0.0890897091565 0.0875866821235 0.244435294592 0.223303100639 0.231095074196 0.287480211399 0.262535369077 0.505633319412 0.490347042289 
2001140487 1.0 0.170980236656 0.164008082517 0.297163765404 0.225401081197 0.363715381022 0.215460287441 0.20317378895 0.176938988518 0.171745937919 0.512915128803 0.329293740134 0.325324993246 0.376722587093 0.37606023252 0.114548213581 0.114548213581 0.152137967865 0.159547199522 0.193108040674 0.191264647905 0.33297886995 0.34668580304 0.1427033535 0.1427033535 0.245143882271 0.250386778955 0.155042604486 0.152310362218 0.145706048103 0.141688315146 0.146514285078 0.171745937919 0.0840193772903 0.0852595827576 0.244393385353 0.220337888181 0.234586239635 0.290961481901 0.2683950444 0.50100932085 0.487335005461 
2001140492 1.0 0.176881301322 0.176018694332 0.28592319197 0.186197133622 0.34899774354 0.215891561308 0.221077722482 0.179538465362 0.190151567982 0.483028385754 0.326981593709 0.316040530275 0.364220891453 0.358935608214 0.0946747125728 0.0937773016788 0.162946818996 0.158207445482 0.19506857866 0.190151567982 0.32118923278 0.322607757599 0.156595782619 0.164187548732 0.276480991285 0.270607611905 0.140665952518 0.130045719107 0.150987504285 0.13725831272 0.152658387002 0.190151567982 0.110347451814 0.112322167168 0.207095510939 0.186469418145 0.19850617498 0.318173801406 0.283249010044 0.525905917113 0.477110078201 
2001140497 1.0 0.183011223324 0.164506629511 0.278754390533 0.186236338882 0.371672520711 0.217228146247 0.218048910429 0.185515576319 0.176130805919 0.486380038952 0.313347899989 0.315761398291 0.354662131199 0.34183875128 0.0995688702726 0.0873014476797 0.148428508248 0.14280609662 0.190971916799 0.173405213151 0.322847567234 0.329781507496 0.151603809011 0.146916463643 0.274611713299 0.237711157544 0.153166776194 0.142283951923 0.1284270022 0.144051522204 0.145286272119 0.176130805919 0.095446976582 0.1003135992 0.236895679471 0.203719616381 0.219613467989 0.312348686163 0.261506182227 0.498083498417 0.47897843996 
2001140575 1.0 0.172799573914 0.161304071991 0.260214470982 0.198397361845 0.311296078038 0.225623095037 0.228750112519 0.175919066569 0.17836293917 0.490836010643 0.322091612492 0.312257365178 0.370104279725 0.343020013666 0.10630175051 0.0947048471884 0.172542431548 0.161166381764 0.190811018249 0.185142094728 0.313994406552 0.320190534698 0.151729806264 0.159435221123 0.257383637621 0.249722339371 0.141430774805 0.151949121926 0.121138517612 0.139136081321 0.150259521521 0.17836293917 0.111996834796 0.113277966525 0.221502005103 0.203970010559 0.200179743403 0.345631265216 0.307673522068 0.529814413089 0.511066590168 
2001150041 1.0 0.183652115772 0.166569981927 0.270939507707 0.198968710374 0.331532690196 0.220783826022 0.217931291884 0.178511026089 0.17995855155 0.497352738051 0.300173931632 0.317278119388 0.354017123945 0.362157491927 0.108544656683 0.0964860920577 0.152807796984 0.148656560463 0.182902682112 0.174708806543 0.297518376816 0.305065790345 0.141611160486 0.139767045235 0.257006096366 0.239866983874 0.145334206648 0.145018833676 0.127549394572 0.14710854993 0.160599116392 0.17995855155 0.0890843613761 0.0841509047096 0.207969535648 0.177568104111 0.178168722752 0.326289452463 0.271839267785 0.510018068198 0.486211815019 
2001150090 1.0 0.170180070146 0.171686117823 0.272524370944 0.19320414442 0.317871995032 0.201998000421 0.204530989658 0.165190614884 0.158022272936 0.511044198923 0.291687735603 0.283860266314 0.350422211918 0.333676401309 0.104598848164 0.0969346104471 0.15263591227 0.154313280351 0.193869220894 0.190182520674 0.311532322071 0.309667462682 0.137086240758 0.12219302995 0.258962155272 0.233890134862 0.149224623163 0.136615960673 0.12531335418 0.129356755882 0.15263591227 0.158022272936 0.0914690392761 0.0818123958632 0.242800836297 0.204530989658 0.220286617495 0.337321149629 0.292788863473 0.505472688374 0.488376939475 
2001150095 1.0 0.173022173214 0.160955694995 0.268259491658 0.182731781191 0.311365961906 0.196983585872 0.197858424755 0.167957008508 0.153635656003 0.494063782624 0.291503161671 0.305203387361 0.332814795296 0.345544883556 0.0884849775345 0.097167720557 0.154755736369 0.152507349502 0.187398024467 0.179873940378 0.326351756851 0.322090180001 0.1490711985 0.125595873922 0.269116552921 0.235580103217 0.151750484535 0.130980976175 0.119969291791 0.122345151975 0.129210881618 0.153635656003 0.0959754334332 0.101797319712 0.232133604553 0.214607593327 0.235580103217 0.322804349791 0.273572076534 0.485838602785 0.447728225815 
2001150097 1.0 0.189585052187 0.180874694062 0.284026277865 0.204736252059 0.363335629347 0.207295069904 0.220730706356 0.180344009219 0.174124923023 0.516346219634 0.328614090458 0.32710366111 0.393233502972 0.379380695951 0.11133807136 0.104223892694 0.158366259678 0.155926582216 0.192926015053 0.184113453007 0.346640656024 0.358422172409 0.149225904611 0.145321061318 0.289651106641 0.257103551943 0.158668581798 0.12702041294 0.130494268049 0.136126233466 0.141308354736 0.174124923023 0.0840279886431 0.0862791368575 0.247801837763 0.21186830559 0.219933187647 0.329584887522 0.251068006265 0.533240140953 0.504199615625 
2001150113 1.0 0.182110882822 0.168908409169 0.277831678735 0.204935481979 0.349199975282 0.215274776841 0.233662400284 0.188365429736 0.184088257648 0.506010220479 0.35085496074 0.338886877458 0.41128188367 0.384530709779 0.114166690892 0.0992367687808 0.154113286712 0.15317068896 0.188365429736 0.178901629125 0.339100484083 0.347120147519 0.134546735525 0.146402676424 0.259225158576 0.233662400284 0.156907108491 0.144911269013 0.125641006695 0.144911269013 0.140341984296 0.184088257648 0.0939903087121 0.0867800368799 0.231169930068 0.205992765774 0.210168719506 0.312194818398 0.264205392641 0.524697768252 0.515087360686 
2001150169 1.0 0.169859386443 0.169859386443 0.269390980857 0.202043235643 0.314289477666 0.225891204645 0.221384193926 0.19180646245 0.177476891795 0.482789341945 0.326287295599 0.328595960917 0.379817134704 0.387696635092 0.106486135077 0.106486135077 0.159531884192 0.159531884192 0.177476891795 0.177476891795 0.306372616957 0.317678678819 0.165729590266 0.180991626895 0.276089250122 0.291191934727 0.138840933583 0.125495113692 0.138840933583 0.131380857899 0.151011874088 0.177476891795 0.0904958134473 0.0904958134473 0.208790079304 0.202354790547 0.206056709474 0.311874926068 0.302232256139 0.496174098778 0.492350455107 
2001150196 1.0 0.178505207059 0.1624421904 0.260663626982 0.184317018248 0.325109666438 0.227614726905 0.228385433603 0.169845700177 0.180625489433 0.504714919918 0.314626132359 0.307851091643 0.364519554735 0.356065777487 0.0975614220548 0.0945118710879 0.14721508069 0.145614869244 0.156098275288 0.145715397298 0.308136359125 0.300192743277 0.145212061089 0.142360494766 0.253370889669 0.228385433603 0.140809117238 0.145715397298 0.122094284076 0.149681166496 0.153258166512 0.180625489433 0.0872615886785 0.087429238379 0.225221779375 0.205930522968 0.215520225589 0.32695115334 0.27858605821 0.506047770641 0.463801705752 
2001150214 1.0 0.1701896544 0.156907108491 0.265844738624 0.180914084209 0.313121214554 0.23735203478 0.2169500922 0.186821424762 0.172303892662 0.507724545731 0.314965832658 0.304682263481 0.369158582966 0.355570138087 0.0916499337415 0.0992367687808 0.163683168286 0.146896447392 0.194418868932 0.190277818153 0.339740498149 0.35085496074 0.156444936328 0.167617370553 0.258385787267 0.26034011064 0.132922369312 0.150788417973 0.137211285987 0.140341984296 0.161903950572 0.172303892662 0.0807280413153 0.0970230307766 0.274422571974 0.241884946409 0.25300511024 0.346493764788 0.293052550319 0.515087360686 0.503859111602 
2001150263 1.0 0.192624173971 0.183603941243 0.266746782837 0.218295018111 0.357293116419 0.243524739282 0.238122843692 0.196763978788 0.186734864185 0.51096572571 0.300122523999 0.308624154561 0.356936753717 0.364928865566 0.114798663022 0.112685242161 0.161738994254 0.166137924493 0.195538472219 0.176776695297 0.327647586862 0.335747292385 0.164942057562 0.151351378649 0.283102558843 0.254484662483 0.141900481346 0.14602578338 0.128073084339 0.155043418237 0.150602109796 0.186734864185 0.0885082505038 0.0811749130941 0.228733479239 0.196835829796 0.206511643312 0.31645126436 0.284696393021 0.52335175439 0.505904056148 
2001150296 1.0 0.177666694274 0.165043098866 0.26582278481 0.215189873418 0.367306788064 0.210674898444 0.210674898444 0.176308712369 0.172170512769 0.493670886076 0.317466739341 0.317466739341 0.364460254402 0.369047588281 0.104382420902 0.116703094396 0.162104411074 0.170299038571 0.192804382427 0.181238241307 0.347583043487 0.351707442771 0.136333286257 0.152949949033 0.254741921487 0.260648864329 0.13981469642 0.144326003177 0.127213615457 0.141523289715 0.143211499987 0.172170512769 0.0912797791257 0.0988639199482 0.221428552969 0.202926829644 0.217780386507 0.28920657364 0.272666572513 0.512150084156 0.494319599741 
2001170134 1.0 0.170312413546 0.170312413546 0.288094215236 0.203360622519 0.338934370866 0.235431338168 0.220958176575 0.193222320191 0.176928935912 0.525621537942 0.3092485937 0.306918126474 0.356284354229 0.349365552808 0.103082864567 0.103082864567 0.14379767521 0.14379767521 0.16690582114 0.16690582114 0.325976639765 0.343144897162 0.144792826705 0.139746221123 0.250215300743 0.235431338168 0.156241025015 0.14379767521 0.139746221123 0.14379767521 0.156241025015 0.176928935912 0.0912608722957 0.0988155006014 0.258680431743 0.220958176575 0.235431338168 0.31248205003 0.273782616887 0.491454837755 0.481716250155 
2001180026 1.0 0.17410202634 0.167336188764 0.236944734359 0.177585407139 0.313783242058 0.210088569085 0.213312622959 0.159299305753 0.160938792914 0.467531741486 0.308552686324 0.303808516965 0.349858714421 0.3427840064 0.0918445522124 0.0905008813243 0.143216708352 0.13862164621 0.179935040587 0.174001476504 0.338674969605 0.330991658164 0.132950681812 0.140627126826 0.238490762698 0.230429283909 0.132290872866 0.130291399534 0.112252527951 0.123108723444 0.146478915901 0.160938792914 0.0873520550364 0.0901132954691 0.241408189372 0.219219987387 0.222390361467 0.313113241488 0.293792981053 0.505413466519 0.49710396862 
2001180284 1.0 0.187023644032 0.185914641871 0.246092055646 0.207538859347 0.330614217343 0.238780753315 0.224496811372 0.177459505024 0.160501429932 0.515920825685 0.330882174337 0.323660744756 0.374363073082 0.367111766012 0.11005571303 0.102552360802 0.164500946197 0.169280343112 0.189845618692 0.192165610506 0.326568479702 0.338996695016 0.141734351138 0.140267733024 0.240629406096 0.23741592619 0.131573816272 0.158463821946 0.117582743737 0.147655233388 0.147655233388 0.160501429932 0.106785999226 0.0999261174631 0.21371027752 0.192779559708 0.200442641633 0.320357997678 0.30252507007 0.528982747748 0.51866206699 
2001180298 1.0 0.171245907243 0.171245907243 0.255813953488 0.186207940302 0.317923979138 0.239433259093 0.226005887397 0.201252015283 0.18636922915 0.48861812432 0.312490610399 0.303911562541 0.365658183413 0.36293643134 0.0980551212455 0.100775193798 0.153871575514 0.150515409604 0.174203139955 0.177111002462 0.332882334164 0.343367978145 0.159810295567 0.152695469795 0.267301389916 0.263565891473 0.135381776718 0.135603532438 0.127848236453 0.12499624416 0.164443437485 0.18636922915 0.0798110863642 0.077519379845 0.227991335967 0.209445830792 0.219394910048 0.312490610399 0.27043044252 0.507263508496 0.490275606228 
2001181122 1.0 0.167280482264 0.166595905656 0.262852851417 0.194366556428 0.331472417102 0.237671940737 0.227565516123 0.197036093391 0.191574639296 0.480128196381 0.304786689145 0.310465278814 0.361848725434 0.361848725434 0.103014068879 0.101255747697 0.158870992203 0.154388977511 0.189948557551 0.189948557551 0.307718679327 0.309042206637 0.144558904339 0.149990748316 0.240335971549 0.245975906957 0.144671796901 0.149990748316 0.122155481792 0.14113014197 0.168059440993 0.191574639296 0.0894412588465 0.0921385842608 0.202672666525 0.177232105516 0.19335597823 0.29900027159 0.291871641396 0.47924329217 0.481249000827 
2001181326 1.0 0.176762886236 0.183909869722 0.26247949459 0.199984376831 0.356441384894 0.218643615191 0.224025602795 0.174091253117 0.176431144524 0.487501977852 0.309335050912 0.306799474943 0.363601299953 0.349805221763 0.109143031012 0.0970185125764 0.145896321419 0.137062493658 0.190379454833 0.181666331044 0.332812173957 0.333339842669 0.138338840333 0.140440310118 0.243169458857 0.251925873694 0.139743331572 0.141686231805 0.127465529984 0.130043916008 0.151284661809 0.176431144524 0.0800328006496 0.0800328006496 0.235831104716 0.212575285101 0.228855039193 0.307752764061 0.302052552406 0.513829978378 0.501715538415 
