Leaf
2001140022 1.0 0.182075146984 0.176233324304 0.25550815479 0.180906238173 0.313834906596 0.230112274732 0.228941525881 0.17830766754 0.190056318296 0.500190895022 0.300152235109 0.305430349436 0.336789892813 0.350615994816 0.0865784487847 0.0980677749843 0.149012153718 0.159554154934 0.169941612366 0.185766234808 0.319285543046 0.312027086795 0.146330482 0.151366361921 0.256888245604 0.257273344379 0.130383939632 0.137253673845 0.128636672189 0.150523088719 0.143697195907 0.190056318296 0.0999250136073 0.0999250136073 0.233104440049 0.218640300552 0.237492249098 0.297549367999 0.339799991421 0.495874417352 0.503993611781 
2001150088 1.0 0.168610993792 0.170962256617 0.272808917707 0.176542141322 0.315238825081 0.23404641402 0.219198845068 0.185750928848 0.182654863207 0.503771172764 0.300227560143 0.301790639176 0.344500095716 0.348695953032 0.0895141040025 0.0921820667705 0.151131351829 0.151790289531 0.174347976516 0.165624982346 0.322394092528 0.326044036235 0.163807250471 0.15705304559 0.251035098012 0.262148169948 0.135197083723 0.155685358773 0.143782924327 0.144277875616 0.140979088406 0.182654863207 0.0955241755638 0.0962675655736 0.237192991011 0.224532617557 0.238810438909 0.305686690195 0.29927626637 0.488278296439 0.487108905953 
2001150233 1.0 0.16847228164 0.16847228164 0.255856233293 0.176805374965 0.302361357454 0.229043204693 0.229043204693 0.189787960587 0.189787960587 0.47909234537 0.285090100851 0.297456315448 0.326642788206 0.343367978145 0.086890891592 0.0948654793227 0.13875752456 0.135204110267 0.170641268166 0.170577868101 0.326675901166 0.328656573524 0.169304881146 0.172845620242 0.267229440413 0.275205808232 0.125236390864 0.139379758733 0.137740399023 0.145604426442 0.141765122364 0.189787960587 0.0728022132209 0.083850029662 0.223352692159 0.214155617362 0.237391630794 0.307434471994 0.331670632298 0.480895145137 0.49671718418 
2001170434 1.0 0.169103339342 0.16994675275 0.25421806189 0.20292400721 0.271093275826 0.230005408299 0.220483779313 0.189063280995 0.176549069441 0.50759177868 0.28945829125 0.304855380425 0.348615464876 0.358323551837 0.106950342452 0.106950342452 0.169103339342 0.169103339342 0.189063280995 0.172452245424 0.325276767835 0.326592795197 0.123109089305 0.113437968597 0.234925867024 0.235533696932 0.136335470787 0.143488941564 0.118372337539 0.12194215217 0.155905575494 0.176549069441 0.0910649351793 0.0986033436961 0.24388430434 0.219834341145 0.234925867024 0.320851027357 0.31771632945 0.491564530588 0.511240536247 
2001170801 1.0 0.164398987305 0.16737927201 0.254815196648 0.181548310533 0.326786958959 0.221607954946 0.21936565826 0.16737927201 0.178804349459 0.473420073075 0.274732446102 0.292737854657 0.317060493636 0.333772507876 0.0925718378067 0.0925718378067 0.14179376335 0.14179376335 0.178804349459 0.178804349459 0.333278395824 0.333278395824 0.149708572096 0.155114944515 0.236710036537 0.243572618131 0.132169165089 0.14179376335 0.128374041491 0.146368927328 0.14179376335 0.178804349459 0.0907741552664 0.0977667572676 0.236012803693 0.236710036537 0.252214973546 0.28705308332 0.31022988903 0.488496543258 0.514137635502 
2001180275 1.0 0.166099682132 0.166625814847 0.272248892416 0.189438229136 0.313659793748 0.22328558536 0.233405179318 0.183714827587 0.189438229136 0.508901231628 0.292101278056 0.293774539653 0.328649727693 0.328169985721 0.0954096640352 0.09485762663 0.16247680319 0.164511188365 0.187113745654 0.189068232241 0.333514177305 0.342014036683 0.161612558746 0.167045527892 0.267906112876 0.267906112876 0.139270961842 0.13800827973 0.140646819744 0.13800827973 0.146499428283 0.189438229136 0.114277336214 0.117896509124 0.24288776868 0.224925977289 0.24964087363 0.329341454591 0.30321665573 0.499316807949 0.494844225354 
2001181156 1.0 0.159847669873 0.166602484433 0.23672304892 0.189319286101 0.289955520227 0.221523031811 0.223254321626 0.181001762649 0.17797916684 0.47936050038 0.279631739428 0.284533034905 0.326305568089 0.327536813226 0.0975729266949 0.0975729266949 0.150834802207 0.143216708352 0.170752621716 0.170342158089 0.344210580962 0.352052832768 0.159299305753 0.166602484433 0.249676023891 0.255975147551 0.123534460934 0.141124044017 0.121966158369 0.148260240978 0.129753003018 0.17797916684 0.0847074894442 0.0903072963297 0.254053591121 0.248481563007 0.264912266468 0.309967424079 0.309967424079 0.485923662822 0.49090431792 
2001181229 1.0 0.179117062319 0.170971069844 0.259195268327 0.162922740091 0.318526000832 0.226082517712 0.219809763493 0.180337635639 0.178042196689 0.496229061806 0.299537136988 0.300724874691 0.335547107509 0.338395260633 0.0827968913464 0.0827968913464 0.143790336439 0.143790336439 0.195512898316 0.185730978811 0.324580710963 0.341701476569 0.155693384464 0.159521055676 0.271593997229 0.265467028512 0.136552131398 0.12954472637 0.129332878761 0.135948360726 0.157096055902 0.178042196689 0.0993562696157 0.0962725282356 0.228135111381 0.207488415003 0.222290764904 0.318095269059 0.302543058576 0.506619557568 0.514887499147 
2001181299 1.0 0.163364027627 0.162756347799 0.235702260396 0.17899323566 0.293047098482 0.223178021137 0.221096368525 0.175452155431 0.173749614458 0.487727574926 0.285511318353 0.294396516664 0.329145311799 0.332042685647 0.0926696292908 0.090870047706 0.153352460507 0.156127329968 0.197921555836 0.201067306719 0.345784113942 0.338056118847 0.152704945467 0.154211584655 0.258173303968 0.252481409615 0.126175278161 0.120003523091 0.118340576333 0.131054646563 0.156127329968 0.173749614458 0.101839339923 0.0951318698692 0.245719061223 0.235842350904 0.251038272044 0.336783570666 0.318745393652 0.514102866329 0.507832690445 
2001181344 1.0 0.173937301201 0.173937301201 0.244213884893 0.181096748281 0.314950866576 0.207873536833 0.214189746172 0.156883788992 0.164409179115 0.496297512916 0.285200139644 0.293027043307 0.324643922443 0.329006846843 0.0957885665047 0.0880314434046 0.151250214553 0.146460619134 0.169606232266 0.172685294068 0.3281577955 0.320511834929 0.129857568977 0.124495261178 0.232509690883 0.235950544904 0.120445546087 0.13408549983 0.126960753219 0.13408549983 0.12817571634 0.164409179115 0.0995962089425 0.0995962089425 0.236344343027 0.220606164862 0.238043273637 0.309390136663 0.311487043951 0.484412964984 0.473540437098 
