Leaf
2001110122 1.0 0.180593880083 0.173933734876 0.304284022856 0.201012754143 0.380333203301 0.233293344018 0.22174783507 0.197756072879 0.194141034105 0.527427256255 0.308139533265 0.303701474735 0.357450313968 0.357161198178 0.100175460719 0.105485451251 0.153854100005 0.150263191078 0.196858536902 0.189525294029 0.368028048511 0.372690095631 0.160519948532 0.160519948532 0.274556883444 0.277656903675 0.154524074372 0.147787516073 0.155571061905 0.143429432151 0.147787516073 0.194141034105 0.0850364129257 0.0934690321059 0.242596464276 0.233672580265 0.245979446816 0.274556883444 0.268359394392 0.508509101058 0.503170198359 
2001150029 1.0 0.186349052375 0.180998200035 0.285644076341 0.21737521683 0.378902902119 0.237620335903 0.241800716554 0.200400431635 0.202219245227 0.534228834005 0.302103420252 0.298574428372 0.355388208217 0.345880158578 0.113288782595 0.108421325593 0.162483804315 0.154208167071 0.191651067861 0.186038556654 0.37583894696 0.383503185899 0.157056089592 0.167160551924 0.275758136619 0.277985396514 0.147566921429 0.145462472542 0.146123368596 0.148088360939 0.149512942903 0.202219245227 0.086246890783 0.0931228056581 0.254838327251 0.229786799728 0.24283456745 0.278885139974 0.259410118933 0.502364715682 0.49797245578 
2001150216 1.0 0.190561762231 0.187986484906 0.270679379955 0.215542320678 0.386520794328 0.239445920449 0.245166527175 0.200076146966 0.207769865071 0.502544932307 0.298255910195 0.301304601793 0.345661831935 0.350519144959 0.108440443466 0.111624438329 0.140502850605 0.14571827507 0.200076146966 0.202422495581 0.377952958303 0.379722109478 0.160444925932 0.160918914929 0.281925703079 0.284132275601 0.139741901138 0.138317603109 0.136544227161 0.1363209331 0.159205950434 0.207769865071 0.0742569179978 0.0780571392251 0.252753307748 0.242856822851 0.269777488635 0.26412856617 0.260118901865 0.508271266276 0.49825284998 
2001150287 1.0 0.169695207602 0.167757878902 0.284775468449 0.212096076478 0.407650515492 0.219595997441 0.235401221609 0.180280585743 0.194885095596 0.507769165011 0.297028850197 0.29354977647 0.35022474039 0.34687536723 0.109620647613 0.108335149311 0.158600441342 0.161806777626 0.176440675224 0.182767331983 0.3732043533 0.368418945995 0.159773826819 0.165891771032 0.262001035649 0.266185773144 0.147726265854 0.140821325315 0.144853388648 0.143991158436 0.139488601401 0.194885095596 0.0928621203126 0.094852248953 0.236785752705 0.223251495649 0.240179767886 0.271741553252 0.258472039649 0.498675164055 0.481395352684 
2001150325 1.0 0.170535238992 0.181153434161 0.265942398434 0.212753918747 0.36168166187 0.224402441633 0.233545278438 0.188500452267 0.20183608931 0.500084863229 0.299560237449 0.298614354957 0.357591176607 0.353613397958 0.111060806135 0.111060806135 0.15043973867 0.15043973867 0.191773790775 0.19986416118 0.366807747333 0.366807747333 0.181777027861 0.168196741092 0.283250503217 0.277397171763 0.141924565613 0.157063698284 0.131581031889 0.147783594987 0.136228977374 0.20183608931 0.0767095163099 0.0830830612472 0.248111573131 0.234270951688 0.253748629736 0.282650607373 0.272665541791 0.500084863229 0.500084863229 
2001181089 1.0 0.171447088115 0.165852144757 0.283456692979 0.192502359412 0.352961499687 0.237518312293 0.232160982663 0.198426890259 0.204948363075 0.518714475468 0.318376992419 0.324426607189 0.354578002303 0.36160477503 0.0968435002488 0.0968435002488 0.159524928771 0.152936169294 0.184694421355 0.189055171854 0.358706967896 0.37875258585 0.160863622971 0.157268451189 0.2580585783 0.2580585783 0.137478341978 0.152936169294 0.152092506392 0.159524928771 0.147898671728 0.204948363075 0.107612090369 0.112801158902 0.277904672103 0.256892519587 0.270236496934 0.296038909314 0.28071987555 0.511218608553 0.512810193401 
2001181148 1.0 0.178098868665 0.171024175976 0.266173305939 0.209616081271 0.355101179354 0.228174710272 0.235050247361 0.18612934722 0.183845465055 0.508171766272 0.308054585357 0.315352998737 0.357836273776 0.362348889307 0.107562589952 0.107562589952 0.160029246596 0.160029246596 0.199120588526 0.184198674727 0.354001224685 0.368044309268 0.160637339654 0.163246236608 0.264089485627 0.259996750061 0.14079951842 0.149964788414 0.131242406964 0.148001528332 0.136819340781 0.183845465055 0.090137655173 0.0940200989445 0.253028455742 0.233802552187 0.241999041138 0.305192843024 0.281599036841 0.496002872501 0.490799325489 
2001181286 1.0 0.190927853639 0.191831201011 0.281477244849 0.182731936812 0.344666163322 0.226323936162 0.24203794334 0.204300516186 0.207657791712 0.485756622365 0.310275174836 0.317513804508 0.364652031362 0.355599459434 0.100627814378 0.0869334319211 0.144889053202 0.144889053202 0.207657791712 0.191959903609 0.367955778158 0.377170183728 0.180145656059 0.176265140773 0.292914599682 0.292323790206 0.153497143878 0.152042161809 0.136462016496 0.147758421916 0.144718495105 0.207657791712 0.097638199894 0.084921476667 0.273737249923 0.25301345097 0.264187454497 0.303433875123 0.293672465372 0.507780899928 0.527111356188 
2001181293 1.0 0.182562558017 0.171407543599 0.274366606519 0.215420467939 0.384936946922 0.236107208741 0.242494431775 0.191750201929 0.188061278678 0.549235910847 0.311813292535 0.312764981275 0.367212224837 0.360738191251 0.112482514433 0.109227009636 0.165868679383 0.162898427747 0.195260794593 0.189411018093 0.365125116034 0.364543242969 0.161195381724 0.164841618861 0.274984898247 0.257028735883 0.148586227284 0.156924545956 0.131776672806 0.157599493355 0.140961272144 0.188061278678 0.0994614633205 0.101782191401 0.262099469911 0.221541861736 0.243978125783 0.306733889726 0.265319485874 0.50682096478 0.497008415514 
2001181332 1.0 0.158202077539 0.153392997769 0.288467976237 0.186675548057 0.33921167788 0.244955482215 0.247673697597 0.220501869484 0.215011334732 0.497402787406 0.293453738169 0.297071094948 0.333476774493 0.336617016003 0.101793262668 0.0863744475738 0.143735769054 0.141161856941 0.191064541907 0.196980231347 0.35375059956 0.36871087917 0.192973989504 0.189808901524 0.285747305145 0.275696009211 0.150030551116 0.149178097903 0.150666725918 0.159106383856 0.1605029557 0.215011334732 0.0986114338665 0.098772959665 0.273139985972 0.248444868216 0.260534466422 0.304071945643 0.28569151147 0.500374481157 0.502663081756 
2001181338 1.0 0.15450968811 0.161440055598 0.265221485916 0.193721787345 0.348997364797 0.20846684893 0.214789812006 0.17316469208 0.174389722861 0.497820809183 0.301900796607 0.29860898444 0.347818979784 0.350562383251 0.100633598869 0.0994174381978 0.164518935509 0.168356094958 0.190156780046 0.192935256337 0.383062418537 0.395368847734 0.141352525495 0.150521668548 0.246254096872 0.256536707024 0.131082619455 0.125754217538 0.138856276879 0.133382489976 0.144753974998 0.174389722861 0.106506301405 0.104050910887 0.274463053549 0.276615305082 0.295228976236 0.275734362383 0.300031423856 0.508429042478 0.521830467954 
2001181433 1.0 0.194702599871 0.195673691182 0.279149182405 0.201297338133 0.357013762344 0.194810737952 0.214271171941 0.194810737952 0.171343204549 0.49990521826 0.301980879985 0.300302418371 0.357190691616 0.355535927693 0.107037251314 0.102617280325 0.142338712829 0.151512598692 0.194486143329 0.189216915609 0.357426461075 0.366273260366 0.175352485486 0.145122749569 0.334097659294 0.282076219856 0.152758497591 0.110902649502 0.132372314146 0.122454710237 0.129801733248 0.171343204549 0.0882747223375 0.0756867662434 0.259359974055 0.240220894372 0.261623757405 0.289737124298 0.295566270762 0.492092391594 0.516930411827 
