Leaf
2001130121 1.0 0.172683366013 0.167814089366 0.284310309633 0.200977977499 0.338231230426 0.216184432754 0.217734955726 0.170512923238 0.175170134482 0.514723040335 0.27402464614 0.271779406767 0.322372265032 0.313606811605 0.103985042019 0.0991348305887 0.149085525725 0.145744020986 0.196871023196 0.20025934119 0.355683568463 0.348621387685 0.160270454074 0.171216072296 0.267591766655 0.272397589807 0.149969360352 0.144169259734 0.140369108268 0.144751428136 0.12497446696 0.175170134482 0.0901203697496 0.0876878867647 0.256636918836 0.245144108629 0.254757458034 0.291364364131 0.297242858878 0.485461555762 0.482108966349 
2001150030 1.0 0.163441326923 0.16897077392 0.282221639876 0.207979718194 0.341584158416 0.215673474364 0.230344358894 0.184965759329 0.19727583015 0.505556809351 0.279385169495 0.289847151848 0.332273746427 0.338846830864 0.106866500717 0.105829496666 0.150888620338 0.154023259268 0.192560894443 0.193069306931 0.367838772045 0.360877167695 0.155369849767 0.166044651795 0.262376237624 0.276962390707 0.142879897917 0.134668024839 0.146604880148 0.137548950391 0.136565487368 0.19727583015 0.086598295468 0.0885571476238 0.256853896457 0.252911678702 0.276031719989 0.272681967404 0.296244837631 0.48172666762 0.476534972321 
2001150066 1.0 0.172627884043 0.172851543671 0.294399319689 0.197993801408 0.355401698127 0.211516463718 0.215915368219 0.189485357164 0.189485357164 0.507509607089 0.29286426622 0.283706495171 0.336031151777 0.335916157939 0.0976214220735 0.103512055595 0.154353021088 0.148224086807 0.199031783889 0.204268676523 0.349997700296 0.363852888764 0.150637195651 0.166475528948 0.281473448119 0.299903397196 0.141557885334 0.1070592689 0.162482353294 0.1070592689 0.140002759609 0.189485357164 0.0933045060194 0.0944022438534 0.261994922361 0.243657471252 0.256831954651 0.274665399672 0.292115758265 0.471765600392 0.477301925556 
2001150086 1.0 0.17709626777 0.166203618924 0.296745515696 0.197694797126 0.329674328462 0.221029502586 0.235815961444 0.191810622326 0.194620040574 0.505220037099 0.288918786407 0.280013785633 0.339054244124 0.33403625122 0.10125866506 0.10125866506 0.163274691392 0.149385552935 0.187678343008 0.197999646647 0.33403625122 0.335297789974 0.167288746569 0.177436510673 0.275234300889 0.271261183501 0.157253262799 0.149385552935 0.149385552935 0.143201377435 0.125225971863 0.194620040574 0.093839171504 0.0982353344825 0.271261183501 0.252848667652 0.255459093815 0.312582920241 0.298771105871 0.490808151661 0.489331293293 
2001150122 1.0 0.163004965569 0.163366797236 0.282750843816 0.195605958683 0.369637696201 0.195907587172 0.199491559673 0.171822320372 0.175561720794 0.489497636111 0.27705516675 0.284416548027 0.320898596609 0.321082545375 0.0984048495105 0.0984048495105 0.138314299825 0.138314299825 0.194394764631 0.184738960978 0.355966752334 0.365299263887 0.145796073473 0.175225072889 0.262837609334 0.287102706536 0.144983832761 0.123902837274 0.14293303875 0.14127097016 0.138314299825 0.175561720794 0.0876125364447 0.0934814489312 0.272326181926 0.249940947206 0.257618906878 0.2858660775 0.255778748273 0.47641592162 0.469298313383 
2001150139 1.0 0.168532086651 0.165141320884 0.263291347237 0.199587081111 0.364254309681 0.243186468004 0.222377998174 0.193470308226 0.187594014929 0.504032063033 0.281966325718 0.276180703145 0.325610799049 0.319287657344 0.100088352248 0.102416299528 0.152450036252 0.151052095038 0.183207846198 0.165141320884 0.369107605284 0.377224300976 0.148930581845 0.150739680857 0.238834332831 0.253438347286 0.136717991043 0.153528523931 0.132070230063 0.138004978859 0.16428269468 0.187594014929 0.0957555323726 0.0956323740807 0.264006571229 0.257726792529 0.273651404779 0.272269754274 0.273995728797 0.493302222869 0.484065478168 
2001150156 1.0 0.170707416975 0.171020641857 0.274605319229 0.196844249471 0.362697354765 0.224591920245 0.220078561398 0.178597994889 0.191399225093 0.523389255287 0.273922341715 0.275383790866 0.305510885662 0.312525085961 0.0931131365319 0.103975048982 0.138997519436 0.146495955662 0.19020713186 0.18992555194 0.351532445457 0.35876576103 0.145671651776 0.145763471294 0.253949272114 0.266042664796 0.138031576396 0.143076783636 0.140529218786 0.134894085252 0.143076783636 0.191399225093 0.0971909447588 0.102026561837 0.273139704854 0.264276596291 0.283003501871 0.248570975989 0.268595291394 0.450284600634 0.474249967679 
2001150157 1.0 0.169423940217 0.163873816697 0.254386784928 0.220323513779 0.350324938695 0.232850933675 0.219307858324 0.182125263302 0.190513016728 0.525335651488 0.277646273082 0.282599041995 0.331472982613 0.339787820882 0.110955076026 0.117922524388 0.155792250648 0.155792250648 0.159434639344 0.156608991504 0.38177863691 0.381444329808 0.162995653572 0.166863229542 0.26204479511 0.280389654061 0.126910984189 0.13787218326 0.139710560205 0.136593947476 0.113653034203 0.190513016728 0.0784570866647 0.0768138242114 0.301068667059 0.28807606035 0.29550868199 0.259783375 0.282599041995 0.455243104688 0.463298671751 
2001150165 1.0 0.163590732707 0.157788052489 0.265794367278 0.211672004619 0.384363797962 0.211385767835 0.209371153627 0.187396536401 0.180551079136 0.45791655974 0.291021700942 0.292391613103 0.339959965161 0.339282504806 0.111029005481 0.105204825076 0.129177587514 0.137883527951 0.158477253766 0.162997473336 0.383006677223 0.380850662244 0.162923164021 0.155624352884 0.264332441486 0.248414687787 0.145739526854 0.139281622289 0.127763707788 0.135133564168 0.141951250164 0.180551079136 0.0699444473887 0.0630230595141 0.279647912044 0.26101317208 0.277387039841 0.271072428632 0.246112915072 0.46989793443 0.45243615484 
2001150212 1.0 0.183602175846 0.169272842266 0.259652687162 0.195171790077 0.376720168408 0.232240423614 0.21607409882 0.197745595175 0.176582918347 0.481058723406 0.286795766879 0.301129958064 0.337548493311 0.337548493311 0.107057545514 0.0918010879228 0.166258841448 0.148024806482 0.191686299153 0.191686299153 0.378505582052 0.360721041311 0.151957839212 0.151957839212 0.261270476566 0.256057574008 0.13239741186 0.140428661606 0.13239741186 0.140428661606 0.151402232821 0.176582918347 0.104669344447 0.0988727975877 0.272944256828 0.25997705042 0.285027225244 0.275097089951 0.271085363983 0.517028421534 0.488706089935 
2001150227 1.0 0.164533214063 0.159491607707 0.285020828734 0.217442437292 0.358298845952 0.233685903548 0.21631257905 0.199181522436 0.191109271864 0.507447452603 0.297205969935 0.291297343546 0.350229129867 0.348257874653 0.108989203323 0.114828267085 0.154663031919 0.140094983615 0.180495881192 0.179783352054 0.359566704107 0.375970156963 0.154360955396 0.162032020691 0.25603565971 0.270916160329 0.139427065705 0.138166017197 0.153527180327 0.135350360004 0.158464039481 0.191109271864 0.0713268153345 0.0854666646036 0.27683829198 0.251251244504 0.260149853593 0.296577128246 0.265301835986 0.492321436394 0.465821315796 
2001150257 1.0 0.164470641149 0.163473638784 0.29894715384 0.210561016708 0.383862637187 0.221409995134 0.208480323206 0.195085330784 0.183453559497 0.51026475491 0.253192016077 0.264970702449 0.313885831181 0.331581302828 0.104917560434 0.114456307431 0.142301786264 0.14947357692 0.172239024553 0.177474686715 0.36750072417 0.36797491885 0.165065952071 0.162872507944 0.27355168634 0.281097187368 0.14947357692 0.125710483848 0.160987969205 0.126143223454 0.143825403425 0.183453559497 0.0760020718734 0.0777038217012 0.227958410563 0.214814168965 0.243493261361 0.228960220689 0.288596469231 0.457110510192 0.495593856163 
2001150261 1.0 0.162283747666 0.162283747666 0.27374198132 0.202522899759 0.340062895605 0.235943672105 0.230894990846 0.204035226176 0.206531162725 0.512111846996 0.287927222335 0.294263787991 0.33501565189 0.336503515547 0.102362321102 0.10323456602 0.150318614324 0.147131893995 0.185695338177 0.176572782247 0.366460339333 0.362877491424 0.178017755458 0.183474686254 0.276164523952 0.284975879206 0.140996824518 0.148862917003 0.146083434837 0.147131893995 0.129637423442 0.206531162725 0.093054380296 0.092916623921 0.29982659674 0.285065762785 0.304742114443 0.261292580403 0.283669366832 0.465767193726 0.477821910059 
2001150276 1.0 0.167959414965 0.167044928596 0.309248143232 0.218203962175 0.415828021638 0.23553371243 0.220125988016 0.211127757041 0.20342987004 0.51836332444 0.268221575153 0.273453130822 0.324672612543 0.337775691349 0.107064719797 0.117196421773 0.154003670271 0.150736427293 0.173859755853 0.183712599246 0.371020713264 0.370090619487 0.149972340229 0.151412378788 0.269361332023 0.274757070039 0.152922345682 0.127524294741 0.163101168972 0.128620655079 0.161211902502 0.20342987004 0.0757904478392 0.0899607039847 0.25669488598 0.232917801097 0.253240423866 0.246082401603 0.245874824678 0.469927940853 0.464683289027 
2001150323 1.0 0.186767100244 0.186767100244 0.271802535733 0.20981259545 0.382798450187 0.215895379588 0.226567485731 0.176709364616 0.187986484906 0.494293405842 0.298511157063 0.309533713145 0.342251850276 0.343806034691 0.111760815214 0.099503719021 0.148616365408 0.139632855549 0.176709364616 0.177997663796 0.355995327592 0.359825632647 0.160444925932 0.165584197398 0.27597366233 0.287065675776 0.140719508946 0.133498247847 0.137986831165 0.137986831165 0.113786855968 0.187986484906 0.088998831898 0.088998831898 0.254135633138 0.234820992897 0.249904780038 0.278446347833 0.266425379541 0.480067271244 0.471584000912 
2001150326 1.0 0.174623638147 0.164787474663 0.266659875662 0.210462143935 0.374841694371 0.214728075653 0.223368609974 0.178347375467 0.180326223432 0.502693776663 0.279181339341 0.272510514466 0.32560281322 0.321826756644 0.108762778678 0.105698421737 0.152956888646 0.141809313671 0.171969052635 0.1679476373 0.358349102895 0.362542595593 0.160913378322 0.147622074074 0.273473452147 0.248017294828 0.143009153522 0.136520275224 0.131818014946 0.132315630966 0.130515334413 0.180326223432 0.0802522245631 0.0873118190734 0.262035796414 0.235847821587 0.248017294828 0.295866745327 0.243740813972 0.489768076598 0.45961479649 
2001180019 1.0 0.175467578058 0.178648518207 0.251902981481 0.196178716193 0.367859813739 0.214378221848 0.209595949886 0.159317434173 0.155017219373 0.491584264954 0.282468109074 0.272109316072 0.325628419764 0.320631862186 0.0951258338565 0.105778666431 0.134388619794 0.138922156076 0.180217935044 0.167362968077 0.354183392352 0.350131793393 0.145651237662 0.147317342085 0.247011195789 0.252349750348 0.123922911809 0.134528244372 0.133828664776 0.134946251317 0.134388619794 0.155017219373 0.078471486477 0.0747968123382 0.244873852309 0.232929169916 0.24943144902 0.265474060035 0.286100226916 0.478580361007 0.481123417821 
2001180092 1.0 0.175849120187 0.188255559589 0.284892024148 0.19998530924 0.351541570277 0.220593185987 0.217237961013 0.174906784091 0.192594925854 0.527547360562 0.27000040126 0.275986939234 0.317103383464 0.3252223607 0.0986522718479 0.104614596924 0.145696149159 0.141475880386 0.185899818497 0.19249955822 0.371453753809 0.376803630775 0.144048379825 0.157214169611 0.250527373535 0.290002602437 0.136723461528 0.145948000945 0.153431018792 0.139515380806 0.132909704436 0.192594925854 0.0813055901751 0.0909024132911 0.257824059073 0.242482175622 0.264017222608 0.267540832177 0.305963113563 0.477984985468 0.497154856423 
2001180184 1.0 0.185017065601 0.17821385537 0.273981439976 0.203672977566 0.330968588545 0.242363622647 0.226016933084 0.207319964677 0.199350779378 0.516528509802 0.281852720487 0.270034769215 0.339309071705 0.330294704555 0.106693163949 0.106693163949 0.153284213907 0.153284213907 0.199756789533 0.191473080222 0.367286994981 0.36150608821 0.171376961086 0.169116423194 0.288177695952 0.284214356224 0.13739672867 0.145278817376 0.146942369504 0.141321062471 0.13621225201 0.199350779378 0.0865703749309 0.0829865853264 0.27633704648 0.260956002506 0.290557634752 0.271903544241 0.289859681223 0.485103180996 0.47429360713 
2001180276 1.0 0.163601398569 0.170514837533 0.272751159455 0.18175567399 0.381907310113 0.230573601419 0.233025319002 0.199728495041 0.206941219147 0.48501789179 0.280896750653 0.289763262691 0.322803041987 0.341298350499 0.0926261281642 0.0940013526931 0.132800013782 0.137279959195 0.181452831779 0.193859690308 0.383201183871 0.390029359063 0.172226447182 0.165384572751 0.253522518189 0.271133244087 0.132800013782 0.146579889488 0.157201081734 0.138078879378 0.139400238475 0.206941219147 0.0823590723148 0.0823590723148 0.270049248766 0.273556528805 0.295960434878 0.220992581112 0.291214770204 0.459115268694 0.488107448948 
2001180336 1.0 0.166028855501 0.168185164743 0.258747231329 0.217430154324 0.415755224902 0.23093178596 0.231710647483 0.176547230967 0.182567606941 0.505518693631 0.276389020669 0.287256984914 0.324872194752 0.338772052146 0.108216762496 0.11468306434 0.149106109474 0.150069648479 0.181478823213 0.188395693809 0.370814783071 0.371251807127 0.150549105447 0.157565984567 0.24442471625 0.259720229991 0.129582339031 0.126628908109 0.140521616092 0.132197647219 0.119151898761 0.182567606941 0.0807592252606 0.0853156180564 0.268788104755 0.264190785993 0.295298023116 0.234416284679 0.294136511019 0.448123147943 0.485038476243 
2001180365 1.0 0.17775027755 0.191584147795 0.288143234183 0.202638690657 0.349854794219 0.220995772391 0.235879293814 0.191975935828 0.211083668898 0.51006107104 0.297319403775 0.291255582627 0.339942493137 0.342913401636 0.104917057001 0.1010873337 0.147613570933 0.160887350808 0.201616429792 0.200401580453 0.369033927332 0.364733163095 0.142564344705 0.159833108542 0.271494972097 0.297066581107 0.139769998805 0.11774039073 0.156267609271 0.124109269102 0.152249148243 0.211083668898 0.102012214208 0.0904983240322 0.265902303231 0.258087313786 0.287294504109 0.260189449927 0.294526418349 0.478008365927 0.479577668789 
2001180456 1.0 0.175359922235 0.173068963273 0.284675232215 0.209983455404 0.388464500028 0.207250365508 0.221007823299 0.18506252308 0.189125850961 0.475370265329 0.279147031557 0.268598873834 0.336787134508 0.319884805174 0.109249864612 0.106430037567 0.14393099727 0.144458218805 0.193496983337 0.179219160176 0.372479620054 0.38304494532 0.160772046403 0.163816798404 0.279351210811 0.268598873834 0.158510053717 0.119708987764 0.1434018374 0.118432055377 0.135356651633 0.189125850961 0.078471795669 0.0829459853809 0.263382865194 0.240763698009 0.256436083268 0.273646058113 0.26157265223 0.490211312508 0.483929043814 
2001180486 1.0 0.175373517821 0.174856952582 0.271287650922 0.222889607453 0.355358955106 0.237279023866 0.237050174087 0.194172807585 0.207679045185 0.530196811271 0.276767429196 0.273942192145 0.333019596417 0.333670873955 0.114131572531 0.116795262162 0.180457861067 0.174856952582 0.205577685444 0.207417539463 0.387412763438 0.379772224027 0.153359692493 0.166808324694 0.26901069628 0.295299745054 0.13716907897 0.121799773055 0.148566012895 0.116795262162 0.12788622508 0.207679045185 0.0995703037841 0.105052035172 0.285202090275 0.28278130058 0.290730750876 0.256972106804 0.29029482576 0.486046572625 0.489163239071 
2001181095 1.0 0.184616520175 0.178964643623 0.291661499807 0.214364572777 0.369089080488 0.214612345435 0.219589761644 0.184616520175 0.182590356437 0.529785958752 0.282027330966 0.288731381134 0.335499310614 0.338076673292 0.109754537304 0.108618835258 0.155785958405 0.151520197463 0.197055382413 0.181324718877 0.365471654931 0.370621769482 0.154415380813 0.165383308161 0.287501684826 0.292813238362 0.14592182772 0.128767407261 0.151753844783 0.130679223079 0.122130482431 0.182590356437 0.0908575423543 0.0908575423543 0.268908498074 0.261900122275 0.274192590375 0.256983937283 0.271073710637 0.468115343905 0.475772645572 
2001181128 1.0 0.165136915292 0.174545692719 0.259937622455 0.201174208889 0.373001518366 0.227511038943 0.242514560443 0.179258684846 0.19387551741 0.503789571614 0.286813895753 0.283156960429 0.337401928182 0.335491749671 0.107555210907 0.100716532468 0.162592933946 0.153696435602 0.180802383395 0.189801096764 0.367937914464 0.371742083645 0.147349731271 0.160982531754 0.246844885897 0.261004584857 0.136073308371 0.133625978667 0.131793606236 0.139726087115 0.133625978667 0.19387551741 0.0952203104621 0.0966686112386 0.269323708938 0.254535731921 0.255012965532 0.266275274968 0.278767622725 0.471408614817 0.476283931766 
2001181163 1.0 0.153979642942 0.155968270008 0.282051282051 0.211538461538 0.378693730455 0.206724557649 0.217948717949 0.180514459491 0.174377827035 0.487348148942 0.2910143452 0.290236703145 0.341191881594 0.335850946088 0.110658182703 0.104351414078 0.149648942691 0.154113016412 0.183673702332 0.160640565207 0.355581493548 0.361767975885 0.149098760892 0.152370055436 0.252860037478 0.24096084781 0.149648942691 0.137185477943 0.137035630298 0.138675049056 0.140587898714 0.174377827035 0.0924500327042 0.0835795180154 0.258405697061 0.237266096453 0.263133022459 0.287891174011 0.292984484155 0.485023908667 0.476131477044 
2001181238 1.0 0.189395012176 0.189395012176 0.250052056221 0.199044991869 0.346976288488 0.233693520216 0.233693520216 0.180816787211 0.180816787211 0.525534970686 0.298065748347 0.296313950933 0.337815211372 0.329150839108 0.107627668927 0.0931035081168 0.148310631161 0.155507659736 0.198979591837 0.197073550162 0.356997054786 0.351448777537 0.155423940936 0.146100214931 0.280658623255 0.276170787811 0.126217519152 0.127856776389 0.130077028408 0.126011112604 0.11465410742 0.180816787211 0.103308452711 0.0891033122274 0.269250506162 0.255306040882 0.274753306486 0.26852443606 0.297191140392 0.47372112414 0.476706474563 
2001181339 1.0 0.172501290594 0.177896376023 0.26631927895 0.207086090904 0.378717930835 0.235632112754 0.251722579356 0.198365454382 0.213823027442 0.503236505602 0.2790923249 0.286213961307 0.323208143908 0.331020625184 0.107970472654 0.102138862722 0.14649173513 0.150615750001 0.195879128399 0.203762955053 0.36631296956 0.361260798603 0.162791162895 0.164821456053 0.262812748686 0.27600206495 0.142248208334 0.139640206825 0.134922555274 0.138001032475 0.149331903838 0.213823027442 0.0924225185354 0.0873596997268 0.286213961307 0.26631927895 0.299424735808 0.256884891957 0.275303565563 0.462945160467 0.468881078878 
2001181370 1.0 0.175915722616 0.169129766892 0.274936799833 0.19405807529 0.387764072098 0.226360386089 0.232483935978 0.19375619581 0.193957501002 0.499795079959 0.288444102037 0.298941221076 0.334138864079 0.343639061921 0.0969787505012 0.100729049749 0.142452388281 0.145836527259 0.188860511179 0.184470236875 0.378185655788 0.362215405525 0.154288295242 0.165985600316 0.262743499142 0.266869841299 0.142452388281 0.133690578321 0.144222051019 0.138704810264 0.133690578321 0.193957501002 0.0928675952305 0.0867854095864 0.265403512392 0.256429517726 0.282842712475 0.245466206506 0.284493559445 0.475137977393 0.481501715925 
2001181412 1.0 0.169759144907 0.173024940219 0.260705534386 0.203676428774 0.362349247896 0.22085422169 0.216465952048 0.166429278139 0.195012168138 0.477780732423 0.279189157452 0.289316128422 0.323897581607 0.335013623035 0.103203137423 0.104282213755 0.144851402044 0.132028909017 0.144961765033 0.164398987305 0.363934643523 0.361686615373 0.138646215487 0.185514098034 0.236856647544 0.304557839122 0.11983783488 0.12821898747 0.148772900689 0.128965176044 0.11768327116 0.195012168138 0.0735214622094 0.0840750085852 0.254182980716 0.261685173477 0.277638254136 0.247359314394 0.299474458382 0.459907026531 0.484032583593 
2001181437 1.0 0.169683658306 0.168205978572 0.258096810425 0.174280341253 0.368577283095 0.222422080571 0.231226995127 0.177474070928 0.194048933947 0.483780361799 0.28005456024 0.281018606328 0.329476171709 0.323550659931 0.0939193118979 0.0860591342392 0.148499470937 0.147091861245 0.180726484165 0.190478171786 0.375289408725 0.35623524994 0.16445370034 0.182102594016 0.268293420979 0.284476747828 0.139245102734 0.132821964655 0.128523405612 0.1389459722 0.13713748766 0.194048933947 0.0984611563899 0.0923557420555 0.260024131359 0.245115383311 0.274426634152 0.296016660613 0.283377670643 0.502055357763 0.483823362587 
