Node
76 1.0 0.189739096642 0.189739096642 0.281663181891 0.229953087748 0.339512910041 0.274176171905 0.275198211393 0.227715926216 0.242535625036 0.563472922144 0.316556596424 0.329390649463 0.36392824732 0.375804890844 0.117216903603 0.116226519739 0.175166654942 0.170871531543 0.182643519142 0.201801838199 0.365106158334 0.347208230755 0.192761297444 0.201801838199 0.289926206368 0.317338154514 0.138168008788 0.178528368539 0.153349927995 0.174789140161 0.155276241263 0.242535625036 0.102806025304 0.110546358634 0.224796370517 0.212717814906 0.232737038411 0.279898726135 0.298070996556 0.499032985019 0.505542814872 
10 1.0 0.167594377396 0.16867021743 0.26730512699 0.199260902119 0.341472763931 0.220907819979 0.219763182693 0.186901482244 0.186897160277 0.494601640646 0.290616820338 0.293967463723 0.332356621505 0.337756975147 0.100155102297 0.10236838198 0.154812504164 0.156248941554 0.201490664851 0.202893510911 0.375188311046 0.37175127292 0.156101856646 0.159854291159 0.265612884156 0.272757650872 0.135400171669 0.128361651088 0.140602212559 0.129206501581 0.133317567961 0.186897160277 0.0984867877583 0.100072045121 0.283640967983 0.27414208379 0.29028591386 0.281693887117 0.303389617234 0.489928125962 0.496928645819 
12 1.0 0.174866087796 0.169689424622 0.265665707281 0.188595416157 0.32966166683 0.243711258791 0.24604943175 0.208256865966 0.210921688786 0.50846058253 0.27830752979 0.277709528245 0.321626966593 0.314614440331 0.0979606279267 0.0929035528396 0.146421655587 0.143001084471 0.201148242082 0.199535262812 0.348881547023 0.34370827637 0.178171881384 0.181617779588 0.283838117157 0.280869737186 0.145314311542 0.147507487189 0.13375469669 0.145961532076 0.147511124821 0.210921688786 0.0935130772492 0.0941297206341 0.266590825749 0.247973256898 0.262981320781 0.301242612858 0.276341874137 0.475219788315 0.457324607004 
18 1.0 0.181244974131 0.177259929695 0.281679364765 0.205106692273 0.369474977356 0.242340771915 0.241065280411 0.205339511927 0.205889495959 0.527648429636 0.288774303763 0.289964749164 0.333687171297 0.331585360949 0.103754888513 0.103736045534 0.159339702227 0.155142221316 0.213998062632 0.214460203012 0.372270179792 0.369060288142 0.171793344027 0.176110607386 0.285797219502 0.287378229242 0.146989642769 0.142250330792 0.146632436899 0.143342190951 0.143410620918 0.205889495959 0.101415865804 0.104791562412 0.268887789545 0.251170885864 0.269516213628 0.27432484988 0.270936700506 0.483068113904 0.481479154378 
21 1.0 0.162713931689 0.161144730704 0.258393983917 0.189884114964 0.338186643906 0.206381081293 0.208369385253 0.173792300416 0.174342037296 0.482511078444 0.256769279953 0.25605220257 0.299602402347 0.296813831254 0.0968028228034 0.095605643657 0.14394167929 0.144149406751 0.194243067016 0.19090369805 0.346919293148 0.349632347119 0.141219815582 0.140424292482 0.25593486304 0.251999164233 0.136339225719 0.112880223752 0.131274370372 0.11264482393 0.138375898711 0.174342037296 0.0928178646101 0.0921381033446 0.271690404832 0.253039490181 0.268273013324 0.292021557386 0.281385356751 0.46358978218 0.458149686186 
22 1.0 0.178283038734 0.177267218733 0.281401811547 0.206883609971 0.374355702597 0.223024515016 0.22343534647 0.179294656035 0.185468744619 0.517343694723 0.298282133123 0.297646610819 0.344989780807 0.344560109383 0.105178849719 0.105498899918 0.162508821196 0.160998283742 0.195824285211 0.197734653089 0.364941703555 0.36134711265 0.148869127788 0.154157820984 0.264340289027 0.272490356756 0.141467554959 0.132300024129 0.146926945628 0.13214099947 0.138609933853 0.185468744619 0.102439817689 0.1043312986 0.248754979912 0.234265920378 0.253950455672 0.27078159218 0.281236826394 0.490309271405 0.492730942219 
27 1.0 0.175792950465 0.175762061335 0.271558359676 0.202395408231 0.355753761165 0.233238399699 0.234216697742 0.196037845516 0.201465429831 0.508375386671 0.285689451522 0.288419233357 0.329770611932 0.333012117889 0.102672264488 0.10303294239 0.149822468504 0.148576427708 0.196111067943 0.197620831098 0.366957163597 0.366300732826 0.162694443435 0.169756912151 0.272616286339 0.28318919845 0.138540734161 0.13533653052 0.144258236705 0.136454353478 0.137423063475 0.201465429831 0.0916744704593 0.0930775594583 0.273705221888 0.260200888847 0.277934273358 0.269829094786 0.286671329913 0.4710844623 0.478978490818 
28 1.0 0.161380893024 0.161615385575 0.273296416823 0.183759839078 0.319803343924 0.225502604191 0.227056721527 0.195796045923 0.194390194887 0.507476697206 0.272738173648 0.273257047052 0.319163701357 0.318561954977 0.0950409303272 0.0925953151605 0.168680487046 0.16800454869 0.219769665253 0.216614371975 0.356296712608 0.361466448676 0.162388404338 0.158891168404 0.267625619262 0.260947437215 0.146016016036 0.135920125079 0.138173258721 0.134694255296 0.145638820238 0.194390194887 0.116357525852 0.115834170271 0.280437785229 0.266293448846 0.279088732879 0.296351122881 0.289615082347 0.481679703245 0.478453262882 
29 1.0 0.168268078741 0.169209143506 0.2554757234 0.189169920865 0.357655406643 0.231539253612 0.230646799842 0.193360486262 0.194726352068 0.481079423016 0.282332225026 0.283666594708 0.323099551701 0.324114357571 0.0964229191948 0.0957341310678 0.146108198704 0.146442091891 0.190838025628 0.188882506596 0.370705694972 0.367472465951 0.156960706037 0.163130204851 0.256869946631 0.265962638844 0.131059396484 0.134594467542 0.134031102138 0.135448950373 0.150782838627 0.194726352068 0.0943261530912 0.0930156225175 0.262001009754 0.249783965319 0.270207676762 0.27607519801 0.295331556018 0.492201398018 0.496687976806 
32 1.0 0.17427450136 0.169651376211 0.278807190997 0.198426530712 0.337227630351 0.213449675987 0.217440543084 0.184603159142 0.184603493235 0.5071360479 0.287167973008 0.285963532852 0.335150236216 0.325657139212 0.102699483765 0.0986392873106 0.160192782287 0.155810031851 0.216744982316 0.210464348063 0.348141493904 0.349534784561 0.156952267773 0.152089644282 0.283816379339 0.271090397073 0.151047107695 0.119456598926 0.136795595778 0.118963140231 0.13069849056 0.184603493235 0.102558238868 0.104570113988 0.273352449803 0.252858002293 0.26478110547 0.299302437998 0.261231615254 0.478648977656 0.454246740548 
34 1.0 0.171552440628 0.183346606724 0.259993490346 0.201879597576 0.346784431058 0.215823537658 0.213942425612 0.178540988935 0.174775914329 0.515497586094 0.254143309798 0.257141700746 0.289948894948 0.310115280441 0.0959143692673 0.108779437352 0.177568754736 0.181766013244 0.234165017905 0.232687784293 0.367493828111 0.367300976114 0.13429956854 0.134321585073 0.25196423206 0.262865146828 0.126251033861 0.108910499551 0.146590215079 0.124661181138 0.140565749544 0.174775914329 0.125702499826 0.125944175107 0.252571219958 0.252013994062 0.273243060338 0.248577510798 0.312728722825 0.473612391705 0.492819349968 
35 1.0 0.164004754247 0.161838416916 0.271002432615 0.187258470439 0.318001325284 0.220967646615 0.231568053365 0.195360361285 0.201156979539 0.486608696408 0.256426388326 0.260142833716 0.302724430581 0.306378435275 0.0952268503691 0.095550939892 0.149424383755 0.150877394903 0.2109464898 0.204035027823 0.334500481598 0.334886322732 0.162331254323 0.163354271609 0.271826386802 0.265043697562 0.143810827889 0.125651508225 0.138762031944 0.132032319549 0.150401281653 0.201156979539 0.0989226313103 0.09676876952 0.255598302847 0.238759032884 0.257014060603 0.301119188552 0.293300261726 0.467793712748 0.45553738267 
36 1.0 0.178500336708 0.175065374155 0.270811537667 0.203034493277 0.366320887396 0.248212212643 0.248590796391 0.214242643176 0.21609466092 0.515172155761 0.277427883376 0.277749248978 0.317857229979 0.317031139949 0.102869284571 0.101790005633 0.148877017607 0.145685099939 0.198467022377 0.200206703905 0.355418398084 0.353897846117 0.1833634674 0.186603946895 0.291901006394 0.29224799596 0.142995156811 0.147033797836 0.142348146237 0.14737201482 0.144961976041 0.21609466092 0.0932411350249 0.0956962817925 0.266974735226 0.249032089617 0.269352667282 0.274274483301 0.269438074296 0.457893915575 0.454792704243 
37 1.0 0.169770059601 0.169581915636 0.276122314711 0.193373123743 0.349877917959 0.245557135203 0.242650063146 0.214462427641 0.213416023869 0.525998793561 0.263608841936 0.264710754633 0.304944988612 0.304672299547 0.0980043674995 0.0968234096393 0.147251777421 0.144843868149 0.215275709712 0.21391724639 0.366731400559 0.366051865561 0.182665374907 0.183168627919 0.284635249427 0.286871862445 0.146957239517 0.148989010196 0.146289091022 0.147604774869 0.145355288906 0.213416023869 0.0965054775664 0.0968678888759 0.293124167029 0.274739104699 0.294249857113 0.281312781665 0.279769189072 0.455809226381 0.450440254739 
39 1.0 0.184319301159 0.182851676364 0.28193259961 0.206928665495 0.346149368111 0.247745959014 0.241838857946 0.20426750247 0.2017445171 0.541514618898 0.285541418147 0.284903979237 0.334787111314 0.327754266594 0.107191448213 0.102812138009 0.156965237707 0.150064841214 0.212906327643 0.211211502046 0.363283672789 0.362598151695 0.170162529199 0.167992506964 0.28617437915 0.284971613298 0.150944351193 0.144558536885 0.142204824319 0.138023439363 0.138339324699 0.2017445171 0.0944877827139 0.0968155936863 0.269876586342 0.252437112757 0.270095329288 0.293559866264 0.279033981651 0.488201223938 0.477988012962 
47 1.0 0.166661390049 0.170454497058 0.287145539369 0.194230812024 0.332976484819 0.223387159695 0.227585575962 0.193049094596 0.199629374741 0.520372604648 0.268093798275 0.268469135879 0.314707127898 0.316676450911 0.0991232251225 0.0982514424991 0.169718604226 0.16905355678 0.222111584833 0.219258918671 0.337361330879 0.345190727674 0.166647840772 0.178311624534 0.276943572096 0.295344179013 0.142133352313 0.128673717969 0.15861813549 0.133183469519 0.130461211541 0.199629374741 0.118041233564 0.116382817962 0.260912387235 0.243933973371 0.26216080383 0.279451492417 0.287427207224 0.453460409867 0.461610168055 
51 1.0 0.172124665321 0.169113627525 0.28299753581 0.188767270325 0.350097233265 0.226263175019 0.225511918381 0.197779646467 0.199348468671 0.502380372586 0.300869813041 0.29239770636 0.340945965044 0.329062316773 0.0945790011479 0.0956219802291 0.166572617789 0.165142685663 0.226108041941 0.23058464156 0.379512244791 0.373052018196 0.161156122415 0.165774166605 0.279902714443 0.280157244957 0.151071185548 0.126009396231 0.144082251952 0.12263247399 0.147085537825 0.199348468671 0.117693291788 0.12378629176 0.281062327649 0.265815370825 0.27868881035 0.291266922602 0.272895566219 0.498735616665 0.478394409933 
52 1.0 0.177168021159 0.168545819375 0.277728187078 0.19677358888 0.347933655338 0.236242281685 0.229666512503 0.196499964214 0.19109096683 0.508714769394 0.288792849848 0.286546364467 0.331493521776 0.326722893205 0.0996986814823 0.0990403118603 0.154345429524 0.143525655943 0.192809250112 0.191447956603 0.340361608765 0.333245479912 0.169223338779 0.164192693828 0.277834432595 0.264399036528 0.148183969366 0.139975888544 0.14051491667 0.138884463258 0.150993985108 0.19109096683 0.0929678799713 0.0988922598011 0.253424182634 0.23196694763 0.247452741642 0.300900956551 0.269150408338 0.485256192095 0.450385012157 
57 1.0 0.192817647401 0.18913289413 0.262249174234 0.174959448965 0.340266913654 0.236574192317 0.222997542412 0.203702361068 0.185374912366 0.482427168574 0.302186005732 0.300200095902 0.341814449165 0.331502603845 0.089304142537 0.0873119779725 0.138518824768 0.133605542487 0.19945506546 0.200686100329 0.359605348619 0.348070573898 0.176095344276 0.163883371425 0.302186005732 0.282404494905 0.143427339667 0.130407073731 0.130407073731 0.126295129552 0.135695977782 0.185374912366 0.0873119779725 0.0866377441142 0.255223162793 0.242353507027 0.257829181161 0.304967628231 0.298751075172 0.507612346791 0.500422039934 
61 1.0 0.180841374739 0.176477454623 0.26145035947 0.194650840045 0.356118557444 0.219506832443 0.221001576242 0.17924859643 0.177095957729 0.509964810691 0.294371775294 0.29145187907 0.340816258549 0.33224742893 0.10108007758 0.0977510083026 0.155098323265 0.147934661022 0.198588801273 0.194214484886 0.367899852229 0.374265419769 0.145104478721 0.142500317653 0.269029003611 0.254369567193 0.140763540046 0.127232403118 0.128104015926 0.128638789838 0.13704827103 0.177095957729 0.0950668718712 0.0983948526942 0.279846158769 0.260405863591 0.26509080544 0.300544821394 0.253501877743 0.499551374374 0.476005621638 
65 1.0 0.180748510159 0.186485136201 0.26620225524 0.212099452942 0.377865494169 0.218238723937 0.22943956628 0.175430413044 0.181504702203 0.513477747588 0.294840796912 0.295433595682 0.342518284341 0.343060622482 0.109394553579 0.107580864211 0.153865790956 0.155236725988 0.183405740134 0.18237857403 0.392965439178 0.391388302596 0.141401390862 0.151561855629 0.264014812394 0.276723684454 0.132182016167 0.123647918608 0.139989767592 0.129011170228 0.139240884856 0.181504702203 0.0922796644677 0.089513985751 0.271389387636 0.264196161003 0.279117124192 0.268826705464 0.282600220769 0.503658957635 0.503792179757 
74 1.0 0.179244726423 0.180188942557 0.273051753673 0.226834270498 0.434187196845 0.229152608623 0.233716344308 0.193896448459 0.195089699949 0.514138356597 0.27792275527 0.278726191894 0.327974949722 0.327899336091 0.116907228311 0.114014298489 0.155880778344 0.157960227142 0.196321898019 0.19528523282 0.405797389934 0.407028958115 0.160560489301 0.162830293847 0.277024367196 0.275924203848 0.142644517269 0.133978638899 0.140446213081 0.138652105045 0.140962130772 0.195089699949 0.0944062090765 0.0929011635185 0.267458322586 0.251535881767 0.270760138875 0.239447954851 0.245675427756 0.485950056128 0.485825110712 
81 1.0 0.18382959015 0.168866544897 0.270335878835 0.191022392622 0.358642182172 0.261325534892 0.25091957961 0.223650569059 0.21460864151 0.514027722746 0.289738456273 0.283166178338 0.33319132068 0.309986589109 0.101773534695 0.0898970965098 0.15165221534 0.142969029152 0.19820982143 0.194914087895 0.351821154543 0.339724802369 0.182476473276 0.176886983023 0.290859638172 0.267864451048 0.149401394802 0.165000613474 0.129285711659 0.154415862078 0.166138174317 0.21460864151 0.0990357614607 0.103267013555 0.281922045048 0.260118158788 0.272672783079 0.317339224001 0.249934878728 0.488612044007 0.444298544083 
89 1.0 0.171636475743 0.171814860834 0.271404468437 0.20280314933 0.36582132123 0.227575259241 0.226632291366 0.19617622678 0.199399644179 0.503848330342 0.252294340006 0.254098514806 0.296257452616 0.2990922407 0.101907610622 0.103155770358 0.144556760723 0.146289098543 0.204391559059 0.205328540623 0.365459451686 0.362623904378 0.162863504332 0.16679572044 0.276628353387 0.283567225918 0.140121934948 0.125476174939 0.145537559183 0.126052629939 0.138823601414 0.199399644179 0.0913496796784 0.0912358763596 0.272185684625 0.256540718917 0.27766676116 0.265510267925 0.280420325186 0.452961008664 0.456608098988 
91 1.0 0.175344115971 0.171290018696 0.278135084144 0.190359139831 0.331069902364 0.225338713921 0.22637274358 0.188050169949 0.193418333917 0.507958848343 0.280338380695 0.278701978045 0.321976679662 0.321881066794 0.0955814271414 0.0973263051678 0.149157900655 0.148580967454 0.204554159998 0.205609565191 0.346069430001 0.34060955116 0.164092336961 0.169303163117 0.274968830981 0.277806322189 0.143689589883 0.138484396762 0.144027410717 0.139304790675 0.132194531189 0.193418333917 0.0963223616652 0.0988375219974 0.257634285635 0.243660365192 0.259239178508 0.292899214381 0.296436657979 0.486381861719 0.478059667991 
92 1.0 0.168394595349 0.168377846379 0.267362276531 0.193737118707 0.339839808515 0.238160718301 0.241437934825 0.197330617963 0.19786409265 0.522435907674 0.265668103459 0.265665666947 0.309455367096 0.310325871125 0.0985383487377 0.0982060733754 0.144000225585 0.145414313528 0.19170025607 0.189124973709 0.349663565392 0.351364194109 0.161679244606 0.164858608367 0.258800491631 0.260889210481 0.138862549223 0.145834523159 0.139770801908 0.148030017356 0.143236832008 0.19786409265 0.0903908777403 0.0892373859432 0.265752290909 0.250083294498 0.267818956086 0.28101258978 0.283599055485 0.46138742635 0.458820831171 
98 1.0 0.181801325391 0.182067181725 0.27830538769 0.204741927953 0.35225133201 0.21585844089 0.225216120748 0.179570549799 0.184966383105 0.528376998015 0.295119158886 0.284436576637 0.340379754689 0.329011276352 0.10284236001 0.104706723761 0.144774405649 0.144774405649 0.219340850901 0.215484659759 0.364222906761 0.363158962209 0.147313532729 0.14241654153 0.279346217622 0.266648662275 0.145994280493 0.121525621655 0.139210613803 0.129490164973 0.141051495253 0.184966383105 0.0866788364525 0.0887013083031 0.263057065547 0.238565405826 0.241587466693 0.30437075764 0.283812375916 0.50618514142 0.497543300368 
99 1.0 0.166356560556 0.162575279163 0.281181585368 0.217507892221 0.371548436961 0.221656739065 0.21536634454 0.199017935624 0.192138140436 0.48094813648 0.293591929849 0.288457721905 0.347640676141 0.339785797131 0.112097482273 0.11083468684 0.150817425338 0.149211728268 0.183658734333 0.183003429857 0.371428080049 0.374852192751 0.1647832807 0.1632767155 0.2762264948 0.269145695394 0.150442708689 0.133178480384 0.13994889734 0.130383156362 0.147078656457 0.192138140436 0.0804248882745 0.0830768396618 0.275641634068 0.253290966221 0.266409584756 0.286982848193 0.256196162993 0.486787233919 0.467682332173 
101 1.0 0.168867919642 0.169895933045 0.267533046789 0.201533278887 0.373365571993 0.224751416886 0.228381136671 0.188541839277 0.192758452946 0.515520225793 0.258241520232 0.258306417547 0.304277360311 0.301866260633 0.102789615651 0.101321790425 0.150111503903 0.150563538367 0.201211638413 0.197200493201 0.391213754951 0.389918261596 0.155010933217 0.160876371822 0.267775444045 0.271943873676 0.140124793878 0.126548726519 0.140447755546 0.127773104268 0.135453408312 0.192758452946 0.0968460870934 0.0947836317659 0.306413045005 0.292977954107 0.30829454688 0.270649566348 0.274964905797 0.469194286185 0.465564174353 
105 1.0 0.186158843361 0.179320796388 0.288684753733 0.213584005232 0.357944072001 0.230685055436 0.238985972883 0.184450515502 0.182269743092 0.554284153684 0.301058888783 0.298948507155 0.352692315449 0.361418214296 0.10783995942 0.113412429684 0.164086436207 0.16780131378 0.186516497569 0.194046683288 0.36930728494 0.386113505057 0.147171487901 0.148411560656 0.27137081511 0.251486748766 0.152836122606 0.135254951971 0.142804769759 0.151081847879 0.139021189163 0.182269743092 0.0955525504807 0.103262346942 0.282146766301 0.266100977244 0.263774160468 0.293265519814 0.244158682375 0.482758374466 0.465397108404 
106 1.0 0.163209073972 0.165364456434 0.273488055915 0.208750993964 0.376734554191 0.219784742888 0.217467784323 0.178456461815 0.181950602126 0.503369838376 0.274085057179 0.278589064435 0.319964802988 0.328991890214 0.104971503212 0.107790959141 0.145294370947 0.147457041213 0.174679335644 0.17633258139 0.364518255666 0.365229837843 0.142853054134 0.153668525426 0.247490719677 0.265538473424 0.135202734607 0.12427523193 0.147291868909 0.125133703875 0.133565781642 0.181950602126 0.0850724930351 0.0851987594308 0.254080422634 0.242881546613 0.266784585961 0.247099185818 0.288705204213 0.456481402993 0.477011803491 
113 1.0 0.178192980068 0.171026955117 0.297322489908 0.205311510019 0.337125128699 0.229810565677 0.234014766034 0.187524035098 0.197895916383 0.542334957341 0.298413585281 0.285101928481 0.342101414423 0.331682566771 0.104031635426 0.103247663173 0.14920679264 0.145121183675 0.184201667954 0.1983060638 0.339239389112 0.344704063157 0.164142322605 0.170074151296 0.268002870678 0.268002870678 0.154871494759 0.167668455129 0.148003933356 0.16204998288 0.138004140657 0.197895916383 0.0919242262707 0.0969152745664 0.268002870678 0.240521171372 0.262612865719 0.326348431549 0.279518489513 0.495027108236 0.46768220027 
126 1.0 0.164998437661 0.163860955632 0.258425249168 0.18581692425 0.342436723974 0.236025274056 0.239258350715 0.206484492772 0.207753525648 0.495891759813 0.23879004843 0.239239121359 0.277359931402 0.279840167304 0.0929035949455 0.0946452966169 0.133483455881 0.134072018969 0.194925305234 0.192970582257 0.33728777862 0.340370447076 0.171313040549 0.176800073857 0.275899001788 0.279958682455 0.136904136351 0.130672534434 0.138564178437 0.13296954999 0.142211495189 0.207753525648 0.0864633372014 0.0858648277386 0.27060313609 0.252443286044 0.272343486068 0.279068388245 0.286990822397 0.428371537066 0.431622948013 
128 1.0 0.162740962815 0.166922660464 0.275071739042 0.186382628278 0.346834238906 0.22182833563 0.224503874752 0.200650431897 0.207772561071 0.487132354193 0.258388067249 0.265032020341 0.301770744452 0.30952531951 0.0904997183998 0.0985687934598 0.140003927579 0.149957632227 0.209341082907 0.207383569716 0.342262714149 0.344644766074 0.166447951494 0.170685757746 0.277436981518 0.28654737182 0.143287634105 0.117722877349 0.147189283649 0.129392953037 0.126967333698 0.207772561071 0.0919474038138 0.0917277096963 0.273924971299 0.264224840647 0.28946708206 0.265879397464 0.296673714068 0.444814312091 0.455670356407 
135 1.0 0.178256563622 0.180654705749 0.273974097163 0.195022026625 0.341057505279 0.21747985219 0.218676651881 0.186265168724 0.191938564332 0.508399155508 0.256247046183 0.260216321965 0.301281530024 0.302734535497 0.098106291077 0.0992909823068 0.143910910509 0.143601225329 0.207252261613 0.205710116515 0.336057342924 0.333867448092 0.153229758707 0.155856844015 0.279174320096 0.28821054992 0.14149208432 0.114187386031 0.146724134683 0.111261783752 0.127292771632 0.191938564332 0.0913967046341 0.0916373684903 0.259916354258 0.24382400988 0.268537011665 0.26355327679 0.281654191953 0.431342511098 0.437792190885 
136 1.0 0.178308406698 0.162632179193 0.282707014651 0.204177288359 0.340657732676 0.228081955991 0.225361920178 0.192072573192 0.189197072944 0.518296193526 0.297815351903 0.294343922181 0.355885922227 0.343182790721 0.107928785417 0.102857621418 0.148262052761 0.151824137498 0.180295617042 0.187084700639 0.365273452471 0.353916593159 0.153975236009 0.157495124579 0.263071327265 0.248332799112 0.149916609226 0.152184765411 0.139695630298 0.152903469599 0.152903469599 0.189197072944 0.0871330084533 0.0890003564641 0.267565066519 0.246115497587 0.252871680128 0.296939761352 0.259029085002 0.48530551941 0.463938723726 
137 1.0 0.179108591804 0.178847055634 0.296123601019 0.206766485356 0.391196619131 0.243370517781 0.243370517781 0.201879142105 0.207294047867 0.553066318755 0.270975998728 0.272812367042 0.309872909689 0.30764939629 0.106285531171 0.100552382932 0.150310439667 0.150102684986 0.214907078223 0.212717814906 0.382688259893 0.355462466793 0.182645389841 0.187784215339 0.296070905298 0.302122310442 0.157310045147 0.145671408146 0.153697853316 0.142750110362 0.12738595106 0.207294047867 0.107453539111 0.102701837096 0.280204548249 0.274238473816 0.295173638704 0.25193896236 0.276504946026 0.462310167761 0.462175147265 
141 1.0 0.167764032543 0.169003761053 0.261549616299 0.195487310763 0.34123156135 0.22576783058 0.229842883709 0.194086943291 0.199513818876 0.494696568307 0.256976845973 0.262031487227 0.2972047209 0.304619082481 0.0981493436148 0.0996068092964 0.145305072938 0.147236778978 0.200775492217 0.200823479468 0.350856457233 0.348650451282 0.159657492353 0.166441899266 0.268743883202 0.27880637974 0.13340683448 0.124961528989 0.141242508199 0.12908513696 0.137392570074 0.199513818876 0.0941084508555 0.0932977823323 0.273183292039 0.258379933055 0.280870344492 0.274064468212 0.300700985781 0.448691016461 0.458689383444 
145 1.0 0.171749611223 0.166265956433 0.268961692667 0.198565237371 0.352963327137 0.216710539446 0.217975323844 0.18374484772 0.185048026152 0.494175924838 0.269284591552 0.268229011402 0.315893265383 0.307976040697 0.102360799894 0.0987507525469 0.150545661139 0.147173659842 0.200933936671 0.196938692657 0.355019326219 0.354818466894 0.151397290859 0.151416190383 0.269838855058 0.262341840413 0.145163085714 0.124177123011 0.133077494642 0.121550473169 0.142406081967 0.185048026152 0.0942437851368 0.0956326552311 0.272067570318 0.25089769169 0.266408331328 0.296111802824 0.271169768614 0.479211630839 0.467496215273 
