Leaf
2001150301 1.0 0.169627037182 0.163905608817 0.25670099772 0.202111815582 0.354973690839 0.227578551576 0.244505486222 0.193520171176 0.212046979516 0.491565207062 0.262160275439 0.266670890697 0.297182989323 0.312919763995 0.0996445468687 0.104322467817 0.151817266207 0.158354138425 0.200779683645 0.200779683645 0.36171350941 0.359646794349 0.169363162969 0.189943355094 0.272641874529 0.283997851494 0.127826735854 0.129449261629 0.145088760436 0.151719034384 0.139856720255 0.212046979516 0.100241226135 0.102593246378 0.249275890923 0.240323494388 0.264143147482 0.249036547718 0.290690837248 0.462210191446 0.475062415276 
2001120130 1.0 0.185113551296 0.175452128664 0.26192584287 0.186357543669 0.36089214384 0.231986457535 0.202360589166 0.178664333656 0.175452128664 0.51481672238 0.203062014456 0.191994626447 0.237588242342 0.253091225631 0.0868095742154 0.101355802598 0.15270442264 0.130759193666 0.202799264273 0.227030233985 0.348923309889 0.367963873498 0.141717642627 0.163713829943 0.247049991458 0.278373533686 0.130214361323 0.119242120704 0.158753318824 0.124063389952 0.137257988615 0.175452128664 0.0830425278078 0.102575950783 0.281421509944 0.269022486516 0.269022486516 0.250408453478 0.277670326944 0.392639878542 0.440147203379 
2001120122 1.0 0.162473930358 0.157951504253 0.27047257904 0.211834386989 0.380987600513 0.235175105044 0.220876387277 0.20994476016 0.205291666948 0.492646076799 0.246506811302 0.253701019354 0.287987575038 0.290783433906 0.104250911874 0.108117572538 0.128623075942 0.145868514339 0.20669859375 0.222238993584 0.391955085174 0.346424105208 0.171442659325 0.169245040072 0.279820875304 0.285079599364 0.147842022495 0.129837850442 0.1369003209 0.116504248622 0.153059211837 0.205291666948 0.0836898143502 0.0858269195155 0.287987575038 0.285418274386 0.314562239066 0.285079599364 0.280122801577 0.462818737123 0.431799619877 
2001150137 1.0 0.171247197599 0.16572309445 0.28730647518 0.209915919637 0.370279772823 0.230229880741 0.232340915219 0.206397526556 0.211725261145 0.513860376981 0.25703409163 0.262496639617 0.296711711072 0.301557345241 0.105103230421 0.105103230421 0.14863841391 0.140620708662 0.208237441058 0.200243976913 0.3941129183 0.385462085327 0.180613676031 0.192711250002 0.294181184686 0.306425940288 0.151988146591 0.136435283237 0.150271852119 0.138543802129 0.140620708662 0.211725261145 0.0914401775623 0.0995871857615 0.311365425892 0.292985849427 0.313903242499 0.26515695112 0.276426033228 0.460923433948 0.457834522958 
2001150228 1.0 0.166210255866 0.165369743497 0.283863165036 0.224365019733 0.395850274056 0.242856484171 0.244001364927 0.209178018211 0.215413708171 0.520240052854 0.254415800232 0.245495918398 0.300959390296 0.296586866496 0.113532992841 0.11276326876 0.15859512121 0.154477954496 0.205904820205 0.209344494973 0.380183217503 0.386363985666 0.166628922162 0.17922008746 0.267237964358 0.281150248911 0.147557481146 0.135881132926 0.153459780392 0.142879536404 0.14409348801 0.215413708171 0.0900946878471 0.095171715655 0.301653112439 0.284292378404 0.297056335514 0.272530319007 0.230265328657 0.463433863489 0.442475656389 
2001180236 1.0 0.159862747071 0.165436034932 0.260073528086 0.201105653123 0.367277775299 0.219666246575 0.221955732021 0.191241890565 0.197960453424 0.496869777749 0.253625823123 0.248066225797 0.304820303351 0.289569505595 0.106938036601 0.0973822346757 0.162887445563 0.157223840969 0.229675541132 0.221877177522 0.3750276005 0.37776016253 0.153521297504 0.153180264952 0.26701886186 0.269552982554 0.140352291668 0.113424916271 0.136319783843 0.111409001848 0.147616632216 0.197960453424 0.103120546023 0.0952098669487 0.30396124959 0.283669854884 0.30396124959 0.289388844557 0.26597223809 0.469485874402 0.443832916495 
2001181225 1.0 0.16747421453 0.16747421453 0.272063105844 0.204076662483 0.345880512277 0.201919913304 0.193618254455 0.17388701644 0.163840219293 0.512879674259 0.194675322844 0.199191140395 0.245913376969 0.258446054553 0.101567951181 0.10579074387 0.140752235085 0.148140293595 0.187150504301 0.191914834945 0.38617510031 0.376996214633 0.149610704755 0.153848784932 0.285414106526 0.287753409886 0.137307932497 0.0889272655485 0.14887731453 0.0943034752124 0.117552455666 0.163840219293 0.0870614510842 0.0845096436753 0.332488554186 0.32972000626 0.339210289045 0.272465120257 0.307029870914 0.436468620895 0.451960960493 
2001181348 1.0 0.177853583873 0.177766804857 0.272432068952 0.216724502392 0.377795305265 0.222000087855 0.220325644683 0.193238373528 0.19155417214 0.511351214127 0.217789843085 0.213713297802 0.26601291093 0.265024984091 0.106856648901 0.111658392398 0.149475485037 0.141630688568 0.204262683924 0.206441747921 0.353487919763 0.360532873118 0.149061997426 0.146661822441 0.275809454968 0.27356249733 0.14053699893 0.111104253036 0.149578678343 0.109987599036 0.13754060347 0.19155417214 0.0820217318655 0.087835624331 0.308701922457 0.277982752283 0.295681379341 0.283370302876 0.255600157596 0.436181486991 0.432379726768 
2001181424 1.0 0.171327902156 0.172182410709 0.251864318326 0.211612886418 0.388720990364 0.223384254362 0.233031140849 0.195343863672 0.208429388725 0.508561449311 0.234774105605 0.229576547612 0.286060025545 0.270772775031 0.110886204289 0.103429342595 0.161731281059 0.149469343899 0.201911869035 0.199474211838 0.391063208187 0.381992496662 0.150772880297 0.160821250998 0.271314260957 0.276493958411 0.142773251796 0.122219240739 0.127700278554 0.118836756728 0.141395985661 0.208429388725 0.0950488194199 0.0999004755715 0.304023227661 0.285603607184 0.298829566171 0.280359556121 0.275074818373 0.452570940245 0.441665771812 
