Leaf
2001110081 1.0 0.168253159815 0.173070540225 0.272268063868 0.198997211993 0.335078104711 0.232528725348 0.232528725348 0.189184110245 0.195594112201 0.513052434715 0.275420404134 0.274023841111 0.325452653977 0.316271093792 0.101644467129 0.100696396753 0.14806692657 0.137011920556 0.183820780854 0.187656940805 0.347444966769 0.332574270475 0.157484333916 0.17051820813 0.249746377243 0.271512112208 0.144791739574 0.156173761889 0.13590737258 0.148159439497 0.148251894695 0.195594112201 0.0799081412881 0.0900655952914 0.255871045213 0.240864889026 0.258587770338 0.297794947302 0.295856097393 0.470127065149 0.463079164898 
2001180119 1.0 0.168760184878 0.168190368333 0.288111089686 0.2 0.376085096753 0.237453153274 0.248515593072 0.188297636735 0.202543822419 0.552 0.276202824026 0.267013108292 0.32199378876 0.314858698466 0.0973242004848 0.105223571504 0.153674981698 0.15879546593 0.200479425378 0.186075253594 0.342414952945 0.326533306111 0.151789327688 0.157175061635 0.251077677224 0.252982212813 0.147512711317 0.147512711317 0.149452333538 0.152839785396 0.142435950518 0.202543822419 0.100239712689 0.0966643677888 0.261197243477 0.248515593072 0.275855034393 0.267013108292 0.257992247946 0.447785663013 0.429920922961 
2001180237 1.0 0.16553024812 0.165662619391 0.29133323669 0.192129212695 0.364166545863 0.238731118894 0.238731118894 0.201376238179 0.207910208927 0.556181633682 0.262353694014 0.257121283967 0.302263853428 0.302263853428 0.0995386111827 0.0936380487495 0.145214470483 0.145817022741 0.216484202444 0.22257510099 0.352482272944 0.369188120717 0.167504833827 0.16553024812 0.270174574572 0.268873304758 0.152862501362 0.145817022741 0.152862501362 0.150113211698 0.140768853914 0.207910208927 0.101068383099 0.0977609929841 0.271792400855 0.245788730328 0.257632290667 0.286630334589 0.258312060425 0.454168669311 0.445002450624 
2001180280 1.0 0.171786471158 0.171786471158 0.256543296759 0.196574016713 0.341974672171 0.241888117138 0.23946006955 0.192822259262 0.182707500337 0.521348479109 0.257679706736 0.267144082014 0.298523270735 0.313443608236 0.0955549704306 0.103975048982 0.145544994787 0.151206494386 0.179684001498 0.184101474226 0.363108887636 0.363611460732 0.178460259667 0.159665464732 0.27027027027 0.253680000654 0.135135135135 0.149506126334 0.132680407661 0.147042924419 0.151206494386 0.182707500337 0.0879936248438 0.0924466560891 0.271483762245 0.256543296759 0.2638424835 0.283204041026 0.284105351914 0.465383117776 0.477468978337 
2001180319 1.0 0.167700432055 0.167585529382 0.254557412103 0.217329152555 0.31034357293 0.239508041971 0.244601141413 0.203316494153 0.200165590039 0.521524964238 0.266967635888 0.268693737722 0.312385125475 0.319216689708 0.108398349884 0.113264775416 0.140445468746 0.150252449018 0.180746825149 0.173126101643 0.358604650733 0.369191476321 0.167125128706 0.17167358206 0.261941741869 0.264648654835 0.135560118862 0.151529043318 0.13152124822 0.151529043318 0.140719508946 0.200165590039 0.0794867381503 0.0723839377851 0.248041991457 0.235942770653 0.258685842265 0.266606624721 0.316793757602 0.455645245836 0.478573537599 
2001180399 1.0 0.159002399389 0.159441512071 0.259344476651 0.179881351642 0.354949738382 0.230392091234 0.22709099915 0.188757482641 0.192498523124 0.486785984934 0.263463435933 0.266314054983 0.312191341541 0.315266753435 0.0923569074902 0.0937096437364 0.13093317524 0.127360119983 0.17980359873 0.168730406092 0.343212932507 0.347786338743 0.165635707249 0.162223689502 0.253895455589 0.252293226942 0.132208528478 0.145212878943 0.134826773315 0.149670331579 0.142098031467 0.192498523124 0.0734679830725 0.075161449592 0.267623503605 0.243321167579 0.264046613585 0.273872766945 0.291435101584 0.456209469446 0.464230815157 
2001180420 1.0 0.166736077373 0.161088739229 0.261074853233 0.216707783821 0.349995481826 0.246046213625 0.251503547437 0.216921254026 0.219185333672 0.505485354131 0.256062895325 0.251503547437 0.30343564317 0.310521871832 0.107854398146 0.114514808093 0.141401718473 0.15730928921 0.186726693249 0.182717782108 0.341065553807 0.348670573038 0.183223692948 0.181956278429 0.272411052986 0.267553832965 0.135267832571 0.157211185497 0.140526157619 0.163371101921 0.143352179142 0.219185333672 0.0867685016105 0.0789483157372 0.27629118701 0.24996528501 0.274386094249 0.287671323451 0.312848281652 0.459706630428 0.467823640843 
2001180438 1.0 0.17654813931 0.17546056342 0.271176048342 0.197770311694 0.356020614486 0.233500005038 0.231854652739 0.182326469439 0.186307488149 0.525411065135 0.250123593632 0.25259855437 0.300634730241 0.30068778499 0.104149052055 0.0975043507788 0.14826050459 0.147829513839 0.186991187651 0.192124408038 0.371328466612 0.374877020298 0.14826050459 0.152084469146 0.250187360005 0.253858405349 0.139730616112 0.140300250011 0.141206884647 0.144003332054 0.147829513839 0.186307488149 0.0910757039889 0.0910757039889 0.260066128994 0.2374963794 0.25784856586 0.298076997293 0.278832650801 0.4840740067 0.479338620227 
2001181017 1.0 0.161950193017 0.156494337858 0.260175478577 0.173407507667 0.283232262523 0.243869025443 0.242081407696 0.205259933973 0.192144421683 0.520222523001 0.264189687748 0.268952503952 0.307659215882 0.310469934702 0.0884208265398 0.0884208265398 0.136418804461 0.143578437767 0.175514136643 0.177313357447 0.339266715791 0.346429450996 0.166828076424 0.166828076424 0.255510599693 0.247405514909 0.142761650104 0.143578437767 0.135312189301 0.144506256389 0.13104733729 0.192144421683 0.0932037348202 0.0880421488831 0.266268217747 0.254396687427 0.263683334264 0.297556593769 0.283762605308 0.458064318788 0.441423448488 
2001181018 1.0 0.156954444993 0.156846905107 0.267283788564 0.186255345944 0.319977895501 0.231346951437 0.235252427519 0.202904699 0.199635208776 0.50552910904 0.245706904051 0.25520597848 0.293749782355 0.299044022915 0.0958068676754 0.0936696426665 0.149916454985 0.14810470922 0.189933268568 0.189221238813 0.345680716017 0.343722723966 0.156416006202 0.15802581883 0.256195792067 0.253281370756 0.143710301513 0.137100736269 0.134114518276 0.137100736269 0.148786699209 0.199635208776 0.0909274960431 0.0938496037213 0.286067197232 0.267473105402 0.2807686467 0.297686781313 0.290689504594 0.451920090985 0.448660063519 
2001181073 1.0 0.164999441029 0.16472543125 0.2581600073 0.19763699672 0.334935665936 0.234438909246 0.234888087806 0.190498596857 0.193323277115 0.527285896934 0.263642948467 0.262612865719 0.295527062283 0.302227836924 0.0993882810854 0.0989327174292 0.152576625216 0.155412319356 0.191680605697 0.190893413025 0.346123149694 0.354844715153 0.156185519748 0.157146670479 0.254221991497 0.253688347078 0.129167466113 0.143104310025 0.137194994428 0.151785042053 0.139911990751 0.193323277115 0.105559936366 0.105987018096 0.265464337645 0.252975070089 0.263013932837 0.26620071725 0.291060401301 0.442984770281 0.453399878786 
2001181098 1.0 0.172009749824 0.175467578058 0.282135597941 0.177805831819 0.331400294993 0.25010792549 0.257650557072 0.206709809379 0.205434373081 0.521745796417 0.288452849476 0.291173551893 0.326204447845 0.326664538974 0.0921179310066 0.0866572600502 0.130274427367 0.138922156076 0.192312746699 0.183623441941 0.343364015725 0.329126509685 0.168257963592 0.174394371795 0.253685336126 0.260692923783 0.141466484077 0.160842037659 0.15021980416 0.163159765722 0.144616402263 0.205434373081 0.0904728356146 0.0822102952644 0.263984812207 0.258523458129 0.280600971743 0.270517817547 0.294634684171 0.472301942374 0.470828918862 
2001181115 1.0 0.160135270138 0.167195433974 0.246661185368 0.19332903718 0.333392584693 0.245939424683 0.248098407642 0.201765462378 0.203956248233 0.506699264559 0.280707139085 0.281970880484 0.314459049834 0.322207399211 0.0942788090968 0.100882731189 0.131990332736 0.13678552388 0.183420143938 0.184868220181 0.343180045228 0.349022647033 0.16343171052 0.177133800478 0.246751257011 0.273652262263 0.118131009207 0.149811371257 0.137433800137 0.152166114709 0.141418213645 0.203956248233 0.0777442976327 0.0813752291199 0.268322194651 0.260335870686 0.283620995864 0.264148966837 0.300659246325 0.439029599256 0.462350815902 
2001181116 1.0 0.180026567828 0.174052690532 0.25753618072 0.185615431978 0.377408493037 0.235959851649 0.234206045922 0.184452902179 0.191696559894 0.520920728456 0.260855795881 0.253254725049 0.307939375557 0.294854837964 0.0974709779692 0.0915925848079 0.143951536836 0.131863092236 0.190194506896 0.186001327264 0.357103674656 0.351283555315 0.153940579226 0.176100439689 0.255790152583 0.275689557964 0.138234355206 0.144200372868 0.134554453182 0.139653503846 0.143951536836 0.191696559894 0.0863543170988 0.0898139186992 0.254384701547 0.240176442987 0.259062951296 0.259960919158 0.250120968833 0.457336221147 0.441054524204 
2001181261 1.0 0.177709230338 0.179092202405 0.266795137391 0.188897707425 0.33435976635 0.24027740329 0.246674098813 0.204799768697 0.195319164304 0.528041726348 0.264764482707 0.268638303607 0.310445249426 0.315764178132 0.0958667798339 0.0969861963487 0.14534673933 0.142236784999 0.203742925387 0.191250399993 0.363822760106 0.368246171559 0.160281171604 0.158052917561 0.266621687289 0.261069504241 0.135234454739 0.142236784999 0.142777816945 0.1466143221 0.145770491655 0.195319164304 0.0919253493521 0.0878071764226 0.275776048056 0.261541601379 0.277281660963 0.283169635388 0.289737072737 0.487183461871 0.474418850756 
2001181270 1.0 0.157073754622 0.162883473967 0.279293029734 0.186124750111 0.319745826459 0.232324308437 0.233846812007 0.194992746405 0.188291163507 0.535131847644 0.277167249989 0.271437871931 0.317198855981 0.306799604018 0.0937408460674 0.0931984643921 0.148899800089 0.144405846603 0.2151017378 0.207748378914 0.331015781926 0.322482344916 0.149013247572 0.150928808399 0.24835541262 0.246716986294 0.148217291682 0.144405846603 0.139767473326 0.140009076745 0.140009076745 0.188291163507 0.101529468961 0.103996131416 0.254803786436 0.244238739453 0.262641710013 0.279353528604 0.266791125028 0.456318209107 0.440336432884 
2001181310 1.0 0.169605924186 0.171218695089 0.273011954199 0.206174611057 0.352404928679 0.245147863897 0.249077597699 0.203040395431 0.208735884554 0.51582740025 0.264766890115 0.266972170391 0.314607072435 0.312503435431 0.109633457642 0.099836797456 0.15409682558 0.155045122688 0.183811064368 0.181705714118 0.340828435042 0.354685219656 0.16299534166 0.170897358499 0.260370665743 0.271058716664 0.143889933954 0.137242224532 0.143889933954 0.141190552986 0.149877495262 0.208735884554 0.0976096742288 0.0924025911478 0.265527021078 0.254894554337 0.266972170391 0.287652503498 0.267246550906 0.467061565447 0.455019923665 
2001181420 1.0 0.186321028213 0.18053814338 0.267060140439 0.192631875704 0.341645007977 0.227433799327 0.249821537073 0.19452486436 0.196104787685 0.540652129533 0.263497725055 0.257350943648 0.305526088797 0.302799538094 0.100144543559 0.0950054558653 0.144990273341 0.145521375022 0.210156758318 0.214516567572 0.363896198918 0.372279589253 0.153392997769 0.157119686704 0.281201444968 0.267348854189 0.135643756008 0.129236314836 0.141625771699 0.141625771699 0.136211305583 0.196104787685 0.0916999004657 0.0862818149504 0.270575656913 0.248505659253 0.272210140619 0.291109009066 0.273905290208 0.47967362739 0.465843973366 
