Node
105 1.0 0.173811482141 0.177979367972 0.274471766735 0.214286182965 0.373178930357 0.217184172945 0.218884496791 0.185703168367 0.187877408415 0.526501871973 0.257763430583 0.263927078486 0.301755495361 0.304547995656 0.107666391229 0.107788698143 0.150191945372 0.150169823075 0.207889762144 0.203539575712 0.400340975199 0.397505450258 0.157339893893 0.156662348035 0.281185772944 0.280793496467 0.145328167746 0.120848526302 0.143167967436 0.123686356824 0.124484498316 0.187877408415 0.093396026057 0.095220855242 0.318660999676 0.307008300412 0.326701949968 0.26599948355 0.283157133084 0.464471427994 0.464318419205 
76 1.0 0.189739096642 0.189739096642 0.281663181891 0.229953087748 0.339512910041 0.274176171905 0.275198211393 0.227715926216 0.242535625036 0.563472922144 0.316556596424 0.329390649463 0.36392824732 0.375804890844 0.117216903603 0.116226519739 0.175166654942 0.170871531543 0.182643519142 0.201801838199 0.365106158334 0.347208230755 0.192761297444 0.201801838199 0.289926206368 0.317338154514 0.138168008788 0.178528368539 0.153349927995 0.174789140161 0.155276241263 0.242535625036 0.102806025304 0.110546358634 0.224796370517 0.212717814906 0.232737038411 0.279898726135 0.298070996556 0.499032985019 0.505542814872 
22 1.0 0.177993937619 0.176577722699 0.281939144665 0.206222779127 0.370406108914 0.222782404023 0.22336629362 0.181433212704 0.184318878887 0.517772407054 0.299045259241 0.299372047104 0.346602180115 0.346200474342 0.105290233746 0.104930066509 0.16126879154 0.159192789954 0.194489427385 0.19609172342 0.363747750552 0.361887220452 0.152260459977 0.154642457158 0.267753038853 0.271209654673 0.143008216779 0.134021540121 0.145870267172 0.13383169793 0.139102944016 0.184318878887 0.100523167049 0.102204786375 0.24949844714 0.234567904084 0.25267165057 0.275024610099 0.282048142288 0.492161727737 0.49595145507 
52 1.0 0.1740881414 0.168237801997 0.274818342658 0.197429917525 0.33781930737 0.236563172394 0.230546763802 0.195723163575 0.19252092326 0.512208499188 0.295756101345 0.290857819779 0.337214433389 0.331276105705 0.0994215604852 0.10008167101 0.151973512542 0.141962339396 0.192226825964 0.193131012876 0.342404042061 0.338800543282 0.169492073019 0.163229501482 0.276937989529 0.264354088609 0.145712364197 0.139228395713 0.139985058245 0.139003708725 0.149090919077 0.19252092326 0.0901981178632 0.0969198123243 0.256864338536 0.233773146667 0.25110664955 0.308181790573 0.272562974124 0.488030014125 0.456267457585 
57 1.0 0.177690200517 0.178267423046 0.269892937779 0.176891063935 0.334584938988 0.233933327917 0.233594595209 0.197785822586 0.19945265454 0.496628600456 0.306302835303 0.307740241024 0.351108505219 0.346688494882 0.0926336148783 0.0880380268841 0.139523732237 0.139862293256 0.195272844674 0.191918327174 0.371716466462 0.363122334236 0.171363747153 0.169747685177 0.277700193338 0.279991828254 0.141485369779 0.146337806082 0.136901128266 0.141706106675 0.137456710902 0.19945265454 0.0904422727364 0.0858655396887 0.266043998328 0.257092086277 0.275308663032 0.280368037699 0.308941395793 0.499980129753 0.50890224969 
94 1.0 0.180622780875 0.1765858667 0.274540980071 0.208717702802 0.354670656416 0.240998086894 0.242060307645 0.204745985949 0.200231371449 0.526951514106 0.328387273876 0.323184499389 0.381267556282 0.360687329339 0.115731475694 0.096904144175 0.189457169866 0.183831785353 0.228628738103 0.222297983757 0.382380777512 0.384023287943 0.176403777132 0.162412478312 0.301926605937 0.271792634293 0.157260782835 0.143191678549 0.124402562695 0.135190250054 0.1534278242 0.200231371449 0.129025551041 0.123892005364 0.273014305481 0.245361687604 0.246681312877 0.347538286395 0.26582502922 0.558445146953 0.519980414365 
112 1.0 0.169000844413 0.162806728633 0.275922470468 0.18465786081 0.285160562319 0.225141596147 0.221803786666 0.18666204179 0.188262067672 0.506124994239 0.312749354558 0.302148074747 0.359471091816 0.342635665269 0.0988262588805 0.0897329608332 0.161723547816 0.157895984993 0.202361392747 0.209070048391 0.343421730317 0.34160983027 0.163081339133 0.153040755828 0.272675327426 0.251217958504 0.151495644783 0.142846070958 0.13136121997 0.137354407179 0.139227628062 0.188262067672 0.108487329171 0.109110233659 0.28336402465 0.264811187956 0.272994154354 0.34694626431 0.297148207171 0.521859327253 0.493262507405 
129 1.0 0.166470658117 0.167024673081 0.264719302688 0.208741144654 0.334948758342 0.220054096374 0.22192063079 0.18253501346 0.178542938548 0.509679556491 0.296256703027 0.293141525116 0.345380210404 0.346433235815 0.106586684583 0.10875167153 0.159866824614 0.16508982361 0.182534067957 0.184720819717 0.362657090404 0.370332723681 0.135803098185 0.138907143552 0.244806267911 0.245478079348 0.136318222213 0.1333432107 0.133757955319 0.133908382661 0.14446671758 0.178542938548 0.0960489304929 0.0946608176153 0.276798586637 0.263815791159 0.27530835712 0.291939027072 0.280113811253 0.485083511965 0.478155247987 
138 1.0 0.189048576322 0.182333803381 0.263794574295 0.197106142751 0.351542190848 0.255512782197 0.251392816604 0.197841061015 0.195716755199 0.551090443815 0.304362314618 0.299133524574 0.350849154858 0.337117580089 0.102398724631 0.0978931200028 0.161385336003 0.157949569652 0.205740517846 0.206471280654 0.355733491684 0.351191657928 0.16402855086 0.160732054141 0.271578816114 0.260479240979 0.143847675162 0.164779349253 0.126312862738 0.153320716012 0.152401935613 0.195716755199 0.103688164277 0.101767572189 0.25586432487 0.236577486994 0.24983820887 0.30377466464 0.274927259391 0.509365976127 0.490077027478 
