Node
15 1.0 0.175396373942 0.172088102688 0.265477254009 0.20416923453 0.374514647794 0.207204028725 0.208728350178 0.164515483663 0.167951703189 0.500500759831 0.270579506033 0.265748338583 0.315803844106 0.308197767961 0.103467889046 0.103621617548 0.15029001682 0.147340553925 0.191836596969 0.189817681461 0.390033127385 0.382389601106 0.13331388737 0.137518594439 0.255848091955 0.254452003847 0.13630177111 0.119026734333 0.135431691974 0.120089405382 0.137405734128 0.167951703189 0.0921914721852 0.0947688557135 0.291418592582 0.27567808243 0.28924232953 0.289406510259 0.270458525635 0.49381604573 0.479285544285 
5 1.0 0.178721998129 0.17705006788 0.296096851821 0.218459594543 0.381667198694 0.236434646728 0.239832905699 0.201069229932 0.203578416115 0.532707400383 0.331180379941 0.331815429056 0.383050057684 0.381253805977 0.112715627341 0.110903192208 0.177413373043 0.177250476536 0.209634381754 0.206710801741 0.377219409066 0.374889689767 0.166314222124 0.169877739518 0.281862783754 0.283896843698 0.153082505404 0.145701089988 0.150388282409 0.144525932767 0.144362454085 0.203578416115 0.112063272345 0.112137317326 0.246595356737 0.233099312168 0.249349020589 0.273928961771 0.28334977417 0.515615469743 0.51737990919 
33 1.0 0.183620838275 0.181394257713 0.287391569908 0.218436479179 0.378636339493 0.250193588625 0.249967208561 0.210955793657 0.211966598259 0.531967881402 0.318107793702 0.31962658112 0.36687777384 0.365067963363 0.111651961266 0.110621834586 0.172199599086 0.172918413584 0.210889599919 0.210417931442 0.377013386067 0.371683458648 0.177989407154 0.180232615524 0.287729522647 0.289112556821 0.151090784255 0.15471724041 0.146314805853 0.151298959658 0.144615250033 0.211966598259 0.1108967281 0.110670375036 0.252397392835 0.237829993567 0.253602987244 0.275244750226 0.281276591857 0.506206724705 0.50798717019 
45 1.0 0.176659364592 0.172062901723 0.276667692295 0.20092844302 0.348753910085 0.24490188747 0.243970283758 0.209214270215 0.209337712278 0.506256180321 0.308145658375 0.305793360741 0.353390870007 0.348638443593 0.103975240764 0.100420131916 0.157257512188 0.153551712941 0.201015983812 0.200797967503 0.356051137663 0.358874927443 0.174827767616 0.17531801899 0.281025117716 0.277232923766 0.147095095632 0.148243840663 0.139731752612 0.145519320661 0.155674189135 0.209337712278 0.0978551637132 0.100613956432 0.261866095336 0.239883839936 0.254042145305 0.301039805649 0.280211649153 0.501109364662 0.492926435387 
49 1.0 0.178661664908 0.177542439124 0.284081542476 0.20096034695 0.366797317755 0.246368746745 0.252873837282 0.208523836169 0.215486851101 0.526157673389 0.288333608724 0.290187485833 0.333815450585 0.336281068516 0.102110372728 0.102098782712 0.155475207355 0.157202449525 0.205668492935 0.205948171888 0.351255236418 0.343157249565 0.178718360575 0.185765750512 0.283198031713 0.28809285722 0.146517626965 0.152001095009 0.149604171657 0.156452129557 0.149614631732 0.215486851101 0.101136621981 0.101187472975 0.239908542822 0.225749354312 0.248276852775 0.262727709587 0.281546741037 0.472610011058 0.475913231363 
50 1.0 0.188082006265 0.190657040913 0.280635742785 0.223346715643 0.383022711318 0.257730491158 0.265282428585 0.222528883997 0.229152335661 0.522162238931 0.291535728011 0.290968306559 0.345320155672 0.343997877895 0.114692423349 0.114385824684 0.1894511552 0.184568013606 0.216233704445 0.21531122621 0.35862686299 0.366740669182 0.178067048809 0.193654882211 0.292157053564 0.309383701767 0.144805257311 0.137926391904 0.153386317303 0.14691252701 0.155666148247 0.229152335661 0.120047437295 0.121909473559 0.233067610364 0.21127957061 0.229973629511 0.284692620457 0.283678211698 0.5017115781 0.502406512812 
60 1.0 0.182820114813 0.181572574241 0.294422879163 0.205655162978 0.36139256961 0.268653461476 0.26927448449 0.236187781565 0.238363753014 0.540071793494 0.317170971999 0.312806997018 0.35756455989 0.35634572089 0.102200649406 0.105365636928 0.161240861296 0.155365731596 0.216021354775 0.219832833181 0.357526572922 0.362694657794 0.205803223869 0.20871447477 0.311575041737 0.312479655485 0.155764490496 0.168117539544 0.153715042883 0.168141122434 0.157682754713 0.238363753014 0.103292950089 0.107656785308 0.255522062191 0.234726303467 0.251472710763 0.287198480976 0.271580266992 0.491315945669 0.487721945572 
62 1.0 0.16951553108 0.18839929422 0.25462360862 0.219493932161 0.36231977028 0.262485391819 0.269153948747 0.220534458011 0.237404869031 0.520316649875 0.282072576449 0.291215560329 0.317838465499 0.346756069172 0.104058930808 0.119351113729 0.180038707561 0.190137832052 0.218408004993 0.231759049001 0.387502186911 0.360277834971 0.188517236225 0.199512425203 0.271157080172 0.319337883849 0.118584389634 0.1476745098 0.160725455959 0.149532005498 0.140845983462 0.237404869031 0.122978585049 0.123262545845 0.23127754192 0.247523946892 0.283901510654 0.19884202836 0.351833696722 0.464767608028 0.515639129595 
63 1.0 0.182860859812 0.186291829374 0.287799404757 0.212200008155 0.378924961336 0.256969170774 0.26006793149 0.21832596895 0.219976058136 0.548779994734 0.292267196662 0.303595545952 0.335552436593 0.353388194797 0.103324874246 0.111743709893 0.153917981769 0.157733415983 0.213438192645 0.215866993084 0.357984145154 0.366776075029 0.191348944423 0.196315440162 0.289163847774 0.298467288136 0.150323175488 0.167860336426 0.149373394461 0.177178116011 0.139264328959 0.219976058136 0.0931017023349 0.0999473024299 0.257809470278 0.236551534831 0.26176830007 0.254426807513 0.277200697944 0.462934775829 0.484627317161 
64 1.0 0.160771545101 0.160771545101 0.301614070929 0.226140801861 0.356747244999 0.233769666684 0.238684922995 0.212026999268 0.209873170292 0.532650529253 0.292479203722 0.310561578971 0.339750267979 0.361770864452 0.112342532404 0.11653338052 0.156958238502 0.170671934736 0.206539232844 0.206539232844 0.358441345125 0.346481563306 0.184323936666 0.191312438963 0.278555115768 0.294414606674 0.14937755263 0.15189109225 0.165719515511 0.160299842729 0.135184995328 0.209873170292 0.0975505859467 0.0966407005062 0.262891127576 0.252008114872 0.271720335701 0.255835298635 0.319337477071 0.476337636539 0.493821788815 
66 1.0 0.181929655623 0.189786318311 0.274636872585 0.19978182095 0.387089656193 0.256984517073 0.273713720821 0.213445481471 0.230885021157 0.512641485626 0.313562938569 0.315049614333 0.349948679811 0.360526506896 0.100619164908 0.101582049669 0.136856860411 0.141198152765 0.190093830776 0.202492163316 0.375705921499 0.380033998631 0.197034199469 0.207431722438 0.279694549331 0.295995626138 0.136286621012 0.181929655623 0.146875350816 0.189786318311 0.145543724498 0.230885021157 0.0837202057774 0.0848750217887 0.284662379087 0.268615917468 0.294346612604 0.271858013182 0.317021003859 0.481138338419 0.511919374712 
69 1.0 0.169970707752 0.163278140109 0.281242796127 0.214853032853 0.36754343182 0.278183198839 0.2683610159 0.235909997607 0.234752893831 0.542704347042 0.291387437966 0.288075600958 0.347075810533 0.330228451039 0.111221994004 0.107426516427 0.179397909571 0.169588836437 0.211997514273 0.20935090358 0.383428787201 0.351198304328 0.201459920543 0.200944347284 0.280087790031 0.284679699171 0.153198945859 0.178164919637 0.148033443569 0.167046593247 0.1610391566 0.234752893831 0.109340725217 0.116350094105 0.259717768938 0.244652348822 0.264663334253 0.277903383312 0.260962947085 0.505416717265 0.474040852976 
70 1.0 0.171466561455 0.169642008985 0.300032776388 0.199828151917 0.404424236885 0.249373733243 0.236618783709 0.226073139058 0.225632235393 0.485621894135 0.300861368898 0.297700448474 0.342824214914 0.346579721778 0.0968780001306 0.105253002939 0.145038347974 0.144694654723 0.225411460159 0.227609576131 0.382500788945 0.37778565292 0.181413757006 0.183189018599 0.294547866343 0.304643868605 0.142876701733 0.132573536153 0.167277544794 0.13010948153 0.156593094028 0.225632235393 0.0928095227241 0.0997894170503 0.263640542655 0.249473542626 0.263640542655 0.23386730895 0.265616110479 0.460601401241 0.469567263893 
72 1.0 0.175888607241 0.172476789512 0.278490880734 0.216050406303 0.364160798358 0.246279868002 0.243565157518 0.2042358315 0.207101193393 0.526380352181 0.311809301701 0.316342243848 0.352330581856 0.355670724182 0.11088756728 0.107119306962 0.180858212053 0.174527413865 0.213028474385 0.215124512886 0.355924622987 0.356682288128 0.180894859238 0.181124470173 0.284653311274 0.288458271386 0.144010581879 0.147894321078 0.146780266367 0.144716260722 0.13891102043 0.207101193393 0.123344444301 0.124862035609 0.233815363408 0.219012267949 0.235947600134 0.260780476598 0.270216261862 0.481584237294 0.482068290932 
73 1.0 0.170575387413 0.170625207339 0.273278930557 0.205488132647 0.336551687806 0.252696641897 0.257189171388 0.2078460787 0.21219976493 0.533602673991 0.302453414223 0.304023490945 0.351219136353 0.349696623871 0.106149753359 0.103912145326 0.162020724108 0.158919052243 0.191068486276 0.186624788409 0.368007196375 0.367481615672 0.18023344333 0.18173798932 0.270451307777 0.269480630138 0.143267509163 0.164331511267 0.140161740267 0.165664193224 0.153440540284 0.21219976493 0.0992645042134 0.100070847408 0.273513866195 0.260257987597 0.272870778714 0.289190449574 0.292846663915 0.500777357942 0.497765620693 
77 1.0 0.180123469564 0.161977538014 0.270884868554 0.195167524115 0.333128583051 0.270028908796 0.258551949882 0.233777077351 0.224975899556 0.526180659818 0.298374627793 0.300504530324 0.336599467397 0.341062108388 0.0973001239791 0.0997482623708 0.150975652845 0.146860515791 0.199803457884 0.202059491615 0.361178597466 0.370611925991 0.203622874167 0.208531886276 0.299604931823 0.292994453539 0.142451236718 0.171312806315 0.144269767617 0.173764002265 0.147469699701 0.224975899556 0.0981005505111 0.100845027736 0.294550608806 0.273664061248 0.280939022341 0.300504530324 0.254527971887 0.478304627528 0.462057680147 
78 1.0 0.180176305107 0.18184765487 0.288151659209 0.20742456905 0.36962861894 0.251308023548 0.251142083068 0.206180242659 0.207929084588 0.525735013708 0.322404299066 0.324328914998 0.37560154846 0.372424706345 0.107903051161 0.105627414275 0.161879618519 0.161221115723 0.1905644056 0.184513591155 0.354334927776 0.35317816902 0.177366038139 0.177844664618 0.273140235018 0.275825199943 0.15175162224 0.166368933868 0.14365009251 0.164074099547 0.163290534677 0.207929084588 0.0973863399169 0.0971460697676 0.224432511391 0.205835285134 0.218717239741 0.288428776792 0.274899327563 0.516498743082 0.507562641461 
82 1.0 0.166932636793 0.173472509708 0.283775536742 0.194761557024 0.347425852589 0.25764330119 0.264850371715 0.233820584758 0.234586317334 0.54018472072 0.275118803377 0.273988642721 0.315504071451 0.313574558369 0.0975098681525 0.0983496654199 0.154899134987 0.157242800584 0.221892984101 0.222573073645 0.374802592634 0.377122826926 0.203016645316 0.199292827753 0.302647142499 0.298589486638 0.152381187378 0.165790637951 0.148133747052 0.165311422139 0.152336581749 0.234586317334 0.106757633492 0.105263967414 0.281431484484 0.26547175675 0.280583072382 0.27674947178 0.280404339988 0.472375081528 0.478505805529 
86 1.0 0.164745636171 0.166229861073 0.27994367694 0.192624318217 0.338068837642 0.252130511349 0.270659332773 0.221119736265 0.235736632116 0.52197235155 0.330468234135 0.341974145882 0.369983343448 0.389055220147 0.0947656012563 0.101719153566 0.164045283122 0.165303782217 0.206211401496 0.210265990449 0.364043817438 0.355056329992 0.179077906792 0.200128909501 0.268866772923 0.291231891268 0.129711376004 0.148938409901 0.162352109874 0.180486814174 0.161546387234 0.235736632116 0.110611924889 0.113014574047 0.243047031467 0.24158993982 0.268781114734 0.252617132812 0.346323292381 0.501758471157 0.545401162134 
88 1.0 0.178994179352 0.177881265895 0.276541898611 0.203718446577 0.367909353245 0.255453758223 0.25648509718 0.218344061991 0.218582856799 0.532390812471 0.286103939305 0.28572308351 0.329782707122 0.325432243337 0.104767679316 0.101087388182 0.160361308677 0.159628654498 0.220931396213 0.217620182873 0.360431262931 0.367505336791 0.183445832865 0.18631775005 0.289831863344 0.287982012311 0.151247879314 0.149809265507 0.142968365714 0.150052599729 0.151645390996 0.218582856799 0.106874486608 0.107457223552 0.273879458929 0.254901472285 0.271510327246 0.280623095461 0.260801689904 0.479965088038 0.470104864527 
93 1.0 0.18460714124 0.183211351652 0.301651364763 0.202963088406 0.39089230293 0.261261139745 0.273065623496 0.209891331909 0.225988495109 0.573555038648 0.289492633317 0.297694708794 0.340879604483 0.347274318625 0.101932241657 0.104887411348 0.171423099761 0.172205695279 0.223377081536 0.21945739676 0.36738886022 0.373067744978 0.203864483315 0.208664740644 0.289745870834 0.301975372767 0.15486440698 0.182408962314 0.16105521877 0.185136102615 0.140547391769 0.225988495109 0.112858941258 0.11296719926 0.240301818174 0.217779990791 0.235886582817 0.253471882674 0.259052796282 0.477669754421 0.475695215244 
95 1.0 0.182644963729 0.171382867757 0.276984544105 0.198492298004 0.325200917588 0.259879035186 0.265946913772 0.218693362959 0.224179729006 0.534920780004 0.306357402081 0.30398997235 0.350892216617 0.34492164113 0.101516716386 0.0999626508804 0.154450140559 0.156860904041 0.205500717688 0.205733274121 0.343820878343 0.344479763354 0.192842286538 0.194450053071 0.289958655363 0.277903162601 0.151021988609 0.174681825667 0.137095620785 0.175369711968 0.154576818605 0.224179729006 0.101104901103 0.101896404395 0.260819502003 0.24433709066 0.255407796185 0.297348266464 0.285290693705 0.486022827815 0.483292606034 
106 1.0 0.177028044675 0.171379582072 0.296252424744 0.217327115503 0.37942212553 0.243399256391 0.255828501382 0.209287475072 0.211629393451 0.5451517944 0.31483230213 0.304208230054 0.369954771624 0.346641702932 0.116322830751 0.104519002477 0.181255683979 0.182179295482 0.228242967731 0.219537063236 0.364052223011 0.376556231263 0.178671565261 0.175463843139 0.289333573214 0.26755474026 0.169764226932 0.157823048103 0.139418883742 0.151169451021 0.150466339478 0.211629393451 0.125188552071 0.119897046805 0.263234259024 0.236534515176 0.236653702791 0.31515277286 0.23194503517 0.524576991733 0.479629331318 
111 1.0 0.179278543911 0.177580715619 0.274413816842 0.225853513541 0.387670629559 0.236889343106 0.246030224406 0.178552880085 0.190740652557 0.548117483332 0.306921501117 0.301993759561 0.361122824219 0.344187578858 0.121183812638 0.108629398509 0.168664692271 0.174714341086 0.197210787315 0.198740988175 0.370430419786 0.359079736768 0.156416890099 0.16336408596 0.252511904617 0.253538148242 0.146610088932 0.164420330278 0.13428445147 0.160243611426 0.155769963705 0.190740652557 0.108762116211 0.101914733038 0.235974120071 0.204394874835 0.223542274073 0.304278018466 0.281421254843 0.51590401555 0.503421644914 
118 1.0 0.175194122683 0.175619661621 0.300578170758 0.196709564114 0.349748577861 0.254244710103 0.246916916097 0.219995847126 0.219452311157 0.524587296004 0.309099259354 0.317203467179 0.355170046317 0.371441957616 0.0954273568622 0.10609469054 0.16974095135 0.175959351807 0.205977609813 0.20091451858 0.365486184522 0.354328409953 0.183191842577 0.195491536526 0.282026608941 0.306431424557 0.148641074171 0.157610315508 0.163011400482 0.153968977794 0.15627864142 0.219452311157 0.112646432002 0.112646432002 0.234640747563 0.230079191755 0.251588569471 0.25658264169 0.307646944698 0.500559505423 0.512874290852 
133 1.0 0.17100949884 0.17300504835 0.287412114146 0.214750486243 0.359490025076 0.238019811628 0.246714110508 0.204908899093 0.209829769664 0.529902286677 0.304270181771 0.312082125414 0.347858510613 0.361571038458 0.108625577996 0.109272832985 0.162155639667 0.159366654166 0.203165827054 0.20081073675 0.362852691195 0.369217435803 0.16777962782 0.174439196382 0.273523123572 0.28664678941 0.147047499637 0.134963601789 0.155207253124 0.137603596404 0.136686590695 0.209829769664 0.0984395776435 0.100078182734 0.264126519033 0.248711032407 0.271902953889 0.26130322564 0.287165554244 0.470236877948 0.483354557833 
141 1.0 0.178334539642 0.166828221322 0.310722949873 0.199827517139 0.355285294903 0.238848772625 0.22367218841 0.196643739281 0.209161786803 0.521570665858 0.316660711712 0.320189747013 0.372213020403 0.362830805141 0.107734792455 0.0957841029516 0.168754813999 0.143193208004 0.194834940195 0.188653219566 0.390222547907 0.384820183578 0.154566781874 0.183188646232 0.26569741652 0.305224763637 0.148055757651 0.142114117961 0.169755255506 0.13153867475 0.153065612131 0.209161786803 0.0918460716159 0.100029243592 0.260844354166 0.244202505021 0.251224641282 0.268463971809 0.298286930876 0.513899653905 0.52606692121 
152 1.0 0.169806899801 0.170342488304 0.280329621897 0.20706529997 0.35712650479 0.237329574554 0.237912243915 0.199286959205 0.2073618909 0.526375858181 0.302054739846 0.305559617015 0.344247203701 0.354828708354 0.103628064123 0.106837224217 0.157212918626 0.164487368787 0.207985453586 0.205833108378 0.380746565554 0.385696314882 0.173217298784 0.182242248878 0.269355656488 0.287700770106 0.13483127822 0.155358813336 0.15364174164 0.162383505895 0.138119604957 0.2073618909 0.102442755724 0.0986704939542 0.263724116076 0.255524486489 0.280485082077 0.260754687462 0.312311242423 0.492829135942 0.522688174154 
157 1.0 0.196406893096 0.196050243278 0.291049313183 0.217186121382 0.370705161523 0.237797783165 0.246639130176 0.197543845535 0.197685504818 0.560863667303 0.308012187672 0.315775967541 0.350841007704 0.352592039945 0.112237600597 0.105950815361 0.16126494542 0.157132640836 0.211240056736 0.214266384256 0.355714308039 0.347795733493 0.168148425027 0.172341476313 0.298175779868 0.292201227895 0.149650134129 0.154255827476 0.145284000471 0.164359864141 0.134892807996 0.197685504818 0.104353475438 0.104219258694 0.244129323492 0.227571557134 0.255941107945 0.251527999379 0.296150393733 0.480427044418 0.516780721912 
158 1.0 0.172473815415 0.175437231463 0.286775185624 0.209202153807 0.373331574175 0.244668396299 0.245910034532 0.216794094393 0.216552597309 0.515214707165 0.300418959674 0.301990491325 0.349078635294 0.341166799221 0.108363773923 0.103212699678 0.17286620992 0.179299332148 0.227234187578 0.221626393416 0.376393973621 0.369969408828 0.178219102822 0.178462276626 0.289473103475 0.289271955849 0.156687559961 0.140559463833 0.143323269109 0.139820452431 0.144320502701 0.216552597309 0.123984835452 0.118963098429 0.25840885454 0.244184858172 0.257872560026 0.280607710692 0.275791338921 0.501198325949 0.490943958188 
159 1.0 0.175523121863 0.180759030261 0.313715133282 0.212724127805 0.350925450154 0.233439637686 0.231616337411 0.205217418382 0.205217418382 0.553012204736 0.304479464806 0.300037683708 0.356835852866 0.340127665321 0.107518386822 0.10685916303 0.186075472328 0.175523121863 0.230331439614 0.22711850464 0.362025893155 0.352171652479 0.176085826239 0.168875508149 0.300037683708 0.300037683708 0.168959172018 0.141561189522 0.154817129856 0.126816925149 0.1355432092 0.205217418382 0.124454717962 0.126370385294 0.261804409622 0.249872777126 0.266459312637 0.26587526243 0.252740770587 0.466697622059 0.476496778927 
