Node
25 1.0 0.174773075223 0.174192492793 0.283168839711 0.216952386808 0.404433455126 0.245432836622 0.249442491957 0.209356140689 0.220661013844 0.522747152612 0.279365674737 0.280101815559 0.324573152875 0.327045358625 0.108639712914 0.110640585092 0.149527873154 0.148926500328 0.200758650521 0.206594874873 0.403636838568 0.396556031451 0.176788800958 0.181472296401 0.281708995608 0.290920293398 0.146042827732 0.14198616586 0.153361597673 0.141019076166 0.138966581434 0.220661013844 0.0889374335745 0.0924880437966 0.293809075919 0.280903902989 0.301203912556 0.243562331554 0.256459417731 0.47343010325 0.475415859244 
1 1.0 0.178031992718 0.177171762339 0.285695082636 0.209425868226 0.348399581082 0.237902894162 0.241427083369 0.191298743601 0.196294717966 0.532961962889 0.3054521245 0.308175097148 0.353327369349 0.356299349453 0.10676101391 0.106885230945 0.168683048947 0.167646491383 0.201102669013 0.201379263758 0.340457404249 0.344471445254 0.160643722863 0.165127958596 0.266897021839 0.273516345719 0.144229661164 0.14676993919 0.148374694485 0.147694677639 0.146281263428 0.196294717966 0.106108467398 0.107204204647 0.231278958556 0.215223007723 0.233537235242 0.289059077298 0.296836213862 0.494659420107 0.502830476902 
7 1.0 0.169045569928 0.166376252108 0.257945251301 0.180592699328 0.298981070307 0.218881942425 0.223431076519 0.182586446887 0.184998719071 0.489962504797 0.262189847002 0.263455275372 0.304930975453 0.300826753143 0.0936969242725 0.0894542624067 0.135691414841 0.138666740823 0.192966489757 0.188194652902 0.318785713195 0.317541228382 0.149927021601 0.155068324887 0.26082456964 0.260211362253 0.136435250492 0.126135696988 0.130400415537 0.128364069384 0.145567126699 0.184998719071 0.0888168708556 0.0860719204434 0.245108704049 0.228046495204 0.242950227168 0.311677634969 0.305403539539 0.466338733733 0.457638946039 
8 1.0 0.173029954769 0.172514886143 0.266918949848 0.19378049216 0.351438252403 0.216206875118 0.216664537959 0.175707562149 0.178437451417 0.495972276485 0.269941193337 0.271607400907 0.315009221972 0.317225652755 0.098263570668 0.09940916549 0.144744208951 0.144839202697 0.179669250495 0.179332773428 0.336094812844 0.335673936488 0.145256241419 0.15015419895 0.258299757942 0.265677596711 0.134892017192 0.125402386776 0.13944035413 0.12513303023 0.140814338445 0.178437451417 0.088828419855 0.0899196477027 0.22960230671 0.214698943851 0.233844096133 0.271824979574 0.289322942991 0.465550771021 0.474524288475 
9 1.0 0.178380910447 0.178443615698 0.285194929849 0.207593924369 0.360098822638 0.221841913531 0.221007455926 0.179824635969 0.1830807052 0.511238364997 0.339016091935 0.340525802128 0.387803295748 0.388989157542 0.107370642751 0.106572060294 0.172670954797 0.170717405658 0.196429296401 0.198961553632 0.369774220188 0.364173583482 0.150878317577 0.155102179374 0.265027074635 0.274984391574 0.141915682032 0.139082966066 0.147751488403 0.136590328696 0.137944668907 0.1830807052 0.108884881484 0.109469362651 0.238380432577 0.227919362541 0.245713720002 0.283308133782 0.309639161142 0.521569494424 0.533331097678 
13 1.0 0.179559284538 0.174669372561 0.281143915936 0.202811581135 0.339601198405 0.243273833253 0.243112436293 0.204376145931 0.204231889756 0.516848760561 0.312442036393 0.311123157552 0.359565616728 0.354164653133 0.104884151008 0.101717687597 0.157532868512 0.15466352932 0.192747161035 0.19148412629 0.339910534809 0.340864014881 0.173631390238 0.174461064424 0.281505794047 0.276605356343 0.149641072226 0.15371114028 0.138963762191 0.151613107573 0.148727584791 0.204231889756 0.0956972389731 0.0972634172221 0.242205058939 0.222282801499 0.235610554254 0.307945723904 0.283739064424 0.500938391027 0.489138337345 
14 1.0 0.182763346348 0.172805221042 0.274387658886 0.197477477294 0.295761395215 0.2244543545 0.218519304461 0.182635029096 0.18432795757 0.527877510574 0.254845335225 0.254856287295 0.305075372013 0.298252654902 0.103788802444 0.0965998732724 0.169104703892 0.160468073465 0.234393620136 0.244303636582 0.323934535069 0.311614654422 0.156594962868 0.151024993381 0.279896725236 0.266465722806 0.149298328026 0.127316303129 0.137848843404 0.12374161275 0.139451809119 0.18432795757 0.10926991579 0.113043249689 0.233850843296 0.213399159984 0.229296020587 0.324293045562 0.280176027829 0.470668160772 0.45316013546 
16 1.0 0.176096214003 0.171881586964 0.271732678294 0.19668650633 0.353604249415 0.203049127849 0.204691527965 0.159974562561 0.159548992687 0.505049307282 0.306672001331 0.307934120323 0.355111193451 0.35544099818 0.101610615089 0.100975038325 0.157817812428 0.155992792858 0.187479865615 0.186456165134 0.36064542071 0.360299210855 0.132219581435 0.132269945289 0.256453522395 0.251989727096 0.138800130228 0.119804697529 0.137033189327 0.120593128448 0.134194672397 0.159548992687 0.0961201913676 0.0980188533785 0.25120962107 0.236903592817 0.251924881617 0.291267434389 0.288696824097 0.506390182403 0.507373446059 
17 1.0 0.176088138878 0.172838802642 0.276885417914 0.200169416057 0.334447558872 0.207173098868 0.20914328699 0.16474338456 0.167472792167 0.501141621343 0.306854707476 0.310774734537 0.353973550199 0.359364606733 0.102135879485 0.103375017203 0.156748264612 0.15458820852 0.177097568406 0.179031930678 0.327573085973 0.326841385464 0.137125915978 0.140273055728 0.256207920398 0.258165594531 0.138357159301 0.125894974613 0.142156408289 0.128428759666 0.133725884262 0.167472792167 0.0931317117492 0.0954508529097 0.219494491638 0.205118885274 0.223612301895 0.291023632154 0.306880765122 0.491142794137 0.499934443741 
19 1.0 0.182332357065 0.177100451015 0.275134400933 0.201562415671 0.338837130846 0.244387892853 0.24512649703 0.19977817422 0.201480428616 0.516976690118 0.320798073318 0.323487705122 0.365554478068 0.366458507236 0.103680106646 0.101800197533 0.16183704887 0.156582240293 0.187599898577 0.188069141241 0.317624002486 0.317466169024 0.167098972067 0.172573264509 0.271019864688 0.271397993824 0.142713196466 0.155846716316 0.139127351435 0.156682062373 0.149833797058 0.201480428616 0.0980888953258 0.101940642 0.206134957766 0.185211830826 0.202408286113 0.296995568709 0.293239302562 0.492314414594 0.491171127769 
20 1.0 0.174206172034 0.174877671616 0.272217469228 0.195430416877 0.340074149428 0.227150009325 0.229360989312 0.186901642508 0.191504337114 0.505417970952 0.295229992693 0.297688088685 0.338574108147 0.342245016077 0.0983736476274 0.100562765526 0.153613035366 0.152960630794 0.192928356038 0.193695211006 0.344904940592 0.343093478733 0.15679999747 0.161234502075 0.264745217396 0.272418488242 0.136557685509 0.137040661314 0.142916260022 0.139005043194 0.140462166946 0.191504337114 0.095934760797 0.0977145914604 0.240522579988 0.226999511311 0.246923035747 0.282839120734 0.299209498806 0.48557059292 0.492737909646 
30 1.0 0.174839472515 0.173179692648 0.266819387155 0.196826226807 0.34841156355 0.213088791108 0.214853971727 0.178385481258 0.177994306889 0.486987506647 0.293491660137 0.293484284545 0.341020323107 0.335987365306 0.102482767082 0.0985656170846 0.157189478457 0.155781909679 0.200807203378 0.197215203748 0.349182743452 0.350675114567 0.148738899349 0.14884572923 0.267690142178 0.263638683464 0.141268893529 0.124603160871 0.132645478159 0.122297854782 0.140939052032 0.177994306889 0.0995325366123 0.0989940217469 0.247792660773 0.228469314101 0.24503174742 0.295409962268 0.289747306212 0.497288908041 0.495745578446 
38 1.0 0.186151406006 0.1704580999 0.281821580175 0.228668819597 0.329662279868 0.216934289937 0.207068423054 0.179896961904 0.183629016231 0.510489185578 0.284218405021 0.28222246456 0.335273232144 0.32880378289 0.118044170671 0.113652550366 0.176726723085 0.170209195265 0.207613699634 0.20890302737 0.306699271581 0.305452615261 0.166854990644 0.176966461006 0.304340189294 0.299613468721 0.154817129856 0.119472176277 0.138022863722 0.117684461849 0.145984504006 0.183629016231 0.102677551003 0.102263804991 0.224363933543 0.191391914394 0.208428939811 0.32499945645 0.300178955481 0.481424304768 0.467121369906 
40 1.0 0.177445879315 0.172974866567 0.270258839403 0.187185325603 0.332601383951 0.248704508129 0.251222212545 0.210128134952 0.211064720857 0.499060450943 0.293017835711 0.290360901362 0.337709003159 0.33395365171 0.0965218976432 0.0945859340939 0.149322585838 0.145483373716 0.189144472489 0.189563879549 0.31681010012 0.316236002306 0.182310152456 0.180959862351 0.285526544899 0.277333998396 0.141480087102 0.150908325822 0.138561712153 0.151346346635 0.156667138778 0.211064720857 0.092380019732 0.0941710262974 0.21955554381 0.198528003865 0.216544239373 0.299833591804 0.288422745049 0.476893002022 0.471009737698 
41 1.0 0.178781939507 0.172472014951 0.270251354829 0.174533885251 0.256618132979 0.234397020904 0.222605895265 0.209767872031 0.20713475283 0.482929815012 0.325386907728 0.320341955062 0.353405861122 0.340829423405 0.0900756672476 0.0848416167519 0.175982813961 0.166399132924 0.237855319824 0.249507204595 0.277339674231 0.267547630496 0.173896373341 0.176916821517 0.291056737866 0.291712155003 0.14139152115 0.14953559823 0.135405041147 0.140955097278 0.149364611867 0.20713475283 0.132610054225 0.141551386127 0.23575247589 0.210277374855 0.228231327524 0.376418124011 0.335292090103 0.508019459055 0.481188582592 
43 1.0 0.173053259273 0.167715546013 0.264475246843 0.192215865517 0.333304377224 0.225001652181 0.223293325147 0.181771535408 0.17937916091 0.4925493231 0.295242956157 0.292212362492 0.34465676232 0.335196737101 0.101674495963 0.0955949117099 0.148669598252 0.146559328898 0.175680008346 0.169251995441 0.31325562706 0.312021417014 0.153979279172 0.152004788449 0.259877942797 0.249955869806 0.143357774995 0.143453013738 0.12646061372 0.136460818536 0.151345489654 0.17937916091 0.0883176236554 0.088909375234 0.218318205317 0.197194551055 0.211291956465 0.312262498108 0.279974067122 0.489678866859 0.466625949505 
44 1.0 0.164111840762 0.16307255632 0.261460311989 0.184741245631 0.310030015734 0.213846944702 0.207853777896 0.17703845633 0.174508168655 0.485702985823 0.259587447806 0.265718080406 0.300221512236 0.309897788013 0.0914178453869 0.0962921324281 0.145109144795 0.147393015125 0.190754929174 0.190605009256 0.304001408281 0.3013659412 0.140896963424 0.141577568983 0.250234480146 0.255313528707 0.131504615011 0.120762205884 0.13679424699 0.120818147082 0.14186051813 0.174508168655 0.0932138628459 0.0947311953502 0.221020516081 0.205948714112 0.226771195591 0.287212750743 0.310646151486 0.449510100122 0.457424422558 
46 1.0 0.182023005014 0.179767807434 0.286071404839 0.192747703478 0.337268473364 0.222075326031 0.221528988541 0.181127577969 0.179158118067 0.532977807111 0.284403242168 0.287179226229 0.330881150775 0.333253698203 0.0972612871117 0.0989165308582 0.157754409221 0.157216904854 0.190689171742 0.189460737164 0.315037263732 0.32074844745 0.153141367993 0.151532726473 0.275813369963 0.269638786226 0.149375245974 0.13502199194 0.14332460826 0.136486883066 0.136736033269 0.179158118067 0.098850341656 0.102220733582 0.220506121781 0.195618215567 0.213380020461 0.290572581062 0.27762153074 0.465391330911 0.461732478451 
48 1.0 0.179503446635 0.17829100975 0.280709437671 0.204746894008 0.350219639195 0.230414826364 0.231798426212 0.186538072867 0.19183328744 0.512274136922 0.329986607923 0.332954555593 0.377542760851 0.380624542461 0.105117483518 0.104933944469 0.164369678505 0.16341071634 0.190170655784 0.192148332505 0.348253680794 0.343919769144 0.155333183913 0.162886963099 0.263516334783 0.27404005833 0.139705168358 0.145742382061 0.145741386023 0.146539864568 0.144309574298 0.19183328744 0.0996987546905 0.10134159503 0.22797353177 0.214419271013 0.235772221851 0.288686713894 0.314485018717 0.510393884822 0.522681729883 
58 1.0 0.170149029309 0.176933406853 0.275145353192 0.19101756076 0.320144934607 0.232297434028 0.234688513048 0.19514105221 0.203809941706 0.493552256583 0.293626301761 0.297548119038 0.334112871763 0.344347495347 0.0944330267855 0.100033849844 0.143251010827 0.143604791528 0.187259417624 0.194202457146 0.320734159799 0.316800878739 0.157564116179 0.170223717983 0.25718507234 0.286910988775 0.130460514037 0.138405257722 0.152250538395 0.138987159306 0.148481106367 0.203809941706 0.0843300968683 0.0885670252018 0.208710418023 0.200764310519 0.228688282134 0.283107511885 0.325106228102 0.473359390502 0.49057707745 
59 1.0 0.169053423791 0.172762968303 0.26322859641 0.185567880194 0.311612875597 0.231116548367 0.235213769834 0.194855171581 0.200713567007 0.494007346422 0.283744679821 0.287112315401 0.326253237806 0.328309309132 0.0936665148775 0.0952607485693 0.134360721439 0.134654164774 0.178889393248 0.175590049214 0.319085934569 0.315409139706 0.163709301261 0.169214529003 0.268281779448 0.275466207212 0.136953369794 0.139217576406 0.13530715471 0.140034260622 0.140230548174 0.200713567007 0.0798451656126 0.0791998706743 0.239410263564 0.226757706801 0.249553950486 0.278109346043 0.304674705691 0.450420892403 0.462043042867 
67 1.0 0.178115447778 0.176261341743 0.265207695322 0.208216042393 0.378124780178 0.222559300672 0.222104186891 0.174916721406 0.177386205321 0.502982284109 0.297329623321 0.297642290556 0.341108189322 0.341322073886 0.10658390469 0.105071670226 0.158536452374 0.155770976467 0.179011222455 0.17925249194 0.329360171302 0.333934871907 0.139866106556 0.14858823104 0.252030863278 0.258362255516 0.134314836202 0.134724835559 0.135869801339 0.136158700504 0.141620746362 0.177386205321 0.0958021254343 0.0991910133024 0.21104277957 0.191750114669 0.210740325367 0.27310507289 0.267998693866 0.476774582715 0.479725891392 
71 1.0 0.1768288789 0.181399241137 0.264216786928 0.212409573805 0.321371797952 0.221320511479 0.225881825682 0.180211671964 0.182211205176 0.51809803419 0.275797391171 0.275797391171 0.31771805668 0.319864966947 0.104773604434 0.109899695141 0.178264999385 0.181325245931 0.21139628443 0.217466909626 0.322580515291 0.313636948879 0.153072562547 0.147445913425 0.268799068016 0.264774902702 0.138238886717 0.130755494348 0.133195931851 0.136774967377 0.146532926855 0.182211205176 0.123144339795 0.119606239291 0.224152276025 0.207293601393 0.234280901763 0.306364222757 0.296570842896 0.480579972411 0.469820304105 
75 1.0 0.173152962478 0.174342354727 0.272457267773 0.19927875511 0.337527397044 0.212987678802 0.220219651362 0.180670725579 0.195827216004 0.477867216561 0.316007803338 0.318027233766 0.356891411597 0.361761367271 0.100689329526 0.101797328556 0.136850961165 0.140911359085 0.191423278059 0.198936758085 0.326166843165 0.320654243611 0.152054609005 0.160152893101 0.268540527874 0.276909574786 0.132050900641 0.126109803788 0.145033347594 0.137793625387 0.146218779126 0.195827216004 0.0831963431528 0.0808173577512 0.236894690344 0.220773724066 0.24434611673 0.277115680689 0.302346879289 0.45808411116 0.470884846478 
80 1.0 0.180699026803 0.172854437193 0.270764452266 0.196067438079 0.337027078674 0.219518875208 0.21737822033 0.176604213463 0.170788344321 0.502973810375 0.315394807549 0.313136508984 0.362802171094 0.355507507341 0.102578355818 0.0981497797211 0.153536960741 0.149495156668 0.183561817242 0.179407356814 0.331636270999 0.33296512277 0.147075679381 0.144492254942 0.264875379554 0.250289151603 0.144509374887 0.137376844172 0.130484133871 0.135206025402 0.145679042176 0.170788344321 0.091080540204 0.0924013508292 0.233237480478 0.210343362812 0.220438994953 0.314224480436 0.285203136651 0.506301425693 0.492643761546 
83 1.0 0.171160251368 0.170212665297 0.253401442029 0.179220512026 0.306878537687 0.227381210901 0.226592318396 0.181246054577 0.182470013919 0.490663374563 0.291535977582 0.298233948833 0.335796844264 0.341129073049 0.0922124881104 0.0921510394565 0.148517044649 0.148597415007 0.182769164076 0.180479462951 0.326081141279 0.328259074403 0.152153002427 0.153636366508 0.253359857706 0.254706191424 0.130452471809 0.139614658282 0.128418706978 0.141364630944 0.147807580938 0.182470013919 0.0921963404282 0.0936450561582 0.230595129092 0.217385396591 0.234921070838 0.311136328652 0.3165656195 0.496421150966 0.502912957915 
85 1.0 0.168701416563 0.18253033771 0.262193431823 0.186067282264 0.329735195334 0.225502727974 0.22583297132 0.180627336276 0.192130975533 0.479764870514 0.311954042042 0.32764469522 0.346217388476 0.367985108953 0.0909125867469 0.0974993736793 0.152481128572 0.160100363462 0.202574853958 0.207427895543 0.35441618424 0.334751486762 0.144182655769 0.165688701732 0.243175648862 0.290603439789 0.116424963917 0.126379075409 0.151681902182 0.132013434914 0.143158721487 0.192130975533 0.10835952452 0.107442000884 0.213228581897 0.224930201077 0.260695162705 0.24106261211 0.377412971077 0.491969856221 0.551455567252 
98 1.0 0.185493518707 0.183294036012 0.290079627806 0.210878395658 0.35804191998 0.239269386356 0.238508381304 0.201444604011 0.202310076179 0.517571641657 0.337251891605 0.337012070771 0.38836862305 0.389654444581 0.109236190019 0.108087828268 0.167702359285 0.166251946886 0.190665875792 0.193023812799 0.35022523433 0.349002769336 0.168640378733 0.17056659323 0.285242999293 0.28491459739 0.148343171946 0.146409016673 0.148382867555 0.14734757255 0.145550213838 0.202310076179 0.102240886251 0.102221232083 0.233146698124 0.214505975508 0.233700740961 0.292197160325 0.3056284549 0.512173735937 0.521576825713 
100 1.0 0.164516602283 0.169041848041 0.290961209621 0.183722797614 0.336849809863 0.2190652645 0.221487254201 0.183935153066 0.188753401172 0.500045541192 0.29019994005 0.28613594687 0.323971773191 0.317193286502 0.0919675765331 0.0918259789487 0.145010263698 0.141098949209 0.189578857302 0.194257172471 0.329033204566 0.325534443708 0.17796653754 0.184852541067 0.280950149203 0.294870482027 0.14608310395 0.141467354403 0.15346782971 0.136886087353 0.129861544807 0.188753401172 0.102664565515 0.10725170293 0.213652439716 0.204057730997 0.22072218368 0.277642271582 0.293676579994 0.470329830696 0.476213650023 
103 1.0 0.16974004606 0.172835058697 0.305215983247 0.189383395984 0.338555588311 0.216005991056 0.220784467639 0.178135014311 0.186389299684 0.525384707676 0.290075404714 0.300570624259 0.339236939065 0.349418880988 0.094500164364 0.0987839624213 0.137475639033 0.139381931126 0.17697693462 0.181691830271 0.339291085586 0.336720830071 0.151254629202 0.155280850842 0.261074690456 0.273293391768 0.14662921802 0.135352995976 0.16341454734 0.142442894063 0.135189267129 0.186389299684 0.0798441707223 0.0821831177847 0.214712860791 0.213399551749 0.236569540726 0.262487013397 0.3175995646 0.465342981933 0.497321612546 
107 1.0 0.153392997769 0.161791441641 0.238869888285 0.1789676277 0.325576411922 0.255814730754 0.237882818409 0.195914146863 0.188648443657 0.471948401965 0.294658326561 0.304910787338 0.331351954343 0.341493260635 0.0882843001165 0.0936200079169 0.15 0.139957976886 0.181820855595 0.18700424657 0.338595715897 0.332282657847 0.174894926439 0.182305496674 0.230600239784 0.262342389659 0.109812674721 0.158113883008 0.138266579689 0.155298573911 0.161791441641 0.188648443657 0.0926727322038 0.0977692361094 0.230727748911 0.223409410513 0.251641668671 0.303944654405 0.348146351917 0.483248809377 0.518396850027 
108 1.0 0.182515812641 0.170815829867 0.288575511976 0.204649685587 0.335026176107 0.221360002353 0.222856481756 0.193521715786 0.193667653609 0.498600512417 0.321915936405 0.311347224569 0.382937815089 0.360206059084 0.109174854955 0.104076502754 0.17564167914 0.173281043049 0.201600897391 0.197762558825 0.317710249628 0.323906650696 0.163023939181 0.163063776822 0.290951902292 0.270271757861 0.162902035875 0.134766928255 0.132291237181 0.133886084939 0.151152998157 0.193667653609 0.107433538606 0.104315253301 0.241486489994 0.20720508509 0.20935555428 0.345799877736 0.268390542484 0.515836645965 0.481469317111 
109 1.0 0.163499839278 0.175678025127 0.286357489987 0.181991323117 0.283642477901 0.228092245604 0.228188110329 0.185340941703 0.196021340285 0.517139892946 0.304438640082 0.308909302843 0.339607015106 0.349546861066 0.0895521622696 0.0938686347831 0.155264593815 0.153062885948 0.203217934081 0.207586123805 0.297927402432 0.315885577994 0.149601263738 0.159583755728 0.24981373819 0.27347010155 0.135782524509 0.143281761899 0.155222139559 0.148441566917 0.152499199656 0.196021340285 0.107324788471 0.108507315846 0.248903879695 0.231603095144 0.24982428745 0.313388484807 0.326714684565 0.479376258316 0.500710247966 
116 1.0 0.177771335061 0.16739748625 0.297057692325 0.213541666667 0.370121625092 0.214492294604 0.221583826939 0.18670258676 0.186120504013 0.510655768827 0.300552875964 0.309446891198 0.35638094572 0.354969983571 0.116461873828 0.101127540828 0.158405274227 0.154854882785 0.188797593337 0.174692810742 0.358316678392 0.363726672123 0.154591896663 0.153888403153 0.284510422578 0.261040918461 0.164454722957 0.126080400384 0.137009858729 0.140238666852 0.151041666667 0.186120504013 0.0938945644652 0.0938945644652 0.2427887921 0.213605173483 0.21973982406 0.295041854964 0.259215982044 0.513516311071 0.490634952128 
117 1.0 0.16377634834 0.182022742964 0.30166634712 0.2009649568 0.344671033047 0.204733163761 0.222244611943 0.185426745853 0.198179444999 0.504833903301 0.288622974662 0.299910577699 0.330088626379 0.356094419221 0.100724230717 0.103581257524 0.164030725426 0.156485996973 0.202068410293 0.213505688684 0.323711555029 0.330088626379 0.137075827048 0.16813108026 0.25595718087 0.305102032421 0.131803679854 0.116106997971 0.174300088607 0.132119629999 0.126751015102 0.198179444999 0.103581257524 0.103982996294 0.224298729882 0.224484535848 0.261914839097 0.26042486043 0.350548234654 0.458919139448 0.499603756603 
119 1.0 0.183509992403 0.178120544822 0.257254722892 0.181717842826 0.346505651376 0.231715936683 0.239786281169 0.188486973457 0.196120168587 0.497970952811 0.284481872985 0.281837035149 0.328659782246 0.317088924697 0.0944217987557 0.0899567557276 0.136227293156 0.130582749433 0.189335861618 0.180796486771 0.321187787782 0.323282188213 0.152004505891 0.155757014119 0.26804237038 0.261997666519 0.136759441217 0.133036946405 0.12966386099 0.132207185189 0.149870837248 0.196120168587 0.0824085625995 0.0820249759308 0.217582372293 0.197223465152 0.215705885829 0.287137653751 0.273646881079 0.46411292419 0.458492228208 
121 1.0 0.183666433644 0.190820190773 0.272331018418 0.1778438669 0.313880694187 0.234115087037 0.241755333302 0.200120244873 0.217467952158 0.477193713829 0.302572732299 0.311300869014 0.339244848239 0.349524312876 0.089496494242 0.0902568859374 0.140682959673 0.138034803813 0.195350677804 0.201210084082 0.330096455092 0.334375052294 0.166162455011 0.166819226168 0.285417334076 0.298066998133 0.137240352301 0.126459117377 0.143568077954 0.126350986432 0.149537069382 0.217467952158 0.0865460985089 0.0914603642193 0.243277062746 0.230585511792 0.259585646576 0.292652616087 0.320772420048 0.478652281817 0.504754465125 
126 1.0 0.164971568194 0.165329558805 0.256598948388 0.181315729919 0.309687097547 0.205004009433 0.208642991725 0.16465143595 0.169887517729 0.485727124943 0.281520366937 0.28313309904 0.320797941565 0.325340656158 0.0912047809244 0.0933302514583 0.141430104288 0.142028365216 0.181985726307 0.182477801044 0.334757741813 0.332473161383 0.1361567967 0.14111577814 0.244914178013 0.250862506534 0.128795399291 0.122897435831 0.133220480095 0.126585124592 0.13516115263 0.169887517729 0.0890287590467 0.0903905426202 0.244034094686 0.234866963621 0.253078468362 0.289980243313 0.310665983989 0.470793178399 0.477963021726 
127 1.0 0.177957524623 0.171125401125 0.274725274725 0.186813186813 0.340659340659 0.233758762486 0.236519156594 0.185922245227 0.193247312034 0.510989010989 0.288291420271 0.28996208356 0.327557331006 0.336647773232 0.0894440692093 0.100265316433 0.148453363584 0.148453363584 0.21223305402 0.21223305402 0.335479945549 0.329853429007 0.170418268344 0.175566431963 0.270573016533 0.274340389732 0.135926559086 0.14516312982 0.146611693012 0.155505183495 0.147842022495 0.193247312034 0.0934065934066 0.0961145916733 0.210303947352 0.203593486963 0.227475181808 0.272850747647 0.293891848798 0.477105348266 0.483329134533 
130 1.0 0.188079566078 0.194497531111 0.277396263499 0.199983352755 0.335455946557 0.223657973274 0.220188743903 0.179706179751 0.18473070067 0.516086071626 0.305661207165 0.305661207165 0.346501452952 0.343909512153 0.104020473244 0.0976224926308 0.150601883165 0.146256006463 0.218290529656 0.216279475108 0.335269806186 0.335269806186 0.167355381985 0.161663498571 0.294285044152 0.297379905072 0.147107164026 0.127235104828 0.140893624266 0.118426011205 0.132992336577 0.18473070067 0.0984713998493 0.0952489941426 0.236236250093 0.206535202114 0.229081329316 0.294214328052 0.287995565509 0.47951068877 0.475195200949 
139 1.0 0.184911367023 0.18399368708 0.257883050008 0.190522084443 0.325055513842 0.241928183177 0.245094816088 0.199774181336 0.215708131787 0.50919696557 0.301522685773 0.303574095604 0.339544661854 0.337544708621 0.0938187400801 0.0983214397302 0.161919090869 0.148467185506 0.199774181336 0.192486281567 0.33553283482 0.326498800905 0.16296112652 0.176587083138 0.274624232473 0.295982757505 0.12509165344 0.145395118402 0.139856720255 0.14834045293 0.152343612484 0.215708131787 0.0990836328401 0.104263089346 0.236662264941 0.227256825747 0.255244040883 0.291565334323 0.302581209557 0.483739741671 0.474316867191 
143 1.0 0.180275933698 0.174769042793 0.292095325582 0.194965435769 0.312518751542 0.235606898253 0.232059692125 0.206508540522 0.20415304413 0.523732823893 0.321000080359 0.310755058175 0.365626115159 0.354613122269 0.101493516169 0.0964527889898 0.152354851414 0.14854845833 0.202344730078 0.206209853711 0.328136157102 0.334005065211 0.172933801244 0.172103372819 0.291208319917 0.27825938067 0.153832672256 0.152645577871 0.144252949933 0.156378849768 0.146294572255 0.20415304413 0.091138318232 0.0947557093106 0.243725776915 0.219713236574 0.231705391938 0.325964854517 0.283550710015 0.489536200296 0.468367700419 
144 1.0 0.168129815484 0.170807819503 0.290674562432 0.188491500188 0.348120323072 0.223200503428 0.236897302539 0.182834414803 0.194917260881 0.521453641674 0.296635700126 0.303207267893 0.341615639006 0.349050282316 0.0929295007852 0.0988785667086 0.151411066978 0.145649211965 0.172319422592 0.167046593247 0.32086824638 0.334907245473 0.156216282669 0.170807819503 0.261310533696 0.273292511205 0.138531120581 0.134445997118 0.159907909182 0.151153929401 0.147682652925 0.194917260881 0.0918064444171 0.0988785667086 0.214127584413 0.209784022508 0.226143933896 0.27376656622 0.281933528554 0.471737540433 0.480560918803 
148 1.0 0.164143245921 0.161312977776 0.300642183517 0.182731781191 0.32191138999 0.231139451785 0.230391022022 0.197275629896 0.20046003511 0.494063782624 0.314127168437 0.320117997819 0.346709177678 0.355400801094 0.086511086607 0.0965734169969 0.137415908237 0.136575436082 0.183360808116 0.177619388279 0.350343198788 0.350343198788 0.153635656003 0.163440273757 0.249582264696 0.265020827763 0.151750484535 0.145948942579 0.153635656003 0.145948942579 0.177619388279 0.20046003511 0.0916804040578 0.0959754334332 0.217273628384 0.214875685365 0.238253093489 0.291897885158 0.33932439904 0.524473033773 0.531993134779 
153 1.0 0.171634707667 0.167531789389 0.26297490762 0.188490854946 0.319197146271 0.216716608081 0.2187924325 0.181479596958 0.18395977086 0.485943554201 0.27889462828 0.277884589887 0.320588881674 0.315539093077 0.0966583265157 0.0941693216226 0.147868756862 0.144740109399 0.195919118348 0.196460182843 0.329719201682 0.327906664799 0.151618800118 0.154721252428 0.265838782451 0.263094778535 0.138584465316 0.127903679271 0.131860992031 0.127380358402 0.143243656074 0.18395977086 0.0936040884437 0.0960030009673 0.250410632947 0.230446164505 0.24697708961 0.308301420789 0.293424164557 0.475647315827 0.469655378506 
155 1.0 0.187951973158 0.18053925166 0.282288727123 0.194813778947 0.348531163225 0.236079587144 0.232039904334 0.190450705815 0.189621453519 0.508012182512 0.323884211251 0.318610802407 0.359912790824 0.359839808406 0.0985794995886 0.0979111562921 0.137706470119 0.134131577709 0.190450705815 0.190450705815 0.330546385488 0.336882057117 0.179956395412 0.180248059129 0.279765320874 0.272922198141 0.143588803159 0.183354144892 0.139882660437 0.179298417357 0.12224803313 0.189621453519 0.0768735622376 0.0810318495072 0.233112731123 0.215306976385 0.227640373677 0.300670749519 0.318610802407 0.513565517114 0.530322347539 
