Node
24 1.0 0.177293317621 0.174702234893 0.26829444737 0.185927445177 0.315749944216 0.215400727057 0.210725231981 0.162940340193 0.16713742272 0.502111516595 0.308603599739 0.314545864031 0.350044187759 0.354757030763 0.0949311700942 0.0947636221899 0.149048637469 0.147907476786 0.178035264929 0.17875044594 0.305380086039 0.301863215815 0.134611368029 0.146640940678 0.244253586028 0.262579202471 0.131799535754 0.134597574233 0.140419203871 0.131243058599 0.135263063404 0.16713742272 0.0933911015235 0.0936458945572 0.19708672458 0.182322179065 0.202535374174 0.293145580417 0.323623477476 0.482187508135 0.501817835008 
2 1.0 0.179720764262 0.174888788851 0.28143986566 0.204460193598 0.364242241375 0.235820842383 0.236092703091 0.195484322736 0.196646269986 0.525665846932 0.291976110714 0.291683882264 0.340707838172 0.335696081059 0.105033167276 0.103007420007 0.159430202682 0.15740786899 0.20435268235 0.20356978539 0.359707892719 0.357050529815 0.165716165584 0.168320522118 0.278980647203 0.276909805561 0.14847263772 0.141634555289 0.142835326723 0.14043917529 0.142791020538 0.196646269986 0.100574064938 0.101343895275 0.253032666817 0.234295125299 0.249893822935 0.281668767379 0.268582391699 0.488124411267 0.481817379121 
10 1.0 0.16808820949 0.168103083333 0.267246940272 0.198674385238 0.342462876048 0.223007786508 0.220856920184 0.187961305973 0.188598321151 0.493411117685 0.291450339277 0.294930424208 0.332998934791 0.337700489999 0.100092590575 0.101695057644 0.156491373576 0.157230468269 0.203460251712 0.205249521377 0.374883961118 0.370964937696 0.156803230501 0.161313965915 0.265372530788 0.272675368812 0.135386015942 0.130029646465 0.140459336829 0.130943930245 0.134828487661 0.188598321151 0.100144359036 0.10237442321 0.283717408682 0.273072217261 0.288877447737 0.284567828397 0.302964049069 0.491385539014 0.49859517045 
11 1.0 0.165880720351 0.16622094943 0.260200978408 0.191122661018 0.342460577637 0.226912337924 0.228104763825 0.196969151526 0.199847682184 0.495448304124 0.232375822134 0.235243233581 0.272522835301 0.27659022536 0.0956681375734 0.0969520189244 0.137434368313 0.138362513968 0.20190648339 0.201454213058 0.343216262034 0.342899337903 0.162841833587 0.167207735186 0.270953799345 0.277228279615 0.136848371184 0.125042296528 0.139726187097 0.126934217107 0.136205258725 0.199847682184 0.0885518650417 0.088441982789 0.279891579324 0.262299422874 0.282832879877 0.279185866248 0.291099254042 0.430886603615 0.434021119171 
12 1.0 0.175233152162 0.169887552223 0.266660295583 0.18969707931 0.330072011202 0.245014486382 0.246877075684 0.209340420527 0.211444492745 0.509599315156 0.27765902742 0.277347202765 0.321068116566 0.314874084448 0.0984226197539 0.0935891249041 0.146607864079 0.143501014152 0.20014012269 0.199292007027 0.347892536342 0.343211510946 0.178839002954 0.182026614242 0.283691241761 0.280599430717 0.145052974902 0.148672045979 0.134883467021 0.147705076069 0.148051406229 0.211444492745 0.0932753677219 0.0939014187566 0.266429824644 0.247519702535 0.262993076534 0.301841391093 0.278105562196 0.475479370101 0.45945081245 
18 1.0 0.180940257133 0.177118379726 0.281251874372 0.204828989902 0.368042573043 0.242312909983 0.241517189872 0.205537995148 0.205901381389 0.527196410389 0.29050711464 0.291593666789 0.335121991814 0.332578837394 0.103410067446 0.103727438083 0.159359003159 0.156120227342 0.213362023254 0.213635769007 0.371503530687 0.367963529933 0.172192814741 0.175938616487 0.285802797046 0.286583708453 0.147529513394 0.142619156689 0.145796019959 0.143220459029 0.143307205765 0.205901381389 0.102331865401 0.105204165994 0.268369446549 0.251293703301 0.26937992815 0.274860611429 0.271096371072 0.483081386997 0.481591881319 
21 1.0 0.162266922086 0.16005107603 0.260989578317 0.191896364499 0.341363340016 0.20465922858 0.206566906781 0.172313586884 0.173397398503 0.482295163384 0.256513782855 0.255440080015 0.300182730158 0.296541097893 0.0979874832535 0.0964194661145 0.144686170548 0.14443873915 0.19404111999 0.189789451405 0.348214851667 0.350747387744 0.140588814741 0.139884680408 0.256591682443 0.251463224666 0.13744928741 0.111932132359 0.13209428591 0.112520898936 0.138018497673 0.173397398503 0.092827876818 0.0921864563075 0.273973709333 0.254243784924 0.26943515558 0.293549669513 0.279442178826 0.464508344584 0.45710179119 
27 1.0 0.1741167952 0.173607399859 0.271847872364 0.202672716119 0.359927304976 0.232063247753 0.231663068815 0.193872176428 0.197208125083 0.50996319197 0.283180355417 0.285689255846 0.32752774281 0.330725828034 0.102400704673 0.103581403284 0.148106314673 0.146208871316 0.191782122395 0.192806870782 0.367856969794 0.367492597913 0.162604452471 0.167168693887 0.270829019921 0.278568756932 0.138580764368 0.13634599315 0.143979990803 0.136456409972 0.136431907592 0.197208125083 0.0893498458364 0.0908440833584 0.276864895636 0.262468464269 0.280409297033 0.269742543435 0.284984838983 0.471001897283 0.474904420913 
28 1.0 0.164297200787 0.16607698738 0.269281610745 0.18690531807 0.31786646596 0.225246507888 0.228729619468 0.194286564069 0.195765327424 0.504936831352 0.272067798407 0.272753689359 0.315656372133 0.318967673491 0.0949662827949 0.0954961646231 0.164273387344 0.163773020272 0.215288016333 0.213859092205 0.348744514086 0.357028428791 0.154387464201 0.154661175557 0.263974004209 0.261405166168 0.138966955102 0.130442161649 0.139189606537 0.135349940848 0.150012517929 0.195765327424 0.110809073118 0.111067066252 0.26821241854 0.254761099777 0.268326644409 0.294004676772 0.296781850611 0.477906655856 0.480815113978 
29 1.0 0.170190218937 0.168625457116 0.254293446366 0.184506542993 0.359721127078 0.236616992837 0.232978854367 0.197942517559 0.195784094255 0.480939076741 0.284463643338 0.284824524041 0.324888802608 0.323600005673 0.0946810412657 0.0927215479319 0.147126451886 0.146364563393 0.196853032287 0.193037516273 0.376380952778 0.373655820727 0.159780128501 0.164392276652 0.258053531225 0.263696937915 0.131795290556 0.138130898501 0.132695453174 0.137834270742 0.151572564998 0.195784094255 0.0971529996493 0.0963514849094 0.267883431643 0.255698252544 0.272997791467 0.280648275048 0.286145460878 0.498812256219 0.49468285733 
31 1.0 0.179251631906 0.161955266036 0.263500540186 0.20742825679 0.360082658298 0.257448926117 0.237047837314 0.222900743579 0.211879239441 0.499507954613 0.30148853075 0.294763033472 0.35892511522 0.341386535629 0.108177613048 0.106533123634 0.164504682816 0.166939667123 0.200880784381 0.188242016422 0.341534258066 0.362838744627 0.175195801109 0.161955266036 0.283065546128 0.255679496722 0.152738763536 0.148298461879 0.125851450694 0.135128727567 0.161955266036 0.211879239441 0.10044039219 0.0986670302073 0.28073943078 0.249741354225 0.248475807648 0.344914412689 0.224198164912 0.49897751695 0.468745743991 
32 1.0 0.175583476016 0.170596435607 0.27733559484 0.201180027056 0.340513751999 0.215116881876 0.219607670083 0.186429080128 0.185620713053 0.509182242817 0.284744976232 0.284383165165 0.333100655356 0.324138467989 0.103777668849 0.100355674955 0.162145286441 0.157737389166 0.216994525507 0.210775604233 0.349558622208 0.348763038164 0.15769647853 0.15267451019 0.286346926109 0.272250456621 0.15066208015 0.117648069598 0.136307795821 0.11838621704 0.12976168085 0.185620713053 0.103095745987 0.105663193328 0.271942400348 0.252122474315 0.264434621395 0.296156033595 0.259996441586 0.474322979814 0.450257125448 
34 1.0 0.171128699274 0.180079490613 0.257174721298 0.198792772715 0.338761359186 0.210831565785 0.213044116837 0.177103360799 0.175198816782 0.505652025242 0.255919620151 0.260943581518 0.292488674144 0.309800502692 0.0962227914259 0.10508669548 0.172248268289 0.177041750473 0.233737449953 0.227976261189 0.36364420324 0.365166828533 0.135972086368 0.136618195312 0.256408107538 0.263077986913 0.128475735922 0.108842577559 0.140828553718 0.120046676659 0.138025794653 0.175198816782 0.122630881735 0.120470386373 0.259103926135 0.255496474803 0.274613157197 0.25836253255 0.309771294191 0.47398968165 0.487704430383 
35 1.0 0.162632448294 0.161998290195 0.265632424357 0.184061486549 0.311377575994 0.223943513476 0.232436903437 0.193931796319 0.198844499261 0.492242829403 0.262810859647 0.264843009581 0.307398698141 0.307307435463 0.094087081976 0.0930646617378 0.14534781702 0.147000553926 0.20328779164 0.198432010217 0.337974253286 0.335789145003 0.162497661707 0.166472885764 0.266913691031 0.266926016944 0.141758547918 0.131521129531 0.135778455662 0.132901540845 0.144104249476 0.198844499261 0.0963090356583 0.0944647609103 0.262246805835 0.247095726187 0.264753781976 0.299872788324 0.292880287883 0.466315290034 0.451171937005 
36 1.0 0.177758291359 0.173880523315 0.270238602966 0.200632701 0.365002375649 0.247979662958 0.247899489716 0.213681020142 0.215540377754 0.51512976387 0.277901064062 0.277286437823 0.31832907173 0.315902390537 0.101849344517 0.100378721931 0.148737938958 0.145073663692 0.201081083635 0.202355090148 0.355101730029 0.353814904155 0.182739826954 0.185827192936 0.290814111634 0.290361321227 0.143632425184 0.147386825502 0.141048988617 0.147203311684 0.146070380463 0.215540377754 0.0942112858639 0.0962144606393 0.268914982851 0.250305133877 0.269794120942 0.275953490704 0.266949169757 0.457628409154 0.452337774826 
37 1.0 0.16812049633 0.171265505492 0.274509063654 0.196112425529 0.351813152487 0.241240279972 0.243458488381 0.207890673757 0.210213047546 0.524782258929 0.267545695736 0.270106419478 0.309904873916 0.312077814113 0.0994554176633 0.0987611473513 0.149762095423 0.150621542118 0.214873420256 0.211901139644 0.374297905601 0.37558849366 0.177033091578 0.181900557884 0.278519021411 0.287008183106 0.143478803821 0.144262573458 0.147541869854 0.145054305864 0.142523904363 0.210213047546 0.0999183178118 0.0987529831771 0.297055839014 0.281699180528 0.300647279779 0.273981163423 0.287188080562 0.461551192276 0.46423370638 
39 1.0 0.18750154308 0.184409998314 0.282692381157 0.208688054721 0.346251881747 0.251527247796 0.241782089732 0.207447694582 0.20385645352 0.54046190266 0.28308172084 0.282786510021 0.33212374933 0.325895514414 0.107271682009 0.104434850387 0.157328681257 0.15158832084 0.216157371811 0.214487087835 0.360846905391 0.357017232892 0.173093827588 0.168953752206 0.290334529356 0.287710980499 0.151535388558 0.144853318787 0.142932103623 0.137660422402 0.136716574699 0.20385645352 0.0935013297952 0.0975427476441 0.267707107725 0.250247005304 0.270670509904 0.293062365662 0.284068409675 0.486776356549 0.476928868302 
47 1.0 0.167193881845 0.17128153301 0.287633102321 0.194862768165 0.33471426078 0.223391290399 0.228435255875 0.192696325738 0.199525072765 0.521028465057 0.268053564683 0.269425228325 0.315246705196 0.317262807595 0.099691021612 0.098290574172 0.169397013371 0.16842159503 0.221516235846 0.218233041246 0.33755234061 0.344623894729 0.165811041574 0.176416474216 0.276108993874 0.292919109295 0.142999870153 0.129247235851 0.157928783063 0.134251847294 0.131223822102 0.199525072765 0.116849750614 0.115119506069 0.259476964195 0.241614527978 0.260848546561 0.277801988636 0.286744312197 0.454306914669 0.461551144169 
51 1.0 0.173775499175 0.170140876478 0.283679155744 0.193170533659 0.343106679566 0.226454172643 0.229832497548 0.194470889061 0.193896605695 0.515085037646 0.31058681034 0.307137122469 0.353681527508 0.344697532304 0.0979410300092 0.0973014286576 0.154465703052 0.151788434093 0.21719274672 0.215189665884 0.364240677531 0.364736177285 0.163279684283 0.161127032098 0.278755482877 0.271253449077 0.154759037337 0.136924043892 0.13882680065 0.130295112576 0.149447431428 0.193896605695 0.103028761868 0.105159217601 0.279591606846 0.260433442787 0.273204400062 0.300037892308 0.266014152906 0.49804049331 0.476571287692 
61 1.0 0.18383772206 0.176951173186 0.26325857747 0.195168648228 0.358592031404 0.221658760861 0.222787443792 0.180962831439 0.177699915932 0.516233207166 0.296303376851 0.292588410568 0.34173556979 0.33150430428 0.100590894916 0.0981101482827 0.154562035893 0.146242525607 0.201079251182 0.19739989588 0.370717576882 0.373801165266 0.151321677342 0.145234019966 0.276152102856 0.253576262265 0.143628538884 0.13040718511 0.127895143563 0.132404073882 0.134316271608 0.177699915932 0.0943382972081 0.099053018926 0.27692467078 0.255737795484 0.25926049417 0.303138300796 0.251458043785 0.50371383343 0.478838657718 
65 1.0 0.179817266779 0.184519842388 0.267846215442 0.208509171015 0.375550042068 0.216714807196 0.227839478182 0.172765463096 0.179842164563 0.517706934983 0.289440621772 0.290634509425 0.335813325984 0.33620287015 0.107212393782 0.105304324314 0.151620521959 0.154902015839 0.188096204673 0.186422266805 0.390513475466 0.38760035937 0.140214013997 0.152945665116 0.263976717572 0.278014871438 0.135213232673 0.12025269543 0.139975160481 0.125716311522 0.13764798206 0.179842164563 0.0937908794218 0.0916150062401 0.270707305589 0.263250901232 0.278986983479 0.261967812984 0.281562989737 0.491285173128 0.494450948935 
68 1.0 0.168747342184 0.163917850763 0.278943504964 0.215850659393 0.326353711432 0.243812093059 0.2482592229 0.198188522223 0.19727794989 0.542123303285 0.277749306809 0.268881323791 0.334361267395 0.318623184181 0.11251190655 0.108501276844 0.180025205293 0.181099076289 0.218338749756 0.22722878065 0.360127336217 0.355443371836 0.165180394583 0.164844661726 0.27169959475 0.253994977078 0.151901787582 0.143171390807 0.136637633691 0.147460333692 0.163917850763 0.19727794989 0.120247383575 0.113370320461 0.258374057408 0.236897296474 0.245510363596 0.314598677105 0.280577228342 0.512144416421 0.493749188063 
74 1.0 0.195463244122 0.196392491402 0.281207721925 0.232780946565 0.423687462616 0.243270735414 0.24323504935 0.207998332941 0.20636019483 0.529345303988 0.292237619513 0.295071001274 0.342892594554 0.342091653279 0.120985160238 0.115236438959 0.169899886583 0.175491530872 0.215014924853 0.216327011469 0.390136684526 0.380377723834 0.166366606522 0.174481974605 0.295143945066 0.298999178937 0.150108091103 0.137185061778 0.142382321903 0.142004111448 0.14323030421 0.20636019483 0.108556111602 0.106537038062 0.277141032475 0.259244676403 0.278387607423 0.233687441642 0.247360856409 0.482735336946 0.490910077623 
81 1.0 0.173968311179 0.165228863792 0.272357621698 0.194030925772 0.345179915924 0.253048113777 0.246147037571 0.22351638316 0.216408278799 0.515219630608 0.279251739547 0.270438347778 0.325910397351 0.302270755975 0.103566399319 0.091847090263 0.149699547608 0.142360760459 0.202440711837 0.200867343941 0.356934528387 0.348603096028 0.184017178361 0.179195584169 0.290296767998 0.273782512622 0.151588922304 0.157177524023 0.133675206059 0.150008668365 0.153818892869 0.216408278799 0.0948848237627 0.096422759496 0.295951955371 0.273522663659 0.290325009318 0.324674635526 0.25832139201 0.476796382237 0.43554080108 
84 1.0 0.176871601492 0.176029243761 0.280960110329 0.216242340142 0.411869343053 0.222494028474 0.228295536442 0.187995153081 0.192029233073 0.510976300208 0.285910281818 0.284974484601 0.336658836076 0.33597758469 0.109575992696 0.111305260712 0.156909650485 0.157611857959 0.187297897953 0.185705802961 0.379775772846 0.380436014451 0.154965326392 0.15702627966 0.272614121287 0.27046911733 0.145670459919 0.129929148291 0.144528291259 0.133568399098 0.142602672239 0.192029233073 0.0940548145679 0.0940845858418 0.245618470103 0.228192049426 0.24941324669 0.258040726483 0.255713371744 0.488119665884 0.484289969562 
89 1.0 0.171376841045 0.172029774128 0.270770572418 0.201347831124 0.367082675759 0.227929264822 0.228382710861 0.19591183947 0.199163276528 0.508102807104 0.25312020651 0.254897606573 0.297214464278 0.299170968654 0.101812084503 0.101759157503 0.147058124528 0.147401305287 0.207060261099 0.207529575334 0.36930008352 0.36715995925 0.163123578956 0.166353300618 0.276495728009 0.282017229056 0.140797191928 0.125933240099 0.144732108141 0.127506471271 0.139274507038 0.199163276528 0.0937591450369 0.0934530410715 0.275560321754 0.260692928244 0.280620495075 0.266515268726 0.278103465138 0.454959027113 0.456046777354 
91 1.0 0.177218450848 0.169278019642 0.281405807632 0.190194639964 0.335610353556 0.224488372913 0.226122202902 0.185990926615 0.191634263713 0.50663857714 0.280695373359 0.279283283582 0.32110751856 0.320790449151 0.0951587641826 0.0970247313545 0.145849400698 0.144033095556 0.201645225576 0.20181080244 0.347323618402 0.336681481857 0.173995232486 0.178063620439 0.282687234068 0.281168075655 0.14829400607 0.144142879971 0.143368264214 0.143623049934 0.124496597051 0.191634263713 0.0940133664157 0.0960243840814 0.25968405129 0.245993742241 0.261589490547 0.293957877426 0.294674229596 0.490524805762 0.477259250761 
92 1.0 0.165623240195 0.166955754339 0.271373942233 0.198476963915 0.35081941798 0.236350724955 0.236865052453 0.192921224193 0.196961669703 0.529768568615 0.266479805454 0.263058281021 0.309664379709 0.305236969088 0.101288007625 0.0992643277975 0.153086694805 0.149534899501 0.195558609418 0.194248183948 0.345262393934 0.343674636813 0.157432904421 0.16349745518 0.255625254163 0.263512426961 0.139906684387 0.14388853757 0.142330806338 0.144692462647 0.141099312915 0.196961669703 0.0983558887021 0.0989360276435 0.26121712248 0.24734149937 0.264205715874 0.276416716239 0.272983844652 0.453256192842 0.445513915965 
96 1.0 0.181801325391 0.182067181725 0.27830538769 0.204741927953 0.35225133201 0.21585844089 0.225216120748 0.179570549799 0.184966383105 0.528376998015 0.295119158886 0.284436576637 0.340379754689 0.329011276352 0.10284236001 0.104706723761 0.144774405649 0.144774405649 0.219340850901 0.215484659759 0.364222906761 0.363158962209 0.147313532729 0.14241654153 0.279346217622 0.266648662275 0.145994280493 0.121525621655 0.139210613803 0.129490164973 0.141051495253 0.184966383105 0.0866788364525 0.0887013083031 0.263057065547 0.238565405826 0.241587466693 0.30437075764 0.283812375916 0.50618514142 0.497543300368 
101 1.0 0.160063776174 0.153828004199 0.289752754104 0.212835256847 0.37250861788 0.22215619043 0.214226619238 0.20005242235 0.190842426826 0.485115753869 0.292633548262 0.285988783104 0.346450519196 0.338593013721 0.10901356181 0.10901356181 0.168053186435 0.168053186435 0.190384000926 0.193299140833 0.376196680843 0.368119625558 0.174581939351 0.174682014991 0.280870967749 0.272213087575 0.156530899201 0.142994391552 0.140528786166 0.140155204328 0.159735888272 0.190842426826 0.103250221205 0.103250221205 0.2707324331 0.248307799655 0.259593961441 0.29453842467 0.245903167331 0.493579893735 0.448267471461 
102 1.0 0.186158843361 0.179320796388 0.288684753733 0.213584005232 0.357944072001 0.230685055436 0.238985972883 0.184450515502 0.182269743092 0.554284153684 0.301058888783 0.298948507155 0.352692315449 0.361418214296 0.10783995942 0.113412429684 0.164086436207 0.16780131378 0.186516497569 0.194046683288 0.36930728494 0.386113505057 0.147171487901 0.148411560656 0.27137081511 0.251486748766 0.152836122606 0.135254951971 0.142804769759 0.151081847879 0.139021189163 0.182269743092 0.0955525504807 0.103262346942 0.282146766301 0.266100977244 0.263774160468 0.293265519814 0.244158682375 0.482758374466 0.465397108404 
110 1.0 0.163006502515 0.169133919947 0.256264267381 0.192222480893 0.339361576597 0.219644819391 0.223886758768 0.181309067928 0.190046457808 0.490853342813 0.268202740811 0.273360218878 0.308446703062 0.316847861898 0.0968192756072 0.0984202109676 0.137035529478 0.14233514768 0.186617965072 0.186051409964 0.35587580126 0.353232552471 0.146763379903 0.158570202284 0.248319769617 0.270563747029 0.127960038496 0.125047245804 0.138979191234 0.127515139757 0.13566860758 0.190046457808 0.0866343893109 0.0836971041697 0.261443634073 0.252161835427 0.277074322237 0.262870469932 0.313403888196 0.456854713761 0.477710566963 
122 1.0 0.183704058874 0.183110183958 0.274370522641 0.203894953027 0.352839538033 0.241574789033 0.235573055217 0.20274110348 0.199540627439 0.527699008682 0.310875233022 0.305537374824 0.354528088954 0.348416714839 0.105668206852 0.101207252789 0.14695572728 0.156551203581 0.21728927089 0.214732859621 0.384805015799 0.386267245651 0.159287781791 0.158604899704 0.283894015682 0.279632947957 0.138864218836 0.136157312686 0.141876857844 0.138900454354 0.146921425591 0.199540627439 0.0982742871578 0.0894522881826 0.292825942043 0.281661257654 0.295374417937 0.292595055416 0.297993761508 0.517303084777 0.507581526045 
123 1.0 0.169343893869 0.16718451365 0.25843377494 0.201127918731 0.356284358738 0.24126590102 0.245677159694 0.2112295303 0.210512615219 0.502727071729 0.245449775651 0.243459948283 0.289138499651 0.286428773347 0.101980368091 0.101340421007 0.138897376182 0.139536675362 0.193059144136 0.190285959657 0.34476027963 0.343713785132 0.178347898155 0.182219536705 0.284163392864 0.282090246535 0.139193122853 0.138243839629 0.135720114782 0.139350165678 0.144781551038 0.210512615219 0.0846207512442 0.0841391885961 0.259183788077 0.236203716764 0.257630353055 0.277765182745 0.274432036684 0.444110599688 0.432630003931 
125 1.0 0.160334876404 0.166516285694 0.274133578297 0.179844401287 0.344324785543 0.221646366106 0.226537045138 0.198376056834 0.203529036583 0.484699258717 0.247813350504 0.253803958727 0.289692454382 0.300785030215 0.0873547620728 0.0952142851317 0.13577519019 0.144030278315 0.20257133964 0.198710208299 0.340510929436 0.349668746394 0.162500866907 0.168048835187 0.267651302321 0.280408601903 0.136632393499 0.121446898215 0.150980699702 0.13105725902 0.133897711654 0.203529036583 0.0903470339003 0.0889134901689 0.269286051811 0.260094409385 0.283906691118 0.26075046424 0.302578776695 0.439051984799 0.463707298739 
128 1.0 0.185960539732 0.178109445443 0.280991103396 0.191790656377 0.356218890886 0.273555263296 0.250672681055 0.216142512865 0.201442713598 0.569642660283 0.310764651269 0.304981062186 0.349646879508 0.339929733062 0.0968071901758 0.0960783929335 0.169066489325 0.171132551602 0.220754358423 0.205928713674 0.370532602913 0.378044162848 0.184315398849 0.174521644006 0.280991103396 0.268367271581 0.1544370539 0.176656544719 0.138606802658 0.156096903817 0.136906041282 0.201442713598 0.125663041653 0.114748172351 0.28880361047 0.268367271581 0.273298202694 0.277973211686 0.256584713671 0.47593313304 0.474750198817 
132 1.0 0.177973655297 0.180650599718 0.2748827114 0.194812155659 0.344935897179 0.214930135056 0.217346654529 0.183784260114 0.191074694647 0.50689956603 0.257865979091 0.261932209876 0.302678684947 0.30425513319 0.0980908121679 0.0990080499241 0.14504816825 0.144581790934 0.207800742252 0.206708587422 0.337753144108 0.335385145091 0.151548521403 0.154369705921 0.27904005596 0.288334247416 0.141389967474 0.111953371704 0.146937236532 0.109161274781 0.127440678486 0.191074694647 0.0927826829929 0.0932373704833 0.259318076081 0.241737427965 0.267069537785 0.26480463113 0.282676422532 0.435667225075 0.441288490367 
135 1.0 0.171142244921 0.171434218747 0.278163768962 0.187999155716 0.360302791143 0.218630725119 0.21373320588 0.184111233822 0.19350550549 0.497442193117 0.289379626901 0.283131491417 0.335539719808 0.331595241944 0.093310162243 0.0996798307274 0.166484142807 0.168054699987 0.22039634535 0.22186317316 0.370987630838 0.356189822928 0.142629242604 0.153821109807 0.26306340881 0.284654670917 0.14003651841 0.114927256078 0.148714727203 0.105251947615 0.140685544983 0.19350550549 0.113413465678 0.116443429634 0.272205475774 0.257570761262 0.28567920493 0.261025451513 0.286093018177 0.478344630951 0.473360186142 
136 1.0 0.172149552465 0.170493515626 0.26715421017 0.195734878489 0.347781903759 0.228211610921 0.230350452383 0.197569484629 0.201315072841 0.498766937996 0.257734753953 0.261690608105 0.298789539852 0.303689720731 0.0984756129298 0.0993153457489 0.145883809954 0.146084914431 0.204075122776 0.205766666509 0.352433861768 0.348939757406 0.165462831697 0.169555911248 0.278157695406 0.283369990786 0.138464373731 0.127534052488 0.142686469186 0.128733617122 0.138553436077 0.201315072841 0.0939346022926 0.0944124524733 0.273039199422 0.255561201126 0.277935953498 0.277313497642 0.289042499817 0.451834850574 0.455154073043 
140 1.0 0.178370578806 0.17422903256 0.290708476592 0.218031357444 0.419872962138 0.242840628 0.254705598178 0.212254665148 0.223867179158 0.520811259954 0.283183043845 0.285151135014 0.319429349815 0.329389962503 0.105907531166 0.112728803457 0.161648337043 0.162797510305 0.202055616005 0.199580109175 0.376941404096 0.381692265513 0.181564498832 0.201978715672 0.290975549204 0.309750409428 0.150086713065 0.14385016284 0.15417145136 0.155275917427 0.134009986203 0.223867179158 0.10765337733 0.115989103429 0.264343095278 0.251822624373 0.269003535243 0.242840628 0.254766583597 0.469183975227 0.466161129374 
146 1.0 0.172409760211 0.166291895103 0.268731098018 0.1989533483 0.354655216998 0.218230874502 0.219540619716 0.185452765781 0.18499720714 0.49569594309 0.269112212712 0.267314119419 0.316015283896 0.307492334695 0.102849012185 0.0987463764396 0.150921158618 0.147195422754 0.199863955678 0.195594073606 0.356593284395 0.35730813443 0.151651787752 0.151107892221 0.269336176495 0.259735081866 0.145261383041 0.126172484769 0.132909175325 0.123775998091 0.143311806657 0.18499720714 0.0939047939752 0.095313635688 0.272252679645 0.251472913423 0.266169784708 0.295891564262 0.267946877816 0.479873979733 0.467313420569 
150 1.0 0.179108591804 0.178847055634 0.296123601019 0.206766485356 0.391196619131 0.243370517781 0.243370517781 0.201879142105 0.207294047867 0.553066318755 0.270975998728 0.272812367042 0.309872909689 0.30764939629 0.106285531171 0.100552382932 0.150310439667 0.150102684986 0.214907078223 0.212717814906 0.382688259893 0.355462466793 0.182645389841 0.187784215339 0.296070905298 0.302122310442 0.157310045147 0.145671408146 0.153697853316 0.142750110362 0.12738595106 0.207294047867 0.107453539111 0.102701837096 0.280204548249 0.274238473816 0.295173638704 0.25193896236 0.276504946026 0.462310167761 0.462175147265 
151 1.0 0.180159372953 0.190679126886 0.284966519496 0.206700685074 0.380046613589 0.249836098823 0.242353893665 0.211992959595 0.217873695078 0.502909579413 0.320823016284 0.315278902668 0.352835447667 0.349993535211 0.100712151177 0.106290506659 0.146212828179 0.150109711662 0.21272777275 0.225199216192 0.372791961858 0.368920879481 0.178506100563 0.187793005981 0.280718402135 0.305628289177 0.143628598158 0.155220415674 0.150421250658 0.152481911755 0.151969366063 0.217873695078 0.099934439529 0.102554599372 0.269834552967 0.262565735094 0.279827583856 0.247955248242 0.26185159306 0.472084464201 0.482190143122 
156 1.0 0.177341333866 0.175097135918 0.272967383039 0.209064625316 0.358354436818 0.234155403679 0.235374663563 0.200092507995 0.20561735192 0.501697341462 0.28715693507 0.29119382028 0.332096119989 0.336823672435 0.106056701779 0.106374403206 0.152509429451 0.154378118226 0.198113395356 0.199495117027 0.370130219724 0.372381620513 0.160545059517 0.170059800322 0.275073619114 0.284097004518 0.140729540151 0.129283553276 0.143945598842 0.13395846021 0.139180061499 0.20561735192 0.0938953325275 0.0944571658093 0.269916520292 0.256476956922 0.272383012281 0.271602566915 0.278875698028 0.474070609167 0.484199077189 
160 1.0 0.17839262802 0.178715205126 0.28099987599 0.205351584035 0.37020067811 0.244436775405 0.252834006824 0.209477189899 0.216481661702 0.525004619503 0.276021487811 0.280442293856 0.321407114512 0.323795264848 0.106495129052 0.101358440843 0.158940297012 0.157425993845 0.226048947815 0.2214347229 0.379089175628 0.366268868722 0.168551578158 0.17595675252 0.283199573073 0.286736875387 0.14630803591 0.134023589346 0.1477617106 0.145671722082 0.1434166769 0.216481661702 0.107567950414 0.103951481904 0.263882011477 0.24637203504 0.269547589156 0.26706465769 0.277448104994 0.474024340436 0.471719627133 
