Node
85 1.0 0.160706587226 0.182869239848 0.257255050636 0.191053616291 0.324194840608 0.229313789333 0.233014743634 0.187071149396 0.202802315618 0.480635573915 0.30768852932 0.325878181647 0.341617537353 0.371584911244 0.0921563232288 0.102256745447 0.164749949843 0.171659482192 0.204688462096 0.216423022833 0.350427079394 0.33178191155 0.145372610641 0.168037122185 0.234642740046 0.296448251777 0.105740173397 0.125418294123 0.158745128608 0.136101642915 0.142363866542 0.202802315618 0.116358901618 0.11614469766 0.20470147168 0.225454158921 0.266986951292 0.229276325631 0.389870243318 0.478800359805 0.552808430749 
1 1.0 0.178056285894 0.176906175349 0.285075649116 0.208926837338 0.34768921834 0.238160831054 0.241156167673 0.19136408593 0.195921039511 0.533047309396 0.305895130759 0.308305836758 0.353343200121 0.356178840228 0.106477104554 0.106598052719 0.168458517208 0.167058579558 0.201061704942 0.201432815944 0.340201920962 0.343956768809 0.160536561765 0.164961909169 0.266391955371 0.272837086517 0.143894224719 0.147606487528 0.147972461834 0.148068785993 0.146203918583 0.195921039511 0.105992642556 0.107184933025 0.2310196618 0.214571420532 0.233218510153 0.28902255386 0.29724746314 0.494611224118 0.502476133774 
7 1.0 0.164112116181 0.161953680732 0.260281815725 0.178209790106 0.303738268664 0.211157594055 0.21013841488 0.175019191945 0.1740699683 0.48511798774 0.262307328189 0.26246448174 0.303187480356 0.301290016657 0.091384373689 0.0892499335382 0.134026061804 0.135922579786 0.184600828096 0.18165107734 0.308284095844 0.310200460546 0.14485734096 0.147791195847 0.254300489271 0.254648546073 0.133368800801 0.123964828575 0.133693851446 0.125133013061 0.142665717012 0.1740699683 0.0869703220629 0.0844398927047 0.234741216654 0.216576726428 0.232513559474 0.307072716899 0.301422593796 0.456957013846 0.451672742647 
8 1.0 0.173488569757 0.172693655162 0.267103972661 0.194336139461 0.349881448565 0.218340464058 0.219198040774 0.177878150205 0.18134865939 0.49807546664 0.268630203724 0.271156871131 0.313701044016 0.317107300195 0.0982873698063 0.0999093831226 0.145348122245 0.145371736676 0.181339589702 0.181463120052 0.334422785701 0.334426150398 0.145544991258 0.151175394223 0.258636143276 0.266518890786 0.134428227167 0.125413271792 0.14040554907 0.126216430381 0.14151046705 0.18134865939 0.0889861083275 0.0902357748162 0.227981743162 0.213237215146 0.232546475776 0.272005420522 0.291173375749 0.464608764416 0.474599018847 
13 1.0 0.179754884384 0.174745827068 0.280712786553 0.202317163081 0.339929031952 0.24383469215 0.243780680394 0.203973896994 0.204085209505 0.518080943623 0.311296965176 0.310332727127 0.35880655055 0.35334673005 0.10463082393 0.101566486112 0.157005246068 0.154384855513 0.192808061699 0.191168022974 0.34006163877 0.34073784983 0.173690171959 0.174615793733 0.280799819281 0.275962794019 0.149963786485 0.154216000522 0.138405979075 0.151882621121 0.149075313834 0.204085209505 0.0952681039225 0.0967634943157 0.241738148292 0.221715082934 0.235278118481 0.307377672671 0.283125135919 0.500489185681 0.48900126177 
14 1.0 0.182763346348 0.172805221042 0.274387658886 0.197477477294 0.295761395215 0.2244543545 0.218519304461 0.182635029096 0.18432795757 0.527877510574 0.254845335225 0.254856287295 0.305075372013 0.298252654902 0.103788802444 0.0965998732724 0.169104703892 0.160468073465 0.234393620136 0.244303636582 0.323934535069 0.311614654422 0.156594962868 0.151024993381 0.279896725236 0.266465722806 0.149298328026 0.127316303129 0.137848843404 0.12374161275 0.139451809119 0.18432795757 0.10926991579 0.113043249689 0.233850843296 0.213399159984 0.229296020587 0.324293045562 0.280176027829 0.470668160772 0.45316013546 
16 1.0 0.175967742049 0.171255706521 0.270814133647 0.195115517378 0.348815803332 0.203929304441 0.204837661012 0.160237014751 0.159883848666 0.503935060494 0.307828563962 0.308927117211 0.355889786044 0.355576350565 0.101034249661 0.099912520273 0.158088129906 0.15511979495 0.187538103982 0.187259063433 0.360012661419 0.359766576591 0.132045816002 0.132366081917 0.255462922744 0.251224292273 0.138252754617 0.120277037058 0.136585886378 0.121055444844 0.134599144412 0.159883848666 0.0958917448851 0.0986602390255 0.252285652885 0.237857670952 0.252260343732 0.295215137612 0.29058804565 0.509033882879 0.509498460619 
17 1.0 0.175926092458 0.172725512248 0.275651011649 0.201116595443 0.335935715702 0.207703551889 0.209985721971 0.164618875504 0.167468764746 0.501381387429 0.306440255645 0.310651389928 0.353522944549 0.359232542887 0.10263322156 0.103836956948 0.157067850837 0.155339314844 0.177200797929 0.179041576903 0.328247325782 0.327487439804 0.137160732849 0.140399302004 0.255446794275 0.257184354743 0.137877809371 0.126567622798 0.141413633871 0.129403790149 0.134096646151 0.167468764746 0.0935209419297 0.0956201008637 0.219575172559 0.205663362842 0.224176512272 0.289833703686 0.306860974994 0.491018743302 0.500275420787 
19 1.0 0.188456603519 0.181392394909 0.276855234603 0.199969591723 0.342384920899 0.249656837577 0.249351464062 0.204103748324 0.203980533397 0.52547083138 0.322005712417 0.323117064388 0.367924237317 0.365804857253 0.10333297588 0.100696987591 0.161443984778 0.156521475662 0.188877379854 0.187636475664 0.318537955061 0.318823425262 0.170835550558 0.17365483212 0.278076829828 0.271862665491 0.145752134913 0.160022171538 0.138140573614 0.159805045627 0.152720151815 0.203980533397 0.0981882675756 0.102251355516 0.206254500794 0.183218967528 0.197757996239 0.300866689539 0.288686606313 0.496528783612 0.489594362604 
20 1.0 0.174864388247 0.174871331754 0.272866190359 0.196220630431 0.341774956606 0.228486527026 0.23043713237 0.187530711891 0.192159288718 0.507189968873 0.295213801519 0.297353029443 0.339097270294 0.342188554625 0.0990727535636 0.100760054579 0.154317536502 0.153284985484 0.192554522433 0.19294838867 0.343746734811 0.342915646838 0.156917743145 0.160896146333 0.264967671503 0.271730477316 0.136974034915 0.137941136939 0.143024330253 0.139506256601 0.141385438258 0.192159288718 0.0961763496327 0.0978624008176 0.240074873204 0.225676983627 0.245395685067 0.283303205224 0.297434503569 0.485391842426 0.49212189997 
23 1.0 0.172073067065 0.169027471656 0.266939823186 0.179962212166 0.291176014095 0.210666788455 0.209215980562 0.191733168011 0.184497848866 0.467500966563 0.3265647964 0.313515721655 0.371886184549 0.350538440117 0.0958333361544 0.090376014708 0.182306523313 0.181848708138 0.230289522641 0.223259365939 0.305417172621 0.309860294904 0.158498627061 0.147661609184 0.283550394574 0.261502314803 0.153783615776 0.128307628883 0.119034153083 0.116344823365 0.150146956744 0.184497848866 0.129660144698 0.131153231546 0.262449159116 0.235940687854 0.2409850638 0.376562758025 0.298114871807 0.535385928434 0.495913339972 
30 1.0 0.174350173652 0.172884920413 0.269530962468 0.196861198041 0.350949444614 0.214010612948 0.214370029684 0.181196658941 0.180327335833 0.485878143555 0.29200064073 0.291524494783 0.339977186444 0.33579860648 0.102075529535 0.0992964075941 0.154905833609 0.153068333031 0.197698808161 0.193985743046 0.349255650566 0.351658884244 0.149547616092 0.150354224019 0.269105508482 0.265767996489 0.141495318903 0.12455791185 0.134964898329 0.12311091787 0.142975364808 0.180327335833 0.0961567618628 0.0958484325109 0.248252855407 0.227824810182 0.245902557993 0.296165948461 0.290195949368 0.497661122111 0.495728734203 
38 1.0 0.186151406006 0.1704580999 0.281821580175 0.228668819597 0.329662279868 0.216934289937 0.207068423054 0.179896961904 0.183629016231 0.510489185578 0.284218405021 0.28222246456 0.335273232144 0.32880378289 0.118044170671 0.113652550366 0.176726723085 0.170209195265 0.207613699634 0.20890302737 0.306699271581 0.305452615261 0.166854990644 0.176966461006 0.304340189294 0.299613468721 0.154817129856 0.119472176277 0.138022863722 0.117684461849 0.145984504006 0.183629016231 0.102677551003 0.102263804991 0.224363933543 0.191391914394 0.208428939811 0.32499945645 0.300178955481 0.481424304768 0.467121369906 
40 1.0 0.177567339299 0.173400412291 0.264538720569 0.185205465196 0.32574864704 0.24867485497 0.249922513363 0.207589338184 0.206543772946 0.499756947552 0.294252797179 0.291991682382 0.33876047729 0.334366253126 0.0963853744114 0.0928696322154 0.147097623257 0.143922870999 0.186131375949 0.185175737864 0.314989843913 0.316012967077 0.179280540859 0.178029575191 0.280887436665 0.272716869155 0.138758931058 0.151961838356 0.134866406125 0.151905112268 0.155885996048 0.206543772946 0.0903796364625 0.09121770403 0.21846719855 0.199371901074 0.215479366623 0.304563337233 0.289699664235 0.48156326689 0.472935445801 
42 1.0 0.175665900118 0.174603600175 0.267822297379 0.184049797459 0.330918624213 0.213868253948 0.215385790549 0.169479380316 0.173079875771 0.491739328814 0.286341557225 0.286213101514 0.332556008904 0.330222456206 0.0951595263435 0.0933652822731 0.13924865985 0.136687801639 0.171118495085 0.16868170709 0.309331185735 0.307663912503 0.14109724996 0.147012989757 0.25263376334 0.257200879503 0.137174588751 0.132276212663 0.13574244797 0.13064796316 0.142621302157 0.173079875771 0.0815144740995 0.0833528581434 0.211565290292 0.193593436341 0.215382069107 0.295598243285 0.295530095314 0.475367963458 0.471255838998 
46 1.0 0.181509124552 0.178756747069 0.285310209487 0.185429298666 0.334476737163 0.217192718871 0.219499213883 0.178624547198 0.174926711211 0.530443050428 0.283727395677 0.283055724772 0.32841384982 0.327731427621 0.0941982702007 0.0943103704925 0.160779882729 0.157856604636 0.196637928023 0.194795276156 0.314555089166 0.320932048583 0.151757969623 0.148097726916 0.279005408163 0.265591144778 0.150421444905 0.12917058094 0.141482264091 0.133409827447 0.132488969654 0.174926711211 0.102961509583 0.106241376169 0.223973600445 0.19722805341 0.212422127776 0.295684888272 0.275048913454 0.464448932499 0.457776231241 
59 1.0 0.165864644926 0.16901324109 0.266911499896 0.187703700109 0.312467939107 0.229059378861 0.234962803119 0.191302740167 0.199856030968 0.502561501619 0.273177335272 0.275493437569 0.315357159751 0.319658314102 0.093620381879 0.0973184465371 0.137110597256 0.138710569909 0.184400143083 0.182702882908 0.323000655295 0.32054124396 0.162669168435 0.169632760002 0.26371162305 0.274236964768 0.135179069401 0.139183354798 0.141100768385 0.142264079307 0.138843642224 0.199856030968 0.083020517904 0.0835091190368 0.241758962699 0.22940087131 0.254640059592 0.277117058118 0.311991986937 0.449792826151 0.4636282287 
67 1.0 0.180940248256 0.178051103713 0.271101828121 0.211338210025 0.37658376836 0.225249091493 0.227880731588 0.179660492926 0.183551392537 0.513441354131 0.297560219687 0.299956391583 0.343832156255 0.344488311438 0.10715470657 0.107815381954 0.161767911222 0.158506434392 0.179592192749 0.178466528921 0.332545500231 0.336229277176 0.142838693287 0.15069748295 0.257452181433 0.261292170411 0.138891747582 0.136615349402 0.138051625847 0.13865802079 0.143649494701 0.183551392537 0.0981912232208 0.099890497334 0.214494431927 0.196000544828 0.213668823148 0.272990648079 0.26257227767 0.477473657056 0.475108338243 
75 1.0 0.178457652562 0.172725212051 0.281551613701 0.201148479655 0.333393831897 0.216783644851 0.226098264187 0.183562680255 0.201721903485 0.500321668088 0.324209874166 0.324209874166 0.362830291279 0.365909784821 0.104041939892 0.0991698488561 0.134112658149 0.14223345399 0.18561871791 0.199831617842 0.322167586919 0.312390042039 0.154147954987 0.159306937617 0.277478212854 0.27508920401 0.140834402402 0.129097314572 0.145445582078 0.141884984408 0.146463091755 0.201721903485 0.0861713264859 0.0770739774935 0.240594842742 0.218300693764 0.237488481515 0.28729519676 0.298285033576 0.446837081548 0.463085702695 
80 1.0 0.180123983224 0.172426919169 0.270343019711 0.195904927124 0.336152955308 0.220228032744 0.217926056909 0.177231944237 0.171599474485 0.502076224008 0.315384279168 0.313299613428 0.363188668955 0.356357259863 0.102563715787 0.0983194409102 0.153645810194 0.149735379732 0.182971344914 0.178862112818 0.330056245834 0.331400302344 0.147385973241 0.145358909402 0.264335596351 0.25060840857 0.144309238432 0.137574033885 0.130302357737 0.13556633171 0.146446267286 0.171599474485 0.0909491715161 0.0922461243857 0.231867308386 0.209353956955 0.219430645571 0.314119108907 0.285574452864 0.505487531878 0.491762671916 
83 1.0 0.170387171088 0.170342992757 0.255261882687 0.18239676117 0.308401229727 0.22658014603 0.223380928264 0.180362318159 0.181557568489 0.491751441247 0.290721161298 0.298550363846 0.335376755476 0.342868130677 0.0931987909855 0.0945389722763 0.150416369313 0.149529351271 0.180315830159 0.177699466565 0.329093097644 0.332817455246 0.151593960814 0.153336818228 0.251014918892 0.255966929818 0.130796427823 0.141330598354 0.129964793243 0.141652404221 0.145117202518 0.181557568489 0.0914386700981 0.0947512575666 0.235516205273 0.222696828875 0.240576912721 0.305881445893 0.316161367894 0.491936773461 0.503508171304 
100 1.0 0.175824434754 0.175018512553 0.257315218328 0.199078934705 0.33008153107 0.267021833854 0.25841173701 0.224867748335 0.224867748335 0.500188465894 0.287871384518 0.287871384518 0.330830218337 0.328256181421 0.0990054216473 0.102971862778 0.166037139708 0.159227636266 0.188812949443 0.189311466349 0.345599780518 0.340932081594 0.194286922117 0.19203017749 0.27672856618 0.287379856469 0.133555030894 0.167379875195 0.139762151532 0.156541316555 0.161577986761 0.224867748335 0.102857385964 0.108541873763 0.230609976708 0.223501397415 0.242366980142 0.287379856469 0.298006255904 0.477707571673 0.477214071984 
101 1.0 0.164516602283 0.169041848041 0.290961209621 0.183722797614 0.336849809863 0.2190652645 0.221487254201 0.183935153066 0.188753401172 0.500045541192 0.29019994005 0.28613594687 0.323971773191 0.317193286502 0.0919675765331 0.0918259789487 0.145010263698 0.141098949209 0.189578857302 0.194257172471 0.329033204566 0.325534443708 0.17796653754 0.184852541067 0.280950149203 0.294870482027 0.14608310395 0.141467354403 0.15346782971 0.136886087353 0.129861544807 0.188753401172 0.102664565515 0.10725170293 0.213652439716 0.204057730997 0.22072218368 0.277642271582 0.293676579994 0.470329830696 0.476213650023 
102 1.0 0.175474599251 0.177339654322 0.294613105877 0.192724658836 0.334407905815 0.232505907982 0.222537994204 0.185475799478 0.184276082445 0.53866663096 0.290467577222 0.297912237212 0.339743053914 0.350241826049 0.0940742192557 0.103721944145 0.146615440248 0.14645633582 0.176650048828 0.175279637926 0.315259323115 0.321589448232 0.163746360941 0.161658317687 0.271667000509 0.280712483809 0.148589922515 0.146435777395 0.151185390636 0.14508755919 0.136259330708 0.184276082445 0.0811859764826 0.0894014229097 0.210861438435 0.19535496055 0.214419859262 0.278440429381 0.296876464914 0.464769851314 0.474269661291 
107 1.0 0.175970874275 0.167748487877 0.297348971955 0.199174721382 0.342148380273 0.228398112219 0.231012292251 0.197657034709 0.197657339871 0.510524526633 0.31482239139 0.303682746956 0.370160263223 0.349758944898 0.103239812038 0.101183057751 0.168059222096 0.162106617159 0.193629971348 0.19341939854 0.331643845715 0.329364819212 0.166411610724 0.171882729057 0.282710667299 0.274469118226 0.161935730591 0.142615017794 0.14271834487 0.140194021395 0.149302889826 0.197657339871 0.102617484417 0.102092087757 0.23331268657 0.206871601343 0.216266661734 0.318505041155 0.27299282558 0.499635465314 0.483809917963 
111 1.0 0.177771335061 0.16739748625 0.297057692325 0.213541666667 0.370121625092 0.214492294604 0.221583826939 0.18670258676 0.186120504013 0.510655768827 0.300552875964 0.309446891198 0.35638094572 0.354969983571 0.116461873828 0.101127540828 0.158405274227 0.154854882785 0.188797593337 0.174692810742 0.358316678392 0.363726672123 0.154591896663 0.153888403153 0.284510422578 0.261040918461 0.164454722957 0.126080400384 0.137009858729 0.140238666852 0.151041666667 0.186120504013 0.0938945644652 0.0938945644652 0.2427887921 0.213605173483 0.21973982406 0.295041854964 0.259215982044 0.513516311071 0.490634952128 
113 1.0 0.173982564951 0.179543638818 0.262612865719 0.178847055634 0.284953180136 0.232819724647 0.232819724647 0.192624173971 0.194317783135 0.497207053562 0.309066210215 0.311329724785 0.341309877555 0.34258751258 0.0900754698222 0.089554295902 0.147481060242 0.143077644507 0.19107892659 0.192624173971 0.319931339178 0.322360617334 0.159965669589 0.168052180411 0.272411719271 0.277855955435 0.13148455607 0.132430500324 0.138196031911 0.142750110362 0.150310439667 0.194317783135 0.0975595484903 0.102701837096 0.257755352637 0.240273417876 0.257331263158 0.309268082353 0.310928526519 0.485071250073 0.490827076065 
114 1.0 0.178219162107 0.171982032393 0.271862858828 0.197688831063 0.357230913043 0.246519536899 0.242722374384 0.21197225647 0.212772987373 0.51048795633 0.260028756545 0.265046523599 0.310296147646 0.306895425706 0.101249713458 0.0995670618385 0.146847311327 0.142907424494 0.206507191457 0.19591246627 0.326857332634 0.324183058874 0.176748651401 0.181424288496 0.283431852144 0.29058883515 0.143896468575 0.145920741071 0.142183528533 0.139266316867 0.146442867106 0.212772987373 0.0876672640026 0.0865247518198 0.218865431496 0.197381810592 0.218807188814 0.26293035411 0.286324165192 0.437916028488 0.452594316626 
115 1.0 0.19703543456 0.192395016617 0.286221550091 0.236241171201 0.406152609461 0.240724565357 0.233999439329 0.198861284551 0.175703256199 0.535752649786 0.312866855928 0.30501895689 0.371407454664 0.368149431584 0.121483114463 0.123815999705 0.170924274238 0.16691245455 0.192003252789 0.174412884345 0.341716364975 0.374556742629 0.181769574744 0.170394822452 0.302689588007 0.281606909822 0.156096130791 0.147259772634 0.140669700293 0.144888616815 0.132851568242 0.175703256199 0.0867736531877 0.0913393174454 0.24848192787 0.205710300928 0.215994944467 0.303087340593 0.258637894804 0.52208614359 0.500617051932 
120 1.0 0.17435481007 0.176700564275 0.261687146951 0.191252526328 0.343009704333 0.22349363962 0.230627035858 0.188828817768 0.195716492138 0.477897577423 0.296625176217 0.296774583032 0.342885852843 0.338125741982 0.0992651315131 0.0961617094217 0.139907201076 0.135112447619 0.188580559027 0.184579667541 0.327730081951 0.325143638436 0.161947958193 0.166778750588 0.273325079099 0.278330739295 0.136880060164 0.129635344279 0.134412061727 0.130946108631 0.140628793057 0.195716492138 0.0804452061423 0.0804195247953 0.229043725718 0.211955070265 0.237831321873 0.276192593929 0.290170949612 0.46475960352 0.466685656292 
121 1.0 0.171086705512 0.17133689337 0.309989415401 0.213820822974 0.34739141143 0.248647032889 0.246339353889 0.220332616332 0.224759598315 0.529149182868 0.297820820996 0.308373072239 0.346527201166 0.351315015322 0.108072695807 0.1074100734 0.158884109168 0.154971675572 0.212950949019 0.214620654281 0.353987266691 0.351964696904 0.196491006201 0.198371345754 0.302529930587 0.309851202086 0.155615286606 0.15780202546 0.164621834494 0.155339779833 0.140269723776 0.224759598315 0.100827576783 0.0981000618613 0.24657109369 0.240473289681 0.251217834489 0.276075976964 0.273947291691 0.47307418973 0.489917767166 
122 1.0 0.187951973158 0.18053925166 0.282288727123 0.194813778947 0.348531163225 0.236079587144 0.232039904334 0.190450705815 0.189621453519 0.508012182512 0.323884211251 0.318610802407 0.359912790824 0.359839808406 0.0985794995886 0.0979111562921 0.137706470119 0.134131577709 0.190450705815 0.190450705815 0.330546385488 0.336882057117 0.179956395412 0.180248059129 0.279765320874 0.272922198141 0.143588803159 0.183354144892 0.139882660437 0.179298417357 0.12224803313 0.189621453519 0.0768735622376 0.0810318495072 0.233112731123 0.215306976385 0.227640373677 0.300670749519 0.318610802407 0.513565517114 0.530322347539 
127 1.0 0.179449349031 0.174241000669 0.291888836887 0.214270531254 0.375020664491 0.229671599252 0.232126408859 0.188217476172 0.207892997406 0.500849497993 0.282012343994 0.294606949891 0.330105766691 0.343413088338 0.108613063238 0.108613063238 0.147363586548 0.147363586548 0.19460267162 0.191667873194 0.330963185711 0.318638345703 0.160261406127 0.170438173646 0.271711989822 0.276942045739 0.147243338803 0.140471281098 0.150691570944 0.152095560006 0.151512145658 0.207892997406 0.085840376362 0.085840376362 0.211357415111 0.196775047813 0.220302907654 0.274371762331 0.273077548689 0.484454380183 0.455237341689 
130 1.0 0.168113611555 0.166551884029 0.254094142076 0.17865228354 0.313479556628 0.205614530212 0.208692478104 0.163617393748 0.168515822787 0.486786908173 0.282263372991 0.283175133098 0.319888107083 0.32362524446 0.0896696800345 0.0917731201157 0.137812366228 0.138442341483 0.176838421029 0.177296263238 0.332661272629 0.329522903542 0.131482328051 0.135385516077 0.242756812505 0.246397878838 0.127349396636 0.122180544802 0.131767636711 0.124781697816 0.134283831631 0.168515822787 0.0869615007814 0.0885072220129 0.243857505368 0.232879664166 0.251425356344 0.288658905739 0.307502381969 0.466951845265 0.472953741594 
131 1.0 0.177957524623 0.171125401125 0.274725274725 0.186813186813 0.340659340659 0.233758762486 0.236519156594 0.185922245227 0.193247312034 0.510989010989 0.288291420271 0.28996208356 0.327557331006 0.336647773232 0.0894440692093 0.100265316433 0.148453363584 0.148453363584 0.21223305402 0.21223305402 0.335479945549 0.329853429007 0.170418268344 0.175566431963 0.270573016533 0.274340389732 0.135926559086 0.14516312982 0.146611693012 0.155505183495 0.147842022495 0.193247312034 0.0934065934066 0.0961145916733 0.210303947352 0.203593486963 0.227475181808 0.272850747647 0.293891848798 0.477105348266 0.483329134533 
134 1.0 0.188079566078 0.194497531111 0.277396263499 0.199983352755 0.335455946557 0.223657973274 0.220188743903 0.179706179751 0.18473070067 0.516086071626 0.305661207165 0.305661207165 0.346501452952 0.343909512153 0.104020473244 0.0976224926308 0.150601883165 0.146256006463 0.218290529656 0.216279475108 0.335269806186 0.335269806186 0.167355381985 0.161663498571 0.294285044152 0.297379905072 0.147107164026 0.127235104828 0.140893624266 0.118426011205 0.132992336577 0.18473070067 0.0984713998493 0.0952489941426 0.236236250093 0.206535202114 0.229081329316 0.294214328052 0.287995565509 0.47951068877 0.475195200949 
140 1.0 0.184911367023 0.18399368708 0.257883050008 0.190522084443 0.325055513842 0.241928183177 0.245094816088 0.199774181336 0.215708131787 0.50919696557 0.301522685773 0.303574095604 0.339544661854 0.337544708621 0.0938187400801 0.0983214397302 0.161919090869 0.148467185506 0.199774181336 0.192486281567 0.33553283482 0.326498800905 0.16296112652 0.176587083138 0.274624232473 0.295982757505 0.12509165344 0.145395118402 0.139856720255 0.14834045293 0.152343612484 0.215708131787 0.0990836328401 0.104263089346 0.236662264941 0.227256825747 0.255244040883 0.291565334323 0.302581209557 0.483739741671 0.474316867191 
145 1.0 0.180275933698 0.174769042793 0.292095325582 0.194965435769 0.312518751542 0.235606898253 0.232059692125 0.206508540522 0.20415304413 0.523732823893 0.321000080359 0.310755058175 0.365626115159 0.354613122269 0.101493516169 0.0964527889898 0.152354851414 0.14854845833 0.202344730078 0.206209853711 0.328136157102 0.334005065211 0.172933801244 0.172103372819 0.291208319917 0.27825938067 0.153832672256 0.152645577871 0.144252949933 0.156378849768 0.146294572255 0.20415304413 0.091138318232 0.0947557093106 0.243725776915 0.219713236574 0.231705391938 0.325964854517 0.283550710015 0.489536200296 0.468367700419 
149 1.0 0.170887557638 0.168759316811 0.284315919484 0.191409418111 0.34413198638 0.224898833197 0.239903236291 0.182702101769 0.191728748512 0.54580605549 0.296073729843 0.305272068459 0.344626400748 0.349173080184 0.0995475474531 0.095736605423 0.154836695265 0.151955767758 0.170019216126 0.165788093157 0.324119875118 0.33231223876 0.149646724586 0.156942493003 0.257730308006 0.256955251991 0.143448488157 0.145743099747 0.14625071427 0.154708126476 0.141219082835 0.191728748512 0.0971390924285 0.0991239980872 0.225048246227 0.215936203273 0.226741933211 0.279158654135 0.276301873301 0.471480188094 0.47443074685 
152 1.0 0.171942998303 0.168376786724 0.26312639792 0.187162549038 0.318203025691 0.21585370823 0.21850651477 0.180954752533 0.182893026246 0.485953836171 0.280292282718 0.2792850066 0.322095199203 0.31666798133 0.0965273595873 0.0930291586437 0.147307327413 0.145474188573 0.196175954326 0.196316536869 0.328299320752 0.326883191877 0.151786458035 0.154414898789 0.265968163831 0.262776986124 0.139537509172 0.128788995174 0.131042805975 0.127646159289 0.142018954956 0.182893026246 0.0944440349072 0.09586862298 0.249074683238 0.229542425437 0.245303084715 0.308627825352 0.292839375 0.475709717832 0.469305650193 
159 1.0 0.178985191635 0.174653503492 0.265515570352 0.196204282361 0.329133127581 0.257686781976 0.263438001066 0.210611304182 0.212813423993 0.537172595555 0.288593410727 0.288766445665 0.340814295615 0.323005384791 0.105305652091 0.0939404209631 0.159610067995 0.15235122623 0.208066058976 0.195268553158 0.347443003356 0.338165820885 0.177771718717 0.179171150325 0.275849796073 0.265703634762 0.144267854677 0.165046461166 0.131592530028 0.160338647247 0.14334156674 0.212813423993 0.103229673609 0.100781190606 0.25054471278 0.225353593048 0.241682029679 0.306717666262 0.264761976863 0.474463614484 0.45247698552 
165 1.0 0.163972674556 0.163575357096 0.265733444272 0.194135787015 0.332242706516 0.217050408316 0.209421503087 0.182312635132 0.169590866343 0.490726071289 0.271594669973 0.269236489634 0.320235467766 0.314866753339 0.100233979262 0.0981346056847 0.153053256494 0.151686682202 0.194269812428 0.198445284584 0.358796646914 0.328619278011 0.134787317767 0.13469073064 0.251233293218 0.246421552361 0.135076664757 0.113277793089 0.138783290297 0.111890665754 0.151514993769 0.169590866343 0.091973560694 0.0958536538521 0.257829001195 0.245734035155 0.275920682082 0.281153643336 0.321735597811 0.473256684729 0.487346393264 
167 1.0 0.167388896609 0.164419725122 0.265424203684 0.19204410762 0.301434380834 0.205947084489 0.217375072417 0.169046929304 0.18157630329 0.491941436622 0.272352887175 0.268170847233 0.318153083971 0.310985150218 0.0977922951215 0.0977922951215 0.14900739024 0.145227745843 0.196751738357 0.199389064536 0.333325336222 0.334812794812 0.144936748846 0.150496221578 0.263974066231 0.264606704027 0.138878809529 0.115765531635 0.134378189579 0.115036560963 0.150231917015 0.18157630329 0.0890856713395 0.0915951838793 0.24761446492 0.229850543889 0.24260866422 0.312439667926 0.28679301901 0.488473238939 0.470271350602 
