Node
85 1.0 0.160706587226 0.182869239848 0.257255050636 0.191053616291 0.324194840608 0.229313789333 0.233014743634 0.187071149396 0.202802315618 0.480635573915 0.30768852932 0.325878181647 0.341617537353 0.371584911244 0.0921563232288 0.102256745447 0.164749949843 0.171659482192 0.204688462096 0.216423022833 0.350427079394 0.33178191155 0.145372610641 0.168037122185 0.234642740046 0.296448251777 0.105740173397 0.125418294123 0.158745128608 0.136101642915 0.142363866542 0.202802315618 0.116358901618 0.11614469766 0.20470147168 0.225454158921 0.266986951292 0.229276325631 0.389870243318 0.478800359805 0.552808430749 
7 1.0 0.16369576215 0.161332704868 0.259516681142 0.178680430381 0.307243892969 0.211218280864 0.212189879423 0.175495482057 0.175955724004 0.489381051409 0.257370857873 0.259513302408 0.298336354611 0.300993231293 0.0904895694699 0.0909023516434 0.134202168813 0.136295142402 0.185745642888 0.181069423303 0.316946593935 0.321836490807 0.145566068323 0.147549139015 0.25551024576 0.25676028867 0.13260051229 0.119619539225 0.13592413162 0.121144640565 0.138264871496 0.175955724004 0.0864829172326 0.0841340154874 0.242904792313 0.227025566361 0.244591639372 0.297301508477 0.304004690317 0.451526438634 0.456332185655 
8 1.0 0.173002223319 0.171576999186 0.263698382849 0.19448199057 0.364238048188 0.210181490588 0.217041666813 0.168932498488 0.17322325087 0.490163062685 0.272006762725 0.271800323922 0.321360228199 0.318645772731 0.1005586225 0.0994190885368 0.142043290802 0.144281793968 0.170202309347 0.167269461036 0.346472610289 0.341250686765 0.140758709674 0.144093960645 0.253918156322 0.253432997471 0.134662525204 0.125022456582 0.13571780352 0.126046603703 0.142145555544 0.17322325087 0.0852171635641 0.0824740238832 0.228986018002 0.215919053102 0.234540001698 0.273924239404 0.278334789794 0.474995395439 0.471678325098 
13 1.0 0.180152673783 0.175105304746 0.280681276709 0.203062113248 0.340331693567 0.243423582826 0.243593973317 0.203912893892 0.204226811389 0.518093974982 0.311334417877 0.310634311538 0.35858360845 0.35350714595 0.104810590723 0.102006995052 0.156789818849 0.154246398102 0.192692969125 0.190927838939 0.339810356873 0.340777195802 0.173174517993 0.174333666397 0.281073648311 0.276234353706 0.14985089232 0.153782955638 0.138407667616 0.151964683723 0.148775357085 0.204226811389 0.094912477414 0.0963534485907 0.242493155316 0.222207435231 0.235918327269 0.306677647044 0.282936249254 0.499604047852 0.488441429624 
14 1.0 0.182763346348 0.172805221042 0.274387658886 0.197477477294 0.295761395215 0.2244543545 0.218519304461 0.182635029096 0.18432795757 0.527877510574 0.254845335225 0.254856287295 0.305075372013 0.298252654902 0.103788802444 0.0965998732724 0.169104703892 0.160468073465 0.234393620136 0.244303636582 0.323934535069 0.311614654422 0.156594962868 0.151024993381 0.279896725236 0.266465722806 0.149298328026 0.127316303129 0.137848843404 0.12374161275 0.139451809119 0.18432795757 0.10926991579 0.113043249689 0.233850843296 0.213399159984 0.229296020587 0.324293045562 0.280176027829 0.470668160772 0.45316013546 
17 1.0 0.175926092458 0.172725512248 0.275651011649 0.201116595443 0.335935715702 0.207703551889 0.209985721971 0.164618875504 0.167468764746 0.501381387429 0.306440255645 0.310651389928 0.353522944549 0.359232542887 0.10263322156 0.103836956948 0.157067850837 0.155339314844 0.177200797929 0.179041576903 0.328247325782 0.327487439804 0.137160732849 0.140399302004 0.255446794275 0.257184354743 0.137877809371 0.126567622798 0.141413633871 0.129403790149 0.134096646151 0.167468764746 0.0935209419297 0.0956201008637 0.219575172559 0.205663362842 0.224176512272 0.289833703686 0.306860974994 0.491018743302 0.500275420787 
19 1.0 0.188286486156 0.182002576945 0.27707814706 0.200061421359 0.341855947372 0.2497798654 0.251100705569 0.204913030158 0.206083481632 0.524649359899 0.32275410031 0.324566628348 0.368509029558 0.366717821766 0.1035279141 0.100482907245 0.160939598615 0.156100407092 0.188592955545 0.187473181994 0.317899223545 0.316976765099 0.171312743836 0.174656970338 0.278972217746 0.273007710952 0.14633055903 0.159776660512 0.137806273467 0.160278400672 0.153220726947 0.206083481632 0.0978041559551 0.102161558185 0.205531415484 0.182940704834 0.197825330455 0.299100304158 0.289144345225 0.495682756089 0.489180392072 
23 1.0 0.168082213024 0.165530278411 0.268340263332 0.182783162733 0.306678750481 0.203736120978 0.205104259324 0.185113784058 0.177883082406 0.464229619288 0.323094998383 0.31022367475 0.373245962101 0.352441584446 0.0974119664848 0.0927950238742 0.180825009429 0.182126218139 0.222063463341 0.210971157761 0.320966874094 0.326487069581 0.152255533926 0.140222701365 0.277252303896 0.252551880101 0.156434495174 0.120910793668 0.117647060947 0.109987627426 0.148221067593 0.177883082406 0.12495362114 0.125045686349 0.264999235958 0.239234871919 0.244216059004 0.36422162564 0.287981590232 0.537275233484 0.499274838343 
30 1.0 0.174160987868 0.172863715682 0.269589952726 0.19506876527 0.348861910042 0.215057756164 0.214994703699 0.181918589129 0.181092756344 0.487873027342 0.292092512436 0.291431638299 0.339252041858 0.335518178441 0.100931558148 0.0984635614173 0.156064593484 0.153818957048 0.199092689764 0.196156593166 0.34814300048 0.350642765419 0.148413663919 0.149322509358 0.26762692115 0.26506773881 0.140787340307 0.123741030897 0.13614148529 0.122887932638 0.142050645579 0.181092756344 0.0977192907306 0.0981568347822 0.24725084396 0.227490928269 0.246011441412 0.293341424367 0.290862532145 0.494629478928 0.494419507075 
38 1.0 0.186151406006 0.1704580999 0.281821580175 0.228668819597 0.329662279868 0.216934289937 0.207068423054 0.179896961904 0.183629016231 0.510489185578 0.284218405021 0.28222246456 0.335273232144 0.32880378289 0.118044170671 0.113652550366 0.176726723085 0.170209195265 0.207613699634 0.20890302737 0.306699271581 0.305452615261 0.166854990644 0.176966461006 0.304340189294 0.299613468721 0.154817129856 0.119472176277 0.138022863722 0.117684461849 0.145984504006 0.183629016231 0.102677551003 0.102263804991 0.224363933543 0.191391914394 0.208428939811 0.32499945645 0.300178955481 0.481424304768 0.467121369906 
40 1.0 0.177567339299 0.173400412291 0.264538720569 0.185205465196 0.32574864704 0.24867485497 0.249922513363 0.207589338184 0.206543772946 0.499756947552 0.294252797179 0.291991682382 0.33876047729 0.334366253126 0.0963853744114 0.0928696322154 0.147097623257 0.143922870999 0.186131375949 0.185175737864 0.314989843913 0.316012967077 0.179280540859 0.178029575191 0.280887436665 0.272716869155 0.138758931058 0.151961838356 0.134866406125 0.151905112268 0.155885996048 0.206543772946 0.0903796364625 0.09121770403 0.21846719855 0.199371901074 0.215479366623 0.304563337233 0.289699664235 0.48156326689 0.472935445801 
42 1.0 0.17459296684 0.173525594773 0.266796269122 0.183192813895 0.328936298985 0.212302064143 0.213637046866 0.168412831623 0.171661476311 0.490053830002 0.285323359719 0.284515007458 0.330704825516 0.328472533855 0.0943068341783 0.0932245781228 0.13789597231 0.13568675428 0.170140821403 0.167727831297 0.30926061131 0.308168300125 0.140475463247 0.145822558621 0.25161488308 0.255328865301 0.136310765005 0.131638465054 0.135521088481 0.130450975655 0.141472237407 0.171661476311 0.0805476027528 0.0826057844583 0.212837437019 0.19491737359 0.21608627538 0.296861934847 0.295872332062 0.474742086016 0.469924038202 
46 1.0 0.181509124552 0.178756747069 0.285310209487 0.185429298666 0.334476737163 0.217192718871 0.219499213883 0.178624547198 0.174926711211 0.530443050428 0.283727395677 0.283055724772 0.32841384982 0.327731427621 0.0941982702007 0.0943103704925 0.160779882729 0.157856604636 0.196637928023 0.194795276156 0.314555089166 0.320932048583 0.151757969623 0.148097726916 0.279005408163 0.265591144778 0.150421444905 0.12917058094 0.141482264091 0.133409827447 0.132488969654 0.174926711211 0.102961509583 0.106241376169 0.223973600445 0.19722805341 0.212422127776 0.295684888272 0.275048913454 0.464448932499 0.457776231241 
59 1.0 0.166006512176 0.170036916198 0.264335475668 0.187052599414 0.311260898925 0.229659536533 0.233666673054 0.19210529947 0.199023814901 0.50051676718 0.274930909881 0.278306683278 0.316345132439 0.322193272528 0.0926212297994 0.0977658773073 0.137454006763 0.138970788303 0.183950106616 0.182454884338 0.320848976582 0.318743904714 0.164277613041 0.170327471049 0.264796252738 0.275769121159 0.134415000342 0.14048145561 0.139292452022 0.142290994318 0.138695197699 0.199023814901 0.0832690800993 0.0845205824776 0.242158345431 0.228842913068 0.25466035756 0.276620727133 0.311628956392 0.447426237633 0.462192170381 
67 1.0 0.181354399771 0.177679872117 0.273102571981 0.211992347647 0.375416878085 0.223851300623 0.224726509499 0.178641161195 0.182667021146 0.51150515773 0.297733480987 0.30008881654 0.343737493244 0.344638627867 0.107920907893 0.107516725095 0.161715669243 0.158417186843 0.179351366451 0.179731500186 0.329144554281 0.331564774684 0.142054334145 0.149085306414 0.258279950022 0.261812313345 0.13967965167 0.135767700049 0.138735802497 0.137466322787 0.144007908399 0.182667021146 0.0983410520751 0.100938056137 0.210499600038 0.190194147479 0.209477486339 0.275428016952 0.262214955099 0.478590848509 0.475252130493 
75 1.0 0.178457652562 0.172725212051 0.281551613701 0.201148479655 0.333393831897 0.216783644851 0.226098264187 0.183562680255 0.201721903485 0.500321668088 0.324209874166 0.324209874166 0.362830291279 0.365909784821 0.104041939892 0.0991698488561 0.134112658149 0.14223345399 0.18561871791 0.199831617842 0.322167586919 0.312390042039 0.154147954987 0.159306937617 0.277478212854 0.27508920401 0.140834402402 0.129097314572 0.145445582078 0.141884984408 0.146463091755 0.201721903485 0.0861713264859 0.0770739774935 0.240594842742 0.218300693764 0.237488481515 0.28729519676 0.298285033576 0.446837081548 0.463085702695 
80 1.0 0.180123983224 0.172426919169 0.270343019711 0.195904927124 0.336152955308 0.220228032744 0.217926056909 0.177231944237 0.171599474485 0.502076224008 0.315384279168 0.313299613428 0.363188668955 0.356357259863 0.102563715787 0.0983194409102 0.153645810194 0.149735379732 0.182971344914 0.178862112818 0.330056245834 0.331400302344 0.147385973241 0.145358909402 0.264335596351 0.25060840857 0.144309238432 0.137574033885 0.130302357737 0.13556633171 0.146446267286 0.171599474485 0.0909491715161 0.0922461243857 0.231867308386 0.209353956955 0.219430645571 0.314119108907 0.285574452864 0.505487531878 0.491762671916 
83 1.0 0.169502649221 0.169388690545 0.254128991928 0.182049631147 0.305945460378 0.224675794954 0.222878839235 0.178767928028 0.180147094723 0.493258214657 0.289164224592 0.296872654836 0.331790037278 0.338992757778 0.092674330251 0.0938766437118 0.15115027497 0.151155183968 0.180370554129 0.179211965007 0.330315807907 0.332093518737 0.151142803843 0.15216938547 0.252664781644 0.255151388108 0.130530042852 0.13803675693 0.1294153561 0.13960734981 0.144179227903 0.180147094723 0.0949867136977 0.0975617122308 0.238068710668 0.225121738422 0.242676061005 0.312215249592 0.314465268456 0.493548479243 0.499520704363 
100 1.0 0.175824434754 0.175018512553 0.257315218328 0.199078934705 0.33008153107 0.267021833854 0.25841173701 0.224867748335 0.224867748335 0.500188465894 0.287871384518 0.287871384518 0.330830218337 0.328256181421 0.0990054216473 0.102971862778 0.166037139708 0.159227636266 0.188812949443 0.189311466349 0.345599780518 0.340932081594 0.194286922117 0.19203017749 0.27672856618 0.287379856469 0.133555030894 0.167379875195 0.139762151532 0.156541316555 0.161577986761 0.224867748335 0.102857385964 0.108541873763 0.230609976708 0.223501397415 0.242366980142 0.287379856469 0.298006255904 0.477707571673 0.477214071984 
101 1.0 0.164516602283 0.169041848041 0.290961209621 0.183722797614 0.336849809863 0.2190652645 0.221487254201 0.183935153066 0.188753401172 0.500045541192 0.29019994005 0.28613594687 0.323971773191 0.317193286502 0.0919675765331 0.0918259789487 0.145010263698 0.141098949209 0.189578857302 0.194257172471 0.329033204566 0.325534443708 0.17796653754 0.184852541067 0.280950149203 0.294870482027 0.14608310395 0.141467354403 0.15346782971 0.136886087353 0.129861544807 0.188753401172 0.102664565515 0.10725170293 0.213652439716 0.204057730997 0.22072218368 0.277642271582 0.293676579994 0.470329830696 0.476213650023 
102 1.0 0.174864832765 0.173796707588 0.289061162764 0.193258884569 0.336319820439 0.23053632631 0.22932838615 0.18450712923 0.18569746701 0.549163910408 0.292148971335 0.301053781149 0.342374423439 0.34992651005 0.0981046775441 0.100012844142 0.150497734683 0.150391665064 0.173673035772 0.17169628964 0.319296716695 0.324298709504 0.156856629462 0.155464600626 0.265828027778 0.267347653465 0.148515233587 0.149970585722 0.14498810021 0.14947914731 0.135758058054 0.18569746701 0.0882812311351 0.0927240917617 0.21923059497 0.204266101713 0.21872655035 0.280477200271 0.288141049292 0.466920846127 0.472279965826 
108 1.0 0.175970874275 0.167748487877 0.297348971955 0.199174721382 0.342148380273 0.228398112219 0.231012292251 0.197657034709 0.197657339871 0.510524526633 0.31482239139 0.303682746956 0.370160263223 0.349758944898 0.103239812038 0.101183057751 0.168059222096 0.162106617159 0.193629971348 0.19341939854 0.331643845715 0.329364819212 0.166411610724 0.171882729057 0.282710667299 0.274469118226 0.161935730591 0.142615017794 0.14271834487 0.140194021395 0.149302889826 0.197657339871 0.102617484417 0.102092087757 0.23331268657 0.206871601343 0.216266661734 0.318505041155 0.27299282558 0.499635465314 0.483809917963 
112 1.0 0.177771335061 0.16739748625 0.297057692325 0.213541666667 0.370121625092 0.214492294604 0.221583826939 0.18670258676 0.186120504013 0.510655768827 0.300552875964 0.309446891198 0.35638094572 0.354969983571 0.116461873828 0.101127540828 0.158405274227 0.154854882785 0.188797593337 0.174692810742 0.358316678392 0.363726672123 0.154591896663 0.153888403153 0.284510422578 0.261040918461 0.164454722957 0.126080400384 0.137009858729 0.140238666852 0.151041666667 0.186120504013 0.0938945644652 0.0938945644652 0.2427887921 0.213605173483 0.21973982406 0.295041854964 0.259215982044 0.513516311071 0.490634952128 
114 1.0 0.173982564951 0.179543638818 0.262612865719 0.178847055634 0.284953180136 0.232819724647 0.232819724647 0.192624173971 0.194317783135 0.497207053562 0.309066210215 0.311329724785 0.341309877555 0.34258751258 0.0900754698222 0.089554295902 0.147481060242 0.143077644507 0.19107892659 0.192624173971 0.319931339178 0.322360617334 0.159965669589 0.168052180411 0.272411719271 0.277855955435 0.13148455607 0.132430500324 0.138196031911 0.142750110362 0.150310439667 0.194317783135 0.0975595484903 0.102701837096 0.257755352637 0.240273417876 0.257331263158 0.309268082353 0.310928526519 0.485071250073 0.490827076065 
115 1.0 0.178219162107 0.171982032393 0.271862858828 0.197688831063 0.357230913043 0.246519536899 0.242722374384 0.21197225647 0.212772987373 0.51048795633 0.260028756545 0.265046523599 0.310296147646 0.306895425706 0.101249713458 0.0995670618385 0.146847311327 0.142907424494 0.206507191457 0.19591246627 0.326857332634 0.324183058874 0.176748651401 0.181424288496 0.283431852144 0.29058883515 0.143896468575 0.145920741071 0.142183528533 0.139266316867 0.146442867106 0.212772987373 0.0876672640026 0.0865247518198 0.218865431496 0.197381810592 0.218807188814 0.26293035411 0.286324165192 0.437916028488 0.452594316626 
116 1.0 0.19703543456 0.192395016617 0.286221550091 0.236241171201 0.406152609461 0.240724565357 0.233999439329 0.198861284551 0.175703256199 0.535752649786 0.312866855928 0.30501895689 0.371407454664 0.368149431584 0.121483114463 0.123815999705 0.170924274238 0.16691245455 0.192003252789 0.174412884345 0.341716364975 0.374556742629 0.181769574744 0.170394822452 0.302689588007 0.281606909822 0.156096130791 0.147259772634 0.140669700293 0.144888616815 0.132851568242 0.175703256199 0.0867736531877 0.0913393174454 0.24848192787 0.205710300928 0.215994944467 0.303087340593 0.258637894804 0.52208614359 0.500617051932 
121 1.0 0.17306902504 0.176084051686 0.258740742076 0.191118076681 0.342388725852 0.224210193044 0.230822605023 0.189848873212 0.196351804108 0.47861680282 0.298017352693 0.298054680156 0.344134400944 0.33982122434 0.0990798651494 0.0964936800732 0.141227752153 0.137232124273 0.186990170845 0.183984013298 0.330097658998 0.327317350236 0.15975426574 0.165690161245 0.269865567575 0.276852707864 0.134515369581 0.130864829744 0.133422345247 0.13176241794 0.143880104394 0.196351804108 0.0808176613932 0.0821570488146 0.229996634628 0.213383300809 0.238361873612 0.275960321749 0.291135851025 0.466054706221 0.46963996031 
128 1.0 0.179449349031 0.174241000669 0.291888836887 0.214270531254 0.375020664491 0.229671599252 0.232126408859 0.188217476172 0.207892997406 0.500849497993 0.282012343994 0.294606949891 0.330105766691 0.343413088338 0.108613063238 0.108613063238 0.147363586548 0.147363586548 0.19460267162 0.191667873194 0.330963185711 0.318638345703 0.160261406127 0.170438173646 0.271711989822 0.276942045739 0.147243338803 0.140471281098 0.150691570944 0.152095560006 0.151512145658 0.207892997406 0.085840376362 0.085840376362 0.211357415111 0.196775047813 0.220302907654 0.274371762331 0.273077548689 0.484454380183 0.455237341689 
132 1.0 0.181607208122 0.17339616774 0.29021399429 0.19777359744 0.317774575181 0.234146179505 0.228825370314 0.204910472638 0.198535632921 0.51932704649 0.331689600998 0.315274021771 0.375065381922 0.358545892586 0.101167266851 0.0994216138374 0.155042677426 0.1493330878 0.195823161844 0.196655415095 0.325444227712 0.335485695677 0.179738500577 0.175738560547 0.29880178414 0.276242793587 0.155319725638 0.155003869764 0.140950142153 0.15821627524 0.145477361341 0.198535632921 0.0890018101983 0.0970698177773 0.253123707925 0.225977302198 0.234317500872 0.337336299819 0.273715083066 0.494896864656 0.461522600794 
144 1.0 0.170875363218 0.16752245279 0.263238213866 0.187076460927 0.317315041955 0.215244379246 0.217824715761 0.180358003905 0.183102597459 0.484996726778 0.280035204636 0.279016257652 0.321351095933 0.316118511925 0.0961515637866 0.0931665810057 0.146444230221 0.144450445081 0.195255671088 0.195346111391 0.328554159798 0.327239707315 0.151027910643 0.153947856116 0.264543946107 0.26212475613 0.139126421144 0.128318674021 0.131561440219 0.127182193811 0.14139619858 0.183102597459 0.0937506286701 0.095316483832 0.249286738638 0.230001194646 0.246415817601 0.308662824726 0.294403072762 0.475548825881 0.469709365666 
156 1.0 0.163972674556 0.163575357096 0.265733444272 0.194135787015 0.332242706516 0.217050408316 0.209421503087 0.182312635132 0.169590866343 0.490726071289 0.271594669973 0.269236489634 0.320235467766 0.314866753339 0.100233979262 0.0981346056847 0.153053256494 0.151686682202 0.194269812428 0.198445284584 0.358796646914 0.328619278011 0.134787317767 0.13469073064 0.251233293218 0.246421552361 0.135076664757 0.113277793089 0.138783290297 0.111890665754 0.151514993769 0.169590866343 0.091973560694 0.0958536538521 0.257829001195 0.245734035155 0.275920682082 0.281153643336 0.321735597811 0.473256684729 0.487346393264 
164 1.0 0.177250793693 0.172516046845 0.257885266119 0.176465051406 0.322106679532 0.211614115737 0.220962352509 0.168842262824 0.17266149665 0.501117934244 0.27876771099 0.271167862943 0.318229850659 0.307581081204 0.0909029854814 0.0876305698614 0.140751624791 0.141443458814 0.185405995989 0.187130116964 0.324455610477 0.32361230152 0.13412374065 0.13377155876 0.254485760433 0.243442861441 0.137819455598 0.126543671003 0.125327512615 0.125906293992 0.149777942428 0.17266149665 0.0936863977782 0.0946230421445 0.24288605968 0.226571734953 0.233328670081 0.309441686814 0.275958663471 0.475830549252 0.459390080344 
168 1.0 0.16763762385 0.168064726768 0.263430551764 0.191585855828 0.287378783742 0.191679380782 0.20258916217 0.157153144747 0.164725716321 0.497250307137 0.284495521278 0.282979548563 0.33495435889 0.330212165974 0.0987410899942 0.0987410899942 0.158062866643 0.158062866643 0.209118945545 0.209118945545 0.350843641844 0.345904833925 0.136657139761 0.14786942447 0.262408046087 0.270546134931 0.135074185122 0.111365716211 0.135074185122 0.109907774867 0.13783242586 0.164725716321 0.0967238820329 0.0911921505175 0.24902131181 0.245542379827 0.257721811141 0.299352899732 0.301084140428 0.492906161795 0.486243477274 
175 1.0 0.172619370215 0.172214663627 0.2664815823 0.195053873833 0.347141708451 0.219687008764 0.218615882427 0.179365339536 0.181816209931 0.497709236725 0.268834734236 0.271238489222 0.312701878878 0.316841204309 0.0980651241632 0.100416988479 0.14530793491 0.144898064157 0.183735660077 0.183298072927 0.33365007266 0.334497623945 0.146182302638 0.151729814725 0.258703694941 0.267574719903 0.133774187288 0.125591807485 0.140276078952 0.126313244644 0.141619692384 0.181816209931 0.0891705440335 0.0909638874752 0.229676960162 0.213838226306 0.233285209478 0.271825961595 0.292975008698 0.462920650313 0.474614741282 
176 1.0 0.183262318436 0.182715081366 0.250791959905 0.187221647775 0.32449097948 0.214311823457 0.214533271754 0.174507736852 0.172126706616 0.487961664412 0.259778548205 0.263143307073 0.299264737787 0.308962702835 0.0945325298542 0.0964039262627 0.152416823111 0.148525261646 0.197887771706 0.201170038454 0.320402354087 0.330329196992 0.146336542922 0.154743847871 0.274276980798 0.284443480283 0.121712467664 0.114510019975 0.135115555948 0.119273778242 0.13538882867 0.172126706616 0.0956937696188 0.0969589089023 0.249279401679 0.230247783977 0.243145879652 0.28808507942 0.31211934806 0.453711356051 0.473440837943 
