Node
25 1.0 0.174773075223 0.174192492793 0.283168839711 0.216952386808 0.404433455126 0.245432836622 0.249442491957 0.209356140689 0.220661013844 0.522747152612 0.279365674737 0.280101815559 0.324573152875 0.327045358625 0.108639712914 0.110640585092 0.149527873154 0.148926500328 0.200758650521 0.206594874873 0.403636838568 0.396556031451 0.176788800958 0.181472296401 0.281708995608 0.290920293398 0.146042827732 0.14198616586 0.153361597673 0.141019076166 0.138966581434 0.220661013844 0.0889374335745 0.0924880437966 0.293809075919 0.280903902989 0.301203912556 0.243562331554 0.256459417731 0.47343010325 0.475415859244 
1 1.0 0.178031992718 0.177171762339 0.285695082636 0.209425868226 0.348399581082 0.237902894162 0.241427083369 0.191298743601 0.196294717966 0.532961962889 0.3054521245 0.308175097148 0.353327369349 0.356299349453 0.10676101391 0.106885230945 0.168683048947 0.167646491383 0.201102669013 0.201379263758 0.340457404249 0.344471445254 0.160643722863 0.165127958596 0.266897021839 0.273516345719 0.144229661164 0.14676993919 0.148374694485 0.147694677639 0.146281263428 0.196294717966 0.106108467398 0.107204204647 0.231278958556 0.215223007723 0.233537235242 0.289059077298 0.296836213862 0.494659420107 0.502830476902 
7 1.0 0.16562325156 0.162415387231 0.257665217385 0.176573987722 0.305578243345 0.208253323801 0.208925630179 0.169900372743 0.169608795171 0.487901049314 0.263737028665 0.263756819484 0.303941114492 0.302760188322 0.0903064694582 0.0887748846815 0.13505155482 0.135848079002 0.183531146301 0.181122912366 0.31114379751 0.3121174893 0.138365567411 0.140829623906 0.249870162379 0.248580584191 0.131553607756 0.122380856086 0.132085967583 0.124129894928 0.142017628138 0.169608795171 0.0877205810043 0.0854875561267 0.237786366351 0.220791360626 0.236293055282 0.306181981984 0.300589817576 0.459122978997 0.455465189592 
8 1.0 0.173230764529 0.17265724307 0.26646540328 0.194723959346 0.351041125258 0.217161954155 0.217017491512 0.17585390736 0.178410757811 0.496412524327 0.269633325837 0.271597965779 0.314673949821 0.31771296281 0.0984375559272 0.100239372927 0.144700447223 0.144627351174 0.179125064044 0.178918655303 0.336075451885 0.335495376872 0.145642687928 0.150240784932 0.257773438769 0.265092895123 0.134103606911 0.126084808089 0.139788049408 0.126421898622 0.140796691365 0.178410757811 0.0879987630299 0.0892476846769 0.228932591019 0.21391717641 0.233516993112 0.272432916057 0.291045818471 0.466401101135 0.475272586341 
9 1.0 0.178380910447 0.178443615698 0.285194929849 0.207593924369 0.360098822638 0.221841913531 0.221007455926 0.179824635969 0.1830807052 0.511238364997 0.339016091935 0.340525802128 0.387803295748 0.388989157542 0.107370642751 0.106572060294 0.172670954797 0.170717405658 0.196429296401 0.198961553632 0.369774220188 0.364173583482 0.150878317577 0.155102179374 0.265027074635 0.274984391574 0.141915682032 0.139082966066 0.147751488403 0.136590328696 0.137944668907 0.1830807052 0.108884881484 0.109469362651 0.238380432577 0.227919362541 0.245713720002 0.283308133782 0.309639161142 0.521569494424 0.533331097678 
16 1.0 0.176096214003 0.171881586964 0.271732678294 0.19668650633 0.353604249415 0.203049127849 0.204691527965 0.159974562561 0.159548992687 0.505049307282 0.306672001331 0.307934120323 0.355111193451 0.35544099818 0.101610615089 0.100975038325 0.157817812428 0.155992792858 0.187479865615 0.186456165134 0.36064542071 0.360299210855 0.132219581435 0.132269945289 0.256453522395 0.251989727096 0.138800130228 0.119804697529 0.137033189327 0.120593128448 0.134194672397 0.159548992687 0.0961201913676 0.0980188533785 0.25120962107 0.236903592817 0.251924881617 0.291267434389 0.288696824097 0.506390182403 0.507373446059 
17 1.0 0.175752112487 0.172644295426 0.276197327546 0.200515274572 0.335421390791 0.207356081039 0.20942829432 0.164737142882 0.167531683052 0.50075043553 0.30647447806 0.31031720951 0.353497129039 0.358854976083 0.102310626355 0.103520946917 0.156656806805 0.154882968849 0.176892891533 0.178900301237 0.327862321194 0.327008028275 0.137029864886 0.140493658119 0.255524366287 0.25775298811 0.137935173252 0.126169362102 0.141892411255 0.128702272162 0.133980032579 0.167531683052 0.0933248066746 0.0954675634784 0.219321687213 0.205125840133 0.223918753118 0.290183414858 0.306943476949 0.490774011225 0.499982922836 
19 1.0 0.182332357065 0.177100451015 0.275134400933 0.201562415671 0.338837130846 0.244387892853 0.24512649703 0.19977817422 0.201480428616 0.516976690118 0.320798073318 0.323487705122 0.365554478068 0.366458507236 0.103680106646 0.101800197533 0.16183704887 0.156582240293 0.187599898577 0.188069141241 0.317624002486 0.317466169024 0.167098972067 0.172573264509 0.271019864688 0.271397993824 0.142713196466 0.155846716316 0.139127351435 0.156682062373 0.149833797058 0.201480428616 0.0980888953258 0.101940642 0.206134957766 0.185211830826 0.202408286113 0.296995568709 0.293239302562 0.492314414594 0.491171127769 
20 1.0 0.173430677041 0.174317977371 0.271889379947 0.194028900538 0.338351848565 0.226724788394 0.229077718819 0.186917429819 0.191504821593 0.503553088233 0.296140100761 0.298709182773 0.339677379004 0.343067162283 0.0979525395739 0.0996693687672 0.152348699298 0.152225180166 0.192807085642 0.193459621955 0.345795775162 0.343168401116 0.157196011225 0.161442026869 0.264625402773 0.271916073023 0.136795947848 0.137091786156 0.142375515655 0.138898989827 0.140111084921 0.191504821593 0.0953171888067 0.0968486452742 0.241246565868 0.228430167363 0.248680181781 0.282375575019 0.300367923465 0.485931588231 0.492747828109 
30 1.0 0.175517492856 0.173510837905 0.266837710514 0.197400920911 0.34973980353 0.213123297334 0.214419841287 0.178815051857 0.178035602674 0.486060951075 0.293696060454 0.29375490046 0.341440640526 0.336698533922 0.102828644782 0.0989224496993 0.156778990182 0.155007822747 0.200598961221 0.196603474214 0.34993078337 0.351798052906 0.14950615981 0.149297156692 0.269120059751 0.26454732351 0.14129335656 0.124549994308 0.132567798612 0.122335739309 0.140864360839 0.178035602674 0.0984062657017 0.0980159685419 0.248531049056 0.228942370212 0.245124852503 0.296204118722 0.289276698208 0.498411055199 0.49615838184 
38 1.0 0.186151406006 0.1704580999 0.281821580175 0.228668819597 0.329662279868 0.216934289937 0.207068423054 0.179896961904 0.183629016231 0.510489185578 0.284218405021 0.28222246456 0.335273232144 0.32880378289 0.118044170671 0.113652550366 0.176726723085 0.170209195265 0.207613699634 0.20890302737 0.306699271581 0.305452615261 0.166854990644 0.176966461006 0.304340189294 0.299613468721 0.154817129856 0.119472176277 0.138022863722 0.117684461849 0.145984504006 0.183629016231 0.102677551003 0.102263804991 0.224363933543 0.191391914394 0.208428939811 0.32499945645 0.300178955481 0.481424304768 0.467121369906 
40 1.0 0.175400754282 0.173206549467 0.271926077197 0.186125148591 0.331412141609 0.248308223574 0.250597045771 0.210136864948 0.211442319803 0.500541717601 0.293211675581 0.291538611989 0.338028668185 0.334614712322 0.0954739453505 0.0944721808697 0.149065190768 0.144257169372 0.188841671874 0.189092507744 0.315327423954 0.315299212 0.181748101464 0.179962497123 0.283750928311 0.276303158763 0.142547885919 0.149934073398 0.139894817784 0.151517212767 0.156479791185 0.211442319803 0.0917086017949 0.094449739428 0.221809165103 0.201094178881 0.218652648913 0.297384594699 0.287011097649 0.472636024038 0.468655964958 
41 1.0 0.159276827672 0.165121501728 0.295333600729 0.184172950886 0.290952854729 0.223419341266 0.219496849894 0.186381682858 0.197211360964 0.509537329709 0.30333554946 0.308598417424 0.339814289055 0.348571168945 0.0906200023549 0.0947926191455 0.162649831289 0.15769261755 0.20982388104 0.218431038001 0.301467074446 0.308889689061 0.148657755919 0.160046412898 0.24714419244 0.273127034677 0.141167158231 0.143956207487 0.158544357871 0.143956207487 0.14682039044 0.197211360964 0.114558687208 0.117862304659 0.230929291812 0.212008877295 0.236974939506 0.316038357669 0.332151871569 0.481890390743 0.496932368467 
43 1.0 0.173053259273 0.167715546013 0.264475246843 0.192215865517 0.333304377224 0.225001652181 0.223293325147 0.181771535408 0.17937916091 0.4925493231 0.295242956157 0.292212362492 0.34465676232 0.335196737101 0.101674495963 0.0955949117099 0.148669598252 0.146559328898 0.175680008346 0.169251995441 0.31325562706 0.312021417014 0.153979279172 0.152004788449 0.259877942797 0.249955869806 0.143357774995 0.143453013738 0.12646061372 0.136460818536 0.151345489654 0.17937916091 0.0883176236554 0.088909375234 0.218318205317 0.197194551055 0.211291956465 0.312262498108 0.279974067122 0.489678866859 0.466625949505 
44 1.0 0.163480482323 0.168185192938 0.266956966856 0.183963330566 0.308549637517 0.212047284227 0.206046856075 0.180307919406 0.176181844892 0.48045295112 0.265978397297 0.276141211453 0.30671815833 0.322397204817 0.0909814916446 0.0961142160126 0.158713915284 0.162629464031 0.206756184622 0.20626548096 0.320437251552 0.307884336135 0.135559643287 0.129773476377 0.24984348498 0.254358212481 0.136441886762 0.114658971691 0.135424253727 0.114694411328 0.149552374068 0.176181844892 0.107604940638 0.110192925561 0.220089353714 0.213686883459 0.233303323986 0.276199787954 0.324853729346 0.465540805662 0.476367622857 
46 1.0 0.180518527219 0.179231688379 0.285689995477 0.185817453204 0.335008731248 0.221928448298 0.219579217999 0.180456743073 0.176659103376 0.531901623052 0.284896635856 0.285214175159 0.329961654186 0.331437022524 0.0935361831086 0.0957714340746 0.157092727997 0.155430418856 0.1919306556 0.190456534106 0.312035562204 0.320170835839 0.155021662863 0.152576835531 0.277407348412 0.270709684251 0.149482291072 0.134170668645 0.142570608944 0.135846246172 0.135136310871 0.176659103376 0.0980121213376 0.102336989594 0.220903694313 0.195318792525 0.211494081615 0.294057532495 0.278516272108 0.464958844825 0.460715637759 
48 1.0 0.179323536194 0.17819383735 0.280274472882 0.205265075025 0.350737962302 0.230692500641 0.232361078943 0.18660840239 0.192425236577 0.512197385105 0.33055298313 0.333389751573 0.37804389057 0.381001291643 0.105285320122 0.105270583705 0.164726669212 0.16377272132 0.189951334794 0.192119769381 0.3483387408 0.344028058241 0.155430195032 0.163258998842 0.263330555628 0.274423854738 0.139349499312 0.145843039122 0.145655017157 0.146494544495 0.143830668675 0.192425236577 0.0998235606104 0.10161461054 0.227639258321 0.214506082332 0.235745539563 0.288107438019 0.314380825769 0.510218320971 0.522568400202 
58 1.0 0.170149029309 0.176933406853 0.275145353192 0.19101756076 0.320144934607 0.232297434028 0.234688513048 0.19514105221 0.203809941706 0.493552256583 0.293626301761 0.297548119038 0.334112871763 0.344347495347 0.0944330267855 0.100033849844 0.143251010827 0.143604791528 0.187259417624 0.194202457146 0.320734159799 0.316800878739 0.157564116179 0.170223717983 0.25718507234 0.286910988775 0.130460514037 0.138405257722 0.152250538395 0.138987159306 0.148481106367 0.203809941706 0.0843300968683 0.0885670252018 0.208710418023 0.200764310519 0.228688282134 0.283107511885 0.325106228102 0.473359390502 0.49057707745 
59 1.0 0.166820717654 0.167708217781 0.258467858133 0.184590654819 0.308385431848 0.230212955734 0.232851383569 0.191626650319 0.197844785746 0.493785761047 0.272919906116 0.274859382073 0.311631294776 0.316114021956 0.0922239232505 0.0950005439191 0.136787778084 0.139538700366 0.183373086488 0.182016467499 0.324042944503 0.32128945221 0.161666285613 0.171202999649 0.263317006004 0.276778206902 0.131677213274 0.137780118123 0.136117479845 0.13676186828 0.140362316285 0.197844785746 0.0869269818737 0.0863351716487 0.242027810403 0.230053946994 0.256430563897 0.279905443973 0.315606343226 0.453857243154 0.465747281591 
67 1.0 0.18149405667 0.177342730755 0.271400052675 0.210134045755 0.377901550056 0.223740650343 0.223724781268 0.179440434618 0.181817901568 0.509161695465 0.295796022937 0.297967053437 0.340869969671 0.341793256594 0.106908834024 0.106459742026 0.160506587551 0.156841607106 0.182332287868 0.181171706575 0.330320120738 0.333776361689 0.142809702625 0.14903066583 0.259800447143 0.261994776499 0.138941985281 0.134445873796 0.137977964206 0.136166658313 0.143583069202 0.181817901568 0.0981498594601 0.101035419529 0.21320264863 0.191959303579 0.210318667558 0.27437193976 0.260545845568 0.476804416722 0.473585582263 
71 1.0 0.173221793103 0.17635279055 0.26638964781 0.206847092146 0.342875940623 0.224774050731 0.221148392293 0.179689208274 0.175585969518 0.521905001178 0.280271633049 0.276082968039 0.320362036432 0.326225540219 0.100102718132 0.109738316463 0.183812366261 0.184022474669 0.211326986745 0.217461153724 0.34436666481 0.337524792338 0.138504018167 0.131922928596 0.251061452578 0.24741901988 0.130561197218 0.125123956042 0.142869019669 0.13793173722 0.147196166812 0.175585969518 0.127654708845 0.127930344413 0.224294356429 0.219071736886 0.243666919922 0.270004469353 0.296564455845 0.477945471358 0.480062711277 
75 1.0 0.178457652562 0.172725212051 0.281551613701 0.201148479655 0.333393831897 0.216783644851 0.226098264187 0.183562680255 0.201721903485 0.500321668088 0.324209874166 0.324209874166 0.362830291279 0.365909784821 0.104041939892 0.0991698488561 0.134112658149 0.14223345399 0.18561871791 0.199831617842 0.322167586919 0.312390042039 0.154147954987 0.159306937617 0.277478212854 0.27508920401 0.140834402402 0.129097314572 0.145445582078 0.141884984408 0.146463091755 0.201721903485 0.0861713264859 0.0770739774935 0.240594842742 0.218300693764 0.237488481515 0.28729519676 0.298285033576 0.446837081548 0.463085702695 
80 1.0 0.180699026803 0.172854437193 0.270764452266 0.196067438079 0.337027078674 0.219518875208 0.21737822033 0.176604213463 0.170788344321 0.502973810375 0.315394807549 0.313136508984 0.362802171094 0.355507507341 0.102578355818 0.0981497797211 0.153536960741 0.149495156668 0.183561817242 0.179407356814 0.331636270999 0.33296512277 0.147075679381 0.144492254942 0.264875379554 0.250289151603 0.144509374887 0.137376844172 0.130484133871 0.135206025402 0.145679042176 0.170788344321 0.091080540204 0.0924013508292 0.233237480478 0.210343362812 0.220438994953 0.314224480436 0.285203136651 0.506301425693 0.492643761546 
83 1.0 0.171160251368 0.170212665297 0.253401442029 0.179220512026 0.306878537687 0.227381210901 0.226592318396 0.181246054577 0.182470013919 0.490663374563 0.291535977582 0.298233948833 0.335796844264 0.341129073049 0.0922124881104 0.0921510394565 0.148517044649 0.148597415007 0.182769164076 0.180479462951 0.326081141279 0.328259074403 0.152153002427 0.153636366508 0.253359857706 0.254706191424 0.130452471809 0.139614658282 0.128418706978 0.141364630944 0.147807580938 0.182470013919 0.0921963404282 0.0936450561582 0.230595129092 0.217385396591 0.234921070838 0.311136328652 0.3165656195 0.496421150966 0.502912957915 
97 1.0 0.185493518707 0.183294036012 0.290079627806 0.210878395658 0.35804191998 0.239269386356 0.238508381304 0.201444604011 0.202310076179 0.517571641657 0.337251891605 0.337012070771 0.38836862305 0.389654444581 0.109236190019 0.108087828268 0.167702359285 0.166251946886 0.190665875792 0.193023812799 0.35022523433 0.349002769336 0.168640378733 0.17056659323 0.285242999293 0.28491459739 0.148343171946 0.146409016673 0.148382867555 0.14734757255 0.145550213838 0.202310076179 0.102240886251 0.102221232083 0.233146698124 0.214505975508 0.233700740961 0.292197160325 0.3056284549 0.512173735937 0.521576825713 
103 1.0 0.164516602283 0.169041848041 0.290961209621 0.183722797614 0.336849809863 0.2190652645 0.221487254201 0.183935153066 0.188753401172 0.500045541192 0.29019994005 0.28613594687 0.323971773191 0.317193286502 0.0919675765331 0.0918259789487 0.145010263698 0.141098949209 0.189578857302 0.194257172471 0.329033204566 0.325534443708 0.17796653754 0.184852541067 0.280950149203 0.294870482027 0.14608310395 0.141467354403 0.15346782971 0.136886087353 0.129861544807 0.188753401172 0.102664565515 0.10725170293 0.213652439716 0.204057730997 0.22072218368 0.277642271582 0.293676579994 0.470329830696 0.476213650023 
107 1.0 0.16974004606 0.172835058697 0.305215983247 0.189383395984 0.338555588311 0.216005991056 0.220784467639 0.178135014311 0.186389299684 0.525384707676 0.290075404714 0.300570624259 0.339236939065 0.349418880988 0.094500164364 0.0987839624213 0.137475639033 0.139381931126 0.17697693462 0.181691830271 0.339291085586 0.336720830071 0.151254629202 0.155280850842 0.261074690456 0.273293391768 0.14662921802 0.135352995976 0.16341454734 0.142442894063 0.135189267129 0.186389299684 0.0798441707223 0.0821831177847 0.214712860791 0.213399551749 0.236569540726 0.262487013397 0.3175995646 0.465342981933 0.497321612546 
110 1.0 0.153392997769 0.161791441641 0.238869888285 0.1789676277 0.325576411922 0.255814730754 0.237882818409 0.195914146863 0.188648443657 0.471948401965 0.294658326561 0.304910787338 0.331351954343 0.341493260635 0.0882843001165 0.0936200079169 0.15 0.139957976886 0.181820855595 0.18700424657 0.338595715897 0.332282657847 0.174894926439 0.182305496674 0.230600239784 0.262342389659 0.109812674721 0.158113883008 0.138266579689 0.155298573911 0.161791441641 0.188648443657 0.0926727322038 0.0977692361094 0.230727748911 0.223409410513 0.251641668671 0.303944654405 0.348146351917 0.483248809377 0.518396850027 
111 1.0 0.182515812641 0.170815829867 0.288575511976 0.204649685587 0.335026176107 0.221360002353 0.222856481756 0.193521715786 0.193667653609 0.498600512417 0.321915936405 0.311347224569 0.382937815089 0.360206059084 0.109174854955 0.104076502754 0.17564167914 0.173281043049 0.201600897391 0.197762558825 0.317710249628 0.323906650696 0.163023939181 0.163063776822 0.290951902292 0.270271757861 0.162902035875 0.134766928255 0.132291237181 0.133886084939 0.151152998157 0.193667653609 0.107433538606 0.104315253301 0.241486489994 0.20720508509 0.20935555428 0.345799877736 0.268390542484 0.515836645965 0.481469317111 
112 1.0 0.173982564951 0.179543638818 0.262612865719 0.178847055634 0.284953180136 0.232819724647 0.232819724647 0.192624173971 0.194317783135 0.497207053562 0.309066210215 0.311329724785 0.341309877555 0.34258751258 0.0900754698222 0.089554295902 0.147481060242 0.143077644507 0.19107892659 0.192624173971 0.319931339178 0.322360617334 0.159965669589 0.168052180411 0.272411719271 0.277855955435 0.13148455607 0.132430500324 0.138196031911 0.142750110362 0.150310439667 0.194317783135 0.0975595484903 0.102701837096 0.257755352637 0.240273417876 0.257331263158 0.309268082353 0.310928526519 0.485071250073 0.490827076065 
120 1.0 0.16377634834 0.182022742964 0.30166634712 0.2009649568 0.344671033047 0.204733163761 0.222244611943 0.185426745853 0.198179444999 0.504833903301 0.288622974662 0.299910577699 0.330088626379 0.356094419221 0.100724230717 0.103581257524 0.164030725426 0.156485996973 0.202068410293 0.213505688684 0.323711555029 0.330088626379 0.137075827048 0.16813108026 0.25595718087 0.305102032421 0.131803679854 0.116106997971 0.174300088607 0.132119629999 0.126751015102 0.198179444999 0.103581257524 0.103982996294 0.224298729882 0.224484535848 0.261914839097 0.26042486043 0.350548234654 0.458919139448 0.499603756603 
122 1.0 0.182774644745 0.180058914367 0.258492377025 0.183672417234 0.343171104832 0.228866965753 0.238374634367 0.18789209121 0.196498494243 0.494344178224 0.286976991714 0.285472370755 0.331947464408 0.322149602768 0.0961876225162 0.0905359348422 0.136102312723 0.130701637695 0.187035253691 0.178344649944 0.322032342378 0.322296369367 0.153207709619 0.156209716201 0.27167836443 0.266466401418 0.138166945119 0.129000036458 0.129554210477 0.129328805823 0.147017147997 0.196498494243 0.0805287348734 0.0792591355776 0.220101445344 0.201256535259 0.221141196484 0.283447487663 0.277934360959 0.46435080967 0.459306765564 
123 1.0 0.164143245921 0.161312977776 0.300642183517 0.182731781191 0.32191138999 0.231139451785 0.230391022022 0.197275629896 0.20046003511 0.494063782624 0.314127168437 0.320117997819 0.346709177678 0.355400801094 0.086511086607 0.0965734169969 0.137415908237 0.136575436082 0.183360808116 0.177619388279 0.350343198788 0.350343198788 0.153635656003 0.163440273757 0.249582264696 0.265020827763 0.151750484535 0.145948942579 0.153635656003 0.145948942579 0.177619388279 0.20046003511 0.0916804040578 0.0959754334332 0.217273628384 0.214875685365 0.238253093489 0.291897885158 0.33932439904 0.524473033773 0.531993134779 
124 1.0 0.183666433644 0.190820190773 0.272331018418 0.1778438669 0.313880694187 0.234115087037 0.241755333302 0.200120244873 0.217467952158 0.477193713829 0.302572732299 0.311300869014 0.339244848239 0.349524312876 0.089496494242 0.0902568859374 0.140682959673 0.138034803813 0.195350677804 0.201210084082 0.330096455092 0.334375052294 0.166162455011 0.166819226168 0.285417334076 0.298066998133 0.137240352301 0.126459117377 0.143568077954 0.126350986432 0.149537069382 0.217467952158 0.0865460985089 0.0914603642193 0.243277062746 0.230585511792 0.259585646576 0.292652616087 0.320772420048 0.478652281817 0.504754465125 
129 1.0 0.16529512897 0.165655014203 0.25652879573 0.183657964953 0.313218309292 0.209301410139 0.211037027265 0.167610593569 0.173589939937 0.484677862594 0.286458409297 0.28872452903 0.325383983681 0.331021557256 0.0919858894337 0.094919160762 0.140341009225 0.14132178515 0.177820781452 0.179228268286 0.337340739475 0.335600709137 0.139309844116 0.14566009808 0.24438520542 0.253762753105 0.127585996069 0.126240207692 0.134869276855 0.129372170826 0.132265170749 0.173589939937 0.0863408029068 0.0892795197172 0.244628537451 0.23485937094 0.254436490432 0.286014468201 0.313240520452 0.468851909044 0.479388044819 
130 1.0 0.177957524623 0.171125401125 0.274725274725 0.186813186813 0.340659340659 0.233758762486 0.236519156594 0.185922245227 0.193247312034 0.510989010989 0.288291420271 0.28996208356 0.327557331006 0.336647773232 0.0894440692093 0.100265316433 0.148453363584 0.148453363584 0.21223305402 0.21223305402 0.335479945549 0.329853429007 0.170418268344 0.175566431963 0.270573016533 0.274340389732 0.135926559086 0.14516312982 0.146611693012 0.155505183495 0.147842022495 0.193247312034 0.0934065934066 0.0961145916733 0.210303947352 0.203593486963 0.227475181808 0.272850747647 0.293891848798 0.477105348266 0.483329134533 
133 1.0 0.188079566078 0.194497531111 0.277396263499 0.199983352755 0.335455946557 0.223657973274 0.220188743903 0.179706179751 0.18473070067 0.516086071626 0.305661207165 0.305661207165 0.346501452952 0.343909512153 0.104020473244 0.0976224926308 0.150601883165 0.146256006463 0.218290529656 0.216279475108 0.335269806186 0.335269806186 0.167355381985 0.161663498571 0.294285044152 0.297379905072 0.147107164026 0.127235104828 0.140893624266 0.118426011205 0.132992336577 0.18473070067 0.0984713998493 0.0952489941426 0.236236250093 0.206535202114 0.229081329316 0.294214328052 0.287995565509 0.47951068877 0.475195200949 
138 1.0 0.184911367023 0.18399368708 0.257883050008 0.190522084443 0.325055513842 0.241928183177 0.245094816088 0.199774181336 0.215708131787 0.50919696557 0.301522685773 0.303574095604 0.339544661854 0.337544708621 0.0938187400801 0.0983214397302 0.161919090869 0.148467185506 0.199774181336 0.192486281567 0.33553283482 0.326498800905 0.16296112652 0.176587083138 0.274624232473 0.295982757505 0.12509165344 0.145395118402 0.139856720255 0.14834045293 0.152343612484 0.215708131787 0.0990836328401 0.104263089346 0.236662264941 0.227256825747 0.255244040883 0.291565334323 0.302581209557 0.483739741671 0.474316867191 
143 1.0 0.171692433882 0.167763456224 0.263226360575 0.187487981215 0.318810741552 0.215667275453 0.21813476969 0.180953735566 0.183089541931 0.485685920387 0.280475896121 0.279476893715 0.32202074335 0.316750215904 0.0962934007915 0.0934965686343 0.147999735122 0.145599690194 0.196487692674 0.196484188231 0.329125203335 0.328070272345 0.1509039493 0.153948458728 0.265496435281 0.262455405446 0.138858746159 0.128135388072 0.13158607488 0.127568265821 0.142460772468 0.183089541931 0.0947982171101 0.0965839303042 0.249630543533 0.230401783777 0.246202709544 0.308239970548 0.292565979728 0.475868745992 0.470099074253 
149 1.0 0.168129815484 0.170807819503 0.290674562432 0.188491500188 0.348120323072 0.223200503428 0.236897302539 0.182834414803 0.194917260881 0.521453641674 0.296635700126 0.303207267893 0.341615639006 0.349050282316 0.0929295007852 0.0988785667086 0.151411066978 0.145649211965 0.172319422592 0.167046593247 0.32086824638 0.334907245473 0.156216282669 0.170807819503 0.261310533696 0.273292511205 0.138531120581 0.134445997118 0.159907909182 0.151153929401 0.147682652925 0.194917260881 0.0918064444171 0.0988785667086 0.214127584413 0.209784022508 0.226143933896 0.27376656622 0.281933528554 0.471737540433 0.480560918803 
151 1.0 0.187951973158 0.18053925166 0.282288727123 0.194813778947 0.348531163225 0.236079587144 0.232039904334 0.190450705815 0.189621453519 0.508012182512 0.323884211251 0.318610802407 0.359912790824 0.359839808406 0.0985794995886 0.0979111562921 0.137706470119 0.134131577709 0.190450705815 0.190450705815 0.330546385488 0.336882057117 0.179956395412 0.180248059129 0.279765320874 0.272922198141 0.143588803159 0.183354144892 0.139882660437 0.179298417357 0.12224803313 0.189621453519 0.0768735622376 0.0810318495072 0.233112731123 0.215306976385 0.227640373677 0.300670749519 0.318610802407 0.513565517114 0.530322347539 
158 1.0 0.179395607495 0.186025221568 0.259678092559 0.212357961488 0.344442560435 0.196201113608 0.207005096973 0.164667328427 0.170828326835 0.477297826717 0.297606002976 0.303045389177 0.328320797115 0.350392142941 0.0994506279508 0.114706592198 0.156714313012 0.160567083421 0.192368803217 0.194380182208 0.323410030709 0.342825602109 0.137447544968 0.143924748882 0.259335509174 0.275903882646 0.122393251517 0.115093462073 0.142683995136 0.122936821555 0.126851850575 0.170828326835 0.0971900911041 0.0970756824816 0.226340874265 0.207487689487 0.218394844982 0.276266146271 0.320614672028 0.470544599032 0.513373263918 
159 1.0 0.163972674556 0.163575357096 0.265733444272 0.194135787015 0.332242706516 0.217050408316 0.209421503087 0.182312635132 0.169590866343 0.490726071289 0.271594669973 0.269236489634 0.320235467766 0.314866753339 0.100233979262 0.0981346056847 0.153053256494 0.151686682202 0.194269812428 0.198445284584 0.358796646914 0.328619278011 0.134787317767 0.13469073064 0.251233293218 0.246421552361 0.135076664757 0.113277793089 0.138783290297 0.111890665754 0.151514993769 0.169590866343 0.091973560694 0.0958536538521 0.257829001195 0.245734035155 0.275920682082 0.281153643336 0.321735597811 0.473256684729 0.487346393264 
162 1.0 0.168850868386 0.169435611364 0.256565291975 0.189009736752 0.289614221343 0.21008647108 0.223497401812 0.173622313597 0.183550762249 0.489331465082 0.268143404351 0.267457770199 0.317058849832 0.309580133346 0.0992526164323 0.0943991456929 0.143820897671 0.143908987445 0.197917341675 0.200336713329 0.334568007989 0.329569868393 0.146357599877 0.153511483645 0.26102686451 0.263978368487 0.139929248392 0.121582898168 0.126387490699 0.118890975902 0.14724510156 0.183550762249 0.0870960623888 0.0858441111661 0.250160569347 0.234587412513 0.246058098456 0.315516983331 0.301601438944 0.487599671773 0.477402046388 
