Node
66 1.0 0.178026402119 0.200288638208 0.271883232081 0.196379170475 0.414612427326 0.252145484252 0.269484808084 0.212118219788 0.233006209098 0.509847874049 0.303856097137 0.31706216758 0.344303140028 0.373199136831 0.0947024490817 0.107995457345 0.147166517283 0.147012402058 0.178990490393 0.224284798636 0.412101721134 0.421661498651 0.182398378942 0.202770461844 0.264657637874 0.318112008594 0.118908495674 0.168329957578 0.160948409572 0.176307730715 0.148773623034 0.233006209098 0.0843886517699 0.0969754406449 0.243603802747 0.253286008254 0.281368551473 0.231217930871 0.322682456712 0.495463753982 0.548648075271 
2 1.0 0.180269473701 0.1755537016 0.282730271553 0.204522459413 0.365390761382 0.235458239056 0.234906015537 0.195720526866 0.196229413744 0.527490148576 0.290855708985 0.290601845057 0.33938467931 0.334470681843 0.104877207629 0.103043400385 0.159245651621 0.156956953399 0.205768566665 0.204597156325 0.360646892703 0.357870037482 0.16548487792 0.167734691885 0.279505054264 0.277322251511 0.148883608904 0.141891946543 0.143752077917 0.140781034654 0.142261157242 0.196229413744 0.100301276716 0.101510902139 0.2534932621 0.235013655825 0.250023658889 0.28115090989 0.267033128464 0.487338960021 0.479224644776 
11 1.0 0.165659877201 0.166024997589 0.259886858214 0.190845510633 0.342045012989 0.228774356953 0.230566865126 0.198018027904 0.200507505559 0.498488824257 0.233425239187 0.236269099287 0.273665892538 0.2769085684 0.0958498455019 0.096449501408 0.138699187299 0.139392096676 0.202854025677 0.202230437866 0.343182547835 0.342799259391 0.164687982124 0.168257728219 0.271252072928 0.276160820102 0.137306004116 0.127332333049 0.139390118369 0.129357715553 0.136511345917 0.200507505559 0.0901683230512 0.0896680493357 0.278589613309 0.260908900664 0.280989191062 0.280327073381 0.288941161009 0.431746399392 0.43309568698 
12 1.0 0.174731973374 0.170084011041 0.26882869958 0.18780186992 0.331727029415 0.241000156759 0.242842631808 0.205328318239 0.207844768216 0.508838607409 0.278992861496 0.278390136391 0.321191387662 0.315303748835 0.0971755224834 0.0926128808981 0.143415585017 0.141253290359 0.198730968934 0.197197142916 0.347824905813 0.342195696911 0.174779905269 0.178709661075 0.280860908676 0.279821617975 0.145155508418 0.145295257042 0.136616715543 0.143832820619 0.146193039793 0.207844768216 0.0922304043975 0.0921819528937 0.26400092331 0.24659382935 0.26213500707 0.296217567168 0.277282097651 0.473714830798 0.456929363931 
15 1.0 0.173447845577 0.173161695196 0.26704891848 0.208722174409 0.395309840345 0.214654605591 0.22004538459 0.176073345029 0.179501807385 0.510338291495 0.270337352921 0.269492871145 0.318496138166 0.316519456024 0.106603698367 0.106242703821 0.151825074965 0.151057764678 0.193719797106 0.189634970388 0.401791138159 0.402600767849 0.146493480507 0.148806530694 0.265026406504 0.264272478301 0.138051474679 0.12303638279 0.138001896629 0.125584930024 0.134960736052 0.179501807385 0.0932520178583 0.0933498467221 0.287943435524 0.273806904292 0.289107845327 0.266581322874 0.263089397222 0.488614565798 0.481064151784 
22 1.0 0.178538191778 0.177529839517 0.280790185758 0.206619336398 0.372274993861 0.223696864593 0.224402944462 0.179737874065 0.184987996833 0.518934560842 0.298443591497 0.298322112291 0.345282376129 0.345167641593 0.105234164804 0.105234069209 0.162350696727 0.160911300341 0.194409299902 0.196907373112 0.36607483221 0.362485263752 0.148774433802 0.153988198191 0.263864259287 0.271451234262 0.141677448187 0.133014100579 0.146383507735 0.132403779926 0.139930836386 0.184987996833 0.101878526051 0.103826359316 0.249347058527 0.236025634198 0.254363974428 0.271405627495 0.280987809387 0.492839158324 0.496156660172 
28 1.0 0.163528487172 0.167384897988 0.267084682119 0.180941002948 0.316058494015 0.229192039331 0.228001425738 0.19638717286 0.19536519506 0.512188907946 0.287658651767 0.282907716029 0.328906395081 0.32526966135 0.0937503505777 0.0904351280449 0.170614894601 0.169021923236 0.220889154394 0.222979516168 0.367753783957 0.372780155158 0.160983792289 0.156053470001 0.26607972847 0.262121394476 0.140659503731 0.141018547799 0.135415261158 0.139966993166 0.143245681312 0.19536519506 0.11777945552 0.121379920688 0.293039672879 0.285466708253 0.290028960314 0.302908202853 0.292158839099 0.494478008498 0.49188454964 
32 1.0 0.171284794384 0.170025856753 0.278306211537 0.197878574786 0.349754376912 0.218937428622 0.219692484087 0.18589958007 0.190280071497 0.50736422615 0.28210050664 0.280317980866 0.329650637186 0.321420473769 0.101373665668 0.0994684595929 0.165084936396 0.162514425083 0.220710284264 0.218768681474 0.359504593235 0.356974865858 0.154528764264 0.156282609512 0.276667605367 0.27883122149 0.149030929547 0.119003829153 0.139761669617 0.113808364933 0.13241207389 0.190280071497 0.110350549813 0.111558304366 0.278271933849 0.260620833936 0.275633888375 0.289268743204 0.267687618661 0.477488390051 0.459436578113 
34 1.0 0.171883569648 0.184486334163 0.257313361747 0.201058409307 0.346341182849 0.215937739352 0.212776023439 0.177579030349 0.172097173862 0.516443661604 0.253148437732 0.25633163517 0.288054791652 0.310808517222 0.0947858566302 0.109325813444 0.180277187286 0.183872433892 0.236311666065 0.236094157868 0.367674984127 0.368486734529 0.133505652548 0.131852695939 0.251191255828 0.261001652135 0.123826547011 0.10683158644 0.146893920358 0.124953349571 0.139701973272 0.172097173862 0.127590665424 0.128582279693 0.253438047218 0.254353766481 0.274394869997 0.246077579157 0.313165918418 0.472266656592 0.492857294142 
35 1.0 0.163462788684 0.162625154724 0.266235821519 0.187819223659 0.310375453631 0.224017446996 0.230084148552 0.191943963568 0.195702353541 0.498223065091 0.265127375564 0.265820142375 0.308414749147 0.309478202333 0.0951575494694 0.0956635455995 0.148956033103 0.150289759748 0.204410953321 0.202229473991 0.338103689876 0.339641795283 0.157644563567 0.160858525033 0.264087908879 0.262878757185 0.139107871557 0.131044505379 0.137191399609 0.134381871274 0.143898643762 0.195702353541 0.097792549997 0.0964718858387 0.265162543258 0.249966233634 0.266235361487 0.300817688089 0.297215399765 0.467930203202 0.461845921647 
47 1.0 0.167193881845 0.17128153301 0.287633102321 0.194862768165 0.33471426078 0.223391290399 0.228435255875 0.192696325738 0.199525072765 0.521028465057 0.268053564683 0.269425228325 0.315246705196 0.317262807595 0.099691021612 0.098290574172 0.169397013371 0.16842159503 0.221516235846 0.218233041246 0.33755234061 0.344623894729 0.165811041574 0.176416474216 0.276108993874 0.292919109295 0.142999870153 0.129247235851 0.157928783063 0.134251847294 0.131223822102 0.199525072765 0.116849750614 0.115119506069 0.259476964195 0.241614527978 0.260848546561 0.277801988636 0.286744312197 0.454306914669 0.461551144169 
52 1.0 0.170956145942 0.168371633442 0.272148584645 0.205307943509 0.353061649988 0.23031151392 0.230764313971 0.201211796133 0.202310057658 0.487690719201 0.276789601082 0.279774892651 0.321769066834 0.325609451293 0.103264688318 0.105214428618 0.157762564809 0.157652037553 0.20603647128 0.202340824058 0.354468220069 0.356965276034 0.160764755978 0.161864739816 0.273712825515 0.272909206149 0.142613643862 0.123197103348 0.141995732051 0.12573242644 0.148490852141 0.202310057658 0.0992762081936 0.100823196151 0.257302252288 0.236448354194 0.25393369816 0.281850762958 0.280195141594 0.476746209156 0.472145316548 
57 1.0 0.173314926174 0.172939398709 0.265621408161 0.190616003199 0.332460839147 0.208018737261 0.212795384606 0.177466407779 0.183015175026 0.481862359505 0.305372519324 0.300673602284 0.351795543394 0.338512303171 0.100602970182 0.0937093646286 0.152607181583 0.148855322642 0.212985912006 0.209509710625 0.355429579551 0.356119281183 0.153301587342 0.150189624976 0.271253303582 0.263022251219 0.143357852106 0.13171778058 0.128586675305 0.128786681456 0.136791631647 0.183015175026 0.0965544582039 0.0963481612484 0.266749128268 0.247092379026 0.256411546257 0.31555366303 0.277527873329 0.510567711078 0.488290101268 
61 1.0 0.195474638144 0.1756821354 0.264066048962 0.19324171311 0.366544470514 0.240320801281 0.228616845437 0.197066783 0.183763429979 0.516590999461 0.306794821142 0.289530022131 0.35766950093 0.327886091187 0.104103917479 0.0938712950228 0.15475543015 0.147962385505 0.205157027013 0.187888136808 0.363432934797 0.372196276937 0.155206922165 0.144262835182 0.282676830097 0.239619437261 0.153176808392 0.147829803564 0.118682399449 0.135096396986 0.148967341814 0.183763429979 0.096019932151 0.0963319112259 0.272727356211 0.241807202376 0.232346437784 0.326266761586 0.22520677328 0.508819491315 0.467818356809 
68 1.0 0.168747342184 0.163917850763 0.278943504964 0.215850659393 0.326353711432 0.243812093059 0.2482592229 0.198188522223 0.19727794989 0.542123303285 0.277749306809 0.268881323791 0.334361267395 0.318623184181 0.11251190655 0.108501276844 0.180025205293 0.181099076289 0.218338749756 0.22722878065 0.360127336217 0.355443371836 0.165180394583 0.164844661726 0.27169959475 0.253994977078 0.151901787582 0.143171390807 0.136637633691 0.147460333692 0.163917850763 0.19727794989 0.120247383575 0.113370320461 0.258374057408 0.236897296474 0.245510363596 0.314598677105 0.280577228342 0.512144416421 0.493749188063 
79 1.0 0.175907351257 0.160188568127 0.269282765039 0.2143529095 0.351814702515 0.216524868936 0.233173350366 0.17736009634 0.177954838452 0.527922235554 0.282148094393 0.281076099277 0.324357129057 0.322490309932 0.110436526635 0.105687328099 0.189059239992 0.190490924857 0.224196679153 0.220667939725 0.337359334767 0.352414849879 0.159716730377 0.160188568127 0.282842712475 0.256301709003 0.142643506026 0.123471790377 0.135924507349 0.135702226731 0.138672955832 0.177954838452 0.133797932691 0.13060093328 0.239559343891 0.20907703735 0.2195707648 0.312748014789 0.256124969497 0.501920838681 0.47804633864 
81 1.0 0.175722794251 0.167943694024 0.268182255287 0.19278793455 0.35164356444 0.259274832436 0.250749378766 0.226107211208 0.219725453497 0.512530136578 0.282998981632 0.274764348101 0.330183537415 0.305030024403 0.103151020066 0.0912137259775 0.150266365565 0.141675811045 0.198215522759 0.199140779724 0.356305928359 0.341730668275 0.186319236993 0.178104364836 0.289737709815 0.26968742303 0.149399685131 0.162257800963 0.131040601637 0.154068652428 0.158499549872 0.219725453497 0.0944337468827 0.0972545816121 0.294051275603 0.271592914727 0.290647553989 0.326151922144 0.260892623214 0.482873245798 0.440917278983 
88 1.0 0.171899486296 0.171269083572 0.274803765341 0.204144178231 0.36673319171 0.223560611106 0.224044749236 0.186333808855 0.190139135757 0.503509066955 0.282418189213 0.283948578767 0.330765170236 0.332379810128 0.104422403766 0.104201887954 0.14960511714 0.147983238863 0.18484233256 0.1844613701 0.365997628652 0.365827740479 0.155863497501 0.162833151815 0.264268653873 0.274376274949 0.140015935102 0.134489854489 0.143594121698 0.134110628054 0.135727699594 0.190139135757 0.0878608168762 0.0883354010553 0.267232574875 0.253893583036 0.272061719977 0.26711614343 0.280390148488 0.476512009971 0.477936625934 
91 1.0 0.170132268881 0.167917949412 0.26852245345 0.207567154447 0.371406451697 0.226088553463 0.223668390535 0.194601772663 0.197968219781 0.506976727947 0.236004898635 0.234545145124 0.280359613874 0.282083550504 0.103954455244 0.105547006186 0.150580527406 0.147393852958 0.20526893348 0.208816150592 0.37584909656 0.371460287888 0.159192549233 0.16770507621 0.273387619405 0.282487780214 0.1407110247 0.120724591615 0.145216676438 0.123138538257 0.139888199377 0.197968219781 0.0906401091217 0.0948011809577 0.297875385348 0.283224300415 0.299596659469 0.271977299389 0.273205823625 0.448525891898 0.44635097705 
92 1.0 0.164064097457 0.169499343061 0.259866788942 0.189585134665 0.345332176886 0.224764099257 0.227244831076 0.186187284962 0.191547776078 0.497310744183 0.267765242143 0.270828281291 0.3083545276 0.315002554466 0.0955181589373 0.097074538065 0.14229317031 0.146165829391 0.193500384425 0.192188264981 0.359170443623 0.359094347137 0.150250296213 0.157877633077 0.25051211927 0.267022304975 0.130579436715 0.129783208611 0.140014468373 0.131497495004 0.140196425917 0.191547776078 0.09269610357 0.0905930411026 0.262795969639 0.252012903297 0.274254803619 0.264904379926 0.306432503959 0.462405410671 0.479452681331 
99 1.0 0.180269443707 0.175217148661 0.270493981974 0.192216377917 0.356566532338 0.215616721483 0.220956888412 0.177886443457 0.175718475185 0.515416433525 0.291037671825 0.291722994267 0.336212731104 0.330947363142 0.0994240993885 0.0957781277652 0.150536001918 0.144953733027 0.203921206477 0.195758097789 0.363598599571 0.363067124546 0.151915105124 0.142219301708 0.273941357093 0.253191769107 0.148160268529 0.129953234473 0.130240780799 0.130882068833 0.136890328558 0.175718475185 0.0950658742474 0.0964213019274 0.266123532023 0.246278636268 0.254906731637 0.293496677009 0.261650654841 0.502453685139 0.479209905146 
103 1.0 0.160063776174 0.153828004199 0.289752754104 0.212835256847 0.37250861788 0.22215619043 0.214226619238 0.20005242235 0.190842426826 0.485115753869 0.292633548262 0.285988783104 0.346450519196 0.338593013721 0.10901356181 0.10901356181 0.168053186435 0.168053186435 0.190384000926 0.193299140833 0.376196680843 0.368119625558 0.174581939351 0.174682014991 0.280870967749 0.272213087575 0.156530899201 0.142994391552 0.140528786166 0.140155204328 0.159735888272 0.190842426826 0.103250221205 0.103250221205 0.2707324331 0.248307799655 0.259593961441 0.29453842467 0.245903167331 0.493579893735 0.448267471461 
105 1.0 0.186158843361 0.179320796388 0.288684753733 0.213584005232 0.357944072001 0.230685055436 0.238985972883 0.184450515502 0.182269743092 0.554284153684 0.301058888783 0.298948507155 0.352692315449 0.361418214296 0.10783995942 0.113412429684 0.164086436207 0.16780131378 0.186516497569 0.194046683288 0.36930728494 0.386113505057 0.147171487901 0.148411560656 0.27137081511 0.251486748766 0.152836122606 0.135254951971 0.142804769759 0.151081847879 0.139021189163 0.182269743092 0.0955525504807 0.103262346942 0.282146766301 0.266100977244 0.263774160468 0.293265519814 0.244158682375 0.482758374466 0.465397108404 
106 1.0 0.165843684995 0.172270696216 0.251607639273 0.20671897531 0.34900407856 0.227784341197 0.226563348911 0.182507729769 0.186269926576 0.501263308994 0.296774166501 0.296978362591 0.34195068054 0.347657125428 0.104623665015 0.108379469105 0.152970532867 0.158330889533 0.190269757767 0.188805762164 0.383089294904 0.382079537559 0.153485138395 0.161968103916 0.251586109942 0.272909958083 0.12402961363 0.138335034185 0.134708601021 0.137186312553 0.134714914454 0.186269926576 0.0923346556303 0.090322119012 0.292413636137 0.285773123631 0.3031490025 0.275136274133 0.291991601546 0.489637821463 0.491669217396 
110 1.0 0.16879594403 0.164746166463 0.282959343334 0.200148431445 0.324134162835 0.232410570301 0.237011401249 0.186925987101 0.199852619837 0.53637623134 0.302224169129 0.290264748357 0.344651514687 0.33343575827 0.101587424643 0.100725554861 0.147940551152 0.14365055866 0.189403094847 0.199597149555 0.344365164393 0.348366471572 0.165243607379 0.16997465091 0.265084857256 0.265790370542 0.149110292067 0.154858944289 0.142433417792 0.152893338765 0.139106909158 0.199852619837 0.0909233559242 0.0961219244697 0.26497870249 0.239372656695 0.26207113195 0.320494364135 0.282492473126 0.490058175116 0.471051019814 
124 1.0 0.171274991278 0.168295403008 0.279473894395 0.188779757296 0.373911398223 0.236746369067 0.243680247659 0.194296653616 0.205901893394 0.539144897083 0.273270547357 0.267922127739 0.31474404355 0.311315341974 0.0963980393972 0.0943905676464 0.14406778495 0.145015142225 0.203524971264 0.202673519058 0.350651025292 0.346120691151 0.160376714207 0.172436727054 0.26222953839 0.270677559293 0.147798195711 0.145949192862 0.145370432739 0.149428975149 0.140146623012 0.205901893394 0.0957225932183 0.0942764620375 0.262949060868 0.246442076196 0.266918508552 0.26454344033 0.259148472662 0.449712265248 0.436565000132 
126 1.0 0.168625500046 0.173548238202 0.264013998472 0.196281558761 0.353956582408 0.221955933077 0.22785756432 0.194868198766 0.202426087475 0.486783186516 0.247438976208 0.252196589194 0.290275650413 0.300838157633 0.0976364891405 0.101787829586 0.139078920628 0.145630714108 0.200299896501 0.1978116202 0.341518376804 0.344826450554 0.160019900179 0.168485759913 0.272747467429 0.28904286114 0.131850825135 0.118144267084 0.146338252224 0.123862574734 0.138384312412 0.202426087475 0.0877452237952 0.0838854621415 0.262111573029 0.24461822782 0.270825763273 0.259862268451 0.297767100994 0.433853126788 0.451205042056 
132 1.0 0.172593571189 0.173002307021 0.260919314486 0.210370865047 0.389426814594 0.24034275655 0.241211665882 0.19927941465 0.19919635022 0.514157245437 0.261544837807 0.258428763024 0.309100662797 0.306082533687 0.106695128639 0.107529514057 0.144447191795 0.144194529356 0.190321789764 0.194925957185 0.376146055802 0.376840709001 0.174403758113 0.172687846087 0.272588786732 0.270841507213 0.134164813736 0.149049290859 0.138722146516 0.150268095911 0.142550642557 0.19919635022 0.0840343262421 0.0848875702919 0.261068382565 0.239882929265 0.26267333512 0.268340513164 0.263823220419 0.476683638166 0.465839301262 
133 1.0 0.172765769804 0.167190793622 0.27622879952 0.21101096829 0.332084190783 0.219732731876 0.223619354122 0.180183569015 0.181737645233 0.520702377888 0.29174305453 0.28886126001 0.343313454347 0.340304393147 0.108390475307 0.108208636069 0.158507484543 0.160983241381 0.179665771202 0.181153775126 0.352294676273 0.352698250878 0.136463472577 0.143510235283 0.253687049067 0.252145414806 0.143415338049 0.128950425269 0.140313716321 0.131120388446 0.138464628758 0.181737645233 0.0927603056305 0.0935862456365 0.269231907862 0.252440662652 0.265804641302 0.295386316905 0.270903664483 0.47784318192 0.456634199987 
136 1.0 0.188694895468 0.178826798106 0.242612876092 0.18817471558 0.35150278101 0.251490362579 0.24751262099 0.192233031818 0.185551943193 0.539668336435 0.299643649038 0.287498455115 0.34128032516 0.324043084789 0.100112659535 0.0912781445185 0.15465082943 0.152496701832 0.197079738802 0.195017328663 0.357413709712 0.354384141824 0.177727160942 0.171838656358 0.277390873898 0.262410074589 0.133289625588 0.164777240279 0.120546523877 0.151124647515 0.147181585579 0.185551943193 0.102052068002 0.0975086643313 0.259782153545 0.242612876092 0.25246287341 0.306156204005 0.272398856517 0.504100029593 0.486285143245 
137 1.0 0.164085811003 0.153511013033 0.280587524815 0.211613555023 0.344522530264 0.214242395632 0.218702890653 0.191185556872 0.19401916629 0.513408240361 0.293315776896 0.303215346906 0.352909620317 0.360559008719 0.110465518794 0.110465518794 0.189420729347 0.183415369784 0.214372991436 0.199425427114 0.342076764388 0.352592255486 0.16340211715 0.160899375425 0.284893467306 0.271461923125 0.150565683969 0.114447528483 0.142446733653 0.123390845964 0.14708664395 0.19401916629 0.116026189657 0.11614673638 0.242260554615 0.222257204076 0.237771160037 0.297860643215 0.27022189263 0.498668812883 0.492029957288 
139 1.0 0.16246162035 0.153727030088 0.254981167164 0.191184846579 0.347950865505 0.235008455801 0.24275465161 0.208718800167 0.211584140714 0.487013565416 0.278307708727 0.273377554618 0.318870755085 0.304099412105 0.0991533100588 0.0931476811164 0.147811310974 0.141914479108 0.212053966829 0.202004060358 0.364793839665 0.364200299018 0.173968573754 0.177895394171 0.28292604751 0.268410036412 0.147839118286 0.134144376581 0.122414977315 0.133528519884 0.15575697653 0.211584140714 0.0960545545173 0.0986483014314 0.26750200997 0.249234777695 0.260593894466 0.290384388941 0.2637353494 0.46153278032 0.436321760607 
143 1.0 0.169480675578 0.16045459319 0.282180685667 0.204157129514 0.328231013539 0.234452830143 0.229319008923 0.20934083279 0.205126533139 0.513391341537 0.267800495141 0.261434723576 0.315115694015 0.301574353216 0.105907349921 0.0998566733066 0.15452810865 0.157469295663 0.21849195408 0.214005206902 0.345252927703 0.34978591196 0.17806418232 0.180249999596 0.292477272685 0.285773592848 0.158174534914 0.133093717868 0.142563559918 0.129164922732 0.138435841353 0.205126533139 0.106168354952 0.104601565996 0.306429986281 0.283575259767 0.298915078307 0.306352406954 0.268817729626 0.452080605516 0.433804719366 
144 1.0 0.178356508991 0.177885928412 0.271999251686 0.195343073192 0.327162203247 0.218675733241 0.219885093311 0.186909744798 0.188057809323 0.523398227094 0.253090031988 0.250451109049 0.307092541355 0.289384014037 0.103119609137 0.0953181796002 0.152637785463 0.149593557244 0.214425712361 0.20666002105 0.348273016611 0.34593396246 0.158763296637 0.14832517697 0.286628100859 0.273994276632 0.153047461272 0.124179189163 0.134044820678 0.11034404635 0.125091573472 0.188057809323 0.0985425903699 0.0969066224563 0.281576359898 0.264141566872 0.280340984298 0.281351077795 0.275473481873 0.440223168936 0.436157599231 
147 1.0 0.173015260813 0.176112630512 0.279386308843 0.189557273518 0.360565169323 0.243489260672 0.241623044125 0.207580028608 0.21013912087 0.534459161338 0.256793804332 0.259024145922 0.298625379838 0.303170198927 0.0941858147399 0.0971582839082 0.144474254968 0.14169067688 0.210312102067 0.211320705363 0.361462471048 0.359534071895 0.173892008697 0.177819025033 0.277743105558 0.287828521849 0.14391678088 0.1447098302 0.151818324175 0.14549250899 0.141214514394 0.21013912087 0.0940051259627 0.093858656946 0.27275781028 0.258148382405 0.282385575252 0.265560116197 0.282764039818 0.446853495327 0.451684516508 
148 1.0 0.171255791493 0.170836138161 0.271489563127 0.198288835066 0.351913202167 0.228688452123 0.228874599122 0.197969053298 0.199936865994 0.508283602801 0.257215408116 0.260631387328 0.298797164248 0.302141746816 0.099495410186 0.10044670798 0.145772544297 0.146262805036 0.206887215369 0.208372724466 0.360720066497 0.355586833177 0.165828014957 0.16874497473 0.279571030256 0.284161469912 0.141301262707 0.127330705849 0.144376765765 0.127950881035 0.136885760948 0.199936865994 0.094606552443 0.0948868293814 0.276332311446 0.260623884835 0.281022628079 0.274428237865 0.28525166187 0.453923190217 0.45389458402 
151 1.0 0.181102896634 0.174179188572 0.269790485239 0.196872324204 0.337366665032 0.250767530992 0.251708971661 0.189443565107 0.191677744215 0.567636643947 0.282802569848 0.283526492153 0.336992540531 0.32672928586 0.104911099958 0.0969430901277 0.169778160915 0.164014876997 0.211692643398 0.211394484597 0.359145460142 0.349668594198 0.159827400676 0.156638503573 0.264000569573 0.258569120053 0.143174411055 0.152765254134 0.135012085641 0.143833698092 0.137098232837 0.191677744215 0.108021347127 0.103244536078 0.26967356628 0.247348677106 0.256179732076 0.284692016561 0.268442842724 0.486792997586 0.473891828318 
154 1.0 0.171354257857 0.171354257857 0.278481012658 0.196304587586 0.354486885188 0.243485874198 0.261645906438 0.210389495425 0.2112445477 0.531683241583 0.295509304555 0.299146893623 0.339655895316 0.329113924051 0.102053895548 0.0951474454327 0.163335289881 0.162104411074 0.221066445526 0.214163598933 0.379957747337 0.362310678009 0.161361377012 0.156573631353 0.274788523368 0.251019392596 0.158227848101 0.130478026127 0.134111519623 0.139384275605 0.15721192846 0.2112445477 0.118913254608 0.112152184473 0.268894250459 0.259802224706 0.277905043039 0.281983157088 0.25817820322 0.487998899397 0.458675213468 
155 1.0 0.175830815133 0.169048126022 0.262123493017 0.195459551788 0.335709980475 0.251044074633 0.253426526392 0.215340342327 0.21679846612 0.509680580376 0.274826961839 0.273597356213 0.316848665895 0.312709655572 0.100270795687 0.097524625462 0.151547192443 0.148420067143 0.206493691857 0.204045630656 0.35077642604 0.352357812298 0.190084120591 0.191522559085 0.291873408561 0.284530906773 0.142370518251 0.155116297913 0.134364907153 0.155649906318 0.146728357658 0.21679846612 0.0968860179441 0.097951383319 0.278446874161 0.257161417985 0.272205954235 0.303595489271 0.282553135342 0.475088232951 0.467123118648 
157 1.0 0.164650297172 0.160444510904 0.264890015431 0.194834478981 0.344669414649 0.2101266583 0.210680635046 0.178565596055 0.178607087421 0.485254627955 0.263088827227 0.261956047355 0.308257874671 0.302210731308 0.0999237816626 0.0975060369416 0.148063990322 0.145813222126 0.199231337404 0.195455875336 0.349134310923 0.349705201836 0.145170323634 0.144616686322 0.260436080885 0.254555362484 0.140781740777 0.117592493353 0.133079528257 0.115717157905 0.140100820263 0.178607087421 0.0938019839114 0.0946381450276 0.269777086247 0.249897869908 0.265814678519 0.29456325611 0.276090591591 0.470265016224 0.459669842302 
161 1.0 0.172181890423 0.166352873305 0.257028053513 0.204569285554 0.374948464007 0.209480354846 0.20889105577 0.171448201356 0.171219829852 0.491179037463 0.259974701322 0.256899842994 0.311897981535 0.297923630248 0.106156959341 0.102308708216 0.154333762566 0.1493445214 0.200754788903 0.18484261525 0.361514822023 0.361185281282 0.138478123781 0.137147737578 0.265620132878 0.254655359619 0.141379820352 0.110475711713 0.124897305303 0.106831572905 0.148860480214 0.171219829852 0.0954731376924 0.0954331106155 0.254544416746 0.228129848865 0.238363210081 0.285840632401 0.248843888627 0.474545808872 0.459498100402 
162 1.0 0.168769988872 0.174686117014 0.295159301162 0.210914106978 0.337378693998 0.224174020109 0.227308349234 0.1944438685 0.200235710158 0.53008201025 0.286234752986 0.292194042531 0.339522844554 0.342131116702 0.105198685473 0.109921465566 0.171224565876 0.162750309616 0.220995241922 0.219264504827 0.366998574324 0.383295995321 0.164413899454 0.148162426071 0.283176056977 0.274985155952 0.153573779208 0.135364904885 0.147671820664 0.128911936503 0.140623740117 0.200235710158 0.102402206526 0.105371001208 0.277350098113 0.25413846037 0.258737024033 0.306970306757 0.268914390098 0.502425178018 0.500543971149 
163 1.0 0.188167143299 0.176879185494 0.287288433103 0.215466324827 0.348104830939 0.220022142056 0.217931291884 0.200268423742 0.193997590228 0.502785112934 0.279752391237 0.277616636545 0.328619788118 0.323753850581 0.106271218216 0.111731711422 0.16021854923 0.148656560463 0.207969535648 0.206274804363 0.342045756343 0.344003370309 0.161073560901 0.153206773634 0.299053305542 0.276901057626 0.160883950993 0.118235403008 0.139767045235 0.114963173874 0.15801250164 0.193997590228 0.0864764472879 0.0950518671927 0.269414348774 0.254199812581 0.272063742859 0.295356075823 0.250571655802 0.4612444846 0.447063416156 
164 1.0 0.191084818139 0.187613765607 0.264885190755 0.205449505544 0.362154884742 0.237314727888 0.23265312293 0.191695314321 0.174631034271 0.50275283552 0.272173477012 0.271582553934 0.323921176266 0.3122585531 0.110234577562 0.0986264255537 0.1688480641 0.15785040206 0.188777874599 0.18127897548 0.349471094875 0.351305163789 0.140209909487 0.138533198546 0.272012443485 0.249905047108 0.146824779652 0.135117370688 0.12085265032 0.128922081878 0.153630292431 0.174631034271 0.104381994926 0.106460141637 0.275639436204 0.259481644518 0.263503123561 0.311133968824 0.26400150125 0.516056383132 0.488729074194 
168 1.0 0.187784951407 0.187404125724 0.262156570251 0.20855016245 0.352977035138 0.22686111521 0.229926522253 0.180886414192 0.184329198022 0.523986024026 0.263894884001 0.257482192587 0.315576458067 0.299071738333 0.109030968931 0.102826266717 0.151387630112 0.151198749652 0.203557546377 0.202854409401 0.338301923019 0.32922638065 0.165111526888 0.147079161744 0.296480662087 0.267924866995 0.136288711164 0.129184268331 0.133642076482 0.129405285205 0.129405285205 0.184329198022 0.0889698976149 0.0836731749472 0.241740748473 0.219238186995 0.244794931516 0.285281230281 0.269678981676 0.461218148976 0.450213160668 
170 1.0 0.157368677865 0.168511040243 0.2678955265 0.177081108399 0.343829805441 0.22255291853 0.238941700225 0.208580696047 0.205550306942 0.482014808028 0.237290293052 0.243863133617 0.273091860035 0.296448868546 0.0854143190772 0.0941727761263 0.172000048253 0.169352981615 0.237818583783 0.213535797693 0.348062088276 0.368722061499 0.165505251336 0.152234233575 0.281063492574 0.249023392835 0.144103101837 0.116420630736 0.132171460118 0.147545540166 0.176086129748 0.205550306942 0.124612447638 0.123058531447 0.243966036695 0.23491609018 0.242314343549 0.275015173407 0.286342279812 0.483609051751 0.477217653556 
171 1.0 0.184357541899 0.184442167813 0.273800016868 0.206779391322 0.368884335625 0.213828594514 0.21557297633 0.190927457996 0.192959955745 0.502917427259 0.276522204933 0.27516447723 0.319804956008 0.31765070337 0.106731693713 0.101945740731 0.14243071267 0.14221141968 0.207607867889 0.200261992502 0.325415997301 0.334683034654 0.147596031437 0.144928734872 0.287315997109 0.279831950533 0.145036368556 0.111731843575 0.138204657842 0.116249452775 0.126656805014 0.192959955745 0.0872653595073 0.0909431318218 0.265407229502 0.234703369135 0.252943718942 0.270992912528 0.235764780402 0.44271760349 0.423587487984 
172 1.0 0.171632516665 0.170940481324 0.274345499026 0.203576015338 0.368969508881 0.226433503967 0.228790647777 0.199000085834 0.202592361517 0.500033860411 0.256914235872 0.260649844037 0.302308143932 0.303645740012 0.103645537401 0.102145816528 0.146273526374 0.146153534855 0.205947180022 0.203852508752 0.375211723079 0.373368836196 0.16288515741 0.170705101495 0.278907500415 0.28686442084 0.14120923598 0.12396419738 0.147576400063 0.125817513629 0.139594455216 0.202592361517 0.0923405786773 0.0918141817843 0.286665982507 0.270513960589 0.292956848577 0.265537293512 0.276959576257 0.461256449437 0.459507406865 
173 1.0 0.187451207788 0.18253209176 0.266055460421 0.197105901712 0.345144119322 0.236555806966 0.239157361457 0.20251039203 0.199613789058 0.517264836437 0.269679126959 0.267147721438 0.3194382825 0.306608203342 0.100473290908 0.0996243764343 0.154682940572 0.157095750927 0.213704551364 0.209113155436 0.348328463639 0.340472141786 0.156476651963 0.144881193792 0.29080733287 0.260292508643 0.146959939805 0.124329354326 0.12930448028 0.126169935713 0.157095750927 0.199613789058 0.0971580439572 0.0970330817911 0.272053227024 0.2514246336 0.2666021503 0.289929831913 0.274804446916 0.463394697148 0.463918070589 
