Leaf
11 1.0 0.176958050539 0.177325947091 0.297052328764 0.18275554555 0.371436055153 0.243859717188 0.260402213476 0.210512595357 0.231310425657 0.543760954009 0.258896260336 0.261961708873 0.296668150072 0.306606628894 0.0858149296867 0.0977107713204 0.149401141992 0.139357953907 0.204625708079 0.207550774806 0.326524128437 0.330984370218 0.173611903105 0.18444159989 0.26750062391 0.292909907014 0.144410449034 0.165934612652 0.163461529246 0.164653245116 0.147314584776 0.231310425657 0.0956889505035 0.107704445803 0.257887405996 0.234319582036 0.256557264368 0.253490732702 0.293132313961 0.428162369623 0.453228001377 
12 1.0 0.180649873639 0.169864961481 0.288026463968 0.212013662924 0.331680287851 0.253504672579 0.233934477223 0.201661732174 0.185887186412 0.538258661144 0.316880840724 0.312800357724 0.360358487913 0.362523804135 0.109905183858 0.105518157263 0.185887186412 0.180894933494 0.196393952964 0.197817387614 0.338379795498 0.345248739697 0.16348609208 0.151386582047 0.272374433915 0.252863109052 0.138552128321 0.146327356347 0.154571984924 0.150309780534 0.157599385945 0.185887186412 0.122124335082 0.119187047426 0.220078920495 0.206581033901 0.221750006909 0.313601867227 0.30199181269 0.527170785621 0.523121622132 
20 1.0 0.17467079188 0.168237481425 0.303294432866 0.206451612903 0.361290322581 0.248952017827 0.250535326954 0.205035465575 0.19526123807 0.574338510154 0.32264515484 0.311352993858 0.378011666459 0.35342828193 0.111372106462 0.0986907002631 0.170327468161 0.170327468161 0.222837626312 0.218308700848 0.357817409648 0.382988956894 0.183616122203 0.177155228616 0.282769122591 0.256933003248 0.170815513482 0.179373403541 0.140905352696 0.170327468161 0.137163171777 0.19526123807 0.112857133449 0.106793195853 0.267099890897 0.240100568593 0.239493047655 0.328525859522 0.251281833473 0.522938945269 0.510044783898 
37 1.0 0.178304612173 0.178304612173 0.286505677906 0.21875 0.369828343252 0.255686202263 0.2661860904 0.196126774831 0.2124591464 0.562885670254 0.31405861316 0.319793363188 0.361782395559 0.36861608915 0.111341449617 0.111341449617 0.174070572574 0.174070572574 0.215816139116 0.212778106415 0.350161173208 0.362718444718 0.163129789202 0.181172157614 0.261715510967 0.278828308632 0.145274225844 0.152115436109 0.149143969409 0.166177668058 0.144806653901 0.2124591464 0.111827659133 0.109498937717 0.236907612824 0.224018887163 0.234085469315 0.300913683868 0.277658394485 0.514149825832 0.503514126609 
49 1.0 0.175293534561 0.180959772838 0.279580582716 0.227374145202 0.3220783132 0.255915764991 0.256134777239 0.194692385681 0.197835092403 0.583000941308 0.294999634102 0.299302017836 0.347663986978 0.354468107649 0.116102841961 0.117160529447 0.189437348259 0.19324698792 0.225790326915 0.22972939989 0.35604647554 0.351641084463 0.169040328691 0.172390589058 0.263345169842 0.280221639637 0.134787036241 0.155350176201 0.155133458807 0.15635755242 0.129265833513 0.197835092403 0.123134276369 0.123134276369 0.245767126196 0.246678052692 0.26317477502 0.265592581009 0.291096236968 0.489728521628 0.507695627602 
51 1.0 0.187787800422 0.191955255063 0.289664708716 0.207647173018 0.393436748876 0.263936708032 0.26166428771 0.217754769051 0.22297159737 0.535622637158 0.313810703069 0.309113103442 0.367376729518 0.364520898193 0.107358411899 0.107358411899 0.167267752556 0.167267752556 0.20807812576 0.217617600679 0.375933197372 0.370170201264 0.179744684726 0.1858699173 0.283991092429 0.308387768606 0.147133453742 0.154653119398 0.153878881146 0.14436773324 0.14703194738 0.22297159737 0.0955879481816 0.103102079599 0.230543258604 0.218849021013 0.238250315633 0.273711318612 0.271300683585 0.522414862674 0.512635215469 
56 1.0 0.171520562592 0.177397367484 0.288226724504 0.213531375529 0.341585174955 0.24623731248 0.253025437933 0.203212319446 0.211116998454 0.528567596473 0.344201451221 0.343041125184 0.392450035966 0.393500871238 0.108846055979 0.110017176964 0.170855106882 0.175054051809 0.192857982925 0.203212319446 0.338948704785 0.327104583226 0.18640001677 0.187390500023 0.270066565217 0.28569597689 0.143692809101 0.173173014649 0.152817453316 0.167488173691 0.133415423898 0.211116998454 0.105119163083 0.10739734455 0.212528718359 0.204539377394 0.241978949453 0.275495581859 0.327278667636 0.484487232611 0.512565320646 
66 1.0 0.166595905656 0.166595905656 0.279995428683 0.194282542352 0.337137352904 0.230346460652 0.232603430276 0.189948557551 0.197036093391 0.5028813991 0.311148140416 0.311934200129 0.353403283822 0.355659709235 0.098642255251 0.098642255251 0.149990748316 0.149990748316 0.187961322165 0.194366556428 0.33028823082 0.333191811312 0.160913119615 0.166595905656 0.252008194999 0.26655344905 0.140085149167 0.155442839421 0.145683893324 0.149007907928 0.176030518064 0.197036093391 0.0921385842608 0.0983106837069 0.207999743807 0.194282542352 0.216008566746 0.296973127732 0.311777146733 0.5028813991 0.512241575935 
80 1.0 0.18144912051 0.177584320627 0.291368196602 0.200976499488 0.326639313561 0.239626994411 0.240520245815 0.192513198467 0.195375038081 0.537655410617 0.319651777129 0.319651777129 0.362097869949 0.366701947277 0.101580715065 0.102446299799 0.174936330364 0.167193539477 0.197366418218 0.200536656692 0.326484801105 0.332723075019 0.148407802178 0.158836245064 0.26955404636 0.286346112991 0.138924975619 0.129624390178 0.15772047238 0.124055073154 0.132606862809 0.195375038081 0.111185371545 0.112314185983 0.224291176322 0.200976499488 0.226027939227 0.308035860377 0.31011734532 0.503613603825 0.508375247167 
87 1.0 0.188859292784 0.183109034983 0.295743522334 0.198921856278 0.333328515925 0.252741707989 0.247658631618 0.214242697706 0.221016212134 0.532277524371 0.317381910761 0.308749387613 0.363126897971 0.351560138977 0.098107655175 0.10341454875 0.18939419778 0.180725735535 0.22688863323 0.234715747065 0.342101255158 0.336822123664 0.180725735535 0.180725735535 0.298757918553 0.296914015784 0.155168399263 0.152158786936 0.151397036034 0.144760402675 0.148700180877 0.221016212134 0.127792393132 0.134836074989 0.246195434175 0.22586718231 0.251997253623 0.319695782786 0.288520730496 0.514354460491 0.498139440884 
97 1.0 0.177767350424 0.173857169668 0.313033551849 0.210274901883 0.336389242458 0.26693732945 0.269581344671 0.217368530229 0.22448104993 0.584251688923 0.316465773783 0.317979314379 0.359563205427 0.36979659994 0.103726847321 0.109060119602 0.17291314186 0.173794394013 0.227810450894 0.229100089496 0.357279854752 0.365761471342 0.18762249296 0.196430466853 0.291630485856 0.30207014376 0.156621317922 0.158077646653 0.168825990717 0.157038789967 0.127081864599 0.22448104993 0.111043193295 0.114906714147 0.260482216967 0.242969272438 0.255576593289 0.295052797465 0.316638131387 0.508327458395 0.531867835159 
98 1.0 0.178321591236 0.176632825608 0.2726874805 0.22464795308 0.374942311855 0.235624875615 0.240421802718 0.177599800857 0.184458835745 0.545191742857 0.305283216104 0.305703684425 0.357163041622 0.349365634934 0.115333187201 0.113335924698 0.167764394193 0.173781751203 0.196158115945 0.194477460396 0.368453136987 0.351199160101 0.150451987461 0.157224521429 0.248593795872 0.249052668059 0.146705706908 0.155306520532 0.133567668177 0.155306520532 0.154938495085 0.184458835745 0.105374647813 0.103184805853 0.231222570084 0.203093142235 0.225472352009 0.304581145685 0.287713562414 0.517332943323 0.496641878617 
110 1.0 0.217682385404 0.21618703011 0.289381806728 0.220805992736 0.392646752833 0.257247877714 0.245685570317 0.208549484178 0.223617543685 0.539416183758 0.316812326119 0.314681447955 0.377291792253 0.358648033801 0.116518277686 0.109611175368 0.186338998125 0.18143877964 0.21949620762 0.226659372974 0.353485419163 0.337346088904 0.175172239071 0.186338998125 0.302534786749 0.335417360678 0.15219779114 0.15785531557 0.150371192649 0.131533410441 0.144170991861 0.223617543685 0.114016699506 0.116518277686 0.212091251498 0.196139696311 0.220588235294 0.266695500171 0.272268511314 0.482114758665 0.482812032441 
120 1.0 0.17870567843 0.17870567843 0.302750961404 0.205405405405 0.356756756757 0.244740138869 0.249000925541 0.207175869154 0.220564386628 0.540783729079 0.318139220964 0.321837311278 0.372659484392 0.377605388034 0.100981306445 0.111435287179 0.161258744759 0.161258744759 0.183863257856 0.183863257856 0.354126256306 0.348638172899 0.166518073522 0.17780415355 0.263925526827 0.284849991919 0.15600940205 0.168350394621 0.154787254738 0.163418556301 0.170933927577 0.220564386628 0.0945559766732 0.100546352636 0.226382611799 0.21628377323 0.236914670279 0.27354769576 0.287758522253 0.503950790089 0.511489610473 
145 1.0 0.179767411792 0.180602660863 0.282474843507 0.214471640441 0.355747523465 0.229271303077 0.248018553541 0.192342104123 0.19850308604 0.50242264359 0.3270117023 0.32537589952 0.377105073449 0.369185204397 0.111826341534 0.106692202899 0.152777898702 0.133159918239 0.181961162204 0.187150504301 0.348245804337 0.341942012416 0.160465187754 0.173177431458 0.262177751436 0.280725756451 0.143638774062 0.153848784932 0.143638774062 0.147399587486 0.139286534938 0.19850308604 0.0726715915158 0.0777646378327 0.231705060186 0.219951610992 0.233586959605 0.287848487836 0.302224162701 0.503537900553 0.509023784072 
155 1.0 0.18342186516 0.18579443736 0.287812482677 0.209348970654 0.32443174014 0.222594511281 0.241017098396 0.197229649467 0.197229649467 0.508186471959 0.31501350242 0.309092080201 0.362867190394 0.344206280184 0.110371048783 0.100641250858 0.163455701092 0.16750859525 0.183720112292 0.180412278407 0.322230455522 0.316097889456 0.180184532961 0.182749029476 0.3024220143 0.290227734665 0.161178930654 0.148078300696 0.134516603701 0.147708104366 0.140586546511 0.197229649467 0.114748680979 0.110865988704 0.222040409854 0.198819400763 0.214770741474 0.306200187153 0.298274993136 0.484667741448 0.478986291564 
168 1.0 0.18700356154 0.181522409229 0.271389603019 0.221151455265 0.381890261326 0.245602659966 0.243070872503 0.200239725033 0.205036939224 0.517586193541 0.297996508284 0.307175476128 0.360252124537 0.361127161348 0.116008175273 0.114584708171 0.167939005767 0.170697788897 0.197765576707 0.184762290257 0.344231229703 0.344231229703 0.176443851618 0.178223640979 0.286108984861 0.288700644463 0.143890432302 0.157704144355 0.133040540365 0.155121302071 0.142302383811 0.205036939224 0.094809092628 0.0944087709555 0.228562636222 0.211044618101 0.232776883822 0.281258197148 0.294073086029 0.487101654395 0.497487691589 
179 1.0 0.17209607615 0.164193570789 0.278705475015 0.192721024911 0.340685858979 0.26163988673 0.24013582649 0.227257008585 0.205660795255 0.514548833493 0.334616935992 0.322930437746 0.381139966653 0.369538438849 0.100268594204 0.0976805809854 0.167953112358 0.165262613913 0.19238846034 0.195115166706 0.342560348279 0.356529405818 0.18474755705 0.175686592228 0.288582690511 0.273135444993 0.148851477302 0.15455018019 0.139754248594 0.146028362954 0.153927409973 0.205660795255 0.106764064993 0.104029964945 0.245672066675 0.223277215953 0.225914580187 0.317329484998 0.266670135309 0.509263571489 0.496207440261 
249 1.0 0.171822320372 0.169360996132 0.276818266179 0.1847034445 0.322895952348 0.24551827044 0.245304404311 0.207455638173 0.211216469523 0.492210888019 0.324193705691 0.328535779099 0.364580170151 0.366733221368 0.0944588767643 0.092776981854 0.146514285078 0.1450743063 0.19506857866 0.189541818279 0.35052502029 0.343835501431 0.19978732197 0.202656477381 0.289967665521 0.29123193415 0.141688315146 0.16552117772 0.144258001754 0.174173562743 0.154873251509 0.211216469523 0.0896115587389 0.0894650147999 0.254802195683 0.245892088578 0.264455086812 0.298045558931 0.321552158583 0.52002870456 0.517626127482 
250 1.0 0.172960078913 0.178055980386 0.316739363215 0.200231169409 0.362038263077 0.233573691234 0.228501200799 0.198451989109 0.20934232662 0.527691178582 0.33064969572 0.335510750017 0.381572447601 0.387467510514 0.0984067370179 0.106822040527 0.172513729578 0.169992516503 0.20934232662 0.226875801143 0.384952109288 0.368581016977 0.154000871139 0.183346767107 0.26823619323 0.315422151069 0.147034421305 0.135576100222 0.176490240338 0.129526746672 0.137496057279 0.20934232662 0.106822040527 0.119236843411 0.22957840748 0.222205944748 0.251134664855 0.271436397357 0.330229704405 0.533359033048 0.546975986105 
253 1.0 0.185106487222 0.174039477891 0.251363432129 0.20425559375 0.371875201195 0.253264641308 0.251417951907 0.202096953567 0.198193646395 0.507961342229 0.340957909009 0.33088011119 0.382485727599 0.377544636174 0.106785748976 0.102863260232 0.166965641038 0.161287139275 0.180533399472 0.17094060437 0.360192681944 0.361066798944 0.187094956913 0.189207445022 0.284703164907 0.273306453113 0.12952164269 0.161626691523 0.130890052356 0.166307645804 0.129627417834 0.198193646395 0.100708817077 0.101657004392 0.24253894915 0.214723525177 0.225374274869 0.29305344438 0.296586576718 0.519143675654 0.520198632393 
270 1.0 0.174729440181 0.177166024107 0.272055074835 0.216453305165 0.344205552001 0.2558717602 0.258135628962 0.218915079099 0.220309456758 0.499540455159 0.315423002886 0.314791330214 0.353553390593 0.356443109553 0.107445735082 0.11081299492 0.176560030556 0.180165420206 0.206609312794 0.212094498828 0.379293161424 0.374867280123 0.191134343041 0.201431063387 0.282816727445 0.299026675188 0.136897090279 0.156223968924 0.149000425834 0.161334768101 0.151041622669 0.220309456758 0.121364324919 0.120858638032 0.251709004273 0.243735826985 0.257482345522 0.304556689419 0.308701187756 0.534113120121 0.524567902722 
317 1.0 0.202373179871 0.198729253713 0.282288817783 0.237536046154 0.40849062412 0.246778210949 0.235282026997 0.202373179871 0.183431092466 0.544172534914 0.314533327378 0.306690813686 0.371686000044 0.370167316424 0.122148982488 0.124494654641 0.168189806374 0.171861137023 0.193055652765 0.180418333176 0.343589366027 0.372340809624 0.182765882324 0.171328783228 0.311566653746 0.290790191508 0.151522625359 0.145682774073 0.141440733007 0.145682774073 0.137953213762 0.183431092466 0.0905040374028 0.0889771493245 0.249843896332 0.206837831387 0.219757347822 0.307682060012 0.263544802829 0.52953912086 0.503481983764 
320 1.0 0.183240948938 0.174582843159 0.293523465877 0.206483486483 0.358546247096 0.252743707271 0.264884976005 0.194109526305 0.22270771285 0.537757648101 0.333520149074 0.329559860123 0.38027147775 0.37448576016 0.105468331663 0.104484594882 0.171771615876 0.173905506587 0.189727950986 0.189727950986 0.372629610506 0.35722714859 0.161501861941 0.183803655523 0.259937622455 0.281726397016 0.148261891852 0.159756837531 0.150238804361 0.165828570624 0.158644827466 0.22270771285 0.111849572734 0.114199061753 0.238075707471 0.228720856637 0.253210239661 0.296374489182 0.306697727103 0.54646595892 0.522620610585 
322 1.0 0.189385152731 0.196269211369 0.290980141931 0.214335285905 0.357270000422 0.234903371541 0.247685801201 0.187173279459 0.188765683009 0.556678257108 0.313250660102 0.318932367883 0.3563946949 0.367788104126 0.108224995549 0.109063497258 0.158893886127 0.162697843364 0.209731987324 0.208424845423 0.332595052619 0.341247367385 0.172633097526 0.169590866343 0.286109082484 0.285197904748 0.146092609308 0.158483836705 0.149352236601 0.162777812818 0.126314020006 0.188765683009 0.10062273565 0.10062273565 0.24339264405 0.224478109524 0.239131257804 0.280644012847 0.290084264984 0.487746787466 0.493212651315 
325 1.0 0.182466394395 0.183930835173 0.300595891885 0.233312508493 0.357393039715 0.241616419957 0.243496731739 0.194976344901 0.191645543035 0.544080911449 0.297455720342 0.296868888544 0.352099155819 0.357092646268 0.120919195955 0.118113264053 0.17248954343 0.183711913252 0.193387494349 0.199935601587 0.325121066187 0.339056763962 0.173652146188 0.17217819021 0.274519291375 0.275738191301 0.150832498712 0.155388278137 0.158465572481 0.159562233126 0.139945336142 0.191645543035 0.111210927365 0.104879094214 0.24996646231 0.228138123235 0.243496731739 0.311207891049 0.299746812371 0.487461501514 0.498158868107 
359 1.0 0.186377886457 0.176095431654 0.273242708799 0.202038038681 0.338726325938 0.240819262825 0.237075730311 0.193520171176 0.195131268786 0.519004905751 0.319706765282 0.328764885309 0.369259791808 0.371353300643 0.106023489758 0.100686415118 0.150634256494 0.146926692736 0.217598886598 0.209001899001 0.322584973395 0.320358943537 0.164269036333 0.169363162969 0.269728186829 0.271600939227 0.136512188298 0.148541320257 0.144574077152 0.154542409044 0.135195319685 0.195131268786 0.090880624843 0.0880477158272 0.221132891043 0.202332984879 0.229405472934 0.294056252866 0.323461878153 0.48339966287 0.499298810617 
362 1.0 0.184492870243 0.183863319276 0.253854592403 0.218330315741 0.360544407852 0.259426755926 0.256881582416 0.204371195803 0.210580723655 0.512708878632 0.320436767118 0.320155205855 0.367761671815 0.363001601001 0.109577436708 0.113504526367 0.158093511446 0.157930444346 0.197966992634 0.199070242899 0.347739043924 0.325581951769 0.191079063352 0.202662006031 0.285797094784 0.308348160353 0.131782616751 0.163462281726 0.133240971188 0.15571232535 0.143573131223 0.210580723655 0.0931843819473 0.0908036210936 0.218507268612 0.2036133272 0.235532148421 0.277703617459 0.321039281158 0.488623473379 0.502711021914 
364 1.0 0.187070898461 0.181068788698 0.300591633199 0.235032700405 0.3552279852 0.246867505442 0.244680643897 0.209151622786 0.205696712791 0.535622637158 0.324660743527 0.323555198625 0.369079621619 0.357323249242 0.120712525799 0.114882416162 0.158467579408 0.158843987491 0.200477185289 0.200477185289 0.386391379303 0.373902295054 0.1858699173 0.198907136548 0.3009391094 0.303114124694 0.156476582503 0.156571965982 0.152416584297 0.166193216257 0.139315393047 0.205696712791 0.0985108591474 0.092894787929 0.26166428771 0.246140710424 0.257755198997 0.292077125905 0.2922815186 0.524838413046 0.518081538122 
378 1.0 0.177986429457 0.173969640055 0.279311659057 0.198813561115 0.349139573821 0.226682336559 0.238588366313 0.171968005183 0.183729397846 0.537567344377 0.331201105004 0.323890088429 0.380155463689 0.372178750743 0.104293296757 0.10034562315 0.160243611426 0.161141341764 0.187614169895 0.192547234184 0.349139573821 0.346443474988 0.153812859818 0.160243611426 0.248828762464 0.24597158295 0.142214778689 0.16371692457 0.142214778689 0.164420330278 0.144329238288 0.183729397846 0.10134695852 0.0986053936577 0.227951564489 0.209483744293 0.23103170597 0.293072546649 0.315131019016 0.513521721614 0.535119748127 
383 1.0 0.17351337042 0.175082475787 0.267386081262 0.186246818699 0.334179324682 0.233340224791 0.254100093174 0.184278501164 0.205337089174 0.497618367758 0.328851362385 0.335404675676 0.378622884475 0.372891127131 0.0984183323974 0.0926941256246 0.164269671339 0.157613998225 0.191733818116 0.196430994806 0.340596694029 0.331096107642 0.163295594391 0.176637643046 0.253021488688 0.265289574319 0.137785665356 0.153734349742 0.136706279253 0.158119288272 0.138774570381 0.205337089174 0.100367399478 0.104701782456 0.207270366012 0.205780582324 0.221515210106 0.305423471673 0.33404289711 0.521436897207 0.542326144547 
385 1.0 0.196534712038 0.19206743046 0.283177725272 0.213861629146 0.346676048447 0.256646963261 0.261032203589 0.223031251562 0.219257184664 0.537627379858 0.319096842592 0.331816450225 0.355143249477 0.367251239151 0.104642837895 0.10993269442 0.190759351014 0.182714320553 0.225635541252 0.228575541985 0.349791761706 0.344017635893 0.175443809085 0.186690765557 0.296481785087 0.300285857889 0.138910958015 0.150670088591 0.154174512582 0.160539252851 0.145828464676 0.219257184664 0.131757170303 0.137339926672 0.242948217835 0.242948217835 0.256646963261 0.266349603411 0.323254631501 0.493599279153 0.533388136776 
421 1.0 0.172452245424 0.184970004833 0.270125391399 0.2180311582 0.350064262661 0.246700768552 0.241171380079 0.191437596767 0.210898253891 0.517356736271 0.310575091069 0.322475619824 0.357871274617 0.375982226269 0.111366690372 0.112688160756 0.178636625172 0.168691302683 0.202786782587 0.220655875434 0.340488609704 0.341501611985 0.167909415263 0.177064333325 0.2490234901 0.292519494569 0.118243997418 0.165442201842 0.155287545535 0.169372493293 0.14690499338 0.210898253891 0.105449126945 0.110327937717 0.212916464984 0.213456569224 0.240966679479 0.264650347742 0.343039482357 0.49213306478 0.535909875517 
468 1.0 0.164807633171 0.17405625998 0.276154470741 0.196603620184 0.349917250184 0.254378483186 0.274396484738 0.220751051763 0.241776186184 0.522712790136 0.329918082453 0.341810816178 0.370122575407 0.387956244076 0.0986917434361 0.10175743247 0.161131164002 0.164153817371 0.205355985867 0.215860111608 0.366388819309 0.358204827862 0.186868418448 0.201771177786 0.274396484738 0.301219382186 0.128151898594 0.158729671019 0.158002105672 0.180682320395 0.159164613847 0.241776186184 0.107054667231 0.109817365409 0.239477759913 0.238416909529 0.265055483143 0.252712197574 0.339193957816 0.50194729267 0.542486089344 
474 1.0 0.180081676248 0.175203065219 0.317419001443 0.216847053645 0.354293920743 0.234857304746 0.246019470967 0.199033167701 0.209169183376 0.55580400123 0.300777112959 0.315564025484 0.354688237972 0.364177298629 0.107841816669 0.112162269126 0.180856224666 0.173438961959 0.210700603224 0.214122573254 0.350924335566 0.343679704735 0.149269023121 0.161416708083 0.269656383715 0.286203104353 0.153970831827 0.130909380356 0.172144623258 0.135423005988 0.149736512594 0.209169183376 0.115961298047 0.118229412657 0.225876975726 0.216847053645 0.236103870661 0.267365824676 0.30548064302 0.486467701614 0.514508540551 
481 1.0 0.17433059148 0.181761606407 0.287367542136 0.194571188898 0.333333333333 0.259887903412 0.244941487098 0.21289607787 0.20248916057 0.532719917615 0.310547128438 0.32574077151 0.346134755987 0.368995413004 0.092700383519 0.103515709479 0.148789732686 0.152700202284 0.20248916057 0.196980002358 0.349299310222 0.334705968903 0.175080403936 0.183125824845 0.271329971373 0.293010261306 0.140829147007 0.15054026035 0.155673781626 0.155673781626 0.134355119642 0.20248916057 0.0941028895474 0.0961683050494 0.2177629025 0.21289607787 0.232089858748 0.252836355873 0.323278354754 0.483016059914 0.506837112521 
495 1.0 0.182946406784 0.182946406784 0.280058302968 0.228642845986 0.337578411148 0.274404736081 0.273630169001 0.232045034334 0.239863906992 0.55440352209 0.314752899518 0.327513825849 0.36185463312 0.373663605126 0.116549017454 0.115564276664 0.174168578904 0.169897928541 0.18718102119 0.206031501455 0.360770151261 0.337481669948 0.186043663955 0.198771738639 0.280233139091 0.306287846474 0.137380746059 0.172756759518 0.152476160733 0.176496516703 0.162430518898 0.239863906992 0.1022202504 0.109916480352 0.219832960705 0.212122413637 0.241153689669 0.274880307904 0.302425568512 0.504218935279 0.504218935279 
498 1.0 0.182388774813 0.177576350905 0.307351175191 0.213307448694 0.364183448989 0.247165553151 0.247165553151 0.210818510678 0.20443055729 0.556899173705 0.323442372295 0.334427760793 0.374624817957 0.373901603348 0.110364251304 0.105216492138 0.173255862009 0.163365603713 0.194246656167 0.200216421002 0.366738633915 0.356256076727 0.176965596384 0.172237392318 0.29622974847 0.286522261073 0.169464937782 0.140567070706 0.150156682728 0.140084849488 0.128495252478 0.20443055729 0.109378836475 0.111705003691 0.23266827092 0.218757672951 0.229446780049 0.267163564657 0.268174785398 0.478301682687 0.483619904685 
518 1.0 0.197540251111 0.187556181567 0.295825813176 0.22554879703 0.365661389864 0.27548565257 0.257170774136 0.215131165966 0.206974123059 0.571422422947 0.327145208043 0.320544483982 0.3812201713 0.371306749117 0.116989083 0.113629842368 0.167344350837 0.162913477349 0.198843205698 0.1987710434 0.337803342729 0.33966686578 0.188090857167 0.178060376088 0.289898409843 0.270227809408 0.156169280768 0.184704329132 0.145714243921 0.178382366181 0.151695721344 0.206974123059 0.0953708774704 0.093701568461 0.231822206953 0.205303827109 0.215597467229 0.302444230128 0.263780094063 0.499425815153 0.489327155465 
523 1.0 0.178836191734 0.169039713024 0.283274291876 0.205824076747 0.355097844413 0.250098287186 0.244265215958 0.204418245427 0.202873501033 0.515094852908 0.324023685905 0.31570506828 0.37274637843 0.350453414242 0.105552849697 0.102529227233 0.160773310793 0.152058180798 0.201707179322 0.210483884495 0.389428004665 0.350602988903 0.169504321449 0.175133178047 0.270347204089 0.270347204089 0.149887670064 0.153687268984 0.142628514312 0.146437447289 0.157727930094 0.202873501033 0.0994136851487 0.0984864219875 0.233735325935 0.225515482256 0.241512996001 0.275723953297 0.291124228133 0.530439750929 0.514177950742 
540 1.0 0.177375227764 0.17325923273 0.274473215915 0.220339679253 0.365372271935 0.234245240575 0.236940619706 0.186497597118 0.182429207213 0.543291125926 0.31770754839 0.329306508796 0.364145722323 0.381109727039 0.11485180296 0.110757764677 0.16784353819 0.175411603861 0.176723110749 0.187423915385 0.356576463646 0.361200992153 0.168272916068 0.175411603861 0.274210184503 0.28600896088 0.134313518417 0.147524920781 0.146641823862 0.148985117246 0.132691967806 0.182429207213 0.108785658644 0.105963066459 0.237973840083 0.231269002293 0.241465674194 0.266740019738 0.3058103799 0.484274277641 0.520804023325 
553 1.0 0.181382202974 0.176432436556 0.279924468929 0.238290796486 0.373120766509 0.244515858034 0.252931292176 0.195068683353 0.199287608207 0.570202437564 0.295682061326 0.306729391532 0.353054943083 0.366627428791 0.1231327733 0.1231327733 0.164874753745 0.172198980632 0.167378505796 0.162166997195 0.346301692851 0.343813078937 0.168735758924 0.172198980632 0.280164027783 0.281692380222 0.139482088163 0.149420814817 0.14734102882 0.158145702002 0.161835705741 0.199287608207 0.0922314567858 0.0891241278049 0.214151178432 0.192297680591 0.213586548592 0.25983925095 0.292488364174 0.486225119154 0.50344312943 
566 1.0 0.173494083787 0.173494083787 0.282031419206 0.20506080634 0.320471585002 0.238483078461 0.246526460372 0.198962486312 0.213016782914 0.519416052389 0.302882559651 0.310844828214 0.353437223877 0.364364061776 0.105685920527 0.105685920527 0.179542600335 0.179542600335 0.222446822182 0.22290785236 0.347343021767 0.341079776488 0.162114801717 0.16918001982 0.264913270215 0.281375446545 0.133806104447 0.138629484722 0.157097733167 0.147526696397 0.141124868987 0.213016782914 0.117812407959 0.109502518587 0.24079642276 0.237879650221 0.257763809214 0.270132225374 0.330315124497 0.488408676704 0.508792598232 
619 1.0 0.18254213776 0.190575336197 0.270663971059 0.213307195133 0.349129325824 0.253722322386 0.253349553529 0.195678751092 0.207467326713 0.52609901068 0.3139008445 0.317663342534 0.363007387536 0.369824158108 0.111087105902 0.108504761591 0.154501138817 0.151054583201 0.192829077042 0.192899082155 0.330494940555 0.327705211412 0.175297887891 0.186276091239 0.268208577429 0.292850384987 0.134907315585 0.164325723248 0.141835090066 0.165145307999 0.143350060576 0.207467326713 0.0894028591431 0.0919343312339 0.227755689543 0.214632293249 0.240219253759 0.256684985347 0.311829438794 0.46391104564 0.499101344553 
701 1.0 0.171934248887 0.165039793343 0.253159486522 0.202527589217 0.360752268293 0.258328137835 0.25512962897 0.206056893164 0.212280682879 0.512647960206 0.323769605523 0.323769605523 0.364452954905 0.364452954905 0.103028446582 0.103028446582 0.175964055103 0.168522282395 0.178674829152 0.186892751226 0.35170039869 0.354931496086 0.170413194676 0.176532232413 0.259797021325 0.262023126014 0.130475412882 0.156314451958 0.130475412882 0.161730081515 0.156698360319 0.212280682879 0.110531008977 0.116184760007 0.244220189381 0.227931423519 0.241000651118 0.302271260759 0.275074412306 0.515608565746 0.500150187738 
741 1.0 0.198982592618 0.193732332084 0.283854634643 0.215761060091 0.346233414505 0.264769886474 0.258925714778 0.224541342369 0.229858764345 0.533660767185 0.321080649534 0.3186634459 0.368281744455 0.364721684599 0.109179224639 0.110207162003 0.172627511515 0.162336356937 0.205121286726 0.219241899073 0.31171292635 0.314849415815 0.176229115162 0.184882938723 0.291249087428 0.296021732275 0.151453439479 0.170278728445 0.139147811345 0.167609019761 0.163719649741 0.229858764345 0.102324781088 0.111947382707 0.199951669418 0.17595468606 0.190715554375 0.314234875055 0.299914077042 0.501704568672 0.503627306565 
927 1.0 0.180366539806 0.185155017206 0.275359105726 0.198124225849 0.367272580233 0.255259723134 0.257671106387 0.205069928592 0.205069928592 0.531394765436 0.320625118705 0.326574813049 0.376001191686 0.381270981403 0.102364120027 0.105507607826 0.16145487898 0.154663031919 0.185846952755 0.187969559839 0.350528855322 0.35238808563 0.179263370192 0.180495881192 0.267971331997 0.276036288687 0.140676810435 0.16346596033 0.145327859331 0.16346596033 0.144925845119 0.205069928592 0.0937983636434 0.0966172300793 0.23587271848 0.217603366712 0.23611993867 0.272761922766 0.288924291481 0.488944282189 0.506711087328 
1082 1.0 0.177074286634 0.185501683031 0.283677457073 0.20902587313 0.337340507283 0.232011765079 0.239282820539 0.197722482626 0.200803685356 0.492678707778 0.318934344158 0.316417348319 0.356118649214 0.360264338385 0.107010530514 0.103758815659 0.158884109168 0.16780032138 0.209980022929 0.211403173146 0.338185973539 0.348949779969 0.160760230571 0.1750468064 0.270432647612 0.294736509301 0.138734437954 0.134872698539 0.151146927847 0.141081711593 0.164621834494 0.200803685356 0.110166308166 0.1075429245 0.232810431005 0.219163045378 0.231210340353 0.310679559666 0.315784964693 0.520771908918 0.524950057322 
1197 1.0 0.182558757248 0.181723668338 0.250266040632 0.203816882558 0.384110639799 0.246729494866 0.259613211862 0.179100714909 0.195002632553 0.534874681075 0.320237363378 0.321080649534 0.373220525864 0.368159828912 0.104810765683 0.107202193505 0.170990612082 0.16526081629 0.182466158329 0.184675718053 0.362982034557 0.348297969288 0.166483477715 0.166483477715 0.253286660055 0.256403539474 0.123330493719 0.169501550822 0.131166552619 0.162891732173 0.143944292832 0.195002632553 0.104001404028 0.101534616513 0.225769298705 0.215191194745 0.246729494866 0.274239002678 0.30349215295 0.491296567312 0.514682185663 
