Leaf
167 70.0 13.0384048104 12.0415945788 19.0 14.0 25.0 17.2046505341 16.6433169771 13.3416640641 13.3416640641 38.0 18.2482875909 18.1107702763 21.4709105536 21.0237960416 7.07106781187 7.07106781187 9.89949493661 9.89949493661 12.5299640861 12.0830459736 23.0217288664 22.4722050542 11.401754251 11.7046999107 18.8679622641 18.8679622641 10.7703296143 9.89949493661 9.8488578018 8.60232526704 10.0 13.3416640641 5.83095189485 5.83095189485 16.1245154966 15.0 16.1245154966 18.0277563773 18.0277563773 29.8328677804 29.0688837075 
727 63.0317380373 10.0498756211 10.0 17.0293863659 12.0 21.0 15.2643375225 13.8924439894 12.1655250606 12.3693168769 32.0 19.2353840617 20.0997512422 21.9317121995 22.4722050542 6.0827625303 6.0827625303 9.21954445729 9.21954445729 11.7046999107 12.0830459736 22.825424421 22.360679775 10.1980390272 9.8488578018 15.0 16.6433169771 8.24621125124 10.0 9.05538513814 9.43398113206 9.89949493661 12.3693168769 6.7082039325 6.7082039325 15.2643375225 15.0332963784 15.8113883008 18.6815416923 18.973665961 30.4795013083 31.2409987036 
891 72.3394774656 14.0356688476 14.3178210633 21.0950231097 15.0332963784 30.0665927567 18.0277563773 19.2353840617 14.5602197786 14.8660687473 40.1995024845 22.5610283454 23.0217288664 26.4196896272 26.2488094968 8.0622577483 7.28010988928 12.0415945788 12.2065556157 13.8924439894 13.6014705087 30.0 28.6356421266 12.3693168769 11.7046999107 20.2484567313 19.6977156036 11.7046999107 11.313708499 10.1980390272 10.8166538264 10.6301458127 14.8660687473 8.0622577483 7.21110255093 19.6977156036 18.1107702763 19.4164878389 17.2626765016 19.6977156036 36.7967389859 38.275318418 
899 85.0058821494 13.0 11.0 25.0 14.0356688476 22.0227155455 13.8924439894 14.4222051019 13.416407865 12.3693168769 40.0 29.8328677804 28.2842712475 33.5410196625 31.6227766017 8.0622577483 6.32455532034 15.2643375225 15.2315462117 19.6468827044 19.2353840617 28.1780056072 27.5136329844 12.0415945788 10.0 23.4093998214 18.7882942281 14.0356688476 8.60232526704 11.0453610172 8.60232526704 10.0 12.3693168769 12.6491106407 11.401754251 25.9422435421 24.0 24.1660919472 33.5261092285 26.0768096208 47.3814309619 43.4165866922 
1039 76.0 13.0384048104 13.0384048104 22.0 16.0 28.0 17.0 17.4928556845 14.8660687473 14.5602197786 39.0 22.2036033112 22.2036033112 26.4007575649 26.4007575649 8.24621125124 8.24621125124 12.8062484749 12.8062484749 15.2315462117 15.2315462117 27.2946881279 28.3019433962 11.1803398875 10.7703296143 20.1246117975 19.2353840617 11.1803398875 10.0 11.1803398875 10.6301458127 12.2065556157 14.5602197786 7.61577310586 8.0622577483 19.7230829233 18.0277563773 19.2353840617 21.1896201004 20.2484567313 38.4187454246 38.4187454246 
1088 71.0 14.0356688476 13.0384048104 20.0249843945 18.0 32.0 17.4928556845 17.4928556845 14.8660687473 14.5602197786 38.0131556175 27.0185121722 26.0192236625 32.5729949498 31.6227766017 9.8488578018 9.8488578018 12.0415945788 12.0415945788 13.0384048104 13.0384048104 29.6816441593 29.6816441593 11.7046999107 11.7046999107 20.591260282 19.7230829233 9.0 12.0830459736 11.0453610172 12.2065556157 13.0384048104 14.5602197786 5.83095189485 5.83095189485 17.8044938148 15.0 17.2046505341 18.8679622641 20.0 39.9624824054 42.1900462195 
1163 73.0068489938 12.0415945788 13.0384048104 20.0 15.0 24.0 15.6524758425 16.1245154966 13.9283882772 13.9283882772 35.0 20.2237484162 20.0997512422 23.2594066992 23.2594066992 7.07106781187 8.0622577483 9.21954445729 10.0 13.9283882772 13.6014705087 24.1867732449 24.1867732449 12.5299640861 12.0830459736 20.591260282 20.591260282 10.4403065089 8.94427191 10.4403065089 9.43398113206 9.89949493661 13.9283882772 5.83095189485 5.83095189485 16.6433169771 16.0 17.4928556845 20.8806130178 22.5610283454 33.9705755029 35.3553390593 
1164 73.0616178304 14.0356688476 13.0384048104 20.0249843945 13.0 25.0 18.0277563773 17.0 14.5602197786 14.8660687473 38.0131556175 21.3775583264 22.2036033112 25.079872408 26.0 6.32455532034 7.28010988928 12.2065556157 11.6619037897 15.2315462117 15.2315462117 26.0768096208 24.5967477525 12.3693168769 11.7046999107 20.2484567313 19.7230829233 10.4403065089 11.401754251 10.1980390272 10.8166538264 10.6301458127 14.8660687473 7.28010988928 8.0622577483 18.3575597507 17.0293863659 18.0277563773 21.3775583264 20.6155281281 35.3553390593 35.0 
1165 68.0073525437 11.0 11.0453610172 19.0 13.0384048104 22.0227155455 14.2126704036 15.0 11.1803398875 11.1803398875 37.0135110466 21.2132034356 20.2237484162 24.1660919472 23.769728648 7.07106781187 6.32455532034 10.6301458127 10.8166538264 13.6014705087 13.9283882772 23.8537208838 22.8473193176 8.54400374532 8.54400374532 16.1245154966 15.6524758425 9.05538513814 9.21954445729 10.0498756211 9.89949493661 10.8166538264 11.1803398875 6.7082039325 6.7082039325 16.5529453572 16.1245154966 17.2046505341 20.2484567313 20.2484567313 34.7131099154 32.8024389337 
1166 62.0 10.0498756211 10.0498756211 19.0262975904 13.0 22.0227155455 13.416407865 13.8924439894 11.7046999107 11.401754251 32.0156211872 19.2353840617 18.2482875909 23.2594066992 21.9317121995 7.28010988928 6.32455532034 10.6301458127 10.0 12.6491106407 12.0830459736 23.3238075794 23.2594066992 9.8488578018 9.8488578018 16.1245154966 16.1245154966 10.0498756211 10.0 9.21954445729 8.60232526704 8.48528137424 11.401754251 5.83095189485 5.83095189485 17.0 16.0312195419 17.2046505341 18.0277563773 18.6815416923 32.0156211872 30.61045573 
1167 77.0064932327 12.0415945788 12.0415945788 22.0227155455 13.0384048104 23.0 16.1245154966 15.2643375225 13.6014705087 12.6491106407 38.0 21.5870331449 21.3775583264 24.1867732449 24.1660919472 7.0 6.0827625303 11.401754251 11.6619037897 14.5602197786 16.1554944214 22.825424421 23.3238075794 10.295630141 9.43398113206 18.7882942281 18.3847763109 11.1803398875 9.21954445729 11.0453610172 9.21954445729 11.313708499 12.6491106407 8.54400374532 8.54400374532 17.4928556845 16.0 18.0277563773 23.4093998214 23.769728648 36.1247837364 36.8781778292 
1169 72.0277724215 11.0453610172 12.0415945788 19.0262975904 12.0 21.0 15.2643375225 16.1245154966 12.3693168769 13.6014705087 35.0570962859 22.2036033112 23.3452350599 24.6981780705 26.0 6.0827625303 6.0827625303 10.8166538264 10.8166538264 13.3416640641 14.3178210633 23.769728648 25.0599281723 11.401754251 11.7046999107 17.2046505341 18.8679622641 9.21954445729 10.8166538264 10.0498756211 11.6619037897 9.21954445729 13.6014705087 7.61577310586 7.61577310586 17.0 17.0 17.4928556845 23.0867927612 22.803508502 35.4682957019 36.0693775937 
1170 70.0071424927 11.0453610172 12.0 17.0 11.0 21.0 16.1245154966 15.8113883008 13.3416640641 13.3416640641 34.0147027034 18.2482875909 18.2482875909 21.0237960416 20.6155281281 6.0827625303 5.09901951359 9.21954445729 8.60232526704 13.0 13.0 21.4709105536 21.9544984001 10.4403065089 10.4403065089 16.6433169771 18.0277563773 9.48683298051 9.21954445729 8.54400374532 8.60232526704 9.89949493661 13.3416640641 5.83095189485 5.38516480713 17.4928556845 16.0312195419 17.0 21.3775583264 22.2036033112 31.8276609257 31.8904374382 
1171 80.0062497559 14.0356688476 13.152946438 22.0227155455 16.0 27.0185121722 18.8679622641 18.0277563773 15.5241746963 13.3416640641 42.0475920833 24.3310501212 23.0867927612 28.6356421266 26.9258240357 8.24621125124 8.24621125124 12.0415945788 12.0415945788 15.2315462117 13.9283882772 25.0599281723 27.4590604355 11.7046999107 12.3693168769 20.591260282 18.8679622641 12.1655250606 12.0415945788 10.4403065089 11.401754251 12.7279220614 13.3416640641 7.21110255093 7.21110255093 20.8086520467 18.1107702763 18.7882942281 25.9615099715 21.5406592285 38.8973006776 39.0512483795 
1172 76.1642960973 14.0356688476 14.1421356237 21.0237960416 13.0384048104 27.0185121722 17.2046505341 17.4928556845 13.6014705087 13.9283882772 40.049968789 21.5870331449 21.2132034356 23.7065391823 24.1660919472 6.0 7.07106781187 9.89949493661 10.0 13.416407865 14.4222051019 24.4131112315 24.6981780705 10.4403065089 11.1803398875 19.2353840617 20.6155281281 10.4403065089 9.89949493661 11.1803398875 10.0 11.313708499 13.9283882772 7.61577310586 7.81024967591 16.1245154966 15.0332963784 17.2046505341 21.8403296678 20.6155281281 36.0693775937 36.235341864 
1174 84.0059521701 15.1327459504 14.0356688476 23.0 17.0 29.0 18.0277563773 17.2046505341 13.9283882772 13.6014705087 43.0116263352 22.2036033112 22.2036033112 27.7308492477 27.3130005675 9.48683298051 8.54400374532 12.0415945788 11.313708499 16.1554944214 16.1554944214 28.3019433962 27.7848879789 12.0830459736 12.0830459736 21.9317121995 21.4709105536 12.3693168769 10.6301458127 11.401754251 10.0 10.8166538264 13.6014705087 5.65685424949 5.65685424949 19.4164878389 17.0 18.6010752377 25.7099202644 24.3515913238 41.0121933088 39.6988664826 
1175 65.0076918526 12.0 12.0415945788 15.0 13.0 23.0 16.4012194669 16.6433169771 13.152946438 13.3416640641 34.0147027034 18.0 18.1107702763 19.9248588452 21.0237960416 6.0827625303 7.07106781187 10.8166538264 11.401754251 13.0 13.0 23.7065391823 24.1867732449 9.05538513814 11.7046999107 15.8113883008 18.8679622641 7.61577310586 8.48528137424 8.54400374532 8.94427191 9.21954445729 13.3416640641 8.24621125124 8.54400374532 19.2353840617 18.0277563773 17.4642491966 16.0312195419 16.0 28.319604517 27.5862284483 
1177 74.0 14.1421356237 13.0384048104 21.0 16.0 28.0 19.7230829233 17.4642491966 15.5241746963 16.1554944214 38.0131556175 23.0867927612 23.1948270095 26.0 26.4007575649 8.0622577483 8.0622577483 12.0415945788 12.0415945788 15.2315462117 15.2315462117 27.4590604355 26.4196896272 14.5602197786 14.8660687473 21.6333076528 22.2036033112 10.4403065089 12.5299640861 11.401754251 12.5299640861 9.89949493661 16.1554944214 8.54400374532 8.94427191 17.4928556845 16.0312195419 17.2046505341 20.8806130178 20.8806130178 37.5366487582 36.1247837364 
1178 79.0253124005 14.1421356237 13.0384048104 21.0237960416 15.0 28.0713376952 18.0277563773 16.6433169771 13.6014705087 13.6014705087 40.0 23.3452350599 24.0831891576 27.3130005675 27.8567765544 7.28010988928 8.24621125124 12.0415945788 11.401754251 16.1554944214 14.7648230602 26.9258240357 28.6530975638 12.6491106407 10.295630141 20.591260282 19.6977156036 10.4403065089 10.8166538264 11.1803398875 9.21954445729 11.401754251 13.6014705087 7.61577310586 7.81024967591 19.7230829233 18.0 18.8679622641 22.1359436212 20.2484567313 38.2883794382 37.8021163429 
1179 69.0289794217 12.3693168769 13.0384048104 19.0262975904 13.0 22.0227155455 18.3575597507 18.8679622641 13.3416640641 15.2970585408 38.0131556175 21.2132034356 20.2237484162 24.1660919472 22.8473193176 7.07106781187 6.0827625303 10.6301458127 10.0 14.8660687473 15.5241746963 24.5967477525 23.7065391823 12.6491106407 12.1655250606 18.3575597507 18.6010752377 10.1980390272 11.6619037897 9.48683298051 11.401754251 10.6301458127 15.2970585408 7.21110255093 6.7082039325 18.0277563773 17.0293863659 17.88854382 21.9317121995 20.6155281281 36.4005494464 35.0 
1180 84.0238061504 14.1421356237 14.1421356237 23.0217288664 17.0293863659 29.0172362571 16.1245154966 18.0277563773 13.416407865 13.6014705087 41.0 23.1948270095 23.1948270095 27.3130005675 26.83281573 8.24621125124 9.05538513814 12.8062484749 12.7279220614 16.5529453572 15.8113883008 29.0688837075 29.6816441593 11.1803398875 11.401754251 20.6155281281 19.2353840617 12.1655250606 10.6301458127 11.401754251 11.313708499 12.0415945788 13.6014705087 8.0622577483 8.94427191 21.9544984001 21.0237960416 21.4709105536 24.7386337537 23.0867927612 40.3608721412 40.3608721412 
1181 81.0 14.0356688476 13.0384048104 21.0 15.0 23.0 19.7230829233 19.7230829233 16.4924225025 16.2788205961 41.0 23.1948270095 23.1948270095 27.3130005675 26.9258240357 8.24621125124 7.28010988928 12.8062484749 12.2065556157 15.5241746963 15.5241746963 25.495097568 25.9422435421 15.2970585408 15.5241746963 22.0227155455 22.0227155455 11.401754251 14.4222051019 10.4403065089 13.416407865 12.0415945788 16.2788205961 8.0622577483 7.61577310586 18.8679622641 18.0277563773 19.2353840617 25.7099202644 23.769728648 38.1837661841 37.5366487582 
1182 78.0 14.1421356237 15.0332963784 22.0 14.0 27.0185121722 19.7230829233 18.8679622641 15.5241746963 15.8113883008 42.0119030752 22.2036033112 22.5610283454 26.0 26.83281573 7.28010988928 7.28010988928 11.401754251 11.401754251 14.8660687473 15.2643375225 27.2946881279 28.6530975638 13.3416640641 12.6491106407 20.2484567313 21.9544984001 10.4403065089 12.2065556157 12.3693168769 12.0415945788 11.401754251 15.8113883008 6.7082039325 7.21110255093 17.4928556845 17.0293863659 19.4164878389 21.5406592285 22.803508502 37.8021163429 39.6988664826 
1183 68.1175454637 13.152946438 12.0 21.0237960416 13.0 26.0768096208 17.4928556845 16.6433169771 13.6014705087 14.3178210633 39.0512483795 21.2132034356 20.6155281281 24.6981780705 25.0599281723 6.32455532034 7.28010988928 11.6619037897 12.2065556157 13.8924439894 15.2315462117 27.7308492477 26.9258240357 11.401754251 11.7046999107 18.3575597507 19.4164878389 10.1980390272 11.401754251 11.401754251 10.6301458127 11.401754251 14.3178210633 8.0622577483 7.61577310586 17.4928556845 17.0 18.3575597507 17.88854382 17.0880074906 36.3593179254 35.0 
1184 65.1229606207 12.0415945788 11.0 20.0249843945 14.0356688476 25.0199920064 15.6524758425 16.1245154966 13.9283882772 14.3178210633 35.0142828 18.2482875909 18.2482875909 22.360679775 21.4709105536 7.28010988928 7.07106781187 11.401754251 10.6301458127 13.8924439894 12.6491106407 22.825424421 23.6008474424 11.1803398875 11.401754251 19.2353840617 17.8044938148 11.1803398875 10.0 9.48683298051 10.0 11.6619037897 14.3178210633 6.7082039325 7.61577310586 17.0293863659 15.1327459504 15.2315462117 17.7200451467 14.5602197786 29.8328677804 29.7321374946 
1185 80.1560977094 14.0 14.0356688476 20.0249843945 17.0293863659 24.0208242989 18.6010752377 18.0277563773 15.2970585408 14.5602197786 41.0121933088 24.0831891576 24.0208242989 28.231188427 28.4604989415 9.21954445729 8.54400374532 12.7279220614 12.8062484749 14.3178210633 14.5602197786 25.9422435421 26.83281573 10.7703296143 9.8488578018 20.591260282 19.6977156036 10.1980390272 10.0 10.0498756211 10.0 12.0415945788 14.5602197786 6.7082039325 6.7082039325 19.4164878389 17.0293863659 18.8679622641 25.2982212813 24.1660919472 39.6988664826 40.2243707222 
1186 68.0 11.0453610172 11.0453610172 19.0 14.0 22.0 14.4222051019 14.4222051019 11.401754251 11.401754251 35.0 22.0907220344 22.2036033112 25.632011236 26.0 7.28010988928 7.28010988928 12.0415945788 10.8166538264 12.3693168769 13.0 23.7065391823 23.7065391823 8.54400374532 9.8488578018 15.6524758425 17.0 9.21954445729 8.48528137424 10.1980390272 9.21954445729 9.89949493661 11.401754251 7.28010988928 8.0622577483 18.3575597507 18.0 18.3575597507 21.5406592285 21.0237960416 34.8281495345 35.0 
1187 71.0 12.0415945788 12.0415945788 19.0 12.0 22.0 17.4928556845 17.4928556845 14.3178210633 14.3178210633 37.0 19.4164878389 19.2353840617 22.360679775 21.9317121995 6.0827625303 6.0827625303 10.0 10.0 13.9283882772 13.9283882772 23.7065391823 23.7065391823 11.401754251 12.3693168769 18.0277563773 18.6010752377 10.4403065089 10.6301458127 9.48683298051 10.8166538264 9.21954445729 14.3178210633 7.61577310586 6.7082039325 17.4928556845 17.0 17.88854382 22.0907220344 20.0249843945 31.8904374382 31.1448230048 
1188 73.1095069057 13.0384048104 13.3416640641 18.0277563773 13.0 25.0 15.8113883008 16.5529453572 12.6491106407 13.416407865 34.1320963318 21.0950231097 22.2036033112 23.769728648 24.6981780705 7.07106781187 6.0827625303 9.89949493661 9.21954445729 12.0830459736 13.0384048104 24.1867732449 24.6981780705 11.401754251 12.0830459736 18.8679622641 19.6977156036 9.48683298051 10.0 9.21954445729 9.8488578018 10.6301458127 13.416407865 6.40312423743 6.7082039325 17.0 16.0312195419 18.0277563773 19.9248588452 21.1896201004 34.0587727319 36.1247837364 
1189 65.0076918526 12.0415945788 12.0415945788 18.0 14.0 22.0 15.2643375225 15.0 12.6491106407 11.401754251 35.0142828 22.0907220344 22.0907220344 24.6981780705 24.6981780705 7.07106781187 7.07106781187 10.6301458127 10.6301458127 13.0 12.3693168769 22.360679775 23.3238075794 9.48683298051 10.1980390272 17.0 16.6433169771 9.05538513814 10.0 9.05538513814 11.401754251 9.89949493661 11.401754251 6.7082039325 6.7082039325 16.4012194669 15.0332963784 14.7648230602 20.1246117975 19.7230829233 33.0151480384 35.0 
1190 72.0624728968 12.0415945788 12.0415945788 18.0 11.0453610172 24.0 16.1245154966 15.2643375225 13.6014705087 12.6491106407 34.0147027034 21.2132034356 22.360679775 24.3515913238 25.079872408 5.38516480713 6.0827625303 8.60232526704 8.48528137424 13.0384048104 11.6619037897 23.3238075794 23.3238075794 10.4403065089 9.8488578018 17.4928556845 17.88854382 9.21954445729 10.0 9.21954445729 8.60232526704 10.8166538264 12.6491106407 5.0 5.0 16.1245154966 15.0 16.1245154966 20.2484567313 22.360679775 34.7131099154 34.7131099154 
