Leaf
10 1.0 0.177397621806 0.182226226331 0.281709502354 0.198701036878 0.369969431231 0.237593930598 0.23880892565 0.195610630231 0.199466157294 0.535644901756 0.315818066342 0.308547934485 0.359825632647 0.360460059762 0.101774057956 0.101774057956 0.16120263936 0.16120263936 0.195064775306 0.207402974682 0.370257521382 0.379722109478 0.166043516443 0.169313834077 0.274534848593 0.28321944159 0.140719508946 0.148616365408 0.148616365408 0.150145905175 0.136655737369 0.199466157294 0.0965513489576 0.0987353390353 0.248069469178 0.237593930598 0.249355605154 0.270679379955 0.271802535733 0.496752592195 0.499809560077 
788 1.0 0.191040685947 0.192903195604 0.283050515083 0.216208923728 0.365537422614 0.248362489437 0.246274247764 0.197247795422 0.207456928035 0.530301213028 0.327513172309 0.31973848466 0.379926433846 0.366261259803 0.115076398689 0.10609519737 0.185911611706 0.171305434293 0.209994721821 0.214239990985 0.350444951543 0.367164049587 0.167632781788 0.177754859284 0.281549407966 0.290029054586 0.148533276318 0.154391190045 0.143545987909 0.147459527712 0.149244817044 0.207456928035 0.110856267088 0.115076398689 0.235667923534 0.221353872522 0.225972075656 0.294604570851 0.276183356854 0.506885084945 0.52087803615 
793 1.0 0.191028242277 0.191616123366 0.290010475902 0.205037901078 0.395461518093 0.230679489918 0.232621634021 0.194978066201 0.196954999845 0.515039139585 0.304103916748 0.302000793032 0.346551551656 0.342671241417 0.1054632516 0.101107368142 0.162769895378 0.156985524803 0.210214312636 0.201533772433 0.360964933853 0.358428645624 0.16345943909 0.167686234672 0.286193240699 0.292968749349 0.154011892644 0.142987411282 0.143162105802 0.136458089968 0.138998751265 0.196954999845 0.105936183352 0.107342477418 0.230679489918 0.215208222937 0.233051023651 0.278536431958 0.283957493002 0.512899415278 0.513946075354 
800 1.0 0.186231712325 0.178830926887 0.277700107914 0.201165405234 0.3634447612 0.244821858249 0.240647936992 0.202329903559 0.198742079566 0.533308493294 0.352617704971 0.346569501484 0.396040843327 0.387949880567 0.10123749747 0.103532123059 0.166940532266 0.157527739908 0.201165405234 0.192206915014 0.361134578729 0.371239316789 0.17450909482 0.166940532266 0.290820442908 0.270955949828 0.147913162939 0.152699965471 0.138902919009 0.146416532571 0.13816096755 0.198742079566 0.102247732732 0.104238835175 0.249514976468 0.234028153335 0.249809042541 0.288895464981 0.255389458283 0.511583202841 0.499618085082 
829 1.0 0.18812798597 0.186678223911 0.277907152548 0.186678223911 0.337103594678 0.253145400379 0.252069859187 0.209362458465 0.210225812472 0.536884422547 0.326402620288 0.312801204235 0.371264526054 0.358153407677 0.0992637267481 0.092069132889 0.145698450228 0.144950634596 0.196786352889 0.194471683403 0.355310069413 0.361325419373 0.183349661444 0.181063292683 0.296388941489 0.288962568609 0.146442447152 0.161499942662 0.140895266712 0.151906319142 0.15889949366 0.210225812472 0.0918721933418 0.0918721933418 0.257121006021 0.235039603657 0.247647873601 0.295164188558 0.291955786873 0.506791406234 0.506898614515 
838 1.0 0.186415129463 0.179510031098 0.245748704963 0.184649715298 0.38638913739 0.245240434088 0.243324962683 0.19428140993 0.196437053498 0.497113984293 0.336783261673 0.325142953052 0.364110351926 0.360321020907 0.0951124919488 0.0909204336324 0.162355466497 0.155184096327 0.199822112611 0.196754399511 0.367139146998 0.382453533526 0.152548511776 0.162835099643 0.269944809093 0.275039096609 0.127362106431 0.122620217044 0.127362106431 0.132405711436 0.150282303938 0.196437053498 0.107868087136 0.117819877509 0.252880587573 0.228993111443 0.240423143423 0.285282808258 0.264929195359 0.527764255455 0.505051377864 
883 1.0 0.191399225093 0.179912816324 0.277761698781 0.216071692709 0.376883439792 0.239636688707 0.240350721144 0.199198699439 0.201006606235 0.531025248144 0.299339206246 0.296783980616 0.350497416096 0.343806034691 0.112609428881 0.107771160339 0.161509445042 0.153283433937 0.196116135138 0.184922947664 0.366328399899 0.372819887744 0.15611427845 0.16615814781 0.279402038034 0.276318414073 0.140719508946 0.140719508946 0.145247117208 0.147200326169 0.153283433937 0.201006606235 0.0911131131655 0.0925643803456 0.249904780038 0.228325471519 0.241378372394 0.281032803077 0.262537851331 0.503339949081 0.5 
1136 1.0 0.181047165963 0.175181047227 0.284114830815 0.218549869857 0.360772815356 0.239907638406 0.244651424809 0.200453244856 0.20941194899 0.5245481439 0.345298420016 0.346334317603 0.400980945371 0.404833770226 0.11408638144 0.11408638144 0.181951790639 0.168315327749 0.188400255832 0.190605685108 0.372056682102 0.376364514502 0.162448869501 0.178640289342 0.271763050343 0.289578577561 0.140472493195 0.145483479175 0.151119768096 0.151809591295 0.147622307974 0.20941194899 0.097738473095 0.108452276291 0.252103219329 0.235004633448 0.248525414164 0.276985556065 0.279987035173 0.514695383689 0.497471065833 
1141 1.0 0.170535238992 0.170535238992 0.276580094371 0.202395968581 0.372471293891 0.219043565847 0.228401017967 0.191773790775 0.20183608931 0.48944962659 0.311413892836 0.299560237449 0.357591176607 0.357591176607 0.0980747106177 0.111060806135 0.143115561868 0.143115561868 0.190292889919 0.190292889919 0.372167359696 0.376099346675 0.181777027861 0.171857237373 0.283250503217 0.277397171763 0.141924565613 0.157063698284 0.141924565613 0.147783594987 0.136228977374 0.20183608931 0.0767095163099 0.0830830612472 0.248111573131 0.234029310622 0.248111573131 0.269114785747 0.269114785747 0.498498367483 0.500084863229 
1153 1.0 0.185058302549 0.174474640863 0.271418843739 0.234407183229 0.333104944589 0.229485560606 0.243328016455 0.191525161185 0.191525161185 0.531073981494 0.346322273611 0.345662402056 0.410108201188 0.401860210291 0.128804360042 0.117041147196 0.183405963197 0.175344843972 0.191525161185 0.191525161185 0.369705135705 0.375221902889 0.156054862928 0.171837592788 0.277244541459 0.270857480483 0.137934314767 0.150594964148 0.137934314767 0.154584925652 0.148559803516 0.191525161185 0.088964959839 0.088964959839 0.260253944595 0.247052641375 0.259375200574 0.308430504249 0.277244541459 0.516545132266 0.520654078742 
1458 1.0 0.18991802201 0.190759301972 0.259487701238 0.18991802201 0.324228467719 0.249338596669 0.24901728391 0.201077959699 0.216234608527 0.519438016208 0.336824524951 0.337477573907 0.370283253402 0.378410564922 0.0957461950528 0.0967858150516 0.152376424882 0.14932460705 0.208697972858 0.195321582055 0.352788275959 0.354824915383 0.160189039646 0.192742625737 0.263316289611 0.309251530647 0.116665713519 0.159688447673 0.146755680585 0.172811721573 0.148248379639 0.216234608527 0.0963713128683 0.0965787863331 0.243490102353 0.235466251264 0.256929582275 0.274991811509 0.310285387373 0.503947587093 0.487226756172 
1495 1.0 0.172117045805 0.172368740376 0.279553731897 0.1881611657 0.360194231482 0.238795145234 0.238128541574 0.204713249329 0.207517671091 0.516127196762 0.320088499323 0.320855071455 0.356484115853 0.356484115853 0.0973641041972 0.092022867226 0.157013308961 0.153758311961 0.18777677068 0.197381705262 0.367855840072 0.380788655293 0.156552452936 0.159840961421 0.259445830046 0.265556455794 0.138217387628 0.149469195697 0.148693734197 0.149469195697 0.152815578905 0.207517671091 0.110699301082 0.110699301082 0.277530397231 0.258273502923 0.269285073606 0.292586630618 0.277113528205 0.510723164042 0.51556691957 
1496 1.0 0.208603546063 0.200355977736 0.289811143354 0.206773655039 0.372256392628 0.254274619158 0.238960536004 0.198450051154 0.198450051154 0.558969190403 0.326574388699 0.312905319094 0.373784649726 0.361114663888 0.105434290194 0.105434290194 0.171205034667 0.162667782923 0.200947872609 0.200355977736 0.340462170162 0.35367094225 0.165705860802 0.165705860802 0.286679739708 0.287259142112 0.147343862365 0.162667782923 0.150533493089 0.151790579574 0.142091603387 0.198450051154 0.104982749403 0.107883988012 0.215327182967 0.186223883852 0.206773655039 0.314419874503 0.281580203364 0.524234539812 0.498644242682 
1518 1.0 0.174773838003 0.183428048796 0.261004584857 0.226078409295 0.339117613943 0.238765411692 0.250811475997 0.187706235185 0.196175438476 0.530414729501 0.31303164364 0.30631737494 0.349223068901 0.354060928494 0.114369123394 0.114369123394 0.172597242023 0.172597242023 0.181563683699 0.184250600226 0.358095336149 0.353954138888 0.164982162268 0.170835999593 0.265456703541 0.270115432533 0.124498085022 0.147820498385 0.143406947876 0.16174236542 0.147564531962 0.196175438476 0.105065992814 0.108952090351 0.249147950716 0.243469056164 0.261004584857 0.277842457648 0.305823314336 0.494335064104 0.498978239235 
1559 1.0 0.181552913626 0.182089260182 0.26238996609 0.193613913044 0.36229922316 0.244298378244 0.251768592035 0.199957086986 0.207613699634 0.518724145041 0.314520887994 0.320053241007 0.358402255331 0.359651709954 0.101671166301 0.0955394632948 0.168747092461 0.157632072189 0.199566545428 0.206860791625 0.380367397596 0.379905630841 0.169898963119 0.179825854977 0.275444859263 0.286005301717 0.132342105276 0.140352630815 0.142421822974 0.151061155221 0.136976923183 0.207613699634 0.103383242678 0.106175371669 0.259775338923 0.2501364895 0.266812580353 0.272812367042 0.300309301209 0.501402308768 0.518987275535 
1561 1.0 0.166019902744 0.172135829439 0.263750949639 0.165566295605 0.337766019656 0.22514023439 0.230504415311 0.192062541517 0.199740374466 0.484589934561 0.31656053736 0.32261994341 0.361012672434 0.368945699979 0.0834053735891 0.0892845056268 0.131232350275 0.135045164149 0.183758034154 0.173549923204 0.36597812293 0.362364200484 0.160959931571 0.160959931571 0.256816523281 0.26196278699 0.13392675844 0.141171198771 0.138346144006 0.149703273732 0.122641700448 0.199740374466 0.0851896477121 0.0834053735891 0.258494842047 0.252609156657 0.272377801669 0.246277848826 0.316798017166 0.484589934561 0.517462235845 
1586 1.0 0.174150119189 0.185837706726 0.271427961805 0.198605825711 0.370789978825 0.245751024821 0.240705745295 0.201018574691 0.201018574691 0.509926876761 0.318870777893 0.321130601221 0.354103042021 0.361634735356 0.100181716825 0.100181716825 0.140435526143 0.140435526143 0.183583607083 0.183941353978 0.35311150198 0.365612174182 0.163774559454 0.161212263408 0.249819148329 0.275912030966 0.128540919989 0.157916264413 0.148032042339 0.156242193126 0.154408135434 0.201018574691 0.0829507954484 0.0808097685715 0.235086814985 0.218466408282 0.238694496069 0.263563558221 0.298716777561 0.492570920893 0.500908584126 
1606 1.0 0.182070618003 0.183670097788 0.286350803261 0.181534326358 0.342407248939 0.221784398915 0.237493697751 0.197112683592 0.206296819205 0.489543566026 0.315046237125 0.316127546339 0.368466500559 0.355538526651 0.0999683077553 0.0863636771826 0.143939461971 0.143939461971 0.206296819205 0.190701813801 0.365544225508 0.374698240603 0.172444889165 0.178009052401 0.284985594992 0.290407923537 0.159216136712 0.149423239946 0.137176292953 0.137531212803 0.141376536635 0.206296819205 0.0969982869651 0.0843649081219 0.271943197948 0.251355221111 0.262455991116 0.308241656233 0.289314737956 0.509118337901 0.518087976474 
1610 1.0 0.176050926117 0.171407543599 0.280866368347 0.215420467939 0.384936946922 0.226938032021 0.242494431775 0.185332312519 0.188061278678 0.549815375658 0.313104169078 0.312764981275 0.370263503738 0.360738191251 0.112482514433 0.109227009636 0.165868679383 0.162898427747 0.195260794593 0.189411018093 0.365125116034 0.364543242969 0.164841618861 0.164841618861 0.280261052194 0.257028735883 0.154882056989 0.152673287102 0.131776672806 0.157599493355 0.140961272144 0.188061278678 0.0994614633205 0.101782191401 0.262099469911 0.221541861736 0.247691331352 0.306733889726 0.273979465637 0.50682096478 0.50240368183 
