Leaf
605 1.0 0.16759352983 0.167506400357 0.286432881528 0.189120129435 0.367473123303 0.234598585568 0.229884134573 0.20710024372 0.20710024372 0.513439809477 0.273607956516 0.270225642399 0.306903536998 0.309650143999 0.0920171358208 0.0974117605574 0.149451552094 0.145992700547 0.210733858514 0.222330063047 0.355355276115 0.367194930232 0.164605256632 0.169154186132 0.274353919222 0.286381910288 0.140281260747 0.133454932386 0.157350322807 0.131914593029 0.145391492638 0.20710024372 0.10643527213 0.111263480279 0.295612688012 0.264988637685 0.282739466363 0.284284220892 0.281808549186 0.463090223115 0.470346975511 
787 1.0 0.158694621796 0.158782760998 0.296277187463 0.211857154996 0.349768770632 0.236863500046 0.224739575932 0.210598652085 0.204189820865 0.513112610472 0.263537148495 0.256597202652 0.310346167727 0.309940161956 0.106324080719 0.107891596432 0.164750530254 0.166103740091 0.229665960159 0.225981240497 0.333971649139 0.362883244058 0.177425980999 0.192552380918 0.286090798012 0.31241306819 0.145542186023 0.12540334232 0.164240202141 0.118873936066 0.142923085688 0.204189820865 0.107110706097 0.108924075425 0.268585405701 0.238276919851 0.258552671091 0.287408183942 0.285699294855 0.445131420706 0.445508437787 
919 1.0 0.168568806753 0.163161282342 0.300871821301 0.188724122699 0.377344915129 0.246435659457 0.248641179173 0.224172873442 0.223998848672 0.520176554135 0.280989135127 0.280989135127 0.323923689486 0.317028317937 0.0974122475711 0.0919197452588 0.145828961637 0.151597927513 0.246435659457 0.231026397653 0.360611004232 0.35417327753 0.19415614156 0.199960999707 0.297001786349 0.297045549966 0.161237899424 0.148653998194 0.158144709436 0.155659305267 0.154148828839 0.223998848672 0.107559094426 0.10261117086 0.273867211815 0.254990486463 0.278946226019 0.25493950366 0.26405629075 0.470085217583 0.451379732676 
1294 1.0 0.164441658786 0.164573159533 0.289417319463 0.19086569854 0.355254882075 0.233576627532 0.23716113303 0.201237894479 0.206542912989 0.545946307169 0.260628357187 0.255430357442 0.300276052343 0.300276052343 0.0988840077391 0.0930222496296 0.139533374444 0.139843104846 0.215060520692 0.212530904093 0.344370830621 0.363263497511 0.166403258873 0.164441658786 0.268397804686 0.267105092512 0.151857219908 0.144858075011 0.151857219908 0.149126010609 0.139843104846 0.206542912989 0.0948644532119 0.0913798613685 0.270004991533 0.237616774435 0.255938003569 0.284745345419 0.263106654057 0.451181884873 0.442075946696 
1393 1.0 0.165512805337 0.165512805337 0.286323494544 0.191258823809 0.337382173314 0.231550223513 0.222550192524 0.192524055844 0.191364579318 0.5408494318 0.273234447104 0.263586044549 0.316400464979 0.307449424633 0.101977374643 0.0910781490347 0.153197353259 0.15529604493 0.207202483914 0.213833865666 0.344796748063 0.352858849314 0.181042181819 0.187950890306 0.285119705509 0.292890439609 0.142949603297 0.142949603297 0.159029346421 0.148366795016 0.128803953601 0.191364579318 0.10529616326 0.108139955566 0.273826184553 0.248085780417 0.26837821903 0.300662213053 0.284480343212 0.458887163564 0.459592059776 
1425 1.0 0.174179188572 0.174179188572 0.280844273477 0.207859084714 0.336992540531 0.246582494541 0.236995820274 0.213841862392 0.199418878853 0.545452156299 0.254945718483 0.255748504615 0.303926390865 0.298956947129 0.108021347127 0.101705783284 0.146978568332 0.146978568332 0.209671843608 0.204416837989 0.371702390026 0.366705416642 0.184723588778 0.174360154012 0.289851690238 0.279775458143 0.152765254134 0.154203559939 0.143943285687 0.148260382439 0.146978568332 0.199418878853 0.0934649141796 0.0855367449566 0.281293086026 0.269556596608 0.28380443212 0.264477967014 0.269790485239 0.452966158266 0.444816597933 
1488 1.0 0.173624681844 0.179711496436 0.263430551764 0.191585855828 0.341314819706 0.234185057272 0.244371730108 0.203295665315 0.21057088133 0.515026202625 0.266743423369 0.265125964757 0.302568638829 0.297310331507 0.0959798411219 0.0959798411219 0.139769276202 0.139769276202 0.229156551132 0.221521145801 0.364178520365 0.372258300142 0.174345760458 0.187520161652 0.277802071567 0.290973482338 0.14015343435 0.146162712772 0.14015343435 0.152992469816 0.144187450182 0.21057088133 0.0991034438358 0.0965384094134 0.290665345556 0.257721811141 0.270479881438 0.29989125087 0.282408960789 0.461469753769 0.461625078497 
1581 1.0 0.158929674918 0.164703032844 0.288230307477 0.188232037536 0.35293507038 0.238213016719 0.232032255322 0.207968984654 0.205458200644 0.535284856743 0.245720437926 0.246914455947 0.284545350582 0.287509129598 0.0942996599549 0.0942996599549 0.141663367672 0.141663367672 0.214117174679 0.21859509077 0.348048382983 0.348048382983 0.182634189634 0.187956104765 0.275022764863 0.289428277343 0.150773928159 0.155295887154 0.156295298959 0.148461307536 0.129007839811 0.205458200644 0.0999982699411 0.0973685822444 0.27369856181 0.253005189463 0.290561773852 0.270839183258 0.305877060996 0.432655468757 0.446004991653 
1626 1.0 0.173783721176 0.173398817667 0.277498309658 0.173398817667 0.352577595923 0.256736974975 0.248806995461 0.211975671317 0.218800329841 0.537660620627 0.266443018054 0.258487695681 0.307698089782 0.297260850033 0.0874666751952 0.0874666751952 0.149163303049 0.149163303049 0.222434632353 0.220094342029 0.341995925965 0.344962458806 0.178056561924 0.179458235839 0.268192662675 0.279836062178 0.14298832812 0.169993740808 0.144499014722 0.161942077179 0.143571242596 0.218800329841 0.106263282512 0.108595600171 0.268939025889 0.254383938802 0.268876908085 0.282272824437 0.263226284221 0.465923623323 0.4536808851 
1653 1.0 0.167704475895 0.161928553494 0.28325338561 0.190810318713 0.329480934022 0.238013467789 0.232978202719 0.220075962083 0.213136614046 0.514373533799 0.262123376625 0.255933658483 0.306312329117 0.292249631338 0.0984209622863 0.0931912810875 0.147121488733 0.139906346618 0.213840682591 0.213840682591 0.356692595741 0.364473874451 0.181387236084 0.176060769666 0.29361795547 0.285543644108 0.159014433998 0.141095037024 0.140739484077 0.131919036179 0.134923270282 0.213136614046 0.093370323099 0.090463138335 0.289666602489 0.271881285667 0.279334789056 0.31834380011 0.248584744185 0.452204906918 0.416924341907 
