Leaf
732 1.0 0.179075065518 0.179510031098 0.262563708759 0.178726330882 0.329574001351 0.230892375937 0.239838566497 0.192588117783 0.206652320083 0.497584394754 0.288328231435 0.293049960442 0.324951015047 0.327818285449 0.0900586091239 0.0900586091239 0.130865368861 0.138283001853 0.200212009787 0.192911795521 0.323845163893 0.32006643725 0.157676772625 0.162835099643 0.275039096609 0.275039096609 0.138170163808 0.133227750358 0.131459944248 0.1399646567 0.134277263078 0.206652320083 0.0883097317865 0.0824644578651 0.248085912706 0.223686999176 0.25257200834 0.288544531714 0.298533918585 0.458394713727 0.467090866727 
825 1.0 0.168788648717 0.170615324755 0.250177074748 0.168526078713 0.309900025021 0.221777292999 0.238145983975 0.187357251597 0.194166824629 0.473837238787 0.281390198878 0.284416548027 0.323327424639 0.32496684181 0.0884509530258 0.0843505853951 0.146805054879 0.141688315146 0.199343513968 0.201918643031 0.315049238491 0.311041115196 0.159803995438 0.171822320372 0.25921833009 0.260921118248 0.130630172057 0.13713531102 0.127889374136 0.153105161127 0.146200501638 0.194166824629 0.0948919779659 0.0950474112854 0.235903973963 0.21761145945 0.239629003917 0.297852889667 0.292097944632 0.468731793852 0.462645756374 
877 1.0 0.18144912051 0.166967041013 0.266210683978 0.200976499488 0.336567969109 0.22741889352 0.224628371967 0.192250918784 0.192250918784 0.482219096948 0.290674668224 0.281682545407 0.339218592467 0.320990721074 0.106550592376 0.0975259718501 0.152763808836 0.149845813902 0.206487118584 0.208130035952 0.310686293883 0.306681489232 0.163994096319 0.164224695115 0.287533090529 0.265403911176 0.143832337295 0.132701955588 0.129136895445 0.13477702318 0.152763808836 0.192250918784 0.0923438467263 0.092207142215 0.243853729975 0.215982253039 0.235431538209 0.336230482341 0.278575409265 0.494718172893 0.458153780786 
933 1.0 0.162708292472 0.172368740376 0.279760425997 0.193537199005 0.322741149702 0.216381166575 0.236056229218 0.183731394796 0.200865180679 0.494595064125 0.282842712475 0.272220583797 0.331923802106 0.322203396788 0.0991291561317 0.0991291561317 0.159840961421 0.146243916923 0.183731394796 0.193835637423 0.322741149702 0.313473915907 0.163770599463 0.17000510023 0.260057797044 0.271369892392 0.153946165803 0.146243916923 0.136004080184 0.140189797028 0.131245699076 0.200865180679 0.0818852997316 0.0961694073669 0.260057797044 0.236545465451 0.250779132725 0.306009180413 0.319681922842 0.487532420739 0.486820520986 
956 1.0 0.178168722752 0.178937984427 0.232106419349 0.176792881909 0.270939507707 0.252210785262 0.257717697441 0.206422724643 0.198354133738 0.486211815019 0.295356075823 0.298798031654 0.339582869478 0.337192522733 0.0911169657462 0.0911169657462 0.141503348395 0.141503348395 0.18897646808 0.176879185494 0.306413547269 0.318765781134 0.183652115772 0.174446546491 0.274298390191 0.254379862052 0.125984312053 0.160599116392 0.113896207183 0.163144726231 0.145018833676 0.198354133738 0.0841509047096 0.0841509047096 0.22839459833 0.21553714367 0.217931291884 0.338817991556 0.309091431412 0.510018068198 0.491829339445 
1015 1.0 0.164924225025 0.164924225025 0.278567765544 0.18973665961 0.328876876658 0.215034880891 0.210523157871 0.188042548377 0.172046505341 0.493963561409 0.293393933134 0.282842712475 0.333946103436 0.322490309932 0.101980390272 0.0894427191 0.144222051019 0.152315462117 0.192665513261 0.188042548377 0.305941170816 0.319249119028 0.164438438329 0.16 0.266833281283 0.256124969497 0.153883072493 0.154402072525 0.132060592154 0.136821051012 0.161987653851 0.172046505341 0.0912140340079 0.0963327566303 0.235287058718 0.20278066969 0.221269066975 0.324222146067 0.272470181855 0.492666215606 0.466476151588 
1028 1.0 0.174198723007 0.158165365323 0.262075864321 0.185315620847 0.315768697514 0.226311220028 0.229622792419 0.170765899295 0.175468718361 0.502023851211 0.316330730645 0.309518983752 0.366494468273 0.357994889699 0.0980899955449 0.0950239225577 0.152446642089 0.150492117124 0.153992401691 0.139465156691 0.299653420504 0.301819143576 0.145998798759 0.143131783068 0.249637074482 0.22201900564 0.141572000404 0.146504861971 0.122755773018 0.150492117124 0.154088496803 0.175468718361 0.0877343591804 0.0900654691779 0.225262263188 0.201979662932 0.209321525921 0.338265560349 0.280095396655 0.509312879489 0.466314515438 
1030 1.0 0.183221301137 0.170821884441 0.261346762763 0.19316934639 0.341076411 0.22411147277 0.218569798044 0.183573311647 0.194169366946 0.477241914611 0.297395624583 0.297395624583 0.331282695988 0.335734839576 0.0916106505687 0.102895460497 0.136827467899 0.144626140323 0.18808950797 0.173074578014 0.318364120723 0.315716979436 0.151600031001 0.158266921163 0.249466829781 0.26502615679 0.129557024492 0.145516155741 0.140551344494 0.138701904116 0.138701904116 0.194169366946 0.0865372890068 0.0916106505687 0.233976487648 0.21619396881 0.230081244247 0.287461227632 0.2731827095 0.474120435351 0.450234857299 
1062 1.0 0.168470459362 0.168470459362 0.255811186481 0.172091161815 0.302358086968 0.229040727251 0.230921996857 0.189785907749 0.195623380251 0.474436272134 0.29020109338 0.292872394748 0.328257844503 0.337197635652 0.0857622765977 0.0903082689342 0.13171766604 0.128643414897 0.167698245399 0.170576023049 0.324513020896 0.33078534085 0.167698245399 0.171019325137 0.26327104436 0.27120413137 0.125235036246 0.141458063633 0.138756023691 0.14365840156 0.14237267271 0.195623380251 0.074996935284 0.0774099393254 0.225806601149 0.214001723747 0.234777543559 0.307431146634 0.332871512673 0.477798532563 0.503288196976 
1064 1.0 0.181669567249 0.165435882251 0.283947082819 0.181935230906 0.323640065662 0.217189617926 0.215702000296 0.186652529298 0.188625927373 0.499863136113 0.293153130237 0.285135269486 0.330871764503 0.316141205694 0.0964648671089 0.0858693133588 0.144446742379 0.138529854745 0.209952946061 0.211861301477 0.332909111729 0.340133068895 0.154984998241 0.162490200724 0.279431987948 0.266757344706 0.154360475895 0.12864763551 0.14037700103 0.132348705801 0.140491641311 0.188625927373 0.0939280984793 0.0992615293508 0.24870466495 0.221592557963 0.223833479197 0.336085705502 0.256354975741 0.497797577128 0.470565150986 
1100 1.0 0.167225339144 0.173585109663 0.260145296425 0.18936768566 0.335057693544 0.227057196937 0.238448205056 0.18376630266 0.187931506968 0.511834288251 0.276271836721 0.282779757871 0.314777108977 0.321859834437 0.0971802636252 0.0940429538968 0.143225746499 0.147026205314 0.186432373217 0.182974771475 0.340585795406 0.328760589556 0.164247795303 0.159465171571 0.269642757245 0.265593185699 0.133577595753 0.134300032583 0.133794736393 0.139737749624 0.147026205314 0.187931506968 0.0983678465553 0.0905839157029 0.243983988957 0.230273224959 0.25779133008 0.291308368364 0.304813371641 0.48838422299 0.483065255134 
1174 1.0 0.170312413546 0.187182624367 0.271147496693 0.203360622519 0.321987652322 0.235431338168 0.230500292486 0.193222320191 0.176928935912 0.525621537942 0.3092485937 0.305511313293 0.356284354229 0.343144897162 0.103082864567 0.103082864567 0.14379767521 0.14379767521 0.16690582114 0.160770688388 0.325976639765 0.334241535107 0.144792826705 0.139746221123 0.250215300743 0.250215300743 0.156241025015 0.14379767521 0.123373973258 0.13235810301 0.156241025015 0.176928935912 0.0757880293167 0.0847335927164 0.244409050635 0.220958176575 0.220958176575 0.316590829014 0.295961715704 0.491454837755 0.481716250155 
1236 1.0 0.167199149386 0.161245154966 0.25342103745 0.166666666667 0.306739121875 0.209231397686 0.218377858055 0.177137736741 0.173076733143 0.473521089522 0.265413723165 0.268741924943 0.307101141501 0.302066953579 0.0876863095864 0.081103500404 0.128062484749 0.132329554942 0.184872328318 0.170880074906 0.308832928584 0.301182853282 0.158464857653 0.143913554299 0.262974438978 0.227547308878 0.143913554299 0.138724346978 0.116428327977 0.138724346978 0.146211414663 0.173076733143 0.0894427191 0.0866666666667 0.238979311052 0.22 0.229879195328 0.323384875617 0.299406820972 0.469562444078 0.443220537029 
1237 1.0 0.151392222646 0.162203819935 0.255194488522 0.187489828302 0.281282961011 0.226894158359 0.233202068917 0.184940809347 0.193260091454 0.489667570952 0.278423778383 0.277789832535 0.319394091116 0.31730666489 0.0950380085338 0.0950380085338 0.12521003294 0.132779762932 0.164693026541 0.156674926702 0.31922420063 0.31464558541 0.163120939564 0.16641331871 0.245828824153 0.260037720201 0.131857314197 0.158994890068 0.126717344712 0.151392222646 0.15839668089 0.193260091454 0.0751115766189 0.0652566893094 0.251554783394 0.239626938724 0.261026757237 0.286868590012 0.319733601274 0.461052237466 0.471609056876 
1306 1.0 0.156847634312 0.157590992193 0.259455669046 0.189263628543 0.313695268623 0.244198745949 0.234494000887 0.215197172244 0.201959662441 0.475699437676 0.311123377604 0.303902431544 0.356341815224 0.352384171186 0.0943999679102 0.100979831221 0.165459505651 0.160438975911 0.190110794492 0.193764178242 0.322603358654 0.321514705295 0.150768885846 0.1505749708 0.240035448014 0.244736563488 0.12537561167 0.155913453076 0.136102642063 0.148425185347 0.163416168938 0.201959662441 0.100979831221 0.106472582929 0.23691120922 0.232680311562 0.252145587509 0.324769717803 0.287347885566 0.50452287325 0.463756848257 
1324 1.0 0.17709022205 0.169928631034 0.253962677219 0.192461476972 0.315478410068 0.230897400305 0.224267380571 0.201913919206 0.184935619695 0.484859523364 0.310086836473 0.293217208501 0.365688133046 0.350316847284 0.104626696221 0.1 0.15268794801 0.153846153846 0.180072306319 0.180072306319 0.316788619723 0.32726226748 0.158580985601 0.148563137814 0.275745358907 0.254776848641 0.132789819243 0.141211998082 0.126864788481 0.128025515208 0.15268794801 0.184935619695 0.0791971549307 0.0791971549307 0.213868288838 0.192461476972 0.200590843237 0.320225512254 0.278733398954 0.502302391302 0.489233188189 
1367 1.0 0.166927523259 0.172274441226 0.258475459312 0.183849108351 0.310147160773 0.226518872658 0.224618390319 0.190888925892 0.196423084259 0.493986926208 0.277784189722 0.278554743739 0.31895335842 0.316045224101 0.0934808240671 0.0925947299072 0.142640278216 0.138297265169 0.182498913028 0.174367305224 0.33410188947 0.344740245356 0.147191347106 0.15073329963 0.252146596285 0.261204010377 0.134059577508 0.140191836533 0.129556285056 0.140191836533 0.138297265169 0.196423084259 0.0847867214168 0.0847867214168 0.246993463104 0.224618390319 0.236489857281 0.294270655123 0.312688525161 0.469937113191 0.475517681194 
1369 1.0 0.175948220072 0.170980564852 0.271169130169 0.203376847626 0.310714628318 0.227241825423 0.227732856333 0.175403206207 0.184016473073 0.514215622644 0.274909570727 0.272109060648 0.331006035251 0.316817626132 0.109690669129 0.0986617763267 0.139871505015 0.14785781921 0.17329810843 0.171539630861 0.319775557201 0.3057445304 0.14291868041 0.160783515461 0.250235264146 0.255785511589 0.144030904814 0.144030904814 0.132970068662 0.147317203801 0.14785781921 0.184016473073 0.0814761835955 0.075794076057 0.222845468357 0.209331352411 0.239748482553 0.3057445304 0.291202291294 0.479363826977 0.457144338919 
1386 1.0 0.158412352142 0.163366797236 0.271892195703 0.168788648717 0.32062247558 0.22462113171 0.236716038237 0.177983376167 0.193938616725 0.516182390969 0.280496977806 0.283480793733 0.318914446498 0.318358523159 0.0831165500249 0.0871056129818 0.144678066868 0.139165472781 0.189783955932 0.1848188481 0.320760565806 0.334634721432 0.144371653392 0.159803995438 0.23857948372 0.254679863323 0.138527583375 0.139165472781 0.141061834634 0.143448485929 0.138527583375 0.193938616725 0.0998936609849 0.104515437223 0.241286506217 0.223038344183 0.243297008006 0.290628706213 0.29260286799 0.460823491191 0.480396279892 
1475 1.0 0.172793656479 0.173270856108 0.241648837332 0.178250647289 0.316138975403 0.237582589162 0.218840440705 0.195145361694 0.183635419159 0.477003616731 0.288784760179 0.295120001534 0.320187546191 0.335106643714 0.0869683680654 0.0935548951863 0.134165801892 0.134657253361 0.183635419159 0.187902445422 0.332186376528 0.328989320469 0.156336159651 0.154209037955 0.258296941851 0.269865816422 0.120001541314 0.134042657486 0.128507531629 0.128507531629 0.150852735721 0.183635419159 0.084853903616 0.084853903616 0.228873320845 0.218689464184 0.240690181322 0.265361051707 0.311083795973 0.460659620608 0.475477867029 
1531 1.0 0.16018980515 0.166617064794 0.236743765942 0.189335854541 0.295896434259 0.21827899644 0.226465316266 0.176513484831 0.176513484831 0.479402452027 0.279656211641 0.284557936059 0.326334125003 0.327565477893 0.0975814658737 0.0975814658737 0.150848002645 0.143229242086 0.17229822838 0.17035706573 0.341381343625 0.34672330299 0.159313246969 0.166617064794 0.246238994819 0.255997549437 0.123545272158 0.14113639461 0.121976832342 0.148273216101 0.125791733834 0.176513484831 0.0873596997268 0.085332516479 0.256884891957 0.242586563631 0.259798357225 0.305673065718 0.317139764089 0.486470191256 0.494818239503 
1554 1.0 0.164378366179 0.162073113013 0.252065468753 0.197910605518 0.347412170068 0.222220231332 0.22755842023 0.177985703329 0.176164312217 0.485813802877 0.295519913629 0.287903406127 0.351361036589 0.32580032535 0.106077630612 0.0974500179708 0.144169364257 0.139751744464 0.164378366179 0.150135816193 0.315461908528 0.305536324842 0.160629473103 0.161186249376 0.259698114267 0.249133959543 0.150731359254 0.147850876702 0.107919684511 0.133857894253 0.143920581735 0.176164312217 0.0766621351127 0.0780518942133 0.224147032401 0.203622453491 0.217658040048 0.305066810428 0.265025109276 0.478492825798 0.440309057297 
1573 1.0 0.171794681798 0.170994515912 0.259230812994 0.17035167711 0.311165136846 0.226113521472 0.219839907041 0.178066612453 0.178066612453 0.496297112034 0.298569375809 0.300766114509 0.335593122664 0.338441666368 0.0901051129131 0.0828082456739 0.14813189314 0.143810055085 0.192571461081 0.182929393734 0.324625222244 0.33811733312 0.162439302395 0.155714735431 0.268380489444 0.268380489444 0.136570857434 0.135967003965 0.129350614787 0.125912109169 0.157117599223 0.178066612453 0.0993698948087 0.0962857305407 0.232571789757 0.207913019788 0.212221879322 0.31813889096 0.309485778582 0.506689032693 0.509334664467 
1595 1.0 0.151992959544 0.148931243433 0.280942183542 0.170309392577 0.276781660081 0.202526273149 0.217083080829 0.17995430613 0.179194200067 0.48128248167 0.262415641583 0.253620768637 0.304658703206 0.298377572731 0.0878179625144 0.0850544552926 0.128115499843 0.129703769166 0.184449174674 0.177952103197 0.313763229093 0.333020384289 0.14778117801 0.151543275246 0.246525073453 0.240357465688 0.142251378554 0.128115499843 0.148931243433 0.129703769166 0.136372684059 0.179194200067 0.0759403316447 0.0748085197159 0.229908403681 0.216216792632 0.222440128996 0.31048338402 0.271805404261 0.452523305202 0.434676737627 
1634 1.0 0.179708738741 0.177263607954 0.22523254127 0.171761840173 0.279280050405 0.235315167651 0.218704950372 0.18880400427 0.176276059279 0.475684872618 0.272060981347 0.269093189199 0.31583005067 0.311992902578 0.0878404327414 0.0903870596007 0.167230153284 0.15408231191 0.215083090879 0.229455779208 0.295970659662 0.27871692214 0.150645099334 0.14279228829 0.264579089925 0.269741139063 0.119497820353 0.129589814436 0.112111349479 0.105699593952 0.125344299242 0.176276059279 0.104703971193 0.114117630544 0.236129793799 0.224611637149 0.240597213332 0.325144390049 0.293363981784 0.472592151803 0.45543678597 
1644 1.0 0.167157509652 0.174961742392 0.240174830247 0.18395766423 0.273251262973 0.215078882737 0.229465585956 0.177078292049 0.183281346999 0.481253666569 0.261167821257 0.267510049949 0.311728712886 0.30314505838 0.101677943637 0.0864994127212 0.134189530802 0.14205656726 0.195969952521 0.187964471796 0.329073473761 0.322834773861 0.144655378455 0.155215646526 0.248809646714 0.256671310124 0.137616197974 0.126078089175 0.116345042403 0.124591851511 0.141837850322 0.183281346999 0.0880997430839 0.0797777104196 0.246742200998 0.234285692651 0.252279271439 0.324561175336 0.324513343757 0.496495010922 0.486546733942 
