Leaf
484 1.0 0.16848226877 0.163222417291 0.263335513199 0.189450070023 0.352626900535 0.236520045616 0.228479871916 0.199211939884 0.201698731663 0.500048462023 0.256084397177 0.265012826419 0.284807849906 0.294182802023 0.0894625330662 0.0999875369563 0.130293426851 0.130293426851 0.210105019442 0.207318533355 0.35924044667 0.350736970533 0.179851345314 0.179002439138 0.28324778148 0.284613309003 0.14169720136 0.134477262574 0.138134411033 0.134168000541 0.134785815016 0.201698731663 0.0823711845663 0.0948711030009 0.268800027562 0.258720352672 0.276168561194 0.25807730192 0.289867855538 0.442957639989 0.45064350062 
1193 1.0 0.163609323008 0.182694816298 0.254503391345 0.163609323008 0.327723224027 0.211999576001 0.243894378665 0.189792386657 0.212777558711 0.47404546314 0.239104962475 0.242535625036 0.276891440451 0.293124562692 0.0749531688996 0.0926941256246 0.131089289611 0.141981073555 0.207270366012 0.211999576001 0.333718658098 0.34967646268 0.149906337799 0.179040550817 0.247258597983 0.293124562692 0.121947189333 0.116401202402 0.155319852061 0.131089289611 0.116401202402 0.212777558711 0.0812981262217 0.0908940683376 0.25320157518 0.25515180868 0.277487547579 0.242535625036 0.327723224027 0.437803808215 0.477172216837 
1216 1.0 0.165681718555 0.171591514753 0.266170231806 0.183697573216 0.325722343315 0.233262302751 0.231305243362 0.200795703568 0.20654737392 0.508692836867 0.243601906826 0.255306996403 0.283413321521 0.297146386655 0.0904581478062 0.0947995605147 0.130229877372 0.134066824187 0.204249021275 0.205699126501 0.341241528871 0.32860820881 0.168299285319 0.177895127041 0.267415402805 0.292161948326 0.136522227878 0.1410574068 0.144001530844 0.137923799389 0.129691735081 0.20654737392 0.0852847596365 0.0821520522025 0.267153743835 0.254346418434 0.289033270564 0.250885761691 0.325292630274 0.423337457509 0.442402340355 
1230 1.0 0.160307364959 0.172950670442 0.278343217731 0.191391566835 0.308609628534 0.217042624291 0.228709260642 0.188493798132 0.20266220873 0.507609870018 0.256260808916 0.268415286202 0.297588750934 0.322385769335 0.0932345507068 0.10161167095 0.130696933514 0.143832620271 0.183803655523 0.18768654047 0.330926883904 0.341705765602 0.169514588959 0.165893031879 0.272346263227 0.289309995173 0.138453784164 0.133285242871 0.149906337799 0.132284696068 0.12229459188 0.20266220873 0.0771985187467 0.0803310792644 0.262118955431 0.25328093075 0.282135903571 0.261393867028 0.339364905855 0.431497860814 0.475843745327 
1233 1.0 0.16749300343 0.167890849604 0.259902936356 0.196456024709 0.317659144436 0.216258247461 0.219929088093 0.184910087907 0.188129267408 0.491063646829 0.25647918659 0.250025017095 0.289300379284 0.291883213393 0.0925902451624 0.104600941655 0.119067473223 0.131704418198 0.197387703258 0.197556627296 0.328855551442 0.320377804195 0.157749534404 0.165489426501 0.272435488639 0.281646654897 0.131704418198 0.126800857787 0.137284939378 0.121425473879 0.13532712163 0.188129267408 0.0705004366072 0.0705004366072 0.274387581594 0.25419293913 0.277350098113 0.294500032027 0.330777221028 0.44931211833 0.473741754106 
1327 1.0 0.162497002751 0.168183967048 0.253828432614 0.182719931149 0.335024989398 0.240754648475 0.250713855364 0.194533463925 0.201109806598 0.523176094468 0.255598350485 0.2620185439 0.297905166586 0.310978637396 0.0886407336326 0.098549425586 0.138069986383 0.150907058776 0.177063364086 0.177281467265 0.329910986797 0.325548400455 0.172344756912 0.187795484792 0.259995204401 0.280260656076 0.125356927682 0.143648031909 0.142928888309 0.156768069208 0.143737671876 0.201109806598 0.0915008445567 0.0862844119316 0.254234071598 0.243679439481 0.265728380026 0.254588475534 0.324994005501 0.420046146895 0.463906713597 
1387 1.0 0.178981412731 0.173262272464 0.241363366667 0.201218218525 0.333509420685 0.234563030036 0.241705192878 0.192666061777 0.203665226385 0.477118442241 0.264911939208 0.271073505608 0.301087855885 0.301087855885 0.104078011591 0.097863572037 0.1381611641 0.138399990837 0.175063679676 0.178241816952 0.34719103045 0.337153364238 0.178241816952 0.185683072558 0.283868352839 0.286934787007 0.129142073055 0.13366592161 0.129142073055 0.136598612649 0.142282766817 0.203665226385 0.0877202831992 0.0899508158576 0.272470957574 0.26441281123 0.285839281962 0.279648770085 0.304306388049 0.451220274145 0.467327487085 
1445 1.0 0.161358916391 0.167423509137 0.231402625879 0.177477712377 0.328310663737 0.213203796823 0.231402625879 0.177314814029 0.189066864996 0.468791989884 0.253568663083 0.260039008777 0.284503181697 0.300747995886 0.0866796695924 0.0927980190014 0.121636958923 0.129239268856 0.190664963118 0.185128344598 0.330066348253 0.341512144321 0.148682991595 0.156541142568 0.238717374073 0.249026423906 0.113907873355 0.131236217033 0.126527653968 0.147610158356 0.121636958923 0.189066864996 0.0820556582475 0.0775286533903 0.259649770227 0.24196374279 0.264719811365 0.272200916811 0.322717832782 0.444751375018 0.469408011161 
1484 1.0 0.173491066461 0.166725674162 0.238102151525 0.190793779482 0.315611282413 0.239880163661 0.237804523719 0.197810250453 0.200742248729 0.482153161753 0.268375661621 0.275344234717 0.316227766017 0.319624868646 0.0940887411869 0.102724913882 0.130508918866 0.131050451976 0.181276556128 0.175015175384 0.335357405219 0.327720688786 0.173286839119 0.173286839119 0.265723663146 0.267781251896 0.124254148761 0.149123976409 0.126092955504 0.143928098196 0.147812184634 0.200742248729 0.0673244227876 0.0678483561586 0.246002026754 0.232077084976 0.253166910198 0.295444640179 0.322712038031 0.450251739469 0.468595937855 
1494 1.0 0.16658974274 0.16737927201 0.287110488196 0.20101915676 0.327441893782 0.226462870628 0.236222189631 0.19637452278 0.205157623856 0.505735072034 0.274732446102 0.272019716994 0.318460783974 0.318409031185 0.0982711462933 0.104764544365 0.138263074077 0.138024483608 0.179815330451 0.182453794008 0.340808298957 0.331244830559 0.154582816207 0.166886253938 0.26290050904 0.274912342954 0.14352654166 0.13091634852 0.153190632249 0.136945682567 0.134026434095 0.205157623856 0.0770244248945 0.0780868809443 0.231429594517 0.230787822722 0.256362671581 0.262398550569 0.324763490841 0.454741373251 0.475122715994 
1506 1.0 0.162721957986 0.162825701674 0.238554757769 0.157018042948 0.326738550394 0.233763870096 0.224251563097 0.193968284774 0.191691377252 0.488304223365 0.237063554017 0.240809312379 0.267707673454 0.275602312775 0.0757726699915 0.082186999957 0.106843099944 0.11506179994 0.181928679744 0.16447670158 0.320950494889 0.340506206025 0.158089850905 0.158729461815 0.258072414653 0.266126023823 0.119807110783 0.122593695149 0.132522555443 0.127588534509 0.137156289498 0.191691377252 0.0757726699915 0.0709383796449 0.250164591704 0.22664844148 0.240247657241 0.2746816923 0.32591057681 0.427688386807 0.462078089317 
1514 1.0 0.152448409078 0.166077303345 0.251633557956 0.185414200599 0.331162999521 0.235148658238 0.246439232975 0.193854270483 0.202592277204 0.503441347219 0.279379774751 0.280944939797 0.312356083941 0.322849079561 0.0870979660471 0.100208071188 0.131107638572 0.131107638572 0.182193509478 0.186592942291 0.34088500576 0.346688534775 0.157401615562 0.169733531181 0.241042099178 0.268167958443 0.12370796853 0.143254373027 0.136514702421 0.145381277515 0.140472469899 0.202592277204 0.0740354922381 0.0808310268414 0.263632892725 0.251981839864 0.270285321079 0.261293898141 0.299162024869 0.440545395573 0.459258813948 
1532 1.0 0.158327920807 0.165138828605 0.251524868147 0.169498211298 0.31177626903 0.219477862254 0.241624105712 0.188382081177 0.205393354521 0.483248211424 0.275477656996 0.281676145725 0.300297073233 0.31524240274 0.0873014476797 0.0825694143026 0.132084017731 0.144051522204 0.205393354521 0.202767479221 0.352810536469 0.345520364448 0.157479476898 0.173405213151 0.252234056212 0.271394667682 0.126911242313 0.124423706525 0.141654837779 0.136735500512 0.131179322031 0.205393354521 0.109806733995 0.102515330346 0.267583298615 0.259276664852 0.289237515769 0.263321431313 0.328515199719 0.4514276842 0.459143837812 
1638 1.0 0.16837430712 0.164218778403 0.267328803213 0.180360520655 0.302414576533 0.224115017063 0.233687418446 0.183326565719 0.194652945234 0.506755309665 0.255068294428 0.252077162132 0.296106540108 0.301297827606 0.0878608832492 0.0957551797098 0.131375022722 0.136039176995 0.187418165748 0.187597943406 0.328642766171 0.322481947462 0.146881740676 0.161005604412 0.256057574008 0.262300625368 0.134042163269 0.127864119686 0.14233609923 0.135418273813 0.144218311208 0.194652945234 0.0831294207241 0.0806596769286 0.246670052804 0.238682828599 0.251206426673 0.296049612963 0.311204334057 0.464081512337 0.460471914403 
1681 1.0 0.168521805902 0.174942117295 0.283291238528 0.167627257412 0.346863180742 0.23536338675 0.232650584972 0.208409886815 0.19754591933 0.485678626975 0.241459533493 0.241390337466 0.284350714965 0.293486479072 0.0827605888602 0.0884208265398 0.127296807161 0.13104733729 0.193875487476 0.191447612781 0.336299311422 0.352926763462 0.168521805902 0.168521805902 0.269634889443 0.271733247078 0.138966641191 0.134817444722 0.157239806769 0.139925043177 0.15271241772 0.19754591933 0.0833639547259 0.0803018029205 0.253804989976 0.248617964117 0.274059458334 0.255183483185 0.295302344682 0.433942447156 0.466591883019 
