Leaf
2 1.0 0.165989684723 0.167087754148 0.259709353877 0.171498585143 0.331657884195 0.214386559919 0.217771820218 0.171409702739 0.174580963019 0.491841392007 0.291346284902 0.289667646315 0.328518512855 0.332162935602 0.0890191737135 0.0857048513697 0.132956900295 0.138018369811 0.180503545731 0.182852203639 0.303188380628 0.31719011689 0.157122866717 0.155856904181 0.255747704083 0.256877363511 0.131226367954 0.139337046607 0.134325274941 0.141076109811 0.136686971777 0.174580963019 0.084270359244 0.0796211694897 0.22357271914 0.198746452528 0.211307882082 0.282907359776 0.270741247171 0.452902186046 0.45755535554 
232 1.0 0.17902475107 0.168749679388 0.257948436944 0.184210526316 0.278997016436 0.233781392784 0.226560455263 0.203160621743 0.191581839192 0.494736842105 0.286588492422 0.291808763697 0.320664130773 0.32758665936 0.0900907514138 0.0953198435593 0.145190676044 0.134802615525 0.187858613659 0.188079667213 0.310838380215 0.308422848926 0.149792099692 0.153446102496 0.264470411082 0.261785897167 0.130203335546 0.135826188427 0.134184724042 0.137246366425 0.165266510191 0.191581839192 0.0868022236972 0.0941502306316 0.238299608898 0.226376980712 0.236549526887 0.313058365431 0.299584199384 0.469159677854 0.455559684387 
262 1.0 0.173110217926 0.166034605906 0.267295596956 0.18203879566 0.294403349813 0.217568598018 0.22549917647 0.179669426168 0.187983533546 0.486410086424 0.279775860663 0.288274893012 0.318635141019 0.322688676152 0.0922662969967 0.0910193978299 0.141107906308 0.139887930331 0.170784255187 0.174097546567 0.296434075263 0.300929379829 0.155368621851 0.160790079007 0.265418686209 0.264015772167 0.141512227785 0.132007886084 0.132224115362 0.136581396726 0.128498742669 0.187983533546 0.093496568609 0.0913327185425 0.208722794564 0.18203879566 0.200128511776 0.329694945852 0.309308982816 0.477160098655 0.472436965306 
286 1.0 0.170528501774 0.168903680382 0.276106220999 0.185525346108 0.316069176355 0.210348944294 0.219448018767 0.160298668346 0.172937112626 0.508168423511 0.296549894723 0.301911682992 0.342597103215 0.346923592369 0.0963094369521 0.0935364095674 0.141616212586 0.139205927669 0.172646949481 0.174667969226 0.318006450062 0.317967031847 0.134814617895 0.139115855885 0.248585872636 0.250244302793 0.139655415206 0.123964752913 0.140995280382 0.126368170498 0.140282278187 0.172937112626 0.0808887707373 0.0807336626928 0.215528988883 0.200838053641 0.217382039542 0.307424628537 0.313680710065 0.48154718476 0.491848825336 
295 1.0 0.178269852302 0.171479188141 0.257921327139 0.191719560705 0.306197760502 0.240353355196 0.234011465973 0.197071984593 0.197071984593 0.51157159469 0.285398248321 0.29197980304 0.323441402184 0.32799004735 0.0934401215865 0.0998755162761 0.138903841966 0.135190266116 0.17871338914 0.175391764286 0.31921782942 0.308662538654 0.168686397365 0.168552253091 0.270255017084 0.277807683931 0.133929527361 0.159520316915 0.129376560874 0.145193675302 0.138903841966 0.197071984593 0.083195618697 0.0893566945702 0.228336430398 0.214862806893 0.238226501661 0.285398248321 0.305013524939 0.468940293501 0.468047096075 
330 1.0 0.170283307525 0.165950399854 0.247268129433 0.159966276964 0.266610461607 0.225550320042 0.221290797864 0.194684636685 0.183948285099 0.460508979139 0.25764618928 0.259146656258 0.2862877303 0.280064242594 0.0824068699512 0.0775594070129 0.10486665708 0.0931167222909 0.165666966001 0.162516571951 0.294859659281 0.292659929508 0.180140488707 0.1747777618 0.285177525943 0.266213555563 0.144125434582 0.132309989113 0.11972350284 0.132398757985 0.140576425211 0.183948285099 0.0565306464106 0.0620778148606 0.236931373578 0.218135832224 0.22788232102 0.335036496033 0.290079245958 0.439197263158 0.421729275632 
342 1.0 0.189682177388 0.182509334971 0.277142835139 0.193073626784 0.30253608137 0.222428950735 0.22835128463 0.177405545906 0.17093691049 0.509840945116 0.305155839225 0.299566579725 0.345720823994 0.345720823994 0.0951955156044 0.100939766031 0.150517326172 0.144540696795 0.169281133858 0.161809673302 0.280175170798 0.283607167655 0.135171471669 0.135171471669 0.261922123363 0.247349960558 0.13997827006 0.133714054726 0.13997827006 0.133714054726 0.150842417968 0.17093691049 0.0892189913145 0.0951955156044 0.202000817462 0.188321502015 0.208856303935 0.30322343453 0.318738850663 0.472750574183 0.480968472799 
353 1.0 0.19330150189 0.177002713934 0.261090131415 0.177002713934 0.309652263812 0.256942587614 0.252533696692 0.2084696086 0.207153736786 0.513600026676 0.311914823127 0.308134661388 0.355382136134 0.344724655332 0.0911112926722 0.0893798038753 0.144296682261 0.13184775722 0.185831303698 0.180337008966 0.292759537781 0.295449269612 0.174837631405 0.170768454209 0.282643757065 0.261650611769 0.143141474792 0.162264191225 0.124455569661 0.159349028297 0.157375589581 0.207153736786 0.0790592577273 0.0871670892669 0.213331852122 0.182543871375 0.177883329886 0.328506437503 0.272868993738 0.484479911267 0.459654121106 
407 1.0 0.188842001709 0.178478132181 0.248663326538 0.179961896286 0.338605380818 0.233331667161 0.230495252839 0.169054506512 0.167306911152 0.497326653076 0.303835983893 0.297975440584 0.334153411548 0.328194586327 0.0953796142724 0.0853101204723 0.130991802584 0.134887144078 0.163413551468 0.16805810585 0.319902014389 0.308498701076 0.143922846915 0.143922846915 0.248719604309 0.23907917589 0.129703327305 0.139678727643 0.124528501941 0.136537201077 0.134887144078 0.167306911152 0.0880549481735 0.0853101204723 0.214257387578 0.195827718802 0.209835151399 0.30286710197 0.289010279951 0.490097889424 0.476310758243 
451 1.0 0.177249423818 0.165006104224 0.275937698005 0.198981503798 0.335052731334 0.201887985875 0.20703659362 0.162068817048 0.158755739991 0.497654036129 0.289952764035 0.29023461369 0.337756650875 0.329143916975 0.104867046399 0.0966509213452 0.153452559955 0.144747086544 0.168013716124 0.155700584483 0.313787920809 0.309590777398 0.139643937408 0.145591921072 0.265364309494 0.248827018064 0.1516436257 0.125048537243 0.127877133296 0.129544648488 0.141244910309 0.158755739991 0.0909861754201 0.0953735402435 0.224878401748 0.198981503798 0.203199943603 0.30264630104 0.281402341332 0.483592872307 0.468325450261 
458 1.0 0.167692317373 0.159100372939 0.273148148148 0.185243046516 0.306116208423 0.213616148057 0.229855399765 0.177200548232 0.187599996198 0.486463716914 0.307269324186 0.31512103843 0.356000156055 0.364772511178 0.0966695047121 0.0954422598523 0.144634253258 0.141108802353 0.164205072694 0.177200548232 0.308557087092 0.301814926167 0.151651290316 0.159436808868 0.269355337181 0.256808856451 0.140804688201 0.122313377904 0.136240175644 0.136711324632 0.131109280171 0.187599996198 0.0834618350802 0.0849887025495 0.219602615289 0.203756306339 0.219943954078 0.322416395305 0.318099692339 0.488661738757 0.494417567587 
460 1.0 0.173042394583 0.174109908685 0.266919320227 0.189401979903 0.301444294873 0.205360998338 0.2119764963 0.166270900797 0.173523588638 0.482421503425 0.290997955762 0.295264783911 0.333487710076 0.337437062463 0.0962535686672 0.0962535686672 0.137005045341 0.137005045341 0.175646280269 0.186493617994 0.300613317136 0.297515405556 0.147113747787 0.154005709868 0.254226065502 0.265771424432 0.131695144287 0.136123102236 0.139418235577 0.135098321521 0.124833123118 0.173523588638 0.0812188502172 0.079021776431 0.201765480745 0.193706570355 0.205360998338 0.299470824919 0.332541801594 0.459705270435 0.499184036249 
574 1.0 0.166982811076 0.162203819935 0.281282961011 0.182356163063 0.307671964175 0.226894158359 0.235804528438 0.188211778714 0.192063423035 0.521039388193 0.276811696285 0.274004852146 0.323821839449 0.319394091116 0.0950380085338 0.0909546967579 0.132779762932 0.14013431459 0.197631631849 0.187778941547 0.310829455867 0.316793361779 0.160776163409 0.170280165338 0.270668366953 0.268858528452 0.150313404464 0.134404040609 0.138968128036 0.142152121963 0.144798798276 0.192063423035 0.0866792400668 0.0815188891169 0.251554783394 0.234420145466 0.247423525117 0.298317221769 0.286868590012 0.471436485404 0.453698649998 
625 1.0 0.167893159773 0.170705065165 0.279363302149 0.182705827777 0.31227992828 0.198159447826 0.206710839176 0.156601235349 0.170620536779 0.47344363422 0.26336190349 0.261382537537 0.309961559704 0.309915015434 0.0927243617968 0.0938070849477 0.136732962589 0.133422263092 0.169857888396 0.16336408596 0.284733705985 0.291146528765 0.122721589685 0.137259468051 0.233454204398 0.249696873355 0.136943807683 0.12154041119 0.146610088932 0.122486265231 0.145126643463 0.170620536779 0.0793074466276 0.0805706708818 0.213034569119 0.188074950376 0.211675916426 0.299258556745 0.30930930258 0.459590374329 0.467556785804 
813 1.0 0.181162896176 0.177378167739 0.275320840587 0.179763933957 0.331487356788 0.218799021629 0.216187268629 0.183671358374 0.183413453227 0.472014060612 0.301106685498 0.307535996748 0.347430790959 0.354800810665 0.0926482109224 0.0926482109224 0.127112296713 0.127112296713 0.158293410594 0.165886417342 0.320991977365 0.307330698997 0.14605819634 0.143221844857 0.261325153109 0.254534737001 0.137717719118 0.132580661905 0.142226852799 0.132580661905 0.15281586539 0.183413453227 0.0719406751583 0.0719406751583 0.211986195146 0.191329342875 0.216843156001 0.287981948437 0.307741157542 0.481447000551 0.485201348305 
1373 1.0 0.190908663405 0.179150224981 0.261331279745 0.172211592205 0.327804621148 0.237318788514 0.229652786657 0.182731878418 0.180949913651 0.511351214127 0.271296930394 0.258481603152 0.310545827971 0.293323644882 0.0895751124905 0.0840656217599 0.129687745163 0.125945381931 0.178891648625 0.173905663664 0.300444060931 0.302083045126 0.147605669438 0.152844082051 0.263448309402 0.258481603152 0.141630688568 0.142282867099 0.128252043236 0.127890599465 0.153247365291 0.180949913651 0.0820217318655 0.0820217318655 0.208005440853 0.188958906804 0.194353066429 0.283097909943 0.264091794629 0.451888464991 0.432165553688 
