Node
95 1.0 0.182276282196 0.175087406799 0.303545246079 0.238773937919 0.3579884405 0.251520743975 0.241295271264 0.191850154791 0.189257465955 0.557454390476 0.33829857609 0.336688318425 0.391507343608 0.391254880358 0.122954585708 0.120928836139 0.183962500179 0.182885111704 0.201398205288 0.204320701989 0.338444583251 0.340482109361 0.155669497465 0.147773021108 0.251176767023 0.253477372015 0.145498806431 0.163032863071 0.162805428136 0.151161045174 0.16181618291 0.189257465955 0.106713529057 0.111135810703 0.204924309514 0.188865492874 0.212731476498 0.30914938337 0.300888790955 0.532153727363 0.524862325235 
8 1.0 0.173226020378 0.170881231292 0.26352033561 0.199666780319 0.334765378451 0.219101558076 0.221625301468 0.178374034612 0.183157992193 0.49561681815 0.268106701365 0.267090572797 0.314085278519 0.311571312266 0.101004152197 0.102268051532 0.15755429593 0.153754378736 0.19740414019 0.197353212988 0.334499218451 0.334432569621 0.144122912105 0.148200611227 0.259172110308 0.260669709275 0.136876310194 0.122865369986 0.134942921114 0.12261550126 0.142241668414 0.183157992193 0.0967078858322 0.100155743236 0.233553715748 0.213048483861 0.234193892217 0.300624422921 0.299750835071 0.482081979293 0.486595689067 
21 1.0 0.172569326634 0.176168570701 0.26531929902 0.197285563181 0.337995417553 0.21135212417 0.210592857102 0.172669592797 0.178053115757 0.483893394507 0.286810171729 0.29390704506 0.32773758279 0.342006605153 0.0979654695098 0.103330212457 0.14920031787 0.151961531581 0.187789079235 0.192006968357 0.336252059157 0.335648515061 0.146322309544 0.15715553208 0.260141299563 0.280901758442 0.12694777328 0.118947282826 0.145425244644 0.123697038071 0.131649289747 0.178053115757 0.0914558774036 0.0945643914244 0.232219320399 0.22193055491 0.245725387933 0.268750788881 0.322234448691 0.469773271465 0.499299788084 
23 1.0 0.172191478801 0.170866461659 0.265555330325 0.188238748737 0.33711169985 0.211807139961 0.211048734231 0.167799896023 0.170456365271 0.489702805148 0.283281446512 0.285205507849 0.326600786971 0.329570110114 0.0947637549196 0.0973733620967 0.142801047428 0.142502328767 0.17249361789 0.173207576257 0.320225852488 0.319981613165 0.137833545863 0.143242390815 0.247329094883 0.254534653282 0.132086578114 0.128808671007 0.138090525123 0.129712907884 0.140770951767 0.170456365271 0.0865448528017 0.088330950838 0.218163246219 0.202910427059 0.224035532106 0.291217934499 0.298641312479 0.478047824341 0.478519774508 
25 1.0 0.171193137045 0.170420478156 0.268945319334 0.193097692227 0.317539552439 0.218027577716 0.213023816138 0.173410026566 0.176008838975 0.502331075099 0.305953225246 0.311417700528 0.352811428397 0.355710679586 0.100454073014 0.0978832517729 0.160914630376 0.163004774316 0.197017311692 0.197249325058 0.337354138078 0.338516742628 0.138153909843 0.14070115334 0.243673845345 0.252064078517 0.137103051477 0.138105985101 0.136023793321 0.134774198318 0.140287197331 0.176008838975 0.102818646037 0.101167219231 0.237924897993 0.223520376959 0.243820974205 0.307744717319 0.315468277245 0.504830972776 0.509294066658 
28 1.0 0.16158203594 0.161462655033 0.279454595249 0.2235636762 0.341612067225 0.223908416075 0.223908416075 0.183907117857 0.189992591245 0.527858679916 0.292929930983 0.29352177565 0.344926312715 0.34743287521 0.114508625098 0.114508625098 0.167096758343 0.167096758343 0.176742604718 0.172993427043 0.345093983298 0.34743287521 0.125744984006 0.136198172352 0.233437069479 0.250337219539 0.141612116415 0.123267007386 0.147612442189 0.122953748919 0.13788664392 0.189992591245 0.0916910589384 0.0947930947576 0.264203172997 0.242193982549 0.269621436915 0.276680783709 0.286271562744 0.456769791579 0.452315463839 
43 1.0 0.17212610606 0.169002637373 0.266282958811 0.185881501056 0.324847060224 0.221430347759 0.22169163577 0.185618932009 0.185992391956 0.4875179823 0.296164426182 0.296690869702 0.3412347665 0.337187024295 0.0963660628655 0.0935042141431 0.155639141514 0.154145586707 0.202825387752 0.200273976176 0.348703637686 0.349080922124 0.15539008669 0.155901323847 0.266279712822 0.261912691787 0.141584362382 0.133412299434 0.132109439427 0.131935445919 0.146339370663 0.185992391956 0.100887194668 0.101511339145 0.260013273435 0.240694988819 0.254115888474 0.315974248171 0.292290823825 0.508534992713 0.499197175254 
45 1.0 0.171957956535 0.16828658426 0.26806717862 0.19631618409 0.334165791504 0.18976809866 0.192698634038 0.150171498423 0.147080847264 0.493647954877 0.297978840869 0.297442040156 0.349631556788 0.34488918312 0.102508453774 0.100301856738 0.154749145545 0.15223796778 0.185061188771 0.181733686634 0.330420139808 0.3355392776 0.126766208492 0.1218264246 0.250767990006 0.238644878691 0.141704818739 0.120188211112 0.129715346955 0.117342648694 0.130621191398 0.147080847264 0.0910691014594 0.0913907739715 0.239709615585 0.21855370887 0.231407818202 0.305080416802 0.2833694286 0.492465264695 0.482880212513 
109 1.0 0.15490615265 0.143342852513 0.280661630947 0.184713154055 0.299953426006 0.174855101975 0.185178040419 0.1593538234 0.155088291297 0.460599911323 0.353087398472 0.350008824069 0.398011773374 0.384145734771 0.0978767076192 0.0912363445622 0.181656829352 0.17695468366 0.195014475744 0.185028888438 0.350076447979 0.34993568104 0.134146623836 0.119029187688 0.256623733221 0.22196961738 0.153873711246 0.121040416919 0.129423436809 0.11778518857 0.132829812563 0.155088291297 0.132340237126 0.128865672305 0.273280529421 0.256380276236 0.255454548875 0.375511589507 0.3023903816 0.570760592785 0.527451924967 
110 1.0 0.169309419994 0.168795662198 0.258594956361 0.184127277091 0.311426686648 0.225752929319 0.228001591802 0.186737389899 0.187070209033 0.490165489891 0.287346153406 0.28548427643 0.330923475458 0.326210039898 0.095214827943 0.0927563770328 0.143612407725 0.14288466208 0.185315478457 0.181509796559 0.320047231023 0.320938376367 0.156533688494 0.157904518246 0.259335336345 0.257421905044 0.13722146821 0.140982607154 0.128649982131 0.138437313798 0.145271079608 0.187070209033 0.0876163799925 0.0883059388837 0.237747022726 0.219493297814 0.234739928633 0.310351592881 0.295687040748 0.482785245616 0.471756871465 
196 1.0 0.167767382764 0.165388982225 0.259171851809 0.185918266539 0.323892305983 0.206188151248 0.208302734216 0.169731254731 0.171368689262 0.484858762126 0.276003421297 0.277853087806 0.318148564063 0.318084854892 0.0954588422468 0.0935505536067 0.145550292983 0.143925027772 0.19114007877 0.188231353554 0.340133457535 0.339528529901 0.138738069932 0.138912508355 0.25459094316 0.250952796505 0.134501836339 0.116970310008 0.13198036275 0.118637249864 0.137505359606 0.171368689262 0.0927474430293 0.0921515801108 0.255207222966 0.239244123878 0.255952856956 0.29387957466 0.293636378125 0.474773113066 0.471802934408 
197 1.0 0.177042465154 0.179926695581 0.267877793727 0.187188228426 0.355543129588 0.227819494191 0.224406558672 0.18771919553 0.180128268722 0.48815652737 0.298749979487 0.295083554952 0.345598264472 0.339455090164 0.0959962252735 0.0959962252735 0.142946784888 0.13481043482 0.191457033997 0.188321301938 0.34387139169 0.337192126511 0.146242976536 0.143926702389 0.253113560953 0.251844515854 0.138351441172 0.136159358936 0.135673066131 0.134974980594 0.145943710389 0.180128268722 0.081056976609 0.0897100039174 0.23298334433 0.216735959896 0.234583817408 0.290214914924 0.301184732253 0.4979474977 0.493514250844 
199 1.0 0.167632689485 0.17303466223 0.286499809009 0.189241513139 0.356873599667 0.205804647564 0.196511017524 0.184710931395 0.176709553463 0.491856924534 0.280888183106 0.279010009258 0.323966262379 0.321613403636 0.0978831864346 0.0932994983976 0.149486472721 0.150266068479 0.212920283274 0.205804647564 0.340324153269 0.343910206736 0.164377375923 0.159598725646 0.280888183106 0.282960422066 0.149486472721 0.133486115267 0.143096886938 0.130722128251 0.138427729784 0.176709553463 0.103961380744 0.0992170082305 0.253329756275 0.227061515245 0.242910820839 0.280471898056 0.286040633523 0.4929840178 0.488729074194 
201 1.0 0.194578162973 0.192943786412 0.285344588403 0.184745483671 0.302464658778 0.211725261145 0.208374966518 0.168822556534 0.16986147438 0.537476575926 0.278858636837 0.284850912275 0.327165550872 0.334083135115 0.0956477233446 0.0937903091855 0.16986147438 0.162882203586 0.188516188356 0.191295446689 0.322834909213 0.323705672519 0.13130643286 0.127775313 0.268050012664 0.270142142062 0.14481418121 0.124709373616 0.146505146384 0.124709373616 0.112860572374 0.16986147438 0.109055183624 0.109055183624 0.238456212408 0.21039154544 0.237421048768 0.302464658778 0.284850912275 0.466468910212 0.451442289497 
204 1.0 0.176457043509 0.180476403443 0.247463218749 0.206239030559 0.324765917499 0.213393212461 0.207331099717 0.156509481672 0.176155664906 0.494845911461 0.315091539084 0.304805647037 0.347489860249 0.342678081879 0.103601459868 0.104240586595 0.157102483186 0.161027518919 0.198961170307 0.200490895959 0.357476692313 0.35501567821 0.134013497187 0.138306133667 0.249121730399 0.269706811336 0.118997762952 0.131713952776 0.129783601465 0.127303431437 0.115255111389 0.176155664906 0.10372960025 0.0991461956861 0.281231918772 0.268076550997 0.279383715276 0.282551378718 0.309347810745 0.486398418883 0.477801598672 
207 1.0 0.168869409857 0.168869409857 0.262405473106 0.188005961081 0.32162719959 0.229193808758 0.206199654 0.183592524265 0.175480290036 0.489829990734 0.284127551416 0.294575173906 0.321017768063 0.328069801459 0.0994440276261 0.0896034939925 0.166239794728 0.16054700513 0.20661472202 0.206733159818 0.339401677429 0.331890086173 0.159859434497 0.148508194611 0.263893782655 0.26780694367 0.132016440779 0.137466436 0.13504115984 0.123984628438 0.150798103598 0.175480290036 0.113037690169 0.117601333661 0.247969256877 0.233006906425 0.251351814804 0.303779664473 0.318990710001 0.490229607354 0.500752132996 
208 1.0 0.157962069356 0.157962069356 0.274376704992 0.189509474445 0.340172951633 0.208376515039 0.198630414019 0.163273194564 0.169804122347 0.476802458411 0.297426223981 0.296492612862 0.344842882122 0.345645920821 0.0999039846154 0.095091743872 0.157285569162 0.150353248656 0.192080348582 0.192855986257 0.340611520866 0.344657299788 0.144568249189 0.154825695374 0.234113493301 0.257039927674 0.128312372095 0.130618555651 0.152466044243 0.135899803769 0.138541899675 0.169804122347 0.0935086553679 0.0996902860079 0.251249808353 0.235475949964 0.262702460286 0.277237692057 0.305909661234 0.471404520791 0.486674642131 
209 1.0 0.174107835855 0.168026528616 0.27415789021 0.209719058538 0.354833286047 0.214082991468 0.209374295756 0.175759749855 0.173692402583 0.478462595941 0.286729058442 0.292071209943 0.32967213444 0.331899821771 0.103402594348 0.108049125379 0.167940515542 0.160370903717 0.203991381546 0.209650151337 0.34671867837 0.347592707995 0.140179668805 0.14474366882 0.263625923168 0.262582508483 0.14344009693 0.107512898122 0.138207401905 0.108848513284 0.140694091337 0.173692402583 0.105887924546 0.115419990946 0.238777893119 0.22040144115 0.238777893119 0.284299965113 0.290732450214 0.483479418307 0.502673103039 
210 1.0 0.188561808316 0.171498585143 0.263212928542 0.194701044507 0.366577529272 0.225498721066 0.203563033227 0.163699070312 0.166470472759 0.505137009823 0.286059548625 0.291491544065 0.329189934645 0.332351495167 0.105409255339 0.0921777197925 0.137674428875 0.137674428875 0.184355439585 0.189253780581 0.349041638432 0.329785035947 0.148632107124 0.141421356237 0.256930091456 0.24733877696 0.139091355694 0.139560467837 0.130358981479 0.137674428875 0.129352333353 0.166470472759 0.0808452083454 0.0824462589868 0.251011027542 0.22866478019 0.241184441124 0.282380172979 0.305076868059 0.503581940941 0.477602947189 
211 1.0 0.173055834985 0.182767331983 0.257204272381 0.195363733474 0.357482916012 0.20891648869 0.219808544028 0.176440675224 0.184800024689 0.465248333104 0.275439661334 0.285921011784 0.314490346151 0.32534052986 0.101049840646 0.0963178640663 0.146456389007 0.154322563429 0.180280585743 0.182767331983 0.326963185961 0.3225053689 0.134141336891 0.149714877514 0.244992182104 0.263186566752 0.132624248192 0.130255767515 0.129416559172 0.132271679784 0.147304189947 0.184800024689 0.0976021589581 0.094852248953 0.237048556063 0.218743745852 0.246638568356 0.269325001931 0.308645126857 0.45772669674 0.465616210937 
212 1.0 0.171347892827 0.157218610039 0.280257991916 0.190752324191 0.313838101299 0.210454488176 0.208357380461 0.175329050745 0.160379099193 0.494004200958 0.291450747586 0.301605906708 0.329441944781 0.351551499375 0.0923687987428 0.101432648507 0.155614296531 0.16652022006 0.19140896064 0.187769045784 0.32095372306 0.311228593062 0.140352665687 0.141687269395 0.251719307537 0.236292993804 0.136270452173 0.12116125696 0.149444811112 0.142570064661 0.134882261963 0.160379099193 0.110320623184 0.106265452046 0.230650163924 0.224307102621 0.242322513921 0.280705331373 0.326188589984 0.481788804035 0.483219026273 
