Leaf
108 1.0 0.193056059739 0.197802280169 0.279010277632 0.22657376698 0.401108151993 0.25301740841 0.243229974081 0.200259545568 0.202020287195 0.546415489047 0.313668215787 0.311293542697 0.356309257671 0.363617965487 0.112764649438 0.117452956446 0.169619904594 0.176633536929 0.195227737274 0.195227737274 0.379637185845 0.38016988562 0.174713550158 0.174713550158 0.278889363096 0.289976923733 0.136696432773 0.164368486823 0.150776010322 0.161470074618 0.139867333641 0.202020287195 0.109578991215 0.106772804273 0.243229974081 0.232379581359 0.257968002969 0.261022523339 0.288343895089 0.497158683532 0.501078168368 
847 1.0 0.181819190303 0.173322888192 0.280093295477 0.213578799143 0.407704466737 0.259193747322 0.244571884036 0.216979785215 0.213266929229 0.514003407593 0.306711114064 0.311021083379 0.358105098576 0.366434237495 0.105325028993 0.114992552737 0.161253960883 0.160149468701 0.186636426883 0.193637709797 0.384400283916 0.381037948704 0.194209757453 0.196819763157 0.295886482948 0.306711114064 0.143798561429 0.160978548281 0.14745504059 0.146094585707 0.146700789912 0.213266929229 0.0946754259548 0.0999200958722 0.238509452566 0.220730706356 0.23551392456 0.252780069583 0.265452507473 0.494287566901 0.509058866996 
1063 1.0 0.203345013213 0.194874853181 0.269796668685 0.225066705299 0.384185180968 0.268229371871 0.280307873848 0.22917724693 0.239585045081 0.51821220942 0.309708393919 0.323826690288 0.35839156152 0.364432879411 0.116413813086 0.111929592601 0.175695318815 0.183410774279 0.210047283883 0.216194238598 0.371755400768 0.376464664648 0.173278961661 0.187711633312 0.284625887436 0.283300189091 0.145814464831 0.159524213531 0.134535065253 0.174318644761 0.176976225096 0.239585045081 0.11782805815 0.115374383231 0.245053457655 0.219580577866 0.243697858604 0.300629265254 0.268229371871 0.527085956445 0.523617776596 
1112 1.0 0.172750869179 0.17389366578 0.287280422123 0.20716085848 0.344927973658 0.282646563087 0.267278886995 0.245654159199 0.225766590268 0.528720866483 0.338162127861 0.322573829705 0.380426970368 0.367179894427 0.104057394599 0.105943784939 0.170829220201 0.165728686784 0.21467364733 0.221932260904 0.370580609471 0.3700457322 0.203624881991 0.20716085848 0.294318757413 0.296553556074 0.156297447569 0.175405813075 0.145353673773 0.164529187157 0.172368253274 0.225766590268 0.10901525533 0.108407923277 0.242407485746 0.218333120813 0.232679407884 0.301630762898 0.267278886995 0.529718924694 0.506787418342 
1180 1.0 0.182694816298 0.182694816298 0.29086101868 0.21814576401 0.36357627335 0.268406967246 0.236324577678 0.224859506699 0.21965544129 0.509331300914 0.311171166792 0.311171166792 0.358081101633 0.358081101633 0.110577406622 0.110577406622 0.167600380788 0.167600380788 0.212777558711 0.212777558711 0.374324683845 0.374324683845 0.207270366012 0.195791815196 0.298154712608 0.302555758136 0.149906337799 0.187162341923 0.149906337799 0.162596252443 0.154252349019 0.21965544129 0.114972912698 0.105999788001 0.23702273157 0.236324577678 0.23702273157 0.287432281746 0.287432281746 0.502801142365 0.502801142365 
1246 1.0 0.198381903049 0.197901209581 0.277825184752 0.234874664223 0.450752021564 0.274167160359 0.26705752114 0.22306091522 0.215591585618 0.568159790102 0.278373163953 0.285000414401 0.34283051848 0.339704678384 0.122983583871 0.119845730361 0.165851914868 0.157365153471 0.205457392221 0.202186312815 0.447869078379 0.440362960212 0.194894449352 0.194894449352 0.291346284902 0.295049575076 0.150307010817 0.176534073717 0.146715539593 0.167906593676 0.139937287299 0.215591585618 0.0877258482077 0.0925855371125 0.238176681619 0.228377658211 0.243476296796 0.247203191445 0.224338235731 0.511115399435 0.508162570852 
1309 1.0 0.18477010504 0.192916387945 0.284710892469 0.23076240358 0.37699040829 0.264679100667 0.273150086519 0.209952927912 0.220267653506 0.58464869267 0.324529215759 0.316218410581 0.382830739603 0.372808072371 0.11941319555 0.11941319555 0.186205543917 0.186205543917 0.214276557123 0.204383649476 0.405934907253 0.41629719532 0.167997565638 0.175406414399 0.277341892853 0.283774169757 0.149353180093 0.164617703257 0.14369991545 0.160061818719 0.153841602387 0.220267653506 0.113572201927 0.113572201927 0.237584435771 0.23076240358 0.237584435771 0.255696591102 0.246266723242 0.515426768382 0.515426768382 
1341 1.0 0.186717053389 0.186717053389 0.303448275862 0.234584156575 0.393103448276 0.27204252308 0.256659228496 0.225908129023 0.214126547535 0.572579950957 0.311568468912 0.319928648407 0.367658012007 0.373306720075 0.120443097907 0.119052941391 0.166090959707 0.170750598664 0.194331073153 0.179310344828 0.365517241379 0.369207139705 0.192363112841 0.181026272392 0.291047556497 0.288832987467 0.155593298933 0.183634854561 0.155593298933 0.168366284355 0.157265575876 0.214126547535 0.0994634834611 0.0958099585479 0.227690676127 0.213904309231 0.23183084571 0.252925804426 0.263967713228 0.492415724907 0.504203495902 
1350 1.0 0.174789942353 0.175101048993 0.295159301162 0.198872000465 0.379490530065 0.259297364752 0.261526722182 0.220913133339 0.222141575432 0.554209383391 0.313056471162 0.31530849731 0.36640488522 0.349008548059 0.109921465566 0.0911545044773 0.162750309616 0.154280953075 0.22360679775 0.20805617752 0.409608826102 0.406808884853 0.200235710158 0.198140850929 0.306023230665 0.297607781942 0.162191987869 0.1673666963 0.144818589285 0.161631737532 0.145817350012 0.222141575432 0.105371001208 0.102402206526 0.294420786324 0.271332250443 0.280213478644 0.276432802575 0.254209837554 0.513673697627 0.503579350802 
1385 1.0 0.174879872865 0.182427464119 0.295517735771 0.235309727574 0.40967471436 0.247317487992 0.254069472318 0.213310787004 0.222784144061 0.522667282221 0.304506734931 0.31204494065 0.356100317761 0.352374808277 0.115873507442 0.121434694908 0.177485303112 0.171400152841 0.210058081304 0.213848094623 0.39917576314 0.363752407048 0.18005303582 0.18997722826 0.285845407468 0.302711334342 0.156160319685 0.153379794912 0.15092857712 0.145705882754 0.153379794912 0.222784144061 0.105233709324 0.118565753748 0.254069472318 0.251002122783 0.277389880389 0.255533212831 0.287446794829 0.493240980796 0.499540757653 
1493 1.0 0.182269331996 0.180770791918 0.28913544169 0.234948778414 0.403542272728 0.269327601145 0.257274829752 0.225013499603 0.214956498489 0.548860312407 0.302079451101 0.302619253985 0.355879508915 0.350384754635 0.122832284851 0.115842181422 0.180670447313 0.187564970126 0.215882495132 0.196165918931 0.399704300974 0.391452635846 0.198097728396 0.181171614566 0.295647619422 0.284265044293 0.156349253983 0.167330271323 0.146653763242 0.155418595393 0.155418595393 0.214956498489 0.121943257835 0.114266023878 0.275781468813 0.253010310703 0.261469804617 0.261747079143 0.267300011948 0.526464851722 0.520332282323 
1546 1.0 0.162234052738 0.162713327203 0.284850854561 0.2179458404 0.368727719084 0.259682457966 0.257272359813 0.221138056835 0.224701085426 0.513726851541 0.305532233146 0.301839865091 0.351958500194 0.346203293077 0.112177135382 0.108363827925 0.165935686106 0.170837598692 0.203152233777 0.200062285894 0.359142067226 0.362121833635 0.196290152618 0.190737060035 0.277259375409 0.280276189235 0.153554165668 0.168727845397 0.144891734415 0.157262043281 0.1460693002 0.224701085426 0.112315882665 0.107353083927 0.258540462686 0.228821864273 0.246135051934 0.299144812342 0.273697734893 0.501329799924 0.490018735995 
