Leaf
4 120.016665509 20.0 20.0249843945 34.0147027034 23.0 42.0 28.3019433962 28.1780056072 24.5153013443 25.0 62.0322496771 34.5253530033 35.3553390593 38.9101529167 39.8120584748 11.0453610172 12.0415945788 16.2788205961 16.9705627485 24.6981780705 25.079872408 41.3400532172 40.3112887415 19.9248588452 20.1246117975 32.2024843762 33.6154726279 16.7630546142 17.2046505341 18.4390889146 16.6433169771 17.691806013 25.0 11.1803398875 11.6619037897 28.6530975638 27.0185121722 30.8058436015 29.8328677804 35.902646142 53.8144961883 55.9016994375 
111 107.018689956 20.0249843945 21.0950231097 32.0 24.0208242989 43.0116263352 25.5538646784 28.3019433962 22.1359436212 22.803508502 60.0333240792 35.3553390593 34.1320963318 40.718546143 39.9249295554 12.1655250606 12.3693168769 17.691806013 18.4390889146 23.769728648 24.1660919472 42.5440947724 43.9089968002 19.3132079158 19.9248588452 31.9061122671 31.9061122671 17.4642491966 17.2046505341 15.5241746963 17.4928556845 14.8660687473 22.803508502 11.6619037897 10.8166538264 29.1547594742 28.0 30.0166620396 28.4604989415 25.632011236 54.2033209315 54.6443043693 
30 114.0 21.0 20.0249843945 30.0 25.0 42.0119030752 30.0 29.4108823397 24.1867732449 25.179356624 65.0 33.0605505096 33.1360830516 37.6961536499 38.4837628098 12.1655250606 13.152946438 19.1049731745 18.4390889146 23.769728648 24.3515913238 42.9418211072 43.0464865001 19.2353840617 19.4164878389 30.61045573 31.2409987036 14.5602197786 18.6010752377 16.4924225025 19.2093727123 17.691806013 25.179356624 11.6619037897 12.2065556157 31.064449134 29.0172362571 30.886890423 30.8058436015 30.8058436015 54.0370243444 55.3172667438 
67 112.071405809 21.2132034356 20.0249843945 31.0161248385 22.0227155455 40.0124980475 28.1780056072 27.4590604355 23.4093998214 22.5610283454 59.076221951 32.3882694814 32.2490309932 38.0131556175 35.8468966579 12.1655250606 10.0498756211 16.2788205961 15.5563491861 24.5967477525 23.0867927612 37.4432904537 35.5105618091 20.6155281281 19.6468827044 33.1209903234 30.8058436015 17.2626765016 18.3575597507 14.5602197786 17.4928556845 17.8044938148 22.5610283454 10.8166538264 9.8488578018 31.064449134 27.0185121722 29.0688837075 35.902646142 31.0483493925 55.1724568965 50.931326313 
97 108.041658632 19.0262975904 19.1049731745 34.0147027034 23.0 38.0 29.1547594742 29.0688837075 24.3310501212 24.7386337537 62.0322496771 33.3766385366 34.5253530033 38.0131556175 38.9101529167 12.0415945788 11.0453610172 18.6010752377 19.2093727123 24.0416305603 24.3515913238 39.8246155035 39.8246155035 20.8806130178 21.5406592285 31.4006369362 32.4499614792 16.7630546142 18.0277563773 18.4390889146 18.8679622641 14.8660687473 24.7386337537 13.416407865 13.0 27.7848879789 26.0 27.4590604355 30.6757233004 33.6154726279 54.8178802947 57.008771255 
197 114.157785543 20.2237484162 18.0277563773 35.0570962859 23.0867927612 42.1070065429 26.83281573 25.8069758011 22.4722050542 22.2036033112 62.2012861603 32.3882694814 32.7566787083 37.1214223865 35.8468966579 12.0415945788 11.0453610172 18.6010752377 17.691806013 24.1867732449 23.0867927612 40.249223595 40.8044115262 20.1246117975 18.6815416923 32.6496554346 29.8328677804 19.4164878389 17.2046505341 17.0880074906 16.2788205961 17.0293863659 22.2036033112 13.8924439894 13.9283882772 31.2409987036 27.2946881279 28.231188427 33.5410196625 26.4764045897 52.4022900263 50.931326313 
205 110.072703247 21.0950231097 20.0 29.0 22.0227155455 40.049968789 28.6530975638 26.6270539114 24.0416305603 22.5610283454 58.0775343829 32.14031736 33.2415402772 36.7695526217 37.1618083521 11.1803398875 11.0453610172 18.8679622641 19.2093727123 24.5967477525 24.0416305603 41.1825205639 39.4461658466 19.3132079158 18.6815416923 32.2490309932 30.8058436015 15.8113883008 15.2643375225 14.8660687473 15.8113883008 16.4012194669 22.5610283454 13.416407865 13.6014705087 28.6530975638 28.0 29.5296461205 30.5941170816 28.4429253067 53.0754180389 50.2493781056 
207 113.441614939 21.3775583264 19.0 32.14031736 21.2132034356 42.2965719651 27.3130005675 26.6270539114 23.2594066992 22.360679775 58.3095189485 32.14031736 32.9848450049 37.6961536499 36.7151195014 11.401754251 10.0 19.2353840617 18.4390889146 24.4131112315 23.0867927612 39.8246155035 37.8021163429 19.7230829233 18.973665961 33.6154726279 30.8058436015 18.2482875909 16.1245154966 15.2315462117 14.4222051019 18.4390889146 22.360679775 13.0384048104 13.3416640641 28.4253408071 25.179356624 26.4007575649 34.4818792991 28.7923600978 55.9732078766 53.0754180389 
228 112.871608476 20.2237484162 19.0262975904 30.2654919008 21.2132034356 39.2045915678 25.9422435421 25.495097568 21.5406592285 20.0997512422 59.5399025864 33.0605505096 32.7566787083 37.947331922 36.7151195014 10.4403065089 11.0 18.8679622641 17.0293863659 25.9422435421 24.7386337537 38.4837628098 38.6005181312 18.8679622641 18.4390889146 32.6955654485 29.8328677804 16.1245154966 15.2315462117 15.2315462117 15.6204993518 14.8660687473 20.0997512422 12.5299640861 13.0 29.206163733 27.1661554144 28.6356421266 34.9284983931 30.0166620396 52.4022900263 49.040799341 
238 109.01834708 20.0997512422 19.0262975904 30.0166620396 23.0867927612 41.1096095822 28.6356421266 27.4590604355 25.2982212813 24.3310501212 57.1401785086 32.2490309932 33.1360830516 38.0788655293 37.1618083521 11.401754251 12.0415945788 18.6010752377 17.691806013 25.495097568 25.0 41.5932686862 40.4969134626 20.591260282 19.9248588452 34.0 32.0156211872 17.7200451467 14.7648230602 14.3178210633 14.7648230602 17.0293863659 24.3310501212 12.5299640861 12.0830459736 30.2324329157 27.0739727414 28.6356421266 29.4278779391 27.892651362 51.8555686499 53.1507290637 
434 114.01754251 20.0249843945 20.0 34.0147027034 22.0227155455 42.0119030752 27.2946881279 26.4196896272 24.0416305603 24.0416305603 60.0333240792 29.6141857899 29.6141857899 35.3553390593 34.4818792991 11.1803398875 11.0453610172 19.4164878389 18.6010752377 26.9258240357 25.079872408 39.6610640301 39.4461658466 21.0237960416 21.0237960416 34.1320963318 34.6698716467 18.0277563773 15.2643375225 18.3847763109 14.4222051019 15.5563491861 24.0416305603 13.0 13.0 28.3019433962 26.0 27.7848879789 30.4138126515 30.1496268634 51.6236379966 50.2095608425 
568 112.218536793 21.0 20.0997512422 28.0178514522 26.0192236625 40.049968789 28.8444102037 29.5296461205 24.5153013443 24.7386337537 58.0775343829 34.0587727319 34.0 37.1618083521 37.3363094052 13.0 13.0384048104 18.4390889146 17.691806013 25.495097568 25.632011236 38.9486841883 41.6773319683 20.2237484162 20.6155281281 31.2409987036 30.8058436015 14.8660687473 18.6010752377 14.5602197786 18.3575597507 14.8660687473 24.7386337537 11.1803398875 12.2065556157 31.7647603485 29.0172362571 30.8706980809 32.5576411922 29.8328677804 53.7587202229 55.3172667438 
658 113.039815994 20.0249843945 19.0262975904 29.0172362571 17.0293863659 37.0 27.7308492477 25.0599281723 25.2982212813 24.0416305603 53.1507290637 33.3766385366 33.7342555869 36.4005494464 36.6742416418 8.0622577483 9.0 15.2643375225 15.0 25.079872408 24.1660919472 42.0475920833 42.4852915725 19.9248588452 21.8403296678 31.6227766017 33.3016516107 14.8660687473 16.1245154966 16.1554944214 17.4928556845 18.7882942281 24.0416305603 11.7046999107 12.5299640861 30.0166620396 28.0178514522 29.0688837075 30.5941170816 30.4138126515 54.0370243444 53.9073278878 
742 109.01834708 20.0997512422 19.0 32.0156211872 22.0227155455 42.0119030752 26.83281573 25.0599281723 23.4093998214 23.0867927612 56.0802995712 33.3766385366 33.3766385366 37.5765884561 36.6742416418 11.0453610172 11.0 18.0277563773 18.4390889146 25.0599281723 23.4093998214 40.8166632639 39.9624824054 19.2353840617 19.3132079158 32.6496554346 31.6227766017 17.4642491966 15.2643375225 15.8113883008 15.2643375225 15.6204993518 23.0867927612 13.0384048104 13.416407865 28.3019433962 26.0 28.3019433962 31.7804971641 30.3644529014 54.4885309033 53.9073278878 
778 110.018180316 21.0237960416 21.0950231097 31.0 23.0 42.0 25.2388589282 25.495097568 21.1896201004 23.2594066992 56.0357029045 33.2415402772 33.2415402772 38.4837628098 38.0788655293 12.1655250606 11.1803398875 18.4390889146 17.8044938148 24.6981780705 25.079872408 40.3112887415 41.3400532172 17.4642491966 19.7230829233 31.7647603485 34.4383507154 15.2970585408 15.2643375225 16.2788205961 15.2315462117 16.2788205961 23.2594066992 11.6619037897 11.6619037897 31.384709653 29.0172362571 31.7647603485 30.6757233004 31.6227766017 54.8178802947 56.8506816142 
1001 112.040171367 20.0997512422 19.1049731745 29.0 24.0 40.0124980475 30.4138126515 30.4138126515 25.7099202644 25.495097568 57.0 31.0161248385 31.2569992162 36.4005494464 37.5765884561 12.3693168769 12.3693168769 19.2093727123 19.2093727123 23.4093998214 24.3515913238 40.249223595 41.3400532172 21.8403296678 22.803508502 32.2024843762 32.0156211872 15.6524758425 16.1245154966 16.5529453572 17.4928556845 15.8113883008 25.495097568 11.1803398875 12.0830459736 28.8444102037 27.0185121722 28.6530975638 32.9848450049 29.6141857899 53.9073278878 53.0754180389 
1243 117.426572802 20.0249843945 20.2237484162 33.0605505096 23.0 41.0487515035 26.6270539114 27.3130005675 23.5372045919 23.769728648 59.2114853723 32.5576411922 34.2344855372 38.9101529167 40.3112887415 11.401754251 12.3693168769 17.691806013 17.0293863659 21.1896201004 21.0950231097 40.2243707222 39.3573373083 19.3132079158 21.0950231097 33.0151480384 34.4383507154 17.0880074906 15.0 17.4642491966 15.2315462117 13.4536240471 23.769728648 9.8488578018 10.0 30.083217913 29.1547594742 32.4499614792 30.0166620396 34.3656805549 51.0881590978 53.0377224247 
1251 114.004385881 20.0249843945 20.0 31.0 22.0 42.0 27.2946881279 26.0768096208 24.0416305603 22.803508502 58.0344725142 30.4138126515 30.2654919008 35.77708764 35.3411940941 11.1803398875 11.1803398875 17.8044938148 17.8044938148 24.1660919472 24.1660919472 41.6773319683 41.6773319683 19.2353840617 17.88854382 33.1209903234 32.2490309932 16.4924225025 14.7648230602 15.5241746963 13.8924439894 17.8044938148 22.803508502 11.1803398875 11.1803398875 28.3019433962 26.0 28.8444102037 31.7804971641 32.5576411922 55.2268050859 54.4885309033 
1409 109.004587059 18.0277563773 19.1049731745 30.0166620396 24.0 39.0 28.3019433962 29.5296461205 23.1948270095 24.5153013443 59.0084739677 31.1448230048 30.1496268634 37.1618083521 36.2491379208 12.3693168769 12.3693168769 18.4390889146 18.4390889146 19.3132079158 19.6977156036 38.0788655293 38.5875627631 20.6155281281 21.8403296678 29.8328677804 31.4006369362 15.5241746963 18.8679622641 15.8113883008 18.3575597507 16.2788205961 24.5153013443 10.8166538264 10.8166538264 28.6530975638 27.0 29.5296461205 29.8328677804 31.5753068077 50.9901951359 53.0377224247 
1435 120.016665509 19.1049731745 20.0249843945 29.0172362571 24.0 41.0121933088 27.7848879789 27.2946881279 22.5610283454 24.0416305603 56.0089278598 31.1448230048 32.0624390838 36.2491379208 36.7695526217 12.1655250606 12.1655250606 17.0293863659 18.3847763109 22.4722050542 21.9317121995 40.2243707222 38.4707681233 18.973665961 19.6977156036 29.6816441593 32.7566787083 15.8113883008 15.8113883008 14.5602197786 15.2315462117 18.4390889146 24.0416305603 10.8166538264 11.1803398875 28.6356421266 27.1661554144 30.8058436015 31.5753068077 36.3455636908 54.4518135602 53.7587202229 
1555 110.0 18.0277563773 19.0262975904 30.0 23.0217288664 39.0512483795 26.0768096208 26.4196896272 21.3775583264 22.803508502 57.008771255 33.1360830516 32.2490309932 37.6961536499 38.4837628098 11.1803398875 12.3693168769 17.0293863659 18.4390889146 23.4093998214 22.4722050542 42.9418211072 44.283179651 18.973665961 20.6155281281 29.4108823397 32.4499614792 13.9283882772 14.7648230602 17.7200451467 16.6433169771 15.6204993518 22.803508502 11.6619037897 10.8166538264 30.4138126515 30.0166620396 32.7566787083 28.4604989415 36.2215405525 54.4058820349 57.3149195236 
1641 113.070774296 19.1049731745 18.0 31.0 21.0950231097 43.0116263352 25.0599281723 24.6981780705 21.1896201004 21.5870331449 56.0089278598 31.1448230048 33.7342555869 36.4005494464 38.4707681233 10.4403065089 11.0453610172 15.8113883008 16.2788205961 21.6333076528 19.7230829233 40.8166632639 40.4969134626 18.0277563773 19.3132079158 29.1547594742 30.8058436015 15.5241746963 15.8113883008 16.4924225025 16.6433169771 15.0 21.5870331449 10.0 10.295630141 29.0688837075 28.0178514522 31.384709653 26.9258240357 31.2569992162 51.8555686499 53.0377224247 
1660 115.212846506 23.0217288664 24.0208242989 30.0665927567 24.0208242989 44.0113621693 25.5538646784 26.6270539114 23.2594066992 22.8473193176 58.0344725142 33.0 32.5576411922 37.947331922 38.4707681233 12.3693168769 12.1655250606 16.9705627485 16.2788205961 22.360679775 22.360679775 38.8329756779 38.0131556175 19.4164878389 19.6977156036 37.1618083521 36.235341864 14.1421356237 14.3178210633 16.4924225025 16.1245154966 15.0 22.8473193176 9.43398113206 9.43398113206 30.5286750449 28.0 31.384709653 30.4138126515 32.0156211872 50.2095608425 49.040799341 
