Leaf
235 1.0 0.155710228323 0.160877971991 0.280088876486 0.176764841829 0.327743574885 0.215591784679 0.202571638871 0.19822194747 0.188512809258 0.478251699644 0.246906568755 0.251214029601 0.284883560224 0.28161681896 0.0886475498349 0.0881925551291 0.128639845055 0.124723107564 0.206180486272 0.211319729068 0.354476724421 0.339283533858 0.168053325892 0.15995842292 0.280280324818 0.28161681896 0.149470479243 0.115802498188 0.144265932383 0.104863622105 0.143239779522 0.188512809258 0.0905927909658 0.0926419985503 0.266597371534 0.259149328924 0.282899601492 0.280853886792 0.280853886792 0.446823605371 0.457881379161 
1053 1.0 0.143115848507 0.142798869494 0.276077814356 0.199918417292 0.333197362154 0.23005937401 0.217296320203 0.205506928589 0.194169125886 0.476376876436 0.231629763395 0.231629763395 0.277551112887 0.272775329308 0.105151004427 0.0956740584837 0.128077486968 0.135303551075 0.192763782016 0.192763782016 0.344957723595 0.349525170543 0.157582792254 0.1537990893 0.248249262258 0.245680464631 0.147788973097 0.129484974141 0.138612194931 0.129484974141 0.156138373213 0.194169125886 0.0818934882104 0.0725015859895 0.268252489688 0.25703796509 0.277551112887 0.278691627107 0.295271170869 0.451067651759 0.438019998335 
1204 1.0 0.158526267621 0.164712716761 0.267918516146 0.180367563165 0.36073512633 0.215016059134 0.224788281892 0.195227340224 0.1969776106 0.464883853735 0.244320656508 0.249697623434 0.286022176187 0.29318478781 0.0935145092394 0.08893406138 0.135702475719 0.14340186509 0.207672558032 0.200357835384 0.344006607767 0.347631463883 0.15880842673 0.161325652869 0.267025823898 0.271239946892 0.140032187657 0.110620882094 0.141832297229 0.11994128793 0.156250652886 0.1969776106 0.0955665486929 0.0855122297778 0.267025823898 0.240441815885 0.271239946892 0.278568408395 0.308318729143 0.459848862099 0.463630232072 
1224 1.0 0.151264330433 0.151599109884 0.250050691089 0.186033935394 0.308611914945 0.200462490807 0.218531112121 0.176525583417 0.186124750111 0.454053588632 0.228584585071 0.235143969143 0.262641710013 0.270502414104 0.0931984643921 0.0931984643921 0.12359799121 0.140009076745 0.203058937922 0.173435181165 0.308118705497 0.314631268206 0.145687408081 0.145687408081 0.252404952617 0.249644874174 0.134216466031 0.104805452038 0.126970077451 0.106722783896 0.127501335325 0.186124750111 0.0919204621767 0.0809735276533 0.278201800353 0.255796661167 0.272989844967 0.274225099443 0.313932265978 0.420027230234 0.430360570173 
1229 1.0 0.160130954595 0.15389256548 0.283961047897 0.171624526106 0.313974082275 0.21201904264 0.222328115196 0.202309481107 0.195091232759 0.497140778888 0.25107339703 0.24707057216 0.302280332748 0.296260421216 0.0904755504495 0.0861174647151 0.133831481568 0.126577363171 0.203945549519 0.201182400019 0.336091344325 0.349160170208 0.14293208497 0.145479229634 0.260845355426 0.251630101476 0.155250467372 0.121356866228 0.142195949166 0.113615213363 0.12546701397 0.195091232759 0.0771165808812 0.0721965491262 0.26198281652 0.248412013901 0.264507690243 0.302569513272 0.284453395121 0.452377752247 0.451681250291 
1267 1.0 0.163131623644 0.168563406463 0.255488819762 0.195724751924 0.336995370925 0.219079855545 0.226503893876 0.192606341904 0.197826151518 0.478253806559 0.240665900393 0.241339950066 0.284375701377 0.281976743743 0.0991740114037 0.0984266457312 0.142654466585 0.146030765572 0.177690666288 0.177690666288 0.335722111763 0.336469089441 0.141302261029 0.155626191481 0.250763079151 0.270318401665 0.135867558682 0.119686903868 0.132343650527 0.11464517161 0.134556908507 0.197826151518 0.0923899399034 0.0878003034532 0.269826267017 0.255431010321 0.27716981971 0.269004041844 0.294729274799 0.438159711089 0.45404978519 
1301 1.0 0.164893696752 0.170747850946 0.273542348116 0.185791462075 0.330792293735 0.213022318716 0.214327119802 0.187569411313 0.189470858116 0.485059979998 0.236473924896 0.24059263191 0.279305811395 0.29039846948 0.0933234956839 0.0950152979959 0.13865111274 0.131979353284 0.1989056916 0.195879054843 0.32171772846 0.338880931459 0.150232377113 0.154673698996 0.261634814353 0.274269404457 0.141775770434 0.120736963277 0.142522946994 0.120185901691 0.142149849634 0.189470858116 0.0852961360029 0.0877512022281 0.26077074364 0.237090692553 0.258931428604 0.285697215633 0.294844759939 0.437483285725 0.448304738045 
1315 1.0 0.162667488722 0.168945689709 0.250251720151 0.18624636875 0.325334977444 0.206346582287 0.22027822934 0.177286463843 0.192627723582 0.478693094348 0.254575325539 0.255233995012 0.293252985719 0.297064211468 0.092897540272 0.0955701142763 0.131121115042 0.143939581385 0.203808598762 0.210056118377 0.334294562122 0.331875028062 0.145332577534 0.153096536087 0.26358330466 0.269566724465 0.128273130353 0.112514456947 0.128665204004 0.127089652285 0.141468836969 0.192627723582 0.0882636017748 0.085559039427 0.264790805324 0.250854817955 0.282937673939 0.296045120261 0.295477439738 0.452587516443 0.451919271038 
1322 1.0 0.164136704134 0.169394228329 0.254154073353 0.186419184171 0.333333333333 0.215011334732 0.214640305406 0.183922578129 0.180775381516 0.485892153097 0.250043834831 0.251569281629 0.290670053815 0.292964421729 0.091917941766 0.0966520709969 0.136686669635 0.143735769054 0.194455261479 0.191064541907 0.356086205322 0.348804064578 0.151510803816 0.150030551116 0.262727966493 0.2615725781 0.134215161397 0.119112505375 0.130358981479 0.125372074967 0.143957412623 0.180775381516 0.0939760612055 0.0883813022258 0.278915254358 0.254154073353 0.278056611209 0.292419776488 0.300591902403 0.467976572462 0.459173287987 
1337 1.0 0.169518192788 0.169518192788 0.239663651872 0.175461044913 0.344931374696 0.196497729986 0.209296674761 0.18345790557 0.175850094271 0.461790938974 0.229838649248 0.224879140946 0.261416691377 0.264082618899 0.0878764563347 0.0884577843253 0.119938707324 0.12400082447 0.203921776066 0.196497729986 0.337318711419 0.356907987712 0.139435850189 0.136838591448 0.271923626826 0.251626296461 0.127666662593 0.0942551285022 0.122056682175 0.116909098474 0.14077719664 0.175850094271 0.0795067827551 0.0748583482018 0.28696361663 0.252439745661 0.261743258264 0.298175503984 0.276286649794 0.434494673777 0.424510443194 
1353 1.0 0.157980243711 0.152720180867 0.263206875554 0.163155634979 0.352626694955 0.188665264072 0.197838798072 0.170055480692 0.178091473541 0.452900620196 0.246692196819 0.25290205042 0.282446779917 0.291947077458 0.0796449282103 0.0848646956316 0.123318023731 0.126751871591 0.175190383842 0.175190383842 0.362542138661 0.370141209689 0.132834259825 0.132834259825 0.254376392039 0.249594557801 0.136637633691 0.0937065643171 0.135313495677 0.0978990400551 0.137748116653 0.178091473541 0.0848646956316 0.0848646956316 0.298932108561 0.284255318055 0.294450673989 0.274488931091 0.258749017365 0.454091702477 0.454091702477 
1460 1.0 0.161196917975 0.155645122863 0.244492475945 0.161196917975 0.311141504659 0.217293334085 0.217293334085 0.183237828288 0.181970315991 0.477780584709 0.231059452434 0.232058993304 0.268323096818 0.26338973279 0.0840656217599 0.0779711251584 0.130162793439 0.122340868025 0.191876112152 0.194035236181 0.343166488903 0.327945804682 0.149578678343 0.161960888691 0.254389922778 0.260384852807 0.135278268213 0.118886742422 0.126921717332 0.114388829634 0.13754060347 0.181970315991 0.0897472070055 0.0897472070055 0.288871057892 0.277982752283 0.290681511738 0.285269770775 0.295733559943 0.415602682178 0.407807097549 
1473 1.0 0.130478605863 0.141333702244 0.260957211726 0.179334831928 0.331345621557 0.167774359101 0.183803655523 0.149451177418 0.16204901832 0.445448545782 0.22376508479 0.225341840065 0.264829275242 0.271214272552 0.0937690536914 0.0875866821235 0.134925483541 0.134487412633 0.189494535334 0.175509912807 0.327944360884 0.346621331168 0.119625088046 0.123866273742 0.223962786273 0.24054160141 0.125991874957 0.0904047575173 0.138486704104 0.0925018460682 0.123149587261 0.16204901832 0.0904047575173 0.0827361663411 0.298803625732 0.282928240019 0.29054294214 0.277239600876 0.322134756537 0.418819921068 0.459533217259 
1490 1.0 0.163222417291 0.163222417291 0.226287583638 0.205237575858 0.358198216777 0.22634876725 0.22634876725 0.181689737334 0.181689737334 0.489412680892 0.242075089473 0.242988583623 0.278515149943 0.284856464373 0.106427515377 0.101226246039 0.152975057052 0.156465431397 0.203271588445 0.190761158815 0.349273169897 0.362921913763 0.151884959622 0.154774825519 0.245313886208 0.253966839046 0.113357761088 0.125530252548 0.128150296707 0.128474045341 0.127391683634 0.181689737334 0.101226246039 0.0941384966472 0.291867296209 0.273650101144 0.291867296209 0.268593892541 0.318544419993 0.43934800472 0.452697534499 
1564 1.0 0.150065796691 0.166718073678 0.244447217719 0.194396451245 0.34435942792 0.22961027542 0.223896327899 0.190873324128 0.196840793852 0.477692142309 0.251476390787 0.256456604766 0.28822952423 0.293269347474 0.0950723214091 0.100590556315 0.137515143203 0.141386450312 0.191840593789 0.193999318141 0.367920170319 0.362684408621 0.151701439519 0.154022248108 0.249629537954 0.268675593479 0.129187032011 0.100129481819 0.137178233403 0.10784275233 0.127866925519 0.196840793852 0.0847809441422 0.0847809441422 0.268445858 0.261282904473 0.288657323388 0.266600847422 0.328120225721 0.443952731313 0.4658235815 
1594 1.0 0.161483830545 0.161101166902 0.255600157596 0.177853583873 0.317085387273 0.206740506033 0.208005440853 0.175671248662 0.177853583873 0.477877461582 0.230189672923 0.232058993304 0.273280328615 0.27356249733 0.0904323101315 0.0895751124905 0.131107726305 0.141412627332 0.191312361601 0.19155417214 0.345362705136 0.338321116149 0.159077081433 0.154750317553 0.263916454257 0.260384852807 0.138880316294 0.124837877831 0.130044194059 0.120177624373 0.129687745163 0.177853583873 0.0924571650387 0.0846144782215 0.278426460071 0.261154085954 0.275809454968 0.290787657994 0.302491403602 0.451888464991 0.459742095872 
1608 1.0 0.170285349605 0.170285349605 0.235041433693 0.195054339558 0.370521620655 0.209393446503 0.217072080128 0.173916575698 0.191367023978 0.455416578062 0.245446482155 0.246259894434 0.279718029062 0.286342104518 0.10049373165 0.096172111823 0.134529514163 0.134343571415 0.196967307917 0.190384808644 0.346681382831 0.358451044475 0.134622389227 0.147640848744 0.248231420485 0.268314741898 0.117041147196 0.104038058461 0.129801059967 0.109767003788 0.131237485774 0.191367023978 0.0874599055367 0.0832124243683 0.297390578002 0.275031699548 0.297684629073 0.276617693334 0.295366341807 0.449115608187 0.456403516182 
1645 1.0 0.153128298698 0.153806611204 0.250022770596 0.183651957897 0.306256597396 0.226598277664 0.241875129766 0.192101686367 0.203098957967 0.480213572092 0.225908129023 0.23316442131 0.260123588063 0.276515167045 0.0873226430073 0.097462936919 0.157154263669 0.157154263669 0.196918353629 0.190469064526 0.3467855926 0.355969631654 0.158227001472 0.171487426771 0.253280365201 0.261769167287 0.125996354421 0.118985081322 0.138774260512 0.134778547975 0.140729579598 0.203098957967 0.11292526072 0.111883385708 0.312856173082 0.295927684637 0.307993696545 0.296586522599 0.33163305242 0.450922570522 0.466468340917 
1684 1.0 0.14667223056 0.162368060989 0.261800163947 0.17798851734 0.33503720911 0.211027838681 0.213673452267 0.182849165938 0.185527327226 0.476409794331 0.226619805042 0.237427059662 0.264714927563 0.289109916313 0.0852189159393 0.0955289897732 0.138206814577 0.144791739574 0.196711801941 0.19248700454 0.334791730599 0.350155585354 0.15467502332 0.159214982955 0.249746377243 0.272066682136 0.127479518664 0.11493084174 0.146016813547 0.124873188622 0.133260233913 0.185527327226 0.091424582969 0.091424582969 0.269485874099 0.256726445995 0.278635440964 0.25393585827 0.319503931745 0.422574811232 0.466968673891 
