Leaf
204 1.0 0.177179646877 0.16776505626 0.27238839169 0.184222624626 0.33692235963 0.203250357974 0.195397600682 0.1697587177 0.156112066092 0.491858823647 0.304635534139 0.286419759314 0.352621213633 0.331406563186 0.095847059761 0.0933731699097 0.146142119243 0.137902026772 0.168026440562 0.172833069024 0.34115077342 0.334569581925 0.138537035626 0.123580293497 0.268983740734 0.246923729646 0.146442103382 0.114102189014 0.131716844374 0.103338083534 0.153751602579 0.156112066092 0.0811344375545 0.0855232064496 0.246686644877 0.223410450458 0.227433848946 0.318440465421 0.26420996314 0.50769387624 0.47580426814 
234 1.0 0.18269611954 0.163792717116 0.287367542136 0.184550950034 0.358442782354 0.217461917003 0.207094682954 0.178562352165 0.161618915493 0.520027770486 0.311347563252 0.301254505412 0.35288119559 0.33427517651 0.0934042689756 0.0922754750168 0.157680400829 0.149492403574 0.197511304745 0.183483143867 0.358150295335 0.344123099928 0.13109813961 0.123057624793 0.269391875339 0.231750958797 0.164112312965 0.123270343404 0.126625251258 0.123057624793 0.144773676227 0.161618915493 0.11225796038 0.116944515932 0.241440219193 0.230390373895 0.240624999468 0.294748680786 0.245315566166 0.511365750164 0.464771981555 
263 1.0 0.174704582249 0.167303138441 0.275573089762 0.183715393175 0.325258375978 0.207514003724 0.20304929086 0.173702444447 0.166168866797 0.503501082929 0.288368397613 0.285631142223 0.323689127985 0.316048296385 0.0923316001451 0.0916991844822 0.151130242889 0.149192595535 0.192984103514 0.201539075065 0.371877976443 0.352600560529 0.138155593108 0.125462860345 0.271263253686 0.250983691285 0.152567329827 0.107881393508 0.129682230353 0.103053556451 0.148802038332 0.166168866797 0.103757001862 0.107476076884 0.266447386736 0.25375070581 0.262985099722 0.312716508257 0.290479541833 0.509703908015 0.492753505366 
285 1.0 0.16766403698 0.165382787322 0.276518613635 0.187757825572 0.320167483902 0.207150697898 0.200667477584 0.177524554161 0.165841547669 0.487653365198 0.298962395467 0.293007190692 0.345241382538 0.342767768613 0.0924106898713 0.100598422188 0.145541029117 0.144282725711 0.199832782246 0.193889326581 0.33776619897 0.333738294252 0.141195537861 0.135595956746 0.266728706758 0.25650628026 0.138259306817 0.110942146428 0.141732609172 0.117202876277 0.157668778943 0.165841547669 0.0841486228698 0.088890577235 0.258394985234 0.237304930727 0.253946213856 0.308419068534 0.3068384351 0.505012107166 0.499505909955 
347 1.0 0.1890494079 0.175325319409 0.263291952991 0.204699028292 0.37027665553 0.211363663585 0.203828828681 0.167867096224 0.157147874087 0.498492774962 0.268462024424 0.265755819085 0.316437545642 0.311340991925 0.105091504401 0.103271600467 0.144580240654 0.137867479183 0.175527968661 0.165592754449 0.368351460567 0.360712193098 0.12962768596 0.118550119861 0.266868238427 0.239487215064 0.137091726034 0.112075990445 0.129901644038 0.120532700799 0.158947335874 0.157147874087 0.0837568829021 0.0851599433705 0.281392740134 0.258431319563 0.263516892761 0.299942324329 0.268152863481 0.509891725739 0.48272032549 
349 1.0 0.178315737905 0.167863872526 0.272247577565 0.193714622498 0.350819601578 0.19901902947 0.212603792973 0.164315599531 0.161284928757 0.518343944839 0.300667167435 0.301350140604 0.349253434821 0.345148143311 0.106784285426 0.0914346064953 0.164398987305 0.161284928757 0.201414873628 0.193714622498 0.376994540417 0.374806932739 0.129308060576 0.127493495149 0.26541608702 0.236527794837 0.143762743957 0.111308901795 0.133480356782 0.129625641228 0.134095004807 0.161284928757 0.1078061679 0.103127987628 0.279255551738 0.257021350829 0.259990342793 0.310091936264 0.266601101162 0.518766823918 0.500534224773 
354 1.0 0.182922079557 0.164507586216 0.269439869712 0.175719553857 0.335434262613 0.2156995522 0.214862422707 0.183822977272 0.167672353004 0.50065286425 0.309298812743 0.300981084841 0.347052934499 0.33341342063 0.0892167649811 0.0878597769283 0.142915058352 0.147466311539 0.199268780135 0.194230914208 0.338243158401 0.328329771009 0.158083010435 0.143857710949 0.288028439676 0.246319741052 0.148380053021 0.134803516666 0.124975593088 0.129345442884 0.147466311539 0.167672353004 0.103406665431 0.103985979014 0.251030375975 0.22576907611 0.232842437878 0.319191601969 0.272102164455 0.496586733658 0.465620371999 
439 1.0 0.17327592763 0.166894737749 0.283900826818 0.189225529719 0.329292037711 0.209573480087 0.209960325788 0.173334456909 0.168286812257 0.504960884523 0.311825113657 0.303917844215 0.368703435072 0.347953958849 0.102709129078 0.0928542614101 0.144201343786 0.14664265244 0.167622479883 0.16665145083 0.37065157469 0.356620668468 0.145042993017 0.136986648747 0.272078551298 0.255822981623 0.159243744563 0.118911474357 0.129995965974 0.109958929892 0.144201343786 0.168286812257 0.0900818653135 0.0828067471727 0.270395690701 0.256891305891 0.257955205721 0.318041294085 0.279399038025 0.51324928354 0.500136917533 
636 1.0 0.191084818139 0.18127897548 0.264830046549 0.210852377847 0.362154884742 0.235461160889 0.230888664243 0.184710931395 0.170911457131 0.513474453589 0.271582553934 0.276960948412 0.319060152217 0.3122585531 0.114650890884 0.0978831864346 0.17235808227 0.15785040206 0.186677251777 0.18127897548 0.343910206736 0.356914523192 0.137793221953 0.133486115267 0.266972230533 0.244886955236 0.147519459744 0.134249834459 0.12085265032 0.124425418925 0.157108445416 0.170911457131 0.109436729361 0.104381994926 0.270882528342 0.259650449683 0.261220704297 0.305974471815 0.256936258951 0.504695484701 0.487891594137 
