Leaf
714 114.280357017 18.0 18.1107702763 29.0688837075 22.0227155455 36.0138862107 23.6008474424 25.495097568 19.4164878389 22.1359436212 54.3323108288 28.4429253067 29.0688837075 32.2490309932 32.6955654485 11.0 11.0453610172 15.0 14.1421356237 18.6815416923 20.1246117975 39.9624824054 38.0788655293 16.7630546142 17.4642491966 28.0178514522 28.6530975638 14.8660687473 14.2126704036 15.2970585408 15.2643375225 15.5563491861 22.1359436212 8.94427191 9.43398113206 32.3109888428 31.2569992162 34.6698716467 33.0605505096 36.0138862107 49.040799341 49.5176736126 
330 104.043260233 17.0293863659 17.1172427686 26.0192236625 17.0 27.0185121722 23.7065391823 23.3238075794 20.8806130178 18.6815416923 49.0 25.7099202644 26.1725046566 30.0166620396 29.1547594742 9.05538513814 8.0622577483 10.6301458127 11.401754251 18.0277563773 18.4390889146 30.4138126515 29.0688837075 19.3132079158 18.0277563773 29.4108823397 27.4590604355 14.8660687473 14.7648230602 12.6491106407 14.3178210633 14.8660687473 18.6815416923 6.40312423743 5.83095189485 25.5538646784 23.0 25.5538646784 35.1283361405 30.5941170816 46.2276973253 43.1393092202 
118 108.00462953 18.1107702763 18.0277563773 30.0 20.0 30.0166620396 24.6981780705 23.8537208838 19.6468827044 19.6468827044 56.0089278598 27.4590604355 27.4590604355 32.6496554346 32.6496554346 10.1980390272 10.1980390272 14.1421356237 14.1421356237 18.6815416923 17.7200451467 30.0166620396 30.886890423 16.7630546142 15.8113883008 26.9258240357 26.9258240357 15.2970585408 16.4012194669 15.2970585408 15.6204993518 16.2788205961 19.6468827044 8.0622577483 8.0622577483 23.0217288664 21.0 22.4722050542 35.4682957019 34.1760149813 50.931326313 50.931326313 
224 105.019045892 19.0 17.0 31.0 21.0237960416 31.0 22.4722050542 21.9544984001 20.2484567313 19.9248588452 54.0 26.6833281283 25.3179778023 31.064449134 29.5296461205 11.0 10.0498756211 14.8660687473 14.8660687473 23.3452350599 24.7386337537 33.1209903234 32.6496554346 15.2643375225 16.6433169771 29.9666481275 29.5296461205 16.7630546142 11.313708499 15.8113883008 10.8166538264 13.4536240471 19.9248588452 9.8488578018 10.295630141 27.2946881279 25.0 27.2946881279 32.14031736 28.8617393793 46.7546789102 46.0977222865 
446 106.0 19.2353840617 17.0293863659 30.0 22.0 34.0 25.9422435421 25.0599281723 21.1896201004 21.5870331449 54.0092584656 33.2415402772 33.2415402772 38.0788655293 38.0788655293 11.1803398875 11.1803398875 16.2788205961 16.2788205961 21.1896201004 20.6155281281 33.1209903234 34.1320963318 18.3847763109 18.0277563773 29.5296461205 28.0178514522 15.5241746963 15.2643375225 15.5241746963 15.8113883008 17.2046505341 21.5870331449 9.43398113206 9.8488578018 23.6008474424 20.0249843945 22.4722050542 32.6955654485 31.7804971641 52.6307894678 53.2634959423 
472 103.043680059 18.1107702763 18.0 28.0 19.0262975904 32.0 24.5967477525 23.8537208838 21.1896201004 20.6155281281 52.038447325 29.1547594742 30.5941170816 32.3109888428 34.0 9.05538513814 10.0 15.6204993518 14.2126704036 21.8403296678 21.1896201004 36.2491379208 37.1214223865 21.0237960416 19.3132079158 31.9061122671 30.8058436015 13.9283882772 14.5602197786 15.8113883008 15.2643375225 14.2126704036 20.6155281281 9.8488578018 11.1803398875 28.1780056072 27.0185121722 29.0688837075 29.6141857899 31.1448230048 48.9182992345 48.795491595 
510 103.121287812 18.0 16.0312195419 28.0178514522 23.0217288664 36.0555127546 21.6333076528 21.9317121995 18.973665961 20.2484567313 49.0917508345 28.2842712475 28.0178514522 33.5410196625 33.6154726279 11.1803398875 12.3693168769 17.8044938148 19.2093727123 20.8806130178 20.2484567313 36.8917334914 36.6742416418 15.6524758425 16.5529453572 28.6530975638 26.9258240357 14.8660687473 11.401754251 14.5602197786 13.0384048104 13.4536240471 20.2484567313 10.7703296143 11.1803398875 27.8567765544 27.0739727414 28.6530975638 28.0713376952 28.6356421266 48.1663783152 48.9182992345 
666 112.01785572 19.0 19.0262975904 29.0172362571 18.0277563773 32.0156211872 25.2388589282 25.0599281723 21.5870331449 22.1359436212 55.0363516233 27.892651362 27.2946881279 31.384709653 30.8706980809 9.0 9.05538513814 14.2126704036 15.0 22.803508502 23.4093998214 34.885527085 35.77708764 17.0880074906 16.5529453572 29.6816441593 29.5296461205 14.8660687473 13.6014705087 15.5241746963 13.6014705087 15.5563491861 22.1359436212 10.7703296143 10.7703296143 27.7308492477 26.0192236625 27.7848879789 34.1320963318 33.1360830516 49.578221025 48.8364617883 
737 99.0807751282 18.0277563773 17.1172427686 28.0 20.0 35.0142828 23.3238075794 24.1660919472 19.9248588452 21.1896201004 50.0399840128 26.6833281283 26.0768096208 31.9061122671 29.1547594742 11.0453610172 9.05538513814 14.8660687473 14.8660687473 19.6977156036 18.3847763109 31.6227766017 31.9061122671 17.0880074906 18.3847763109 28.3019433962 28.3019433962 15.8113883008 14.2126704036 13.9283882772 13.416407865 14.8660687473 21.1896201004 9.8488578018 9.48683298051 26.9258240357 24.0208242989 25.9422435421 30.2654919008 25.9615099715 45.4532727095 43.931765273 
740 110.072703247 18.0277563773 19.2353840617 29.0 20.0 32.0156211872 25.0599281723 26.0 21.8403296678 22.8473193176 51.0392006207 30.2654919008 30.4138126515 34.9284983931 35.3411940941 10.1980390272 10.1980390272 14.8660687473 14.8660687473 19.4164878389 19.6977156036 32.2490309932 33.1209903234 16.7630546142 19.2353840617 27.4590604355 31.304951685 13.3416640641 15.2643375225 16.2788205961 15.6524758425 15.8113883008 22.8473193176 8.94427191 8.94427191 23.7065391823 23.0867927612 26.6270539114 30.3644529014 35.902646142 47.4236228055 52.3450093132 
769 102.019605959 18.1107702763 18.1107702763 29.0 20.0249843945 34.0147027034 23.3238075794 25.0599281723 18.973665961 20.8806130178 53.0377224247 31.4006369362 32.2490309932 36.2491379208 35.8468966579 10.1980390272 10.0498756211 14.2126704036 14.8660687473 20.6155281281 19.9248588452 31.9061122671 31.064449134 16.5529453572 17.4642491966 28.1780056072 28.6530975638 15.2970585408 14.4222051019 14.3178210633 14.7648230602 14.8660687473 20.8806130178 9.43398113206 8.94427191 23.6008474424 21.0 24.4131112315 30.083217913 31.3209195267 45.9673797382 47.3814309619 
856 95.0210502994 17.0293863659 16.0312195419 26.0 20.0 33.0151480384 21.9544984001 23.2594066992 18.973665961 20.8806130178 47.0425339454 28.2842712475 28.0713376952 32.2024843762 31.384709653 10.0498756211 10.0498756211 15.5563491861 14.2126704036 19.9248588452 19.3132079158 34.4818792991 34.885527085 14.8660687473 16.1554944214 25.5538646784 26.0768096208 13.3416640641 13.6014705087 13.3416640641 13.8924439894 14.2126704036 20.8806130178 8.94427191 10.0 25.5538646784 23.0 24.1867732449 30.4138126515 25.0 48.0832611207 45.607017004 
876 99.1261822124 18.0 18.1107702763 26.0192236625 21.0237960416 38.1182371051 24.2074368738 23.7065391823 19.2353840617 20.2484567313 52.0864665724 29.1547594742 29.0688837075 33.1058907145 33.2415402772 11.0453610172 10.1980390272 16.2788205961 16.4012194669 22.1359436212 21.4709105536 38.275318418 38.9101529167 14.3178210633 17.0 25.2388589282 29.0688837075 12.6491106407 13.4536240471 14.3178210633 13.416407865 16.2788205961 20.2484567313 10.295630141 10.8166538264 26.4007575649 26.0768096208 27.4590604355 25.632011236 27.2029410175 50.4479930225 50.0 
897 103.043680059 18.1107702763 18.0277563773 27.0185121722 22.0227155455 35.0 21.9544984001 21.9544984001 18.3847763109 19.3132079158 49.0102030194 27.0739727414 27.1661554144 32.6955654485 32.2024843762 11.401754251 11.1803398875 17.0293863659 16.2788205961 19.6468827044 19.6977156036 35.77708764 37.2155881319 14.3178210633 14.7648230602 26.4007575649 27.7308492477 13.3416640641 12.2065556157 14.5602197786 11.401754251 13.6014705087 19.3132079158 9.8488578018 10.295630141 23.8537208838 23.0 25.2388589282 30.083217913 30.083217913 50.6063237155 50.9901951359 
956 104.004807581 19.0262975904 17.0 26.0 20.0249843945 37.0 24.6981780705 23.3238075794 20.8806130178 20.6155281281 51.0098029794 27.4590604355 26.0192236625 31.7647603485 30.083217913 10.0498756211 10.1980390272 16.2788205961 15.8113883008 23.2594066992 23.0867927612 36.3593179254 35.8468966579 17.4642491966 15.2315462117 30.0166620396 26.9258240357 14.5602197786 13.8924439894 12.6491106407 11.6619037897 16.9705627485 20.6155281281 10.7703296143 11.1803398875 28.0178514522 25.079872408 25.495097568 32.5576411922 24.6981780705 50.931326313 47.2016948848 
987 100.124921973 18.0 17.1172427686 27.0739727414 20.0249843945 34.1320963318 24.6981780705 25.079872408 21.5870331449 22.1359436212 50.1597448159 28.2842712475 29.1547594742 32.2024843762 33.6154726279 10.0498756211 10.1980390272 14.8660687473 15.6204993518 21.8403296678 20.6155281281 35.5105618091 36.2491379208 16.4924225025 17.4642491966 27.2029410175 27.7848879789 13.9283882772 14.2126704036 14.3178210633 14.7648230602 15.8113883008 22.1359436212 9.8488578018 9.43398113206 27.3130005675 26.0768096208 26.9258240357 27.2029410175 27.892651362 48.9182992345 47.6340214553 
995 99.1816515289 17.1172427686 17.0293863659 28.0178514522 19.0262975904 35.0570962859 24.5967477525 23.8537208838 20.8806130178 19.4164878389 52.0864665724 30.1496268634 30.5941170816 34.1760149813 34.885527085 9.21954445729 10.0498756211 13.4536240471 13.4536240471 18.3575597507 18.3847763109 33.1209903234 33.0151480384 18.0277563773 18.6815416923 27.4590604355 27.8028775489 14.3178210633 16.1245154966 14.5602197786 16.6433169771 13.6014705087 19.4164878389 8.0622577483 9.43398113206 22.4722050542 22.0 24.1867732449 26.4007575649 29.8328677804 46.4004310325 48.8364617883 
1008 101.019800039 18.1107702763 18.1107702763 28.0 21.0 37.0135110466 24.6981780705 26.4196896272 19.6468827044 21.5870331449 54.0370243444 30.1496268634 30.2654919008 35.8468966579 35.8468966579 11.401754251 10.4403065089 16.2788205961 15.6204993518 18.3847763109 18.3575597507 31.6227766017 33.0151480384 15.5241746963 18.4390889146 25.5538646784 27.2029410175 15.2970585408 16.2788205961 13.3416640641 17.4928556845 16.4012194669 21.5870331449 9.43398113206 9.43398113206 20.5182845287 17.0293863659 18.6010752377 29.9666481275 25.495097568 48.9182992345 46.8614980554 
1056 101.044544633 18.1107702763 16.0 28.0178514522 20.0249843945 33.0605505096 21.9544984001 22.2036033112 18.3847763109 18.2482875909 52.038447325 26.3058928759 26.3058928759 31.7647603485 29.9666481275 11.1803398875 9.05538513814 13.4536240471 12.8062484749 18.3847763109 18.973665961 36.6742416418 35.3553390593 16.5529453572 16.7630546142 28.1780056072 26.4007575649 15.5241746963 13.6014705087 13.9283882772 13.6014705087 13.4536240471 18.2482875909 7.81024967591 8.0622577483 27.7848879789 26.0192236625 27.7308492477 31.2569992162 25.7099202644 48.795491595 46.2276973253 
1058 103.043680059 17.0293863659 16.0 31.0 22.0227155455 37.0540146273 24.5967477525 24.1867732449 21.8403296678 21.3775583264 54.0092584656 28.2842712475 29.4278779391 33.5410196625 34.0 11.1803398875 11.0453610172 16.2788205961 15.5563491861 21.1896201004 22.4722050542 38.4707681233 37.2155881319 18.7882942281 17.4642491966 29.6816441593 28.0178514522 16.4924225025 15.2643375225 15.5241746963 14.4222051019 15.6204993518 21.3775583264 9.8488578018 10.8166538264 26.9258240357 25.0 26.4196896272 28.6356421266 25.9615099715 49.6789693935 48.2700735446 
1083 105.118980208 18.2482875909 18.1107702763 29.0172362571 19.1049731745 39.0512483795 26.4007575649 26.0768096208 22.1359436212 20.3960780544 54.083269132 29.2745623366 30.5941170816 33.6154726279 34.0 9.21954445729 10.0 15.2643375225 15.5563491861 17.8044938148 16.6433169771 34.1320963318 34.205262753 17.4642491966 18.2482875909 26.0768096208 26.4007575649 15.2970585408 17.8044938148 14.5602197786 17.8044938148 16.1245154966 20.3960780544 10.295630141 10.7703296143 25.2388589282 23.0217288664 25.0599281723 28.4604989415 28.8617393793 48.1663783152 48.8364617883 
1104 105.304320899 20.0997512422 18.0 29.0688837075 22.0227155455 42.0475920833 24.1867732449 24.4131112315 20.6155281281 20.3960780544 55.0817574157 32.0624390838 31.4006369362 36.4005494464 35.77708764 11.1803398875 11.0453610172 17.8044938148 17.0293863659 20.0 18.7882942281 38.275318418 36.6196668472 15.2643375225 16.1554944214 30.083217913 28.3019433962 15.1327459504 13.0384048104 14.5602197786 13.6014705087 16.4012194669 20.3960780544 11.1803398875 12.0830459736 24.4131112315 22.0227155455 22.825424421 26.9258240357 26.2488094968 51.8555686499 49.5176736126 
1107 102.313244499 18.4390889146 18.0277563773 28.0713376952 21.0237960416 38.0525951809 22.825424421 22.2036033112 17.4642491966 17.7200451467 52.1536192416 29.0172362571 28.6356421266 34.1760149813 34.0 11.401754251 10.1980390272 14.1421356237 14.2126704036 19.2353840617 19.6977156036 37.2155881319 35.5105618091 15.6524758425 15.8113883008 26.9258240357 26.9258240357 14.1421356237 13.8924439894 14.5602197786 14.2126704036 14.1421356237 17.7200451467 8.48528137424 8.60232526704 25.9422435421 25.0199920064 27.4590604355 28.7923600978 31.7804971641 51.8555686499 50.2095608425 
1113 101.044544633 17.0293863659 17.0293863659 27.0185121722 20.0 33.0151480384 23.7065391823 23.3238075794 20.8806130178 19.6468827044 50.0399840128 30.1496268634 29.2745623366 34.5398320783 34.0147027034 10.1980390272 10.1980390272 15.6204993518 15.6204993518 20.2484567313 20.8806130178 31.7647603485 32.4499614792 18.0277563773 18.6815416923 28.0178514522 27.8028775489 14.3178210633 16.1245154966 13.6014705087 16.1245154966 15.6204993518 19.6468827044 10.295630141 9.8488578018 22.0227155455 19.0262975904 21.6333076528 29.7321374946 29.1204395571 46.8614980554 47.3814309619 
1119 97.2522493313 15.1327459504 16.0 29.0 20.0997512422 36.0555127546 25.079872408 23.7065391823 21.5870331449 21.5870331449 50.0399840128 30.1496268634 32.5576411922 35.1140997322 37.1214223865 9.48683298051 11.0453610172 17.0 17.691806013 23.769728648 23.0867927612 34.885527085 35.2278299076 19.6977156036 18.7882942281 28.0178514522 29.4108823397 15.5241746963 15.6524758425 14.5602197786 14.3178210633 13.4536240471 21.5870331449 11.1803398875 11.7046999107 23.8537208838 22.0227155455 24.1867732449 24.5967477525 26.9258240357 47.7074417675 48.1040538832 
1149 100.019998 16.0312195419 17.0293863659 30.0 18.0 31.0 23.7065391823 25.0599281723 20.6155281281 21.5870331449 53.0094331228 30.5941170816 30.5941170816 34.4383507154 34.4383507154 9.05538513814 9.05538513814 14.2126704036 14.2126704036 18.0277563773 18.3847763109 30.0166620396 30.5286750449 18.0277563773 18.0277563773 27.2029410175 28.0178514522 15.8113883008 15.0 15.8113883008 15.0 14.2126704036 21.5870331449 9.48683298051 9.8488578018 25.0599281723 23.0 24.5967477525 26.6833281283 27.6586333719 42.4499705536 44.5533388199 
1151 102.04410811 18.1107702763 18.1107702763 27.0 18.0277563773 36.0555127546 24.1867732449 24.5967477525 19.9248588452 21.1896201004 50.0099990002 30.4138126515 29.2745623366 34.0147027034 33.6154726279 9.05538513814 9.21954445729 14.8660687473 14.4222051019 21.1896201004 21.9544984001 34.6698716467 35.3553390593 15.5241746963 17.0880074906 25.5538646784 27.7848879789 13.6014705087 14.2126704036 14.5602197786 14.4222051019 16.6433169771 21.1896201004 9.8488578018 10.8166538264 22.825424421 22.0227155455 25.0 27.3130005675 31.0161248385 49.6789693935 51.2249938995 
1153 105.076162853 17.0293863659 17.0293863659 30.0166620396 21.0237960416 36.0555127546 25.5538646784 25.495097568 21.3775583264 22.803508502 54.0370243444 31.4006369362 31.2569992162 36.2491379208 37.1618083521 10.1980390272 11.401754251 16.9705627485 15.8113883008 18.0277563773 18.3575597507 36.0555127546 35.77708764 16.4924225025 17.4642491966 25.8069758011 28.3019433962 15.2970585408 17.0293863659 15.1327459504 16.1245154966 17.0293863659 22.803508502 9.48683298051 10.8166538264 25.495097568 25.079872408 26.6270539114 29.1204395571 30.3644529014 50.2095608425 49.6789693935 
1156 101.079176886 15.0332963784 15.1327459504 28.0178514522 20.0 34.0147027034 22.825424421 23.7065391823 19.4164878389 19.4164878389 50.0399840128 26.4764045897 27.1661554144 31.7647603485 31.7804971641 10.1980390272 10.1980390272 15.6204993518 15.6204993518 21.8403296678 21.5406592285 34.9857113691 34.885527085 17.0880074906 18.3847763109 25.8069758011 26.6270539114 14.8660687473 13.6014705087 14.5602197786 14.7648230602 15.5563491861 19.4164878389 9.8488578018 10.295630141 26.4196896272 24.0208242989 26.0768096208 30.5941170816 29.1204395571 48.795491595 48.2700735446 
1160 111.04053314 18.0277563773 18.0277563773 30.0 22.0907220344 40.0124980475 23.0217288664 22.803508502 18.6815416923 19.4164878389 57.008771255 26.1725046566 28.4429253067 31.304951685 32.2490309932 11.1803398875 11.0 18.6010752377 17.0293863659 22.8473193176 21.9317121995 35.5105618091 35.8050275799 15.2643375225 16.1245154966 28.6356421266 30.0166620396 16.4924225025 12.0415945788 14.5602197786 11.6619037897 14.4222051019 19.4164878389 12.0830459736 12.6491106407 27.7848879789 25.0 28.6530975638 30.5941170816 30.2654919008 49.4974746831 49.578221025 
1220 116.004310265 18.0 18.0277563773 29.0 21.0 36.0555127546 23.8537208838 26.4196896272 20.6155281281 22.5610283454 55.0817574157 27.1661554144 27.4590604355 31.304951685 31.7647603485 11.0453610172 10.0498756211 14.8660687473 15.5563491861 23.769728648 20.8806130178 35.8468966579 37.5898922584 17.0 17.4642491966 30.0166620396 29.1547594742 15.5241746963 13.0384048104 14.5602197786 13.8924439894 15.0 22.5610283454 10.8166538264 9.8488578018 32.6496554346 30.0166620396 31.304951685 32.2490309932 36.0138862107 49.5176736126 50.4479930225 
1293 103.310212467 16.0 16.0312195419 26.0768096208 21.0950231097 37.1214223865 23.0217288664 22.825424421 19.2353840617 19.6468827044 50.0899191455 30.4138126515 30.0 34.4383507154 34.7850542619 10.0498756211 11.401754251 16.9705627485 16.6433169771 21.8403296678 22.360679775 39.9624824054 40.3112887415 15.8113883008 16.1245154966 25.8069758011 27.2946881279 14.3178210633 12.0415945788 13.6014705087 11.1803398875 13.6014705087 19.6468827044 10.4403065089 10.8166538264 34.5398320783 33.0605505096 34.885527085 29.0688837075 28.1602556807 49.4974746831 48.4148737476 
1329 105.233074649 19.0262975904 19.2353840617 26.0192236625 20.0997512422 32.14031736 25.0 26.4196896272 21.3775583264 20.8806130178 54.1479454827 27.6586333719 26.0 30.886890423 30.083217913 9.0 11.1803398875 18.0277563773 19.7230829233 24.3310501212 24.3515913238 37.5898922584 38.6264158317 16.7630546142 18.0277563773 29.4108823397 28.6530975638 14.7648230602 12.0415945788 14.3178210633 13.0384048104 15.0 20.8806130178 13.3416640641 13.6014705087 28.7923600978 28.1602556807 30.2324329157 28.0713376952 32.2490309932 47.3814309619 48.9182992345 
1351 107.018689956 17.0293863659 17.1172427686 27.0185121722 19.0262975904 37.0540146273 22.360679775 23.2594066992 20.2484567313 20.2484567313 47.0425339454 30.4138126515 30.1496268634 35.3411940941 35.1140997322 10.1980390272 9.48683298051 14.1421356237 14.2126704036 21.0237960416 20.1246117975 35.0 34.0 16.1554944214 17.4642491966 26.9258240357 27.7848879789 15.5241746963 14.2126704036 12.3693168769 13.9283882772 15.0 20.2484567313 8.60232526704 8.60232526704 25.9422435421 24.0831891576 26.6270539114 30.1496268634 31.4006369362 47.6340214553 47.3814309619 
1406 100.004999875 18.1107702763 18.1107702763 28.0178514522 20.0 33.0 24.5967477525 26.4196896272 21.1896201004 21.5870331449 52.0 29.4278779391 28.1602556807 34.4383507154 32.6955654485 10.1980390272 10.1980390272 14.1421356237 14.1421356237 18.0277563773 18.3847763109 33.6154726279 33.1209903234 17.0 17.7200451467 29.0688837075 27.4590604355 15.2970585408 13.8924439894 13.6014705087 15.2643375225 15.6204993518 21.5870331449 8.0622577483 8.60232526704 24.4131112315 22.0 23.3238075794 32.7566787083 28.1602556807 48.795491595 46.7546789102 
1446 101.019800039 18.0277563773 17.0293863659 29.0 20.0 32.0 23.8537208838 25.0 19.6468827044 19.1049731745 57.0 31.4006369362 31.2569992162 36.2491379208 35.8468966579 10.1980390272 10.1980390272 16.4012194669 16.4012194669 19.9248588452 19.9248588452 37.1618083521 38.0131556175 16.1554944214 16.4924225025 27.7848879789 25.8069758011 15.2970585408 15.0 14.3178210633 16.4012194669 16.2788205961 19.1049731745 10.7703296143 11.1803398875 28.6530975638 27.0185121722 27.7308492477 30.083217913 26.2488094968 50.6063237155 49.4064773081 
1486 99.0050503762 18.1107702763 18.0 27.0 20.0 32.0156211872 25.2388589282 25.8069758011 19.4164878389 21.2132034356 56.0 29.1547594742 29.2745623366 33.6154726279 34.0147027034 10.1980390272 10.1980390272 17.4928556845 18.6010752377 22.1359436212 22.5610283454 33.5410196625 33.6154726279 18.4390889146 18.2482875909 27.2029410175 27.6586333719 14.5602197786 17.2046505341 13.6014705087 17.2046505341 14.1421356237 21.2132034356 12.0830459736 12.6491106407 24.6981780705 24.0208242989 25.0599281723 28.4604989415 28.8617393793 46.8614980554 46.6904701197 
1524 101.004950374 18.2482875909 17.1172427686 26.0 19.0262975904 36.0 23.7065391823 22.825424421 19.3132079158 18.973665961 48.0104155366 26.1725046566 27.2946881279 30.4630924235 31.304951685 9.21954445729 10.0498756211 17.2046505341 15.8113883008 19.6977156036 19.2353840617 32.4499614792 32.4499614792 15.2315462117 15.2315462117 26.4007575649 25.9422435421 12.6491106407 11.6619037897 14.5602197786 12.8062484749 17.2046505341 18.973665961 10.7703296143 11.6619037897 23.8537208838 21.0 23.6008474424 28.7923600978 30.083217913 48.1663783152 48.1663783152 
1578 105.019045892 18.0277563773 18.0277563773 29.0 20.0 37.0 25.5538646784 25.0599281723 21.5870331449 21.8403296678 54.0 26.3058928759 26.4764045897 30.4138126515 30.886890423 10.0498756211 10.0498756211 14.1421356237 14.1421356237 21.5406592285 21.9317121995 36.3593179254 35.8468966579 18.0277563773 19.3132079158 28.8444102037 30.2324329157 14.3178210633 13.0384048104 17.0880074906 15.0 14.1421356237 21.8403296678 9.43398113206 9.43398113206 27.2946881279 26.0192236625 28.6530975638 27.0 30.0 43.1856457634 46.0977222865 
1590 104.307238483 18.0277563773 19.1049731745 30.0665927567 21.0237960416 33.1360830516 25.0 25.9422435421 21.2132034356 22.1359436212 57.2188780037 29.6141857899 30.1496268634 34.885527085 35.8468966579 10.1980390272 11.401754251 15.5563491861 15.6204993518 22.360679775 21.5406592285 36.7151195014 38.0788655293 15.2970585408 17.0 26.4007575649 29.9666481275 14.8660687473 14.8660687473 16.2788205961 14.4222051019 15.6204993518 22.1359436212 8.54400374532 9.21954445729 25.495097568 24.0831891576 25.8069758011 27.892651362 32.5576411922 49.6789693935 50.9901951359 
