Leaf
81 1.0 0.175465490997 0.16989952746 0.252863099851 0.179724120423 0.320026627323 0.229129988165 0.242883133018 0.182853015179 0.182766824735 0.505258641711 0.311999133797 0.304433153505 0.364886495851 0.344404836393 0.0994739258445 0.0871471031677 0.157282086734 0.152707474226 0.198392684188 0.188203454091 0.318991019527 0.322527831256 0.165863778989 0.168876307203 0.273747624558 0.255343425035 0.141347803174 0.153222509328 0.115728120289 0.150629724701 0.15083878757 0.182766824735 0.0981985663563 0.090691103818 0.222855081232 0.197197776606 0.20891485453 0.342017570683 0.28897972344 0.513302696661 0.486608879447 
239 1.0 0.192179175352 0.175556232565 0.283617519082 0.182695556533 0.324301742258 0.21752470736 0.22395539335 0.1888226619 0.183324458759 0.507350441822 0.325128792795 0.313922347513 0.362580370455 0.343936761309 0.0960895876762 0.0873033403805 0.150365728031 0.150110365727 0.197236522072 0.1888226619 0.343676386284 0.337367104957 0.147011423666 0.15381319565 0.289508253599 0.26298202943 0.160724993087 0.132363430574 0.128041791991 0.128937548056 0.147011423666 0.183324458759 0.102403466231 0.101777139461 0.251548989183 0.222580718101 0.223039884588 0.339257131538 0.279301101546 0.519530080385 0.492669679362 
247 1.0 0.172393098659 0.166060699482 0.283371628627 0.192518821416 0.336820456119 0.241504211481 0.220148702518 0.201227870544 0.191028715255 0.503204567576 0.334906083744 0.334180022388 0.376254070799 0.369277990424 0.0975495618357 0.0968144378566 0.156126894695 0.151952862807 0.197790273194 0.203557546377 0.356280852951 0.354108633757 0.155393039188 0.157856129013 0.267764832217 0.272629836024 0.145908751934 0.13939835943 0.141534467486 0.129294823994 0.158938583722 0.191028715255 0.102826266717 0.10543335026 0.246133731994 0.224582318558 0.246133731994 0.308478800152 0.306154134016 0.533846150932 0.516432825591 
257 1.0 0.18955850608 0.173413047263 0.254438397978 0.190643980725 0.349394772718 0.224080014166 0.205640486492 0.193508814129 0.179417425149 0.463995599742 0.335741225131 0.330288372257 0.375397586332 0.35902648441 0.0979905967232 0.0944156949181 0.145834889139 0.133729852994 0.192081738503 0.184483079151 0.361622626364 0.346349793875 0.172059170385 0.149284321404 0.301958973906 0.267716755259 0.147243047543 0.132697174582 0.115038769336 0.110650070345 0.141720644577 0.179417425149 0.0845781853238 0.093831071991 0.248751905707 0.22253992709 0.230077538673 0.345076444734 0.270375581244 0.529231368716 0.486232624111 
266 1.0 0.180837723271 0.178528447702 0.270094881131 0.193582195437 0.331169498164 0.22556981788 0.216116708135 0.182550510261 0.17714307226 0.5 0.321836663813 0.319815818365 0.372031821688 0.371787763487 0.101467448739 0.100051853776 0.151924036489 0.148033443569 0.182550510261 0.185369990007 0.348455394313 0.346776800518 0.152605313612 0.143767475936 0.266810343383 0.264222024079 0.133962898189 0.134542408745 0.140851736298 0.130431775779 0.148732542823 0.17714307226 0.08761477357 0.0918064444171 0.248647795367 0.229388959206 0.246342540587 0.300759757174 0.296941532728 0.516958267776 0.507413913554 
278 1.0 0.182209610004 0.170911091831 0.288469393613 0.208264688986 0.325815284918 0.212598358709 0.223574933582 0.188664215944 0.187755715243 0.512594304553 0.308934129517 0.2895048396 0.358108453254 0.33508611076 0.107961763494 0.103652311373 0.159258756061 0.136728873465 0.199457800244 0.197519528382 0.332396327182 0.339143809904 0.183689430242 0.163758227002 0.317666398481 0.269468514184 0.161568261798 0.138797506431 0.132063872212 0.143739893644 0.12508190534 0.187755715243 0.0743548292874 0.0909090909091 0.279895351531 0.235433423969 0.248391806624 0.364341010066 0.247299463795 0.517491152764 0.433559432724 
280 1.0 0.180579796639 0.17439208002 0.273461511472 0.192183272333 0.320563235609 0.214454204637 0.220973109209 0.180298884159 0.186109025732 0.51749378501 0.326826867063 0.329709175545 0.37502182322 0.374796490133 0.0974447987223 0.100349135394 0.153469434195 0.14820476984 0.206179662074 0.210076315317 0.338208750112 0.337057781138 0.156521681995 0.166460973105 0.288670257131 0.287144443094 0.142509146458 0.119698423694 0.13975566535 0.127623021393 0.14820476984 0.186109025732 0.0887326523558 0.093732926559 0.24421810543 0.21578940211 0.234332316397 0.320194074896 0.283949247834 0.486772972621 0.492054944556 
298 1.0 0.181973026046 0.182488427112 0.279732674135 0.202095555895 0.295318815413 0.218554341683 0.222990903348 0.183734096365 0.183734096365 0.50768943029 0.334115099185 0.338662177261 0.380949825246 0.377126779135 0.105656471408 0.0996438041036 0.15022680648 0.135579716971 0.179822056744 0.175287997864 0.33830541944 0.345215131746 0.14842977044 0.155493354462 0.278241781907 0.282975506941 0.141392890735 0.127942359221 0.141392890735 0.129816309653 0.142903138021 0.183734096365 0.0790728510012 0.0819067024294 0.248759164044 0.233168112839 0.241034044149 0.328036087591 0.310857247998 0.519394418713 0.521148089068 
315 1.0 0.178178622265 0.165835014028 0.26019521965 0.197378918977 0.336139084646 0.236312855445 0.240888024943 0.194516721987 0.189879122395 0.498068376995 0.310877737143 0.30551597342 0.359072973224 0.335781362922 0.105340614045 0.0944106458779 0.152429827391 0.142444500257 0.188821291756 0.170421727922 0.332273394079 0.332664995151 0.178178622265 0.176597792088 0.280210236546 0.253883211394 0.158927300456 0.156578335547 0.112244814346 0.150445840509 0.149577940688 0.189879122395 0.0906218432704 0.0900675760325 0.251624665839 0.220937139996 0.222247814695 0.348169258765 0.248258834028 0.519350158256 0.469926852681 
316 1.0 0.174345465853 0.17669044172 0.282950482611 0.178065485351 0.311614599364 0.237876787127 0.238899917814 0.205191760401 0.203625672827 0.504914868458 0.326940734541 0.329448911617 0.377168526737 0.370398598744 0.0943527372385 0.0890327426753 0.155587008047 0.156368857232 0.200076204994 0.19708237723 0.354801559102 0.344733902328 0.182295659074 0.178407590345 0.299440535243 0.294046619831 0.155489000474 0.141529105858 0.134459169612 0.135812819539 0.148570423476 0.203625672827 0.102707256257 0.0978425813831 0.271063848117 0.260042210457 0.276960858377 0.319011430333 0.309060338256 0.513031402072 0.519996482164 
319 1.0 0.18742822932 0.178443879395 0.262026709104 0.198104494855 0.294827011968 0.22391018841 0.226890293697 0.18773299087 0.167453243694 0.513279423664 0.331388734932 0.320826786707 0.385012932041 0.365748023107 0.109044992307 0.0963830668936 0.147486201068 0.144450979454 0.184352906127 0.171167376236 0.319084727931 0.320826786707 0.146025423556 0.133659265297 0.274961506784 0.236754290286 0.157332341783 0.143856120457 0.109044992307 0.127530832317 0.139927909735 0.167453243694 0.0816088055398 0.0816088055398 0.226890293697 0.203162083251 0.20463403755 0.356767601301 0.274337066523 0.529263688014 0.479536959262 
371 1.0 0.174453191071 0.161805876297 0.260407017453 0.207827425252 0.312113938552 0.247520765467 0.237659753183 0.204280071303 0.196318024716 0.52769028827 0.317496519879 0.307448456048 0.371862358133 0.356489629774 0.10936602597 0.106284672727 0.151300649384 0.150860820985 0.188460367505 0.186689084149 0.359644466756 0.358904647064 0.168050823091 0.169625104054 0.270973810114 0.260980531706 0.145935246437 0.155203025962 0.12416242077 0.148753877688 0.146729921098 0.196318024716 0.0784001773795 0.0773334585945 0.268695902844 0.243801487676 0.248324841539 0.311741137878 0.275533420282 0.511934775565 0.494537910948 
419 1.0 0.17622158206 0.164749599624 0.278737931181 0.207719060565 0.349721554556 0.227282227875 0.234714873755 0.193812929849 0.20735937361 0.481146485883 0.329499199248 0.340945237278 0.375456326316 0.382546979728 0.10609944236 0.105109819008 0.159594140365 0.162468271014 0.195881756644 0.186751391997 0.330810599034 0.336537797078 0.156571965982 0.159313246969 0.276317117814 0.273711318612 0.139315393047 0.124727232999 0.143745902352 0.129541995874 0.159594140365 0.20735937361 0.10609944236 0.100313036467 0.227413566937 0.207719060565 0.225898557446 0.315329457025 0.312810013441 0.521442288577 0.528269229296 
446 1.0 0.177199005733 0.162168085137 0.285685135657 0.204741013888 0.314397901537 0.247043778853 0.238641632648 0.209340048784 0.205569816415 0.514321411049 0.321880371619 0.321281130414 0.367000089542 0.367000089542 0.101787510842 0.106468563915 0.155020569011 0.151843732428 0.191228922393 0.196318331664 0.313133440618 0.314433954275 0.170682092243 0.162726324602 0.27934559478 0.261488180184 0.151320260726 0.147910856083 0.142046781314 0.143949278313 0.169549307693 0.205569816415 0.0874080324618 0.093909860342 0.226805531356 0.190991665574 0.204962355589 0.326356975932 0.317340623821 0.504193572669 0.5175949278 
447 1.0 0.191205278496 0.169057989238 0.258877267928 0.203836529029 0.328631429825 0.266725945686 0.252354164571 0.220037679065 0.211625463243 0.513466689382 0.324432823986 0.314103698391 0.368260545345 0.350773915514 0.106249554994 0.100514952957 0.159122265136 0.158500083809 0.195611655498 0.192043195411 0.342363240303 0.329869358663 0.183895348325 0.181393254208 0.287281233961 0.264166806348 0.141365450179 0.168984914677 0.125735816609 0.165439382312 0.152138389699 0.211625463243 0.0956026392481 0.0959894350526 0.252500953239 0.224538347488 0.231205226853 0.344807695993 0.285210089614 0.520182081349 0.490636599242 
509 1.0 0.187111143763 0.178312430196 0.283855244402 0.194598526872 0.352205162069 0.234731907503 0.207911877785 0.199273185383 0.179158064054 0.496767422879 0.31610173297 0.314620338336 0.365078122845 0.354072811904 0.102993209476 0.0949405758105 0.15310502865 0.144612977436 0.187917187276 0.184075707261 0.330592300787 0.333406607499 0.154800793306 0.154178207875 0.275503281858 0.266168339974 0.153463588927 0.13958477701 0.13760193796 0.134266249931 0.158484953725 0.179158064054 0.0901905000951 0.093775616651 0.238275888749 0.205518950386 0.220484902022 0.307687287115 0.2736517267 0.497016297442 0.482112930824 
516 1.0 0.170653115263 0.158447439748 0.27716981971 0.195724751924 0.336995370925 0.243047277719 0.226047034959 0.199387667638 0.192606341904 0.489394870931 0.334355679851 0.33909232891 0.385519259809 0.383560639553 0.101528618485 0.100210959805 0.163041070418 0.158726806594 0.208014962849 0.197826151518 0.333116665659 0.348584367447 0.153139073215 0.157980730517 0.262671033259 0.260242241307 0.138558266596 0.126757951799 0.143891378171 0.134227246333 0.165290019006 0.192606341904 0.099767873067 0.102541758805 0.233755386604 0.206804528349 0.212579547683 0.303809097149 0.303809097149 0.513054323971 0.521986114845 
703 1.0 0.176812270013 0.178022291113 0.26957137089 0.196917068022 0.321216325155 0.208371681251 0.218554341683 0.165524508987 0.172198980632 0.50314987968 0.314291290305 0.317054063555 0.359270844978 0.357173332544 0.104763763435 0.0955188083462 0.146519163556 0.143278212519 0.170397440719 0.174136037973 0.334115099185 0.333673068071 0.146244182087 0.148339347179 0.261794117458 0.261947827688 0.142244377868 0.136762120608 0.130434977064 0.136860193134 0.139193205378 0.172198980632 0.0819067024294 0.0790728510012 0.247135745589 0.222750092367 0.237218553004 0.324499428726 0.28860928142 0.502162237382 0.482985704963 
747 1.0 0.197292058545 0.188191313822 0.294849426709 0.213947356687 0.346863180742 0.228008710216 0.230123661174 0.196613493994 0.193875487476 0.508957517639 0.324209697313 0.318386342379 0.377446358341 0.361993219844 0.111185333639 0.106582548411 0.151724687802 0.167627257412 0.170688744535 0.170002260161 0.335154840519 0.324158165929 0.149952659865 0.149952659865 0.289935877792 0.272653859248 0.157770128027 0.139925043177 0.13980560223 0.134817444722 0.160707590058 0.193875487476 0.0994471856467 0.0904752274889 0.215037739794 0.196528508689 0.216431589214 0.321051146949 0.286982294379 0.519869165478 0.494811029817 
810 1.0 0.185489566306 0.17466532 0.26628861763 0.19020615545 0.320679284925 0.246055713321 0.24139043966 0.204569765928 0.196393952964 0.516302452145 0.334340867547 0.333101908244 0.370381581944 0.364473744534 0.0984222853284 0.0930229982551 0.138338806981 0.134550947496 0.192751090453 0.183890488482 0.321553009412 0.323567313338 0.175424554624 0.167413173624 0.278857258017 0.257779146946 0.143885003633 0.168818555456 0.127912034156 0.161303754942 0.154476422637 0.196393952964 0.0876280600316 0.0876280600316 0.23216030065 0.212013662924 0.214368672941 0.3078515763 0.286947805565 0.496443345483 0.482933788733 
819 1.0 0.176986093266 0.176122975231 0.28609258493 0.186307444658 0.349204504525 0.216019464576 0.216019464576 0.179644831522 0.184939195213 0.4835597206 0.327175311399 0.316227766017 0.362526783578 0.361825525361 0.089017666434 0.099609804263 0.163043355566 0.158301174246 0.195184145515 0.190264221792 0.327640747152 0.31644186744 0.156688556566 0.164284820361 0.276644790288 0.27076793127 0.140749288962 0.130122763677 0.151076955652 0.137339630334 0.15274882827 0.184939195213 0.115948071565 0.114626264418 0.205000144541 0.186216540801 0.196911472508 0.315423591368 0.285381500355 0.533503331074 0.473367943166 
849 1.0 0.175621924347 0.175621924347 0.265017352839 0.195042151023 0.350103443578 0.241271428731 0.240077136912 0.18925364247 0.19644672803 0.525036166212 0.327415454434 0.326344966664 0.370430999913 0.373321097791 0.097071519263 0.103066046362 0.174980315822 0.170641285594 0.197778155657 0.199037901869 0.327529942037 0.341282571188 0.161536772349 0.16345943909 0.270986120433 0.275332423105 0.135999406015 0.130369382373 0.139447569841 0.134613976958 0.156187423421 0.19644672803 0.112348386789 0.118519363233 0.241271428731 0.215033941718 0.233211840937 0.311934459143 0.293437601943 0.503232570806 0.507609126119 
856 1.0 0.172759307478 0.160784165154 0.259769717682 0.203050081025 0.311223538602 0.225570519456 0.2247327888 0.175878073216 0.178321376337 0.490721634105 0.322016557438 0.316490799666 0.374399922998 0.351756146432 0.107419217426 0.0999278559245 0.17906645497 0.164872550625 0.190766554715 0.183956540727 0.318169065783 0.324077264629 0.155950075509 0.159398068901 0.259256676264 0.252184508876 0.141397818049 0.156021204395 0.120098336128 0.143268653317 0.143268653317 0.178321376337 0.105858564728 0.110273355919 0.225176681496 0.208602307967 0.200133096732 0.343392722807 0.305466305538 0.529690953651 0.5073956538 
881 1.0 0.186013037876 0.164447515508 0.293408938024 0.195605958683 0.337052157426 0.23857948372 0.242993455788 0.195907587172 0.203012270688 0.521729075434 0.319792682016 0.318126601715 0.359761638403 0.35530263468 0.0984048495105 0.0984048495105 0.154449056652 0.154449056652 0.189783955932 0.195907587172 0.335647767329 0.331755041638 0.161549534954 0.171822320372 0.272326181926 0.25921833009 0.15559172863 0.154449056652 0.144983832761 0.156726069737 0.154449056652 0.203012270688 0.102519051307 0.107027515125 0.235089104606 0.21761145945 0.223765178219 0.309280176669 0.286896971858 0.5 0.493940610201 
908 1.0 0.175799582659 0.170493765279 0.266984091363 0.184686522159 0.36886250773 0.228163966955 0.233066886048 0.190339572674 0.190710484827 0.499929326957 0.312473498358 0.319186105733 0.35787436359 0.358794688602 0.0953552424134 0.0933580526597 0.156293278186 0.148566440307 0.201871018319 0.193286941368 0.339603085008 0.349987548741 0.156819899629 0.159648393463 0.264947029226 0.261366499382 0.138046430997 0.144058496028 0.134239906131 0.144058496028 0.151626751655 0.190710484827 0.0999387355912 0.0999387355912 0.230219539711 0.208754951994 0.227491906682 0.288811103297 0.284041115875 0.501035392675 0.494957138092 
940 1.0 0.181240551577 0.172625105168 0.297458190941 0.191749597938 0.326130390363 0.231402847729 0.228411732997 0.190610540694 0.18812907841 0.518494625062 0.304691116079 0.29861187927 0.34515060456 0.336269778447 0.0968264331998 0.0958747989691 0.150338681642 0.149113906193 0.197404360072 0.199942685197 0.331878391095 0.329382508152 0.170016011382 0.156538487262 0.288062393751 0.270201028844 0.158647579374 0.145614004805 0.142832580778 0.134142720045 0.145928506262 0.18812907841 0.100656868407 0.103131484775 0.235575257626 0.210878908476 0.22583813967 0.340503587954 0.29361885904 0.534344790656 0.492860198013 
1005 1.0 0.168817562721 0.180023817956 0.258524282302 0.202132390162 0.325657739705 0.221481882925 0.227381608677 0.188242016422 0.188242016422 0.494228990532 0.337635125442 0.327395623173 0.390621453326 0.383782199687 0.106533123634 0.106533123634 0.159602279959 0.159602279959 0.177555206057 0.181419372314 0.306507808334 0.323910532072 0.15600627271 0.175770686333 0.276211078524 0.296681945094 0.136613703226 0.125550490238 0.128036879933 0.131438831616 0.151078510276 0.188242016422 0.0905357460425 0.0905357460425 0.218038949747 0.202444082545 0.206147634997 0.306507808334 0.296469346038 0.496393042823 0.500819001368 
1027 1.0 0.184008071955 0.169883660771 0.284112695602 0.201895215575 0.343642043717 0.239258996903 0.228444411514 0.1977258387 0.179920310305 0.509154516751 0.308560786556 0.297014801523 0.363869579808 0.344506770911 0.107166586114 0.100578511093 0.171279032552 0.163639068437 0.180580570543 0.171192155026 0.334338462753 0.348072432588 0.15437678841 0.143177691121 0.277758272316 0.244243453594 0.159028589362 0.137668778781 0.129655208432 0.132042747309 0.166968882003 0.179920310305 0.102483298833 0.102483298833 0.241117106588 0.219273637939 0.21954484848 0.331837365126 0.244243453594 0.527325328787 0.481276938797 
1031 1.0 0.175490047106 0.16704374464 0.284083598271 0.179033489092 0.314725459186 0.251229418342 0.248716680295 0.208776192542 0.208137033663 0.512696167712 0.326713616026 0.317615118513 0.378381501679 0.357481770638 0.0957826285221 0.0883395454497 0.179881993794 0.17143002162 0.207404154508 0.199164572867 0.322845659303 0.332259363441 0.16612968172 0.157302240362 0.264946805846 0.243144224246 0.156209428857 0.159226498336 0.134752682465 0.153257173534 0.169419697776 0.208137033663 0.127195777625 0.12293441619 0.237039874472 0.205097028742 0.209776650512 0.35081736485 0.281661240092 0.53482761723 0.498541784682 
1085 1.0 0.188359879545 0.185607720357 0.267826067101 0.219483797581 0.358880541022 0.244850913434 0.246712039794 0.19616659023 0.185992399983 0.519090633757 0.301756915375 0.304961169844 0.358880541022 0.361855561865 0.115423827513 0.113298897496 0.162619783919 0.16704266962 0.191669970993 0.177739376479 0.333785691876 0.337575687242 0.1658402903 0.155704240132 0.279934890284 0.251076930257 0.147888100515 0.149808805665 0.124020549464 0.155887745488 0.151422250805 0.185992399983 0.0889902440556 0.0816169711448 0.226912995861 0.197835505662 0.207636253503 0.318174577927 0.283385994597 0.530180131151 0.507251999954 
1127 1.0 0.180765680814 0.172122262371 0.271499825866 0.186077788883 0.298361241848 0.241729440611 0.237664491043 0.202364022172 0.19663056439 0.510868102159 0.324174714264 0.330558756851 0.373405633102 0.37476457439 0.0979915800029 0.0941703372487 0.159430187343 0.160665414786 0.213964049668 0.200048005987 0.309192277454 0.327985608559 0.165001472011 0.163021210422 0.271239643893 0.257073452644 0.143092972346 0.155211471851 0.134548331472 0.154938292164 0.151061913672 0.19663056439 0.102636945207 0.10468034963 0.221168486277 0.202014817387 0.207871532158 0.320847062908 0.299919028084 0.502956689528 0.507206315737 
1192 1.0 0.184765305595 0.184765305595 0.285654805275 0.204039146625 0.3264626346 0.237948489727 0.249061519107 0.193568530552 0.188114798334 0.550905695888 0.329003238167 0.329003238167 0.375121406936 0.375121406936 0.104039959018 0.104039959018 0.15935966788 0.15935966788 0.193568530552 0.193568530552 0.310783169082 0.351042221296 0.174331123296 0.164501619084 0.283460241615 0.249061519107 0.164501619084 0.175521110648 0.124112167581 0.175521110648 0.15935966788 0.188114798334 0.091249080385 0.102019573313 0.245695668186 0.208079918036 0.200955254111 0.329003238167 0.283460241615 0.514971523751 0.522595202056 
1434 1.0 0.172005229038 0.170796948547 0.277029893929 0.17709022205 0.323168485194 0.244344310373 0.237591464792 0.192307692308 0.192307692308 0.507925354438 0.31236831545 0.295928985564 0.358580369871 0.351497220271 0.0877058019307 0.0973008510821 0.147764405479 0.149357598761 0.182844066523 0.185893014978 0.341680497146 0.333707876361 0.180072306319 0.172863115802 0.269120856685 0.269120856685 0.141839145497 0.158394309861 0.143704166864 0.145138171262 0.147764405479 0.192307692308 0.0860026145192 0.0938965816595 0.234835961884 0.215521934248 0.232557176274 0.325994155391 0.310086836473 0.522624238507 0.504652906673 
