Leaf
678 1.0 0.185883035669 0.174566955961 0.255728239371 0.191686299153 0.325188428308 0.267454871979 0.248032881146 0.240861983709 0.224340522755 0.512542829131 0.308593695828 0.304635793135 0.350723410255 0.348409015483 0.0957551797098 0.100227282586 0.156869767807 0.148706428535 0.214822391843 0.213010177176 0.356065167499 0.366561180808 0.193000734889 0.19151035942 0.309193913999 0.296049612963 0.139585961643 0.153283078015 0.132651777919 0.153392997769 0.153283078015 0.224340522755 0.0908784405067 0.10156370536 0.283782688323 0.256057574008 0.262364875369 0.298882688164 0.249388262172 0.473002822738 0.461641740142 
1426 1.0 0.176854350669 0.173510164125 0.257736280403 0.188609748166 0.331331117154 0.242713169541 0.250239917426 0.218657788888 0.211084224992 0.480879313929 0.27413596788 0.279776733024 0.321965081066 0.317537309687 0.103321565075 0.0885650914705 0.145225057518 0.142624476346 0.187658259763 0.188868413085 0.36551957068 0.343248256132 0.180407278137 0.186527516038 0.289833149723 0.283761781387 0.1483294554 0.139276288215 0.124598623284 0.14432582251 0.154140046009 0.211084224992 0.0892970468224 0.0870827258366 0.265940154901 0.246966955225 0.262676961933 0.291009857539 0.2753797585 0.477721742719 0.447322747418 
1501 1.0 0.178900736779 0.173617171688 0.27155446522 0.191224537599 0.345753359252 0.237904924772 0.264750349298 0.216840766222 0.221351537074 0.519682538385 0.281182152291 0.27750818942 0.332012995014 0.311943590102 0.0994129033169 0.0943113609875 0.135216167265 0.135216167265 0.201578837362 0.187814912173 0.361710833511 0.372224409596 0.174054495232 0.183308336352 0.297536895777 0.280437656178 0.154133163471 0.14193647595 0.12710146268 0.154625602947 0.139505414523 0.221351537074 0.0856514536174 0.0772513201109 0.279147031557 0.252853563822 0.264750349298 0.321544092806 0.262515520802 0.48896908989 0.464163519183 
1502 1.0 0.172058209191 0.181514818744 0.282215082462 0.177855924084 0.331890080632 0.247080784904 0.257723143556 0.208126290287 0.207402999515 0.515774167597 0.288534113721 0.291255582627 0.326296347642 0.326756568389 0.0921438828879 0.0866816735265 0.125763129994 0.134426480366 0.198044387404 0.18367517317 0.32990320691 0.3262387744 0.169528612362 0.176477586162 0.258668919738 0.271494972097 0.141506338657 0.15698718764 0.150262124764 0.159833108542 0.153232997888 0.207402999515 0.0904983240322 0.0796811589018 0.266396349078 0.251973948731 0.277516762349 0.27363140411 0.287098287008 0.472435001419 0.466191092575 
1580 1.0 0.167495214593 0.167954106452 0.285968440246 0.205092000081 0.354090421981 0.242652267964 0.252522391496 0.208072603187 0.216679864214 0.534800112458 0.284687122548 0.286439059838 0.333205029505 0.334070124071 0.106187268547 0.102311179489 0.141462168519 0.136053957083 0.170681550406 0.180862322021 0.360925840024 0.380241256977 0.174692891416 0.180862322021 0.274221131882 0.28217522808 0.145220831355 0.146408481739 0.152081320721 0.158524075852 0.131888781782 0.216679864214 0.075723690826 0.0834599128453 0.280328019194 0.266823762334 0.280259370235 0.267903296463 0.267903296463 0.456286134736 0.46954589766 
1596 1.0 0.177643499338 0.179025959872 0.266696455341 0.188827838037 0.334236093529 0.24331171714 0.248574474383 0.203591894401 0.202072530672 0.528109075534 0.264666551754 0.268538939808 0.310330422095 0.315647383437 0.0958313206779 0.0969503231435 0.145292978551 0.142184174529 0.203667565057 0.191179660391 0.363688189528 0.368109964852 0.160221886885 0.165053779605 0.266523069394 0.268538939808 0.135184434288 0.142184174529 0.142725006358 0.147816344809 0.145292978551 0.202072530672 0.0868925181865 0.0877746983486 0.280714408912 0.266985181695 0.281864770369 0.282028724684 0.289629904936 0.482968263826 0.474243372951 
1602 1.0 0.167434130434 0.166410058868 0.271816372853 0.185310498911 0.333048311192 0.240053808466 0.244444444444 0.197323015053 0.205711421617 0.524463276498 0.279056884057 0.276801703907 0.320493446708 0.314330111194 0.0942809041582 0.0926552494555 0.136848256818 0.143884516318 0.206724557649 0.193041335638 0.341829055982 0.348868745676 0.167660852448 0.176491070074 0.258125318328 0.266737882229 0.145067688952 0.159057050454 0.13850373948 0.15408338784 0.144411567593 0.205711421617 0.0924500327042 0.0858453301162 0.244444444444 0.228791780911 0.237188342023 0.286512248876 0.281698821476 0.482239158393 0.479474229299 
1619 1.0 0.175551355527 0.171218695089 0.273011954199 0.206174611057 0.352404928679 0.240088053521 0.249077597699 0.204210148136 0.208735884554 0.516288959086 0.264766890115 0.266972170391 0.311622728836 0.314781740944 0.103619143824 0.105719745507 0.15409682558 0.155045122688 0.183811064368 0.181705714118 0.335791684759 0.349323904769 0.16299534166 0.170897358499 0.268818804059 0.271058716664 0.141708685197 0.141837922511 0.142482350738 0.146414511343 0.149877495262 0.208735884554 0.0947521845344 0.0992847003343 0.265319928609 0.242442286542 0.263726817128 0.289683614364 0.271868654873 0.470929231743 0.458989069939 
1649 1.0 0.163624791726 0.16812550706 0.243753207582 0.192870746166 0.390813548587 0.233724977632 0.242057512508 0.195850899864 0.191060342761 0.482250270837 0.274407117828 0.271246129203 0.317750492068 0.320010940732 0.0947862082793 0.103485404705 0.136521710257 0.139966713583 0.15932021895 0.166432667071 0.365665013782 0.375768830436 0.176492039714 0.171160508532 0.2631531525 0.253689470175 0.125518617797 0.152044461728 0.128357847065 0.153392997769 0.152213682105 0.191060342761 0.0792551240886 0.0864035200915 0.249081205183 0.22854591366 0.24543718759 0.258713511763 0.275670702951 0.463939712285 0.481234949732 
