Leaf
587 117.345643294 21.0950231097 22.360679775 31.064449134 22.0227155455 39.0512483795 25.6124969497 25.495097568 18.6815416923 21.9544984001 58.2151183113 35.2278299076 36.3455636908 39.0 41.2310562562 11.0453610172 11.1803398875 18.4390889146 18.0277563773 22.5610283454 24.1867732449 39.6610640301 38.9101529167 16.2788205961 18.3575597507 27.7848879789 33.2415402772 13.6014705087 15.6204993518 18.1107702763 16.6433169771 12.7279220614 21.9544984001 12.6491106407 13.0384048104 27.7308492477 27.1661554144 31.6227766017 29.1547594742 39.8497176903 54.0370243444 60.9590026165 
189 107.042047813 19.1049731745 20.0997512422 32.0156211872 23.0 38.0131556175 24.1867732449 22.825424421 20.2484567313 20.1246117975 55.0 38.0525951809 39.6232255123 42.0594816896 45.1884941108 11.1803398875 12.1655250606 17.8044938148 18.4390889146 21.8403296678 23.769728648 39.4461658466 37.5898922584 17.4642491966 18.0277563773 29.5296461205 32.6955654485 15.2970585408 15.2643375225 17.1172427686 14.7648230602 12.8062484749 20.1246117975 11.1803398875 12.0830459736 26.4007575649 26.1725046566 29.4108823397 28.4604989415 37.947331922 52.6307894678 58.7281874401 
176 108.0 20.0 19.0262975904 31.0 23.0 36.0138862107 25.2388589282 26.4196896272 21.8403296678 22.803508502 58.0344725142 34.2344855372 34.2344855372 39.3954312072 39.0 12.1655250606 11.1803398875 17.691806013 17.0293863659 22.360679775 22.8473193176 38.0131556175 39.8246155035 18.0277563773 20.2484567313 31.064449134 31.6227766017 15.5241746963 15.8113883008 16.4924225025 17.4928556845 14.8660687473 22.803508502 9.8488578018 10.295630141 27.4590604355 25.0 26.0768096208 33.2415402772 30.5941170816 53.2634959423 51.6623654124 
193 106.16967552 17.0293863659 17.1172427686 30.0166620396 23.0217288664 36.0138862107 24.6981780705 23.7065391823 20.3960780544 19.9248588452 54.0092584656 34.3656805549 34.0587727319 38.9101529167 38.275318418 12.0415945788 11.1803398875 17.691806013 17.8044938148 20.8806130178 21.1896201004 39.8246155035 39.8120584748 16.7630546142 16.7630546142 26.6270539114 26.0768096208 15.5241746963 15.6204993518 15.2970585408 16.4012194669 15.5563491861 19.9248588452 12.0830459736 11.1803398875 29.5296461205 28.0 28.6530975638 33.5410196625 30.083217913 54.4518135602 53.8237865632 
237 109.041276588 21.2132034356 20.0997512422 28.0 20.0249843945 35.0570962859 25.5538646784 24.4131112315 20.6155281281 18.973665961 55.0363516233 31.064449134 32.5576411922 36.0555127546 37.5765884561 10.4403065089 10.1980390272 18.0277563773 17.2046505341 21.1896201004 22.4722050542 37.5765884561 37.2155881319 15.6524758425 16.5529453572 30.083217913 29.9666481275 13.3416640641 12.5299640861 15.2970585408 14.4222051019 17.0293863659 18.973665961 11.1803398875 11.1803398875 26.0768096208 25.0 26.9258240357 30.083217913 34.4818792991 51.6139516023 55.1724568965 
246 111.018016556 21.0950231097 22.2036033112 28.0178514522 21.0 39.0128184063 26.6270539114 27.2946881279 20.8806130178 22.8473193176 56.0802995712 30.0665927567 31.4006369362 34.1760149813 36.6742416418 10.1980390272 11.1803398875 16.2788205961 15.6204993518 20.2484567313 21.0950231097 36.0555127546 36.3593179254 18.4390889146 20.1246117975 29.6816441593 34.4383507154 12.6491106407 16.1245154966 16.2788205961 16.5529453572 15.0 22.8473193176 9.8488578018 10.295630141 25.9422435421 25.079872408 29.4108823397 28.6356421266 35.902646142 51.2249938995 54.4518135602 
304 114.004385881 20.3960780544 21.0950231097 32.0 24.0208242989 41.0487515035 23.7065391823 24.1867732449 19.2353840617 21.0237960416 55.0 31.064449134 32.5576411922 36.4005494464 38.9486841883 11.401754251 13.152946438 17.8044938148 18.3847763109 18.7882942281 20.1246117975 41.1825205639 39.9624824054 18.0277563773 19.6977156036 29.0688837075 33.1209903234 15.5241746963 15.8113883008 17.4642491966 16.6433169771 13.0384048104 21.0237960416 9.8488578018 11.1803398875 24.6981780705 25.0199920064 27.4590604355 31.0483493925 36.4005494464 53.8144961883 59.3969696197 
432 111.162043882 22.0907220344 21.2132034356 29.0688837075 25.0 39.0128184063 25.6124969497 25.2388589282 18.973665961 19.3132079158 59.076221951 30.2654919008 32.0 36.235341864 36.0555127546 13.152946438 12.1655250606 20.6155281281 20.0 20.2484567313 19.3132079158 37.4432904537 36.7151195014 15.8113883008 16.1554944214 29.9666481275 29.5465734054 15.5241746963 14.8660687473 14.1421356237 15.2643375225 16.2788205961 19.3132079158 13.9283882772 13.6014705087 26.4196896272 25.0199920064 26.6270539114 31.0161248385 33.1058907145 53.8144961883 54.8178802947 
480 107.042047813 21.3775583264 19.1049731745 32.0156211872 22.0227155455 38.0131556175 23.7065391823 24.4131112315 19.7230829233 18.6815416923 57.0350769264 34.3656805549 34.3656805549 39.8120584748 38.0788655293 12.1655250606 10.0498756211 17.0293863659 16.2788205961 21.0237960416 20.2484567313 40.249223595 40.3112887415 17.4928556845 15.5241746963 31.9530906173 26.4196896272 17.2626765016 14.4222051019 15.5241746963 15.5563491861 15.6204993518 18.6815416923 10.8166538264 9.8488578018 26.9258240357 25.0199920064 25.9422435421 30.083217913 29.0688837075 55.8032257132 56.6127194189 
489 107.074740252 18.0277563773 18.0277563773 33.0 20.0 37.0135110466 24.6981780705 23.2594066992 20.6155281281 21.5406592285 56.0 34.9284983931 34.3656805549 40.249223595 39.0 10.1980390272 10.1980390272 17.0293863659 15.8113883008 19.6977156036 19.2353840617 40.7062648741 41.1460812229 16.1554944214 18.8679622641 27.7848879789 31.7647603485 16.2788205961 15.6204993518 17.2626765016 14.7648230602 17.691806013 21.5406592285 9.8488578018 11.401754251 26.9258240357 25.0199920064 25.0599281723 28.1602556807 31.6227766017 53.4134814443 56.2227711875 
559 110.113577728 19.0262975904 20.2237484162 31.0161248385 20.0997512422 35.0570962859 25.8069758011 25.495097568 20.3960780544 21.9317121995 57.0788927713 35.5105618091 34.3656805549 39.3954312072 39.9249295554 10.0498756211 10.4403065089 14.1421356237 15.6204993518 19.6468827044 21.4709105536 35.3553390593 37.5898922584 16.7630546142 18.3575597507 28.3019433962 31.7804971641 14.5602197786 15.0 17.2626765016 15.2643375225 15.5563491861 21.9317121995 9.43398113206 8.60232526704 26.83281573 25.0 26.9258240357 32.5729949498 34.205262753 53.8144961883 54.4885309033 
609 114.157785543 20.0997512422 21.2132034356 30.0665927567 20.0 35.0142828 26.9258240357 28.231188427 21.8403296678 25.079872408 55.2268050859 33.5410196625 35.2278299076 38.4837628098 39.5600808897 10.1980390272 10.1980390272 15.6204993518 15.6204993518 21.8403296678 21.9317121995 38.9486841883 38.4837628098 18.3847763109 18.8679622641 30.886890423 33.6154726279 14.8660687473 13.8924439894 16.2788205961 14.3178210633 17.0293863659 25.079872408 10.295630141 8.94427191 27.7308492477 27.1661554144 29.4108823397 32.2800247831 35.7351367704 53.9073278878 56.0802995712 
644 113.0 19.0262975904 20.0249843945 30.0 21.0 36.0 23.3238075794 24.1867732449 20.2484567313 21.5406592285 54.0092584656 35.2278299076 35.3553390593 39.9249295554 39.9249295554 11.1803398875 10.1980390272 14.8660687473 15.5563491861 21.1896201004 21.5406592285 39.3573373083 39.3573373083 17.4642491966 17.4928556845 30.0166620396 32.2024843762 14.3178210633 14.7648230602 16.2788205961 13.8924439894 15.0 21.5406592285 10.0 8.0622577483 27.4590604355 25.0 27.2029410175 33.5261092285 37.8549864615 55.4436651025 55.8659108939 
648 114.070153853 19.2353840617 19.0 31.064449134 21.0950231097 37.0540146273 23.7065391823 23.6008474424 19.6977156036 19.6468827044 56.1426753905 34.1320963318 34.7131099154 39.5600808897 38.9101529167 11.401754251 10.0498756211 17.8044938148 15.6204993518 22.4722050542 22.4722050542 38.4837628098 39.1152144312 16.1554944214 16.4924225025 27.7308492477 28.0178514522 16.0312195419 17.2046505341 15.2970585408 17.0293863659 14.4222051019 19.6468827044 10.295630141 11.1803398875 31.064449134 28.0713376952 29.9666481275 35.902646142 34.7131099154 54.5618914628 55.8659108939 
684 116.27553483 21.0237960416 21.3775583264 34.0587727319 22.0 43.0 23.6008474424 26.83281573 19.3132079158 21.9317121995 60.4069532422 31.5753068077 33.5410196625 37.1214223865 38.9101529167 11.1803398875 11.1803398875 18.6010752377 18.6010752377 18.3575597507 20.0 40.0 37.2155881319 17.0880074906 18.0277563773 30.886890423 32.8937684068 16.4924225025 15.6204993518 18.1107702763 15.2643375225 14.8660687473 21.9317121995 11.7046999107 11.7046999107 22.8473193176 23.3452350599 26.9072480941 27.5136329844 37.0 53.7587202229 57.2800139665 
691 109.224539367 20.0249843945 20.2237484162 30.0665927567 24.0831891576 44.1021541424 26.0768096208 25.9422435421 21.8403296678 21.5406592285 56.0802995712 35.1283361405 35.1283361405 39.9249295554 41.7851648316 12.1655250606 12.6491106407 18.3847763109 18.6010752377 21.9317121995 21.9544984001 40.6078810085 39.8246155035 18.973665961 18.3847763109 31.064449134 30.4138126515 14.5602197786 16.1245154966 16.1245154966 17.4928556845 13.4536240471 21.5406592285 10.295630141 10.8166538264 27.2946881279 26.0768096208 28.0178514522 26.9258240357 31.384709653 53.1507290637 55.6057550978 
703 114.039466852 20.0997512422 20.3960780544 30.0166620396 22.0 37.0 23.8537208838 25.0599281723 19.3132079158 19.6977156036 55.0817574157 35.5105618091 36.0555127546 41.1460812229 39.8497176903 12.1655250606 10.1980390272 15.5563491861 15.5563491861 19.3132079158 19.6977156036 38.0788655293 37.5898922584 16.5529453572 17.88854382 29.9666481275 30.4630924235 16.2788205961 15.0 14.1421356237 15.2315462117 15.5563491861 19.6977156036 10.0 8.94427191 27.4590604355 25.0 27.4590604355 36.1386219992 33.6154726279 55.8659108939 55.6057550978 
757 112.0 21.0237960416 20.0249843945 27.0 24.0 39.0512483795 25.5538646784 25.5538646784 22.4722050542 22.1359436212 53.0 34.0147027034 34.0587727319 39.2173431023 39.5600808897 12.3693168769 12.3693168769 17.8044938148 19.1049731745 22.360679775 22.5610283454 41.1825205639 38.9486841883 17.0880074906 16.7630546142 30.886890423 29.1547594742 14.5602197786 14.4222051019 13.6014705087 14.4222051019 18.6010752377 22.1359436212 10.8166538264 10.7703296143 28.6530975638 27.0 28.6530975638 31.3209195267 33.2415402772 56.0802995712 56.8506816142 
763 114.039466852 22.2036033112 21.0950231097 31.0161248385 22.0227155455 37.0135110466 23.0217288664 22.4722050542 18.3575597507 19.2353840617 56.0089278598 36.2215405525 36.3455636908 40.8533964316 40.3112887415 11.1803398875 11.0453610172 18.6010752377 17.8044938148 22.4722050542 22.1359436212 37.5898922584 37.2155881319 13.8924439894 15.2643375225 30.3644529014 31.0161248385 16.0312195419 14.2126704036 15.1327459504 13.0384048104 14.8660687473 19.2353840617 12.0830459736 12.0830459736 27.2029410175 25.0199920064 26.4196896272 35.3411940941 34.5398320783 57.008771255 56.7274184147 
776 112.040171367 22.0907220344 21.0950231097 29.0172362571 21.0 38.0131556175 24.4131112315 25.0 19.6977156036 18.973665961 58.0086200491 33.2415402772 32.2490309932 36.7695526217 36.2491379208 10.0498756211 11.0453610172 15.6204993518 16.2788205961 21.4709105536 21.1896201004 37.5898922584 37.7359245282 17.0880074906 16.7630546142 31.304951685 29.5296461205 14.3178210633 15.2643375225 15.5241746963 15.6204993518 15.6204993518 18.973665961 10.295630141 11.1803398875 28.3019433962 26.0192236625 26.83281573 32.8937684068 29.7321374946 54.6717477313 53.1507290637 
793 109.01834708 19.1049731745 20.0997512422 28.0178514522 23.0217288664 38.0525951809 26.0768096208 26.4196896272 20.6155281281 22.1359436212 55.0 37.0540146273 35.1283361405 41.1096095822 40.8533964316 11.1803398875 12.3693168769 18.3847763109 17.2046505341 20.8806130178 21.0237960416 39.4461658466 40.249223595 18.0277563773 18.7882942281 29.1547594742 31.7647603485 13.3416640641 15.6524758425 15.5241746963 14.7648230602 16.2788205961 22.1359436212 10.4403065089 12.2065556157 27.2946881279 27.0185121722 28.3019433962 31.0161248385 33.8378486314 54.6717477313 56.8506816142 
991 108.018516931 20.0997512422 18.1107702763 32.0 21.0 41.0121933088 24.6981780705 24.5967477525 20.2484567313 21.1896201004 56.0089278598 33.5410196625 33.3766385366 38.0131556175 37.1618083521 11.0453610172 10.0498756211 16.2788205961 15.6204993518 21.0237960416 21.0950231097 38.5875627631 39.9624824054 18.7882942281 18.7882942281 31.7647603485 30.0166620396 16.4924225025 15.2643375225 16.4924225025 15.2643375225 15.5563491861 21.1896201004 11.6619037897 10.8166538264 28.0178514522 25.0199920064 26.4196896272 32.5729949498 26.4007575649 54.5618914628 53.0094331228 
994 111.04053314 19.0262975904 19.1049731745 32.0156211872 21.0 38.0131556175 24.6981780705 25.9422435421 20.8806130178 22.1359436212 57.0788927713 33.5410196625 34.3656805549 38.4837628098 39.3954312072 10.1980390272 11.1803398875 17.8044938148 17.2046505341 23.4093998214 22.8473193176 37.2155881319 38.0788655293 18.0277563773 18.3847763109 29.6816441593 30.0166620396 15.5241746963 15.8113883008 17.2626765016 17.2046505341 15.8113883008 22.1359436212 12.0830459736 12.0830459736 26.9258240357 25.0 27.4590604355 31.384709653 33.8378486314 54.0370243444 55.3172667438 
1047 112.071405809 19.1049731745 18.1107702763 32.0624390838 22.0 43.0116263352 24.1867732449 23.769728648 20.2484567313 21.9317121995 53.0848377599 33.3766385366 35.3553390593 39.3954312072 41.2310562562 11.401754251 11.401754251 17.691806013 16.4012194669 20.1246117975 20.8086520467 39.4081209905 38.5875627631 14.8660687473 17.2046505341 26.83281573 30.4630924235 15.5241746963 14.1421356237 17.1172427686 13.8924439894 17.2046505341 21.9317121995 10.295630141 10.8166538264 23.8537208838 21.0950231097 24.0831891576 29.0688837075 33.5410196625 55.6057550978 57.6281181369 
1102 105.171288858 19.2353840617 20.3960780544 31.064449134 23.0217288664 44.1021541424 25.2388589282 25.5538646784 18.6815416923 19.3132079158 58.0775343829 33.3766385366 34.1320963318 38.9101529167 39.5600808897 12.1655250606 11.401754251 19.2093727123 19.4164878389 21.0237960416 20.8086520467 39.2045915678 39.4461658466 15.2970585408 15.6524758425 25.0599281723 28.7923600978 15.5241746963 16.2788205961 16.1245154966 15.0 14.8660687473 19.3132079158 13.0 12.0830459736 24.5967477525 24.0831891576 26.4007575649 27.7308492477 30.4630924235 54.5618914628 54.8178802947 
1232 118.016947935 19.0262975904 19.2353840617 30.0 20.0249843945 38.0131556175 24.6981780705 25.5538646784 20.8806130178 19.9248588452 56.0089278598 32.5576411922 31.2569992162 37.1214223865 35.4682957019 11.0453610172 9.21954445729 14.8660687473 15.6204993518 21.4709105536 20.6155281281 36.8917334914 36.7151195014 18.3847763109 18.0277563773 30.5286750449 28.6530975638 16.2788205961 16.6433169771 14.3178210633 16.1245154966 17.691806013 19.9248588452 10.8166538264 9.8488578018 28.6530975638 26.0 27.7848879789 37.3363094052 34.7131099154 55.4436651025 53.0377224247 
1259 114.039466852 20.2237484162 21.0237960416 29.0172362571 22.0227155455 38.0525951809 26.0768096208 25.0 19.9248588452 19.9248588452 58.0775343829 34.1320963318 34.2344855372 39.5600808897 39.0 11.401754251 11.1803398875 19.4164878389 18.6010752377 21.9317121995 22.1359436212 40.249223595 39.4461658466 18.3847763109 16.7630546142 30.4138126515 30.0166620396 15.2970585408 16.1245154966 14.5602197786 15.0 16.2788205961 19.9248588452 12.0830459736 12.0830459736 28.8444102037 27.0185121722 28.6530975638 34.1760149813 33.2415402772 57.008771255 56.8506816142 
1274 119.067207912 17.1172427686 18.0 33.0 24.0 40.0124980475 24.5967477525 23.8537208838 20.8806130178 20.6155281281 57.0350769264 32.14031736 32.5576411922 37.1618083521 38.4707681233 12.1655250606 12.1655250606 17.0293863659 18.3847763109 21.5406592285 22.4722050542 39.4461658466 38.5875627631 17.88854382 16.5529453572 28.6530975638 29.1547594742 16.4924225025 14.4222051019 17.4642491966 14.8660687473 17.691806013 20.6155281281 10.8166538264 11.1803398875 24.4131112315 23.0217288664 27.2029410175 33.2415402772 37.1079506306 56.0802995712 57.9827560573 
1303 108.115678789 17.1172427686 17.0 32.0624390838 22.0227155455 33.0151480384 27.2946881279 26.9258240357 22.360679775 23.1948270095 59.076221951 33.2415402772 32.5576411922 39.0 38.0131556175 11.401754251 11.1803398875 18.6010752377 17.8044938148 23.0867927612 22.360679775 37.6961536499 38.9486841883 18.7882942281 18.3847763109 29.1547594742 29.4108823397 16.2788205961 16.1245154966 16.7630546142 15.0 15.8113883008 23.1948270095 11.1803398875 12.0830459736 28.8444102037 27.1661554144 28.231188427 33.8378486314 30.8058436015 54.2033209315 53.1507290637 
1353 113.216606556 22.360679775 22.0907220344 26.0192236625 24.0 41.0121933088 26.0768096208 26.2488094968 19.6977156036 18.6815416923 57.0788927713 34.0147027034 33.0151480384 39.2173431023 38.275318418 12.3693168769 12.3693168769 16.2788205961 16.2788205961 19.2353840617 19.6977156036 40.3112887415 39.9624824054 17.0880074906 17.7200451467 30.4630924235 30.886890423 15.1327459504 16.6433169771 11.401754251 15.2315462117 14.8660687473 18.6815416923 9.21954445729 9.21954445729 30.5286750449 29.0172362571 30.8706980809 34.205262753 29.6141857899 55.9016994375 53.0754180389 
1370 114.157785543 20.0997512422 20.0 33.0151480384 23.0867927612 42.0475920833 21.6333076528 22.4722050542 17.88854382 20.6155281281 57.0 31.1448230048 32.7566787083 35.8468966579 37.2155881319 11.1803398875 12.0 18.0277563773 18.3847763109 24.5967477525 23.4093998214 39.4461658466 38.8329756779 14.8660687473 16.2788205961 31.3209195267 33.2415402772 16.1245154966 10.8166538264 17.2626765016 10.8166538264 14.2126704036 20.6155281281 13.0384048104 12.0830459736 28.6006992922 25.0199920064 28.6530975638 30.6757233004 33.2415402772 53.4134814443 53.8144961883 
1431 103.019415646 18.0 18.1107702763 29.0172362571 22.0227155455 39.0512483795 25.2388589282 26.4196896272 21.3775583264 21.5870331449 56.0802995712 33.5410196625 33.0151480384 38.9101529167 37.947331922 11.1803398875 11.401754251 16.2788205961 17.0293863659 22.4722050542 21.9317121995 37.4432904537 37.5898922584 16.1554944214 17.88854382 28.3019433962 29.5296461205 16.4924225025 14.8660687473 13.3416640641 13.9283882772 15.0 21.5870331449 8.94427191 10.0 27.7308492477 26.0192236625 28.3019433962 28.8617393793 27.892651362 51.6236379966 49.040799341 
1442 117.0683561 20.0997512422 20.0249843945 31.0161248385 24.0208242989 41.0487515035 24.1867732449 24.6981780705 20.6155281281 21.1896201004 56.0089278598 33.0151480384 33.5410196625 37.947331922 39.8246155035 11.401754251 13.152946438 17.8044938148 18.3847763109 23.2594066992 23.0867927612 40.7062648741 40.4969134626 17.88854382 19.2353840617 31.304951685 33.1209903234 14.3178210633 14.3178210633 17.4642491966 15.2643375225 16.4012194669 21.1896201004 10.295630141 11.1803398875 28.3019433962 27.0185121722 29.5296461205 29.7321374946 36.4965751818 54.2033209315 58.0517010948 
1449 118.004237212 18.0277563773 18.1107702763 31.0 20.0 36.0 22.825424421 23.2594066992 20.2484567313 20.6155281281 52.0096144958 33.3766385366 33.5410196625 38.0788655293 38.4837628098 10.1980390272 10.1980390272 15.6204993518 15.6204993518 21.1896201004 21.9317121995 38.4707681233 38.4707681233 16.1554944214 17.0 27.7848879789 29.0688837075 15.5241746963 14.2126704036 16.4924225025 13.6014705087 16.4012194669 20.6155281281 9.8488578018 10.295630141 29.5296461205 28.0178514522 30.5286750449 33.9558536927 38.4707681233 53.8144961883 55.9016994375 
1480 111.072048689 20.0997512422 19.2353840617 29.0172362571 24.0208242989 41.0121933088 23.0217288664 23.7065391823 18.3847763109 19.6977156036 53.0848377599 33.0605505096 35.1283361405 39.9249295554 40.4969134626 13.6014705087 11.401754251 20.0 19.2093727123 23.4093998214 21.9317121995 39.9624824054 40.3112887415 14.3178210633 18.0277563773 28.231188427 31.384709653 15.5241746963 12.7279220614 14.3178210633 12.6491106407 14.8660687473 19.6977156036 12.2065556157 10.7703296143 27.7848879789 26.0192236625 28.8444102037 32.3109888428 32.6955654485 56.8506816142 57.8013840665 
1490 110.0 19.0262975904 19.0262975904 31.0 20.0249843945 39.0 25.5538646784 25.9422435421 21.8403296678 23.0867927612 56.0089278598 34.3656805549 35.5105618091 38.0788655293 38.4837628098 10.0498756211 10.0 17.8044938148 15.8113883008 20.6155281281 21.0950231097 40.7062648741 41.1825205639 17.7200451467 18.0277563773 28.8444102037 29.6816441593 15.2970585408 17.2046505341 16.2788205961 17.2046505341 16.4012194669 23.0867927612 12.0830459736 12.5299640861 29.1547594742 28.0 29.5296461205 31.6227766017 31.3209195267 54.8178802947 56.0802995712 
1497 112.160599142 19.0262975904 20.2237484162 31.064449134 20.0 37.0540146273 27.7848879789 27.7308492477 23.5372045919 23.4093998214 57.0788927713 31.7804971641 33.2415402772 37.1214223865 37.6961536499 10.1980390272 10.1980390272 14.8660687473 14.8660687473 21.5406592285 20.1246117975 37.4432904537 36.6742416418 18.4390889146 18.973665961 28.6006992922 30.0166620396 15.8113883008 17.0293863659 16.2788205961 18.0277563773 17.2046505341 23.4093998214 9.43398113206 8.94427191 28.6356421266 27.0739727414 30.0166620396 29.8328677804 32.2800247831 51.6236379966 53.2634959423 
1508 112.01785572 19.0262975904 19.0262975904 30.0 22.0 41.0121933088 25.8069758011 25.5538646784 20.3960780544 21.8403296678 58.0086200491 34.3656805549 34.1320963318 40.3112887415 39.5600808897 11.401754251 11.401754251 17.8044938148 17.8044938148 19.6977156036 20.2484567313 41.8807831827 40.249223595 15.5241746963 17.4642491966 26.9258240357 30.0166620396 15.5241746963 15.5563491861 15.5241746963 14.4222051019 16.2788205961 21.8403296678 10.295630141 10.8166538264 27.3130005675 27.1661554144 29.6816441593 29.1204395571 32.0156211872 55.2268050859 55.3172667438 
1554 109.073369802 20.0249843945 20.2237484162 29.0 22.0227155455 39.0128184063 26.9258240357 28.1780056072 22.803508502 23.0867927612 56.0357029045 35.2278299076 34.1320963318 39.0 38.6264158317 11.0453610172 11.1803398875 17.8044938148 18.6010752377 21.5406592285 21.9317121995 41.6773319683 41.1460812229 18.6815416923 20.2484567313 30.2324329157 31.384709653 14.5602197786 16.6433169771 15.5241746963 17.0 14.8660687473 23.0867927612 11.7046999107 12.0830459736 28.1780056072 27.0185121722 29.1547594742 30.083217913 33.2415402772 55.3172667438 56.8506816142 
1556 112.01785572 18.0277563773 19.0262975904 30.0166620396 19.0 36.0555127546 25.5538646784 26.4196896272 21.5870331449 22.803508502 56.0357029045 35.3553390593 36.4965751818 39.5600808897 41.2310562562 9.21954445729 10.1980390272 15.6204993518 15.0 19.3132079158 18.8679622641 39.4461658466 39.3954312072 18.6815416923 18.0277563773 28.6006992922 29.6816441593 15.5241746963 17.2046505341 15.2970585408 16.6433169771 15.6204993518 22.803508502 9.43398113206 9.43398113206 28.231188427 28.1602556807 30.2324329157 28.1602556807 34.5253530033 51.8555686499 53.0754180389 
1597 111.287914887 19.1049731745 19.0262975904 30.0665927567 21.0950231097 37.0135110466 26.4196896272 27.2029410175 21.8403296678 23.1948270095 59.076221951 31.1448230048 31.5753068077 36.7695526217 35.77708764 11.401754251 10.0498756211 15.8113883008 16.2788205961 23.2594066992 20.8806130178 38.0131556175 38.5875627631 17.7200451467 19.4164878389 28.3019433962 30.4795013083 16.2788205961 17.8044938148 14.8660687473 17.2046505341 15.6204993518 23.1948270095 10.0 9.48683298051 26.6270539114 25.079872408 26.4007575649 31.6227766017 31.4006369362 53.2634959423 53.0377224247 
1610 112.01785572 18.1107702763 18.0277563773 27.0 20.0 32.0624390838 24.6981780705 25.0 19.6468827044 19.2353840617 55.0090901579 32.14031736 32.2490309932 37.3363094052 37.6961536499 10.4403065089 10.4403065089 17.2046505341 17.2046505341 22.1359436212 23.5372045919 38.4837628098 36.6742416418 17.4642491966 18.0277563773 28.6530975638 28.8444102037 14.3178210633 14.7648230602 13.3416640641 15.6524758425 17.0293863659 19.2353840617 11.1803398875 11.1803398875 28.8444102037 26.0192236625 27.7848879789 36.4005494464 36.0555127546 56.0802995712 55.4436651025 
