Leaf
273 1.0 0.164259086826 0.164712716761 0.295213772489 0.185747982728 0.338716909681 0.200581158324 0.20528751481 0.176520617574 0.185828306184 0.481255880798 0.304470986638 0.317146658009 0.332356924413 0.346943934975 0.0928739913641 0.0928739913641 0.135261882102 0.135261882102 0.193615449403 0.210172575674 0.356741625515 0.361891596384 0.153941402907 0.165165100796 0.266410362825 0.283506725271 0.14340186509 0.113681327675 0.161787507959 0.122769610479 0.131570700108 0.185828306184 0.0928739913641 0.0928739913641 0.276093152291 0.25700164067 0.284924399003 0.288308727064 0.304470986638 0.472304121732 0.483020145981 
1435 1.0 0.149533298694 0.161326862736 0.270171613479 0.195399071914 0.327580797032 0.205772622323 0.213337984778 0.163462388454 0.189041524072 0.488801839704 0.284463547505 0.278004296744 0.318740129788 0.311083795973 0.0978684203285 0.0978684203285 0.150414209399 0.142753301664 0.194467182886 0.196410635561 0.352260686482 0.349578280322 0.133672543597 0.157808086021 0.236677244038 0.275018127475 0.134165801892 0.122991845616 0.140890209717 0.115656778467 0.145048517963 0.189041524072 0.100367590726 0.102806025304 0.283008481454 0.264363450237 0.283008481454 0.304321463792 0.295846555047 0.479799696182 0.459367243814 
1469 1.0 0.167110553869 0.167679539355 0.265411873056 0.19761223224 0.352311996335 0.221260278726 0.229127122003 0.187420612067 0.195187450444 0.481603032856 0.279465898925 0.286334068921 0.320963195323 0.328530109605 0.0944190920826 0.105653941041 0.139937287299 0.144095408469 0.179423880755 0.188029451609 0.35074049763 0.344161473411 0.149162040189 0.166196125369 0.259606646861 0.281571005303 0.133243137226 0.124980949478 0.139254995144 0.121581571937 0.144095408469 0.195187450444 0.0804778474975 0.0857492925713 0.251935512762 0.240722396493 0.257247877714 0.277207413348 0.320785096801 0.458794319907 0.498244403403 
1480 1.0 0.162522123009 0.162970956018 0.281133051329 0.178378378378 0.324369366242 0.228054303889 0.235492117955 0.188802694017 0.187638431975 0.524435764139 0.285259995718 0.291541331031 0.323963763541 0.328842403768 0.0925256365872 0.0871595432248 0.146046011742 0.142706797648 0.205120713092 0.205831705564 0.331893652606 0.331320928016 0.170933927577 0.17780415355 0.263925526827 0.268371709996 0.152217598274 0.150285824589 0.140332486332 0.15018858367 0.122549016743 0.187638431975 0.101558347179 0.103975048982 0.258669970033 0.243483364963 0.264202149402 0.289731746665 0.283204041026 0.474199182691 0.459236830006 
1527 1.0 0.17268006192 0.166562356086 0.276281471047 0.187915062747 0.348045051468 0.235035899281 0.240681670921 0.190495991355 0.191773430589 0.519334699827 0.279739583723 0.279739583723 0.331102971107 0.321421001803 0.101867200798 0.0899327452731 0.153597681706 0.149264435866 0.198037063369 0.195243297102 0.352532205909 0.338622265827 0.161066186694 0.167749167823 0.264543406259 0.258946438573 0.152800801198 0.145851635325 0.132818580091 0.14406197693 0.144590646512 0.191773430589 0.0988257008654 0.0964816747694 0.249583813504 0.24364343664 0.258946438573 0.28822986232 0.273338382795 0.476584316798 0.450070784741 
1556 1.0 0.159281561661 0.159186948311 0.28564971119 0.214360312319 0.346211786252 0.221276932318 0.222295864487 0.193060892299 0.190547380476 0.516247994947 0.286281913463 0.289682366062 0.337396393554 0.341303218836 0.107845769018 0.111012303233 0.151426466279 0.147699403846 0.189596222887 0.190942297751 0.382987627371 0.365846358343 0.155355172431 0.160036454808 0.272532262156 0.277788490948 0.151823911756 0.118749663004 0.144085099331 0.10826404765 0.128616187392 0.190547380476 0.0791664420026 0.0837890795927 0.287227607807 0.280003271387 0.299652283322 0.273470413854 0.276429306304 0.482862881793 0.458603294844 
1562 1.0 0.170789765139 0.170789765139 0.256093978923 0.170789765139 0.316978901911 0.218513652683 0.233316700047 0.192764480819 0.19372590564 0.493755597208 0.29663190576 0.294872954767 0.341035180084 0.326051304294 0.0932470157448 0.0801770484385 0.125667066699 0.129310344828 0.190827100183 0.175510974754 0.365948022014 0.344180427201 0.160932368126 0.175510974754 0.275996734372 0.280669320622 0.152393702842 0.130454706469 0.120072312734 0.125667066699 0.142306672579 0.19372590564 0.0829111381969 0.073655204701 0.272950693086 0.262754321623 0.275996734372 0.275996734372 0.269939108825 0.469847358015 0.42778950951 
1658 1.0 0.177439389918 0.172530175156 0.246600670483 0.202371271115 0.372939975958 0.219148832176 0.22348168303 0.179899284593 0.181996984451 0.474455350033 0.275381671009 0.271803711291 0.325087121503 0.313830673366 0.102898694267 0.10424887545 0.1386307156 0.143028277139 0.192246212865 0.195134193222 0.359409687735 0.34262008822 0.153926811573 0.153926811573 0.263443104784 0.251732053363 0.144141354449 0.139205949256 0.112008698491 0.127208004066 0.129696415912 0.181996984451 0.0859751200765 0.0824159724834 0.257304973618 0.240531083591 0.261311160219 0.279271638793 0.268326966062 0.465614848507 0.461434207541 
1683 1.0 0.169683658306 0.175232699934 0.251648472045 0.174280341253 0.368577283095 0.222422080571 0.234532319743 0.177474070928 0.187838623796 0.483780361799 0.28005456024 0.28005456024 0.329476171709 0.321033220038 0.0939193118979 0.0860591342392 0.148499470937 0.147091861245 0.180726484165 0.190478171786 0.375289408725 0.35623524994 0.16445370034 0.179687485867 0.268293420979 0.281018606328 0.132978502086 0.129811893019 0.128523405612 0.14146842217 0.13713748766 0.187838623796 0.0984611563899 0.0982496391609 0.263284001617 0.24520024237 0.26564392931 0.288470873376 0.283377670643 0.492939244509 0.479113561114 
