Leaf
202 1.0 0.177129734303 0.171616314249 0.28175075595 0.199189568133 0.353957806088 0.210367630365 0.217430579192 0.185709506364 0.195945473064 0.486283708298 0.257053702822 0.268834971165 0.306399519164 0.313927192695 0.0964816747694 0.105545894791 0.153597681706 0.152400798414 0.218550641101 0.223726195721 0.36386450122 0.343987621282 0.155670085902 0.165827788642 0.279193536777 0.286637126629 0.148752377973 0.122664353289 0.143425001178 0.118616574106 0.137226344916 0.195945473064 0.0939169186501 0.101416790925 0.272051287343 0.254368216133 0.28519605942 0.283693887638 0.28407017529 0.461024807397 0.469812018604 
1364 1.0 0.175568283113 0.168603824956 0.285624159761 0.18168911238 0.350717155452 0.214683838578 0.212419281657 0.200189145211 0.190722586838 0.48704840419 0.283629604825 0.277256777081 0.324821229218 0.313221412886 0.0917083907387 0.0910179789816 0.165710743353 0.16735210887 0.223324525223 0.225572815379 0.377009613868 0.365972786885 0.151942842602 0.154685714632 0.29145382518 0.284222043288 0.152633181652 0.0989856035272 0.143546337059 0.0989856035272 0.153045890423 0.190722586838 0.121837625817 0.125241566414 0.282515434204 0.265954333142 0.290007395283 0.287824121607 0.282515434204 0.489159179728 0.482014625549 
1464 1.0 0.164554883492 0.176157167298 0.27064698865 0.182765342274 0.33346507523 0.222290291894 0.228602627206 0.184915596742 0.19692460967 0.496857341152 0.272973926587 0.27499384577 0.323659550462 0.314931295925 0.097605437155 0.0889161167577 0.158684755047 0.152199875658 0.22077354331 0.22077354331 0.365530684547 0.357272436807 0.157685156091 0.163470291702 0.25892764037 0.279273052687 0.141848380181 0.136015504326 0.139175736956 0.127308504938 0.137891668876 0.19692460967 0.101379971222 0.0957655885501 0.26748829164 0.257780075376 0.27849345376 0.280684957807 0.287365554533 0.483101809337 0.47622031128 
1483 1.0 0.164631272467 0.17011682272 0.285085324197 0.212192187079 0.381838229309 0.219675607781 0.219592001458 0.195809790776 0.193640869948 0.479097784677 0.262342677875 0.258037636958 0.317103383464 0.30906820519 0.111743845415 0.104614596924 0.150531273589 0.158609589011 0.211411906731 0.201449082181 0.358575167054 0.363053713415 0.16261118035 0.171085543873 0.268431609598 0.277513023617 0.149920100649 0.131101324874 0.147574561254 0.131101324874 0.143024932549 0.193640869948 0.0958195569353 0.0867682991815 0.25938621308 0.224553290116 0.253804284122 0.288096759651 0.301915244752 0.481163035758 0.488510617769 
1521 1.0 0.170998969338 0.175780039747 0.274577199694 0.192244029448 0.323982840715 0.230925313613 0.224101686141 0.196201839257 0.196201839257 0.499902019158 0.270428851611 0.274577199694 0.310003631965 0.3194382825 0.0947797933973 0.0994362064821 0.152650198229 0.151858233362 0.213563529478 0.213563529478 0.353654625827 0.346246523173 0.149960555109 0.15225473073 0.26031894714 0.275180365512 0.137261150361 0.121907685306 0.149356279091 0.120914530795 0.13997945683 0.196201839257 0.100940621823 0.105610837758 0.251424063341 0.236153012388 0.261935133512 0.276109939191 0.310586528685 0.47335796809 0.469778167055 
1522 1.0 0.17259153203 0.173001488741 0.279780616475 0.190538796882 0.339440389868 0.216390013252 0.213340372852 0.193855969006 0.18459036219 0.499955723609 0.267284906543 0.264286476694 0.30636872056 0.303464686104 0.0954087152083 0.0959639597516 0.147350537092 0.144068917813 0.192296657441 0.189139472215 0.341935544233 0.34343424873 0.146385875088 0.130525096846 0.271687928969 0.25024339089 0.145901152317 0.127366209738 0.138937582227 0.126529182864 0.134928299016 0.18459036219 0.0997641819783 0.101174346362 0.26648862402 0.244008717697 0.256188243226 0.303464686104 0.28292785402 0.483972569274 0.464135400155 
1557 1.0 0.171537937231 0.171983298267 0.2499426218 0.185808942269 0.328806358358 0.247585103339 0.247585103339 0.203117123509 0.196091130212 0.521308896898 0.281784164323 0.272210632013 0.32270087695 0.314294721417 0.0939280547744 0.0952757284391 0.158560766429 0.164403179179 0.208200486313 0.196480844668 0.36047237553 0.339489617015 0.16486781462 0.16486781462 0.267390690995 0.263451902617 0.126542701211 0.140846830167 0.133408957424 0.144598638938 0.141749125302 0.196091130212 0.108771788407 0.099465653813 0.242906399241 0.243221112912 0.249840583575 0.275932071039 0.285827185317 0.485182554587 0.456256197751 
1599 1.0 0.164799486481 0.170677813837 0.276701639674 0.188222268806 0.32350702451 0.238200654112 0.236597572457 0.197286463092 0.19150228413 0.541426650252 0.279500760892 0.268837746121 0.31838664009 0.310408514525 0.0948435278176 0.0948435278176 0.150651321427 0.150651321427 0.215796082153 0.217631998307 0.329073715302 0.331952347362 0.150766103403 0.152704197139 0.25625310108 0.254491890511 0.144197676234 0.142386834074 0.141411570308 0.141656015729 0.137818398182 0.19150228413 0.105219446982 0.102723768962 0.252581468608 0.241159781907 0.260537671398 0.288395352467 0.269929412306 0.46168592001 0.449497674548 
1621 1.0 0.164344047239 0.156889631647 0.246374841359 0.179254891393 0.276111714528 0.240310356032 0.240310356032 0.187900414275 0.187158015425 0.529888542804 0.270302477427 0.271227997463 0.307685882019 0.303861286179 0.0907849725031 0.0898601439136 0.159704019827 0.144895128306 0.206401964373 0.200933390259 0.324338935979 0.333732196253 0.162982996499 0.162982996499 0.256778678747 0.250743728619 0.130326588881 0.151103678504 0.125093939196 0.140801767848 0.140801767848 0.187158015425 0.101500684926 0.113665090255 0.261080128381 0.246713656337 0.247052006653 0.320539307196 0.295687479225 0.469899198768 0.459109258139 
