Leaf
148 1.0 0.166881625631 0.162927303864 0.277489472869 0.219915879732 0.40543783703 0.210897255774 0.2005291194 0.169706908296 0.170425839345 0.507329781972 0.255572323101 0.255465989698 0.306653120634 0.308772257535 0.109957939866 0.113842854961 0.163676016377 0.1490813239 0.19286273136 0.188876946045 0.389022021749 0.415041207487 0.119091794807 0.129475969302 0.242535625036 0.257162048091 0.133607018844 0.100128975379 0.152593839233 0.103465294888 0.141795500153 0.170425839345 0.0890713458958 0.103202358517 0.291620975067 0.271501032704 0.285167446883 0.276312001619 0.251067548151 0.477193488918 0.474595760322 
198 1.0 0.177766994683 0.168043753683 0.261631105056 0.193452317743 0.298066998133 0.236438866937 0.245792343363 0.19792256403 0.204177148913 0.518565415292 0.275077618764 0.283543519352 0.32504759899 0.326222878234 0.101517961483 0.0964076888538 0.151984943984 0.148620217885 0.182621593768 0.183591999423 0.341413595531 0.339244848239 0.16216597939 0.1778438669 0.27990477435 0.281560165775 0.135738223678 0.136341061094 0.133299613935 0.147605103617 0.151984943984 0.204177148913 0.095981418429 0.0935291962979 0.268896439356 0.256406926931 0.274381092658 0.301713213195 0.313226820772 0.465889008534 0.482038444269 
206 1.0 0.172491349355 0.162437885862 0.280989336554 0.178528089288 0.3290484147 0.237610260098 0.238585575681 0.209221377745 0.207968960506 0.513221420456 0.267493879045 0.259115386931 0.312534468346 0.291385758707 0.0969790425193 0.0824163383692 0.137149077197 0.139040877973 0.20021758846 0.196116135138 0.340749621848 0.325500619232 0.175494325679 0.167106338306 0.284480021158 0.26156834116 0.16527234857 0.152578229477 0.128064751401 0.139769663307 0.152387863552 0.207968960506 0.0940925647445 0.0963785473182 0.262730995882 0.23730465192 0.25413846037 0.307147558417 0.262730995882 0.454744381857 0.434271991446 
211 1.0 0.184642237031 0.171121943714 0.268487505559 0.177095271593 0.319708095924 0.254951931751 0.246658582465 0.210933244644 0.20244210869 0.520314357339 0.287824810125 0.284016909694 0.332416649337 0.323798990646 0.0885017443003 0.0919242262707 0.141607381145 0.129248308648 0.193914367753 0.192906140638 0.34929345119 0.339430941578 0.187524035098 0.193578875516 0.286466604464 0.283214762291 0.141032440155 0.160639950009 0.140801806411 0.161346506765 0.147122949735 0.20244210869 0.0841727576945 0.0892331761129 0.259312561058 0.2397090548 0.254951931751 0.305570287003 0.257236265481 0.484811058881 0.448925396369 
212 1.0 0.190637046735 0.179640124199 0.252628079968 0.179022271555 0.336837439957 0.241012517518 0.232113385905 0.194734144975 0.186524207598 0.505365795645 0.282103319795 0.285955570102 0.31543403248 0.306887954496 0.094881614161 0.0842093599892 0.133976271347 0.122867956449 0.197768779029 0.188665264072 0.327243710869 0.343111163864 0.179871271785 0.183076697286 0.292468454259 0.284644842483 0.141712900577 0.150803687972 0.121507752664 0.148583144323 0.130307862596 0.186524207598 0.0871195584044 0.0941489266388 0.277350098113 0.243015505328 0.244832468984 0.325333587932 0.261305677408 0.476418221777 0.466399614404 
261 1.0 0.184390889146 0.17195706083 0.267696728522 0.189330805328 0.378214428395 0.255523595177 0.261651559257 0.215763403185 0.224362344297 0.522479296609 0.284848137678 0.275401804363 0.332866339542 0.307646150384 0.102281662391 0.0889252062561 0.145602197786 0.133358971894 0.209321247405 0.203960780544 0.360555127546 0.34310796686 0.183638440755 0.186052101884 0.297941656653 0.27501048931 0.152315462117 0.156303452396 0.129019974601 0.152315462117 0.157675421235 0.224362344297 0.0954342302724 0.0942990333583 0.264633273098 0.244320092691 0.272876416096 0.293729336425 0.251579624955 0.482461636578 0.459732363614 
275 1.0 0.170776665193 0.166437345915 0.276438958666 0.185913058342 0.326523436074 0.228470355258 0.247091209163 0.196148293232 0.213219541432 0.513903373551 0.271883856722 0.273502915693 0.314680217886 0.312629114029 0.0959612825693 0.0916582853018 0.146008441778 0.146697977806 0.195375038081 0.202477278262 0.363662165059 0.337690489076 0.179491984938 0.199969722965 0.283290131642 0.300909806098 0.14643978228 0.140729271673 0.147726247246 0.14643978228 0.131460384265 0.213219541432 0.0966163159931 0.0966163159931 0.236127053869 0.233710681603 0.262200107234 0.277395576525 0.299059588519 0.465609698082 0.451413614472 
279 1.0 0.192634030542 0.18889320783 0.267615747977 0.165968241361 0.347440289345 0.259382771708 0.255837005314 0.215106157729 0.207816869995 0.5293595238 0.303219200195 0.300381777838 0.33219436427 0.329563165762 0.080140600906 0.0861485574143 0.124726744399 0.121832458274 0.19593971753 0.200831770239 0.375246709966 0.382292973618 0.194477460396 0.185846343406 0.302465156877 0.287713562414 0.143856781207 0.155765329569 0.138704733969 0.157768238976 0.159388263378 0.207816869995 0.0836265879789 0.090983017095 0.308307047472 0.288555628528 0.29150818456 0.298666385639 0.251788340071 0.495606247993 0.478850801787 
398 1.0 0.170551230505 0.16150221266 0.275937294571 0.193802655192 0.331453537153 0.242748087195 0.243263294185 0.223130372222 0.224992928507 0.496902180495 0.271400612188 0.269665173071 0.320963046714 0.29639066296 0.10305815457 0.0914735758231 0.149840635372 0.135815583169 0.220780081575 0.219500461008 0.365694649372 0.333743453014 0.192722966261 0.182833059242 0.304447734984 0.284243894282 0.158568527663 0.143364487161 0.134890608163 0.13810091884 0.159879033648 0.224992928507 0.0924943912876 0.0941711632932 0.257189421369 0.237710190596 0.255357419581 0.316807904167 0.26517856779 0.48128743268 0.449266528899 
423 1.0 0.176571164208 0.171102157936 0.285728298159 0.203269090424 0.362588107244 0.25562220108 0.248193910695 0.215870485243 0.210562252404 0.521907124063 0.273697296962 0.27665864424 0.314826436737 0.30965509284 0.104525897442 0.0990401524651 0.143785438262 0.13984827786 0.20200306802 0.204158026548 0.359914610074 0.354336821462 0.180710442829 0.171981866346 0.281899982756 0.282808564068 0.151153274352 0.146282622412 0.1494464075 0.128135382484 0.147821941782 0.210562252404 0.0933939064112 0.0909378958544 0.265354825152 0.252772630951 0.273255849421 0.280666044088 0.273697296962 0.45898377235 0.462684125909 
425 1.0 0.181057912766 0.18538473739 0.296390119923 0.18515344006 0.333308335253 0.249270447333 0.246895360757 0.205449414153 0.212372287138 0.550909274249 0.270618712374 0.277807296645 0.312917530463 0.316728758745 0.0930384521714 0.0930384521714 0.130923253027 0.130923253027 0.191803682773 0.194631408012 0.342971447472 0.333308335253 0.178675468003 0.180524604059 0.279881947786 0.299303556827 0.150775051701 0.155531644886 0.157176078035 0.154078369616 0.134236244044 0.212372287138 0.0849741334738 0.0849741334738 0.249270447333 0.246417596396 0.265946669706 0.248107336852 0.281561101889 0.441878101322 0.451732656412 
441 1.0 0.173016974304 0.162124270486 0.275664236523 0.189222168518 0.362238819181 0.258778867272 0.252090352584 0.226845272133 0.218584030564 0.529854041539 0.272842297504 0.274549579225 0.314417070303 0.316638472576 0.0932899611488 0.0978731806327 0.146011885851 0.145410598935 0.222359280054 0.218851085069 0.386688948917 0.384758236732 0.187983384867 0.187983384867 0.289664046399 0.284424278252 0.145510985967 0.16221431452 0.141852303027 0.15484541799 0.168830804136 0.218584030564 0.0945338822191 0.0966722372292 0.282931497324 0.270261153497 0.285193340345 0.26749139913 0.282311485993 0.475380258934 0.48154517026 
444 1.0 0.174082219354 0.165830053892 0.266440247119 0.189718973596 0.364101086248 0.242866020571 0.247675715616 0.202873501033 0.193820001671 0.52798772485 0.283228016568 0.276909868247 0.332212940828 0.320648558937 0.0984864219875 0.095650712904 0.137576449293 0.141614008284 0.185527315609 0.17654947282 0.364964056653 0.359500051901 0.180077871037 0.181455575657 0.280671125352 0.261324038767 0.145719612343 0.157727930094 0.132924625694 0.158142895111 0.145539600399 0.193820001671 0.085214869317 0.085214869317 0.27500994963 0.25646365565 0.266095659127 0.282347344718 0.272135202225 0.478774015874 0.468171108753 
472 1.0 0.177828211461 0.16558187316 0.274126018473 0.188766478658 0.325654305975 0.242579108976 0.228174575613 0.211259631273 0.199431937607 0.503265725466 0.286398086339 0.297892009316 0.318108775315 0.332195794332 0.0920664648179 0.0970652359901 0.153632846241 0.133783010812 0.205866873781 0.205866873781 0.367734322994 0.360074684537 0.194214420296 0.189799879511 0.302615147499 0.293481817548 0.135718489449 0.133661112827 0.159054387657 0.144106811647 0.133294750019 0.199431937607 0.0975677340988 0.10481652173 0.278433007541 0.26270916399 0.278374457859 0.271316847457 0.285714285714 0.465718569813 0.45624198089 
537 1.0 0.185255301212 0.174358974359 0.271843246784 0.194939259577 0.338500386271 0.244653547526 0.230484154403 0.196551465608 0.201506489276 0.528429128505 0.290095089718 0.289414380708 0.334907525482 0.323889901018 0.103711530339 0.0928757450065 0.148717948718 0.137985887662 0.185893014978 0.181888695907 0.362618862147 0.35325107896 0.170469437319 0.173527428879 0.28497321004 0.283167952662 0.148008919894 0.147920052327 0.134609279471 0.14248660502 0.135388500333 0.201506489276 0.0897069522284 0.0848868992679 0.273001674958 0.25641025641 0.275208366462 0.308758835354 0.275685744733 0.482623773525 0.468466520681 
541 1.0 0.189514912245 0.169315307533 0.261388307192 0.203352092223 0.358265331967 0.248119890535 0.243154626478 0.204263989588 0.202951848718 0.537630306853 0.28539384317 0.281583231108 0.328497072137 0.310425949221 0.103037839534 0.101218043575 0.143306132787 0.137007494498 0.200880857299 0.195310332924 0.392311993441 0.367073168614 0.174650971988 0.172037593106 0.29964938663 0.272995710861 0.153179035562 0.138105260847 0.125039197014 0.135043433771 0.134007279584 0.202951848718 0.0829248127361 0.0905578278039 0.278597286245 0.265138689745 0.278096511809 0.314219482441 0.248821125726 0.497595566125 0.457510472305 
579 1.0 0.176213689716 0.170180126602 0.267743573378 0.180399871661 0.316968065687 0.244669685512 0.244669685512 0.198898228198 0.202763577603 0.508166373962 0.272222403327 0.275872171252 0.322570291363 0.315693864478 0.0954273568622 0.0889499917709 0.139309153601 0.131594267824 0.188730980909 0.176552236982 0.334921920455 0.339745646287 0.168327890751 0.163011400482 0.256116762701 0.251588569471 0.145801829034 0.167260261222 0.129881471152 0.153093870738 0.16974095135 0.202763577603 0.0834066994594 0.0819623183809 0.277437033284 0.251588569471 0.268800862723 0.327348009486 0.277006230177 0.494800239836 0.465961366663 
583 1.0 0.175562695257 0.169923551599 0.275602320427 0.205151460123 0.380354830629 0.239162123529 0.241190059123 0.211800912029 0.202948098937 0.515955822363 0.27776889674 0.266572776291 0.33079678979 0.30194030676 0.11175312128 0.095481908677 0.148425647529 0.137869115093 0.197142135224 0.194912309187 0.355824465228 0.354981111567 0.185725484089 0.191551500178 0.294019042788 0.287316383741 0.152901795074 0.158752379238 0.134568577937 0.154365003486 0.135031810212 0.202948098937 0.0921539846063 0.0900982467939 0.264927974837 0.235743467599 0.259305774066 0.300031636524 0.236219770971 0.453227455464 0.431199096248 
594 1.0 0.178388383587 0.173536368402 0.284658981584 0.217946727795 0.358166360622 0.238032398088 0.246805105321 0.212172277742 0.20818399905 0.530386794827 0.272112711092 0.267973873531 0.317256948604 0.314603676799 0.11157755074 0.108187058445 0.14529781853 0.133957969748 0.178388383587 0.182517494579 0.343295206611 0.34885718423 0.174517563604 0.172008967081 0.286398701257 0.281974234832 0.142819438853 0.143794326886 0.154111609161 0.14529781853 0.137954183414 0.20818399905 0.0726489092649 0.0828325010041 0.282469264592 0.262826798691 0.279985363524 0.284386189014 0.262117094068 0.445753359073 0.421592021213 
596 1.0 0.178182890809 0.163409292166 0.267320161218 0.207938953843 0.346784769892 0.245737797589 0.247921294271 0.227085576144 0.234097346971 0.490002949726 0.287754318422 0.289790341351 0.317156029558 0.320956739779 0.104057798736 0.103940019639 0.143536217596 0.147159950243 0.197609426765 0.203473029872 0.354159161135 0.355712119838 0.180165420206 0.195803599266 0.295192577008 0.299149537623 0.139379882309 0.146157714176 0.140865943758 0.152795284038 0.151102432558 0.234097346971 0.0976198869708 0.0952060093871 0.273346438344 0.257565582711 0.28333597524 0.28424237644 0.28424237644 0.44819852814 0.468978896424 
606 1.0 0.178531316862 0.178531316862 0.281667833445 0.212721327854 0.390846853699 0.257019307759 0.239041774058 0.227356786722 0.212643678161 0.506269322886 0.27163913329 0.273094353345 0.32393610738 0.321274134698 0.111589010569 0.10487521604 0.146523549241 0.13840913309 0.1876416979 0.1903505191 0.368623395651 0.36983104697 0.178253591026 0.176297260347 0.286953740984 0.282136499049 0.147758162439 0.154746115148 0.14367816092 0.149866721959 0.159683264247 0.212643678161 0.0773196784315 0.0816820138135 0.27520275618 0.252873563218 0.270176075254 0.283071502437 0.278780065187 0.475485719353 0.479601058506 
622 1.0 0.1872799065 0.180496054171 0.264648920649 0.192422252876 0.348972623301 0.250613940975 0.24187700109 0.207346278067 0.196972309806 0.529707567465 0.283641859847 0.280758920258 0.318245206674 0.32270192836 0.0969598624496 0.0969598624496 0.132426891866 0.123380454192 0.188242791544 0.194292289556 0.36039062149 0.367149776841 0.165444851364 0.163576599857 0.277455378103 0.273517779498 0.135663871919 0.14851497082 0.137121952482 0.146800808215 0.158752914008 0.196972309806 0.0770064744506 0.0808992702651 0.280501225004 0.259683726553 0.269254211646 0.296115532262 0.27384807521 0.494400230666 0.476296701515 
629 1.0 0.170037316399 0.173755118995 0.272637440012 0.183140607654 0.328907548432 0.243564984039 0.252799565729 0.205053180474 0.215430162003 0.516572716055 0.280171710884 0.271665756113 0.315082818916 0.30653913151 0.0896858145435 0.0940046876923 0.143082059144 0.136460098078 0.174451281429 0.184936733741 0.32783378087 0.32045738391 0.172609887863 0.173691693142 0.273726461417 0.279975002505 0.135487685941 0.142773692279 0.148449016481 0.144614030643 0.14740621068 0.215430162003 0.0967769185291 0.100792400198 0.243971792313 0.225329764076 0.250390853179 0.286971569875 0.28009304411 0.46861477364 0.454869685106 
647 1.0 0.176088762322 0.177456285546 0.261218862484 0.193112677066 0.346503194995 0.249285845398 0.253897896449 0.216186268806 0.213712059745 0.499895234794 0.258552344929 0.257052028521 0.299610276002 0.299771602555 0.0971802283224 0.0980059035535 0.152550172722 0.141933238951 0.197486216739 0.203118317159 0.346642698401 0.347988348097 0.186748763651 0.190846116358 0.293029413039 0.293084405891 0.137198868114 0.134589835618 0.145521375022 0.139643843047 0.14902314202 0.213712059745 0.0991502981726 0.0944895954178 0.274397736228 0.261218862484 0.276853507519 0.278420779648 0.273986301027 0.436231757963 0.445625166345 
658 1.0 0.175085167532 0.174774089109 0.253042434043 0.16875468163 0.337348094144 0.247827491303 0.232417245843 0.220975197911 0.211838967689 0.482789223604 0.291359330358 0.293097322179 0.324354554489 0.323514618972 0.0851796790636 0.0845384176543 0.142150567938 0.137348105506 0.215909904556 0.215909904556 0.379838338072 0.36903549139 0.171420797419 0.175395694233 0.273968887958 0.283150373239 0.139054358573 0.143673653217 0.129741821796 0.140481925574 0.162177277245 0.211838967689 0.0942766286711 0.102392918765 0.258643435308 0.247021069284 0.266790587326 0.265905255559 0.271775240308 0.488206645058 0.488206645058 
664 1.0 0.18038531011 0.182100581442 0.264673031251 0.193575573332 0.355037763444 0.253963401549 0.245160410636 0.21861552121 0.216424070377 0.489982552296 0.268945359167 0.27109450009 0.308296338162 0.31203825991 0.0967877866658 0.0984859475524 0.136878600575 0.136878600575 0.199688877177 0.195811054111 0.35009991172 0.362832838086 0.193682609875 0.196128328508 0.293628364741 0.300327972709 0.14120135918 0.150163986355 0.140613017624 0.153034927775 0.151947632102 0.216424070377 0.0863778900898 0.0875693655475 0.276469226426 0.251173412012 0.266156679868 0.270711976265 0.279525875414 0.441805058645 0.455615509205 
673 1.0 0.178815026453 0.179638430776 0.278126685357 0.193672187094 0.327923402679 0.23934098796 0.244223924971 0.213024973706 0.218271556532 0.512360439882 0.264668543619 0.264017222608 0.307044798605 0.302159545731 0.0993126387796 0.0953966660582 0.154460772403 0.152779625573 0.209297622415 0.210994737029 0.33974855026 0.332873891173 0.177226142098 0.188523831946 0.293613720554 0.302037419942 0.142793881966 0.143052021162 0.147954213759 0.146534354983 0.140449280677 0.218271556532 0.105088575624 0.108768934276 0.26186576208 0.244274275229 0.27100495832 0.284811591615 0.282731381727 0.459732007216 0.455431835487 
688 1.0 0.168409151931 0.162892271648 0.263900717493 0.207704620715 0.364886495851 0.241647409503 0.246041358661 0.212504205545 0.219219587382 0.499645353695 0.271551598009 0.264794793631 0.316362268495 0.299265374347 0.112832735358 0.0960900112689 0.154859111265 0.143120258661 0.199106186654 0.203489552516 0.381479670135 0.356499188121 0.179373096415 0.189953446373 0.285192720755 0.284085601976 0.147351324886 0.146385779777 0.133434661442 0.143120258661 0.143120258661 0.219219587382 0.0934295632479 0.0954318527611 0.297098862173 0.281578669518 0.304277843664 0.292771559554 0.275583337496 0.467282713099 0.440768931314 
694 1.0 0.176632825608 0.171050074688 0.251334462568 0.192411632126 0.315264970821 0.239231588463 0.234592892583 0.206231247888 0.215106157729 0.4864504402 0.283968757717 0.2803266849 0.318507781568 0.310842699537 0.1020722687 0.090983017095 0.136212829284 0.124726744399 0.185846343406 0.187604336854 0.34409685981 0.346658922966 0.169793875988 0.162755368818 0.284972184016 0.281545944086 0.132171264974 0.136212829284 0.13010341078 0.121949548602 0.147771966577 0.215106157729 0.0815528787655 0.0815528787655 0.275032662068 0.256672439143 0.265312597539 0.306822116275 0.268467690436 0.468455155418 0.442026250746 
708 1.0 0.179964222434 0.174590940689 0.25925432 0.197527100952 0.358017870476 0.248830375024 0.248830375024 0.205190783817 0.216749572583 0.481630557485 0.286350433517 0.285016702776 0.331550448851 0.32668806298 0.100484632477 0.100484632477 0.139672752551 0.139672752551 0.190556234259 0.190556234259 0.327154260952 0.333840980052 0.183528216388 0.185695338177 0.285950967477 0.28266753176 0.134814281348 0.151828883638 0.134814281348 0.149170565115 0.149425775849 0.216749572583 0.0839580949462 0.0839580949462 0.249976184806 0.228724127749 0.245826276467 0.307522998101 0.263698795365 0.472122441665 0.458820540971 
714 1.0 0.179280963525 0.162259356887 0.283291238528 0.190835817887 0.329524964616 0.235292397942 0.23536338675 0.213869259456 0.212065085294 0.491457258793 0.294736088466 0.291085965122 0.330890929487 0.328662000122 0.0926644608541 0.098941946888 0.139206860283 0.147368044233 0.215813211981 0.212065085294 0.354296807585 0.356740262799 0.171859195352 0.170002260161 0.283762605308 0.261392605519 0.150064024648 0.14917077847 0.142995494077 0.153911035176 0.157770128027 0.212065085294 0.0956801666317 0.0956801666317 0.279192669332 0.260111261501 0.268952503952 0.289935877792 0.263239475986 0.461877804093 0.446428452103 
720 1.0 0.179674251456 0.180657876971 0.260865712669 0.190292204921 0.353297455501 0.260242241307 0.262502311884 0.224078518216 0.220222830171 0.505456536281 0.284479544982 0.290540631042 0.318985084578 0.323399040174 0.0930271194533 0.0979754898997 0.146837571522 0.146232884376 0.204867374724 0.209147796074 0.351411400685 0.338394786739 0.180657876971 0.187398750365 0.280506463924 0.281871978091 0.135867558682 0.158447439748 0.135867558682 0.160484837085 0.163041070418 0.220222830171 0.0949129961018 0.10453858691 0.252874311648 0.239682080637 0.266799053492 0.276102135389 0.290031892023 0.461213830152 0.469087542517 
739 1.0 0.183139835722 0.172149096266 0.277582077046 0.194943398621 0.348425287972 0.235965082706 0.235076879745 0.203603955784 0.20733700583 0.502209052171 0.266430641893 0.260876639194 0.317975957102 0.299337995381 0.106938036601 0.0903240105838 0.154539879762 0.147616632216 0.190785574261 0.195479203751 0.326095798993 0.334227005544 0.175558320221 0.181129878575 0.289870357111 0.276764455014 0.156890856816 0.142936812235 0.138224670553 0.142814800423 0.142936812235 0.20733700583 0.0953927871306 0.0953927871306 0.275438554025 0.248276957444 0.256156330832 0.307949665212 0.253969257029 0.452853568505 0.452160130052 
764 1.0 0.171193879095 0.166137924493 0.260190832 0.189159755648 0.372431451702 0.233989596396 0.245601756434 0.204797999686 0.216448568017 0.491946983241 0.283494183917 0.283432788316 0.324913975603 0.317161971201 0.100468793263 0.0902485256394 0.150414209399 0.152254206981 0.208503527187 0.200590843237 0.356726424215 0.36162028534 0.168942576494 0.173516284967 0.268162067667 0.263447913906 0.145712598987 0.150414209399 0.128852063078 0.147846827163 0.151106834134 0.216448568017 0.108304658534 0.108304658534 0.284963710051 0.259856181274 0.286425696782 0.289628108702 0.288121972083 0.463982968349 0.472310197939 
851 1.0 0.181463603661 0.174332288542 0.291187543376 0.206542912989 0.391068556548 0.25521194752 0.262642153128 0.21880121535 0.225762953548 0.528696911105 0.276401161573 0.274427023075 0.316470145276 0.305212854217 0.106134179047 0.10046594362 0.145665569394 0.138603498787 0.208290459829 0.196228200729 0.356962572249 0.366482216638 0.191336112317 0.188694842964 0.304709994384 0.290420502088 0.162666337563 0.148790373387 0.144222824333 0.142178387919 0.151022353609 0.225762953548 0.0982206110894 0.0969347585436 0.278261115809 0.2595989357 0.281052769809 0.263066454136 0.258792141242 0.448614205241 0.445088756447 
872 1.0 0.179065007428 0.169343967949 0.273511252856 0.184035252172 0.328309902138 0.23033269859 0.231350097769 0.196697077813 0.202884026741 0.507374540747 0.276164799154 0.269642440531 0.320691465538 0.305612922409 0.0949920301126 0.0907324950683 0.14783146118 0.142205825864 0.201355112513 0.198511145549 0.324141921335 0.322612941483 0.174591169988 0.176352271347 0.286835166699 0.279943487145 0.149577071675 0.150318985097 0.133878161683 0.144533690325 0.140808191693 0.202884026741 0.0990685919378 0.0979392107318 0.269091774659 0.24363339498 0.249052592973 0.299814528576 0.246006421575 0.458405901286 0.429850349099 
895 1.0 0.183713973325 0.172231849992 0.264338330179 0.183713973325 0.344463699984 0.252084258339 0.242215657054 0.225587930317 0.211719893062 0.517205614809 0.289112478197 0.279372118308 0.313611241105 0.308097699578 0.0918569866623 0.0918569866623 0.122056645267 0.138263074077 0.215729511539 0.206996922138 0.359447316174 0.370287351227 0.181548310533 0.192475460515 0.296318878995 0.294085848838 0.13091634852 0.154048849789 0.145238648426 0.159514755281 0.147042924419 0.211719893062 0.0925718378067 0.0981033047596 0.287741185985 0.275810067156 0.292737854657 0.289112478197 0.31022988903 0.462859189034 0.464565064063 
991 1.0 0.174488937612 0.174488937612 0.273276092864 0.19772982519 0.348832598921 0.237270093536 0.25023221061 0.20445152427 0.214375404633 0.523208533893 0.279994496714 0.283889738403 0.325998669679 0.332769660491 0.101520891446 0.100349135394 0.153469434195 0.156413698759 0.215083565358 0.219130354792 0.364187749927 0.359095271081 0.16947863824 0.178320106416 0.282218379749 0.283830216495 0.138175080681 0.140599389838 0.14532673335 0.151586302335 0.152142584213 0.214375404633 0.0909889273213 0.0962234190437 0.280777868192 0.267653812179 0.292103118918 0.270479561247 0.292103118918 0.457167506371 0.460371603505 
1071 1.0 0.179640124199 0.174398021645 0.247420978899 0.194805254762 0.35804454311 0.278943504964 0.268984323727 0.223293785579 0.218908908495 0.531675794222 0.274488931091 0.275496233306 0.306887954496 0.30841857723 0.0953185233673 0.100137021441 0.145569738401 0.145188665134 0.200412305959 0.188297853278 0.344802368675 0.353842179467 0.177546254543 0.180025205293 0.267383366042 0.271648614434 0.120016803529 0.162560329661 0.136637633691 0.160675011678 0.160070481138 0.218908908495 0.0967606404176 0.0988843895146 0.265981132255 0.252682897822 0.266345383218 0.286584523135 0.280725277193 0.461713861946 0.457888394941 
1207 1.0 0.165774495222 0.171993185541 0.266253545448 0.183514515652 0.34913812012 0.248855247102 0.248855247102 0.229764832323 0.213823027442 0.502923363625 0.272748488797 0.261410358363 0.320707252735 0.297783397563 0.101278368343 0.0847149026932 0.164502549357 0.159313246969 0.228542670292 0.228542670292 0.36033902779 0.362663195036 0.189058303664 0.174016704394 0.294770334581 0.272427419246 0.151658085968 0.146132832831 0.135181772718 0.132962317105 0.150848002645 0.213823027442 0.11654636926 0.114271335146 0.269130631928 0.236743765942 0.254695103328 0.295896434259 0.259933072483 0.48596618885 0.45834732301 
1259 1.0 0.179205098724 0.178315737905 0.25586220015 0.184642672332 0.357076986885 0.247438743559 0.250771640796 0.221921718742 0.21919864974 0.487975894297 0.262608226695 0.26581740761 0.303602581459 0.300385432201 0.0967589968941 0.0893557778953 0.150016191789 0.15153923786 0.234160846194 0.233102315799 0.361990219857 0.346583496607 0.165576722232 0.173087755592 0.274256071698 0.280560168459 0.150369033183 0.135540814845 0.127620041962 0.125385820398 0.167486062085 0.21919864974 0.109114727103 0.107154422707 0.269119613821 0.249712783255 0.283566256078 0.28387755956 0.305632226895 0.495769062603 0.48379498447 
1273 1.0 0.158533638233 0.159001980873 0.262261138817 0.195118323979 0.335415046101 0.253612777339 0.248877466452 0.229607565555 0.227656191085 0.50641862943 0.267871637797 0.256382990458 0.322185347507 0.293311949072 0.105258265825 0.093273013259 0.146592583146 0.138238699036 0.202688550793 0.206324509751 0.360781395347 0.340857684432 0.187043616163 0.17943494443 0.281870963235 0.267315886913 0.154254579252 0.153892620413 0.128191495229 0.148857667081 0.137969490019 0.227656191085 0.0900277352926 0.0847084495999 0.321781208394 0.292740994158 0.324599615811 0.341511504121 0.281541019352 0.4770838784 0.431930037476 
1278 1.0 0.170710315547 0.171251052776 0.274737637084 0.176776695297 0.365688133046 0.234741454149 0.253160495904 0.202973458492 0.223110077112 0.52122125593 0.287626997935 0.293481953116 0.326640149067 0.330970421818 0.0914220332616 0.0870710109436 0.137872679453 0.1435239089 0.210047191091 0.212758718245 0.346687622641 0.334526955601 0.166986871893 0.190859935012 0.267162384412 0.290123417933 0.146961332112 0.146204444683 0.144550926715 0.155043418237 0.133373391418 0.223110077112 0.0980580675691 0.0928270645088 0.264309416131 0.251180644112 0.275006723963 0.250517216454 0.276080448785 0.439371525338 0.430099066612 
1303 1.0 0.164106480627 0.15881831767 0.26455026455 0.185260755556 0.328084994665 0.23956045339 0.248733529599 0.205465479777 0.214856513272 0.508046725255 0.273140941781 0.277613960261 0.314848159721 0.314848159721 0.091336912707 0.095824181356 0.14528603405 0.157312896797 0.203617792644 0.194115728337 0.350486670088 0.340808104025 0.179036236145 0.186090004181 0.276198584892 0.270307720094 0.143930904854 0.149745732255 0.133853022653 0.15881831767 0.149652228823 0.214856513272 0.1064794275 0.105422533572 0.276856623322 0.259313243489 0.277008256354 0.288832678602 0.279222747131 0.471463902856 0.453084325864 
1380 1.0 0.176702590621 0.168320932433 0.272595792433 0.188188523478 0.350128703435 0.25504137363 0.249811328639 0.219062239737 0.217140604013 0.506454566567 0.286684080382 0.283153715891 0.328194532708 0.321420255617 0.0926918842991 0.0973237870749 0.138547125381 0.141983317202 0.228794720893 0.223231618295 0.364899600379 0.366446884777 0.196895434782 0.184249912282 0.304341318075 0.286171948147 0.149461172479 0.139451686406 0.144760402675 0.131086119898 0.147627223607 0.217140604013 0.0920111513341 0.0899380433106 0.27113124909 0.246772969701 0.260568724816 0.276791580819 0.247366684526 0.469166656121 0.4442517278 
1382 1.0 0.166748940727 0.161196917975 0.261154085954 0.216724502392 0.355533609714 0.248747014356 0.259137421905 0.215725437792 0.218426553422 0.516634776615 0.256082650064 0.246002479858 0.303459052621 0.305587193608 0.107862718896 0.11452364268 0.141412627332 0.157321425306 0.186741098838 0.189855030811 0.34109186633 0.346833952908 0.183237828288 0.183237828288 0.272432068952 0.268150523257 0.135278268213 0.157223314024 0.142391273108 0.155645122863 0.138880316294 0.218426553422 0.0867751956263 0.0833281897767 0.274407262586 0.24998456933 0.271524337752 0.286780286929 0.301827540517 0.447875562452 0.464117986608 
1420 1.0 0.180807089668 0.169800020459 0.237260738501 0.192013798913 0.29979474597 0.228704888183 0.250788130667 0.20557081711 0.193338047701 0.508554115492 0.271607238128 0.278162717976 0.304125280115 0.31367586709 0.0966690238506 0.0966690238506 0.144645671734 0.151957733084 0.211006693523 0.193173013059 0.346342023282 0.368818791742 0.187049622816 0.173240063685 0.319668451066 0.27254503026 0.137524751755 0.125011959624 0.114352444091 0.134238702848 0.132324327417 0.193338047701 0.101024919291 0.0912375840345 0.280389654061 0.265671048628 0.270666196795 0.308291573976 0.27254503026 0.475360892972 0.463849071317 
1576 1.0 0.164765287438 0.164765287438 0.276456642176 0.182302483804 0.341132758612 0.244598586807 0.240031583664 0.21822166351 0.215671140094 0.511927184786 0.275642335129 0.26781522836 0.318266243226 0.305175081107 0.094823845973 0.0889915217269 0.137286914077 0.133325263739 0.210805751529 0.214061631481 0.350137810547 0.345013687552 0.184564855587 0.180395501617 0.28713360096 0.284714572169 0.148771889529 0.14223576896 0.145243200248 0.140277179518 0.158888447667 0.215671140094 0.0897653756118 0.086827868284 0.294741106436 0.27057727644 0.289293432824 0.277953710751 0.259352652944 0.449173477442 0.424228201587 
1590 1.0 0.170663053278 0.164680242097 0.241210640108 0.18232455375 0.352886233065 0.237088313899 0.253175207794 0.206856091847 0.220455849919 0.488194718132 0.279476589107 0.271120859509 0.32090233912 0.299491653663 0.100673988685 0.0831760827958 0.146091869765 0.142374520176 0.226339834868 0.219591159709 0.364126993313 0.352542982288 0.171471887446 0.175460138875 0.280588323575 0.267330569782 0.148789900187 0.135400852972 0.113131703718 0.131512934243 0.149716949032 0.220455849919 0.0999844327016 0.0973551088874 0.268492601401 0.247090370335 0.258248007974 0.288250432087 0.253516552439 0.458148481534 0.424279559601 
