Node
89 1.0 0.163187904693 0.164501256955 0.266471666707 0.191652630854 0.344868971259 0.234909843184 0.237197306613 0.208642199954 0.215613840216 0.50794680182 0.213312543526 0.213521311976 0.257423549327 0.262869805522 0.0965218076614 0.097289064142 0.12838528958 0.136199036685 0.213002049458 0.209078884658 0.329064906331 0.327301029861 0.174319732531 0.181896834055 0.280327678857 0.295023267077 0.141177362371 0.127717283271 0.146711901947 0.127473120482 0.13404437978 0.215613840216 0.0803119886852 0.0779878763173 0.267744192101 0.246141453961 0.272957523619 0.269247411858 0.303281762266 0.404515662198 0.413174003304 
83 1.0 0.17211728778 0.17343603411 0.268857340544 0.210457106314 0.380556303993 0.228412572078 0.235742478825 0.192035439391 0.19985802774 0.518717029553 0.267615331368 0.266698873791 0.313694566368 0.312698919823 0.107329056394 0.106239237187 0.156190781355 0.155398886365 0.206606400681 0.204572692075 0.388387476776 0.389581925011 0.156280418159 0.164860577687 0.269991701228 0.2781752059 0.13976563239 0.130409662408 0.140263406582 0.133919063758 0.135531100503 0.19985802774 0.096859769774 0.096804494988 0.297013428714 0.282450519199 0.29785159921 0.27004449462 0.258703290831 0.469925902408 0.463124575917 
107 1.0 0.15873024605 0.158122580859 0.257839991287 0.226065769642 0.337655804634 0.214002610719 0.221083161572 0.19658488136 0.202579905494 0.469706111313 0.268756708447 0.272769361652 0.31432586301 0.327230785222 0.111254659659 0.119595165583 0.186016844603 0.189096560193 0.218139846998 0.207476600544 0.358018040261 0.37118247945 0.139352351994 0.161564171852 0.254889472939 0.27692255972 0.119824935565 0.104891899045 0.14917162249 0.117272708276 0.137264185809 0.202579905494 0.114543682731 0.117272708276 0.272163655438 0.262701337108 0.280769575678 0.266444006136 0.30350756916 0.463694568285 0.480131138796 
118 1.0 0.184076735145 0.175704793491 0.272346247494 0.216913850268 0.378333824455 0.224112986107 0.221694741821 0.195882408354 0.194393707996 0.517219534478 0.28096598377 0.278182139569 0.327382919097 0.317360868877 0.111441828515 0.107337514591 0.157506213465 0.152425443475 0.208091213607 0.201491662628 0.345948899203 0.353761839708 0.162415805811 0.157063034649 0.297341081505 0.283149284199 0.150625892347 0.124245336558 0.133180916485 0.116011011223 0.132692877367 0.194393707996 0.0951957702478 0.0989812035551 0.265748740349 0.23935153694 0.248508235237 0.284980781981 0.227374354697 0.463421472386 0.43645103576 
139 1.0 0.164281457053 0.158019140625 0.281816606478 0.198718692998 0.340427302051 0.219461793368 0.223691963978 0.197254845467 0.192197728868 0.506352222165 0.269689321334 0.264811554261 0.323992610026 0.307065793107 0.104814794273 0.0979038120398 0.152489803387 0.150656307015 0.210202075169 0.202018850018 0.352101806776 0.348084504997 0.165678624599 0.156311551598 0.285318328907 0.26223175871 0.158960059012 0.12456225353 0.133838026494 0.121147726489 0.133309417979 0.192197728868 0.0945513133869 0.0927404737664 0.287443328984 0.265092508288 0.276787359094 0.306024090191 0.258715737554 0.472528829619 0.437762779342 
142 1.0 0.167788166777 0.171187221839 0.255613882933 0.180952211389 0.353487350219 0.23546484552 0.234523763192 0.200281059884 0.201229003742 0.495567775425 0.282543238288 0.277639551096 0.321216272063 0.314472357312 0.0912508892104 0.0919726293142 0.141239417884 0.14508849826 0.207745765039 0.20230576711 0.386583017269 0.388454845869 0.166845638291 0.16670234454 0.270094307036 0.273801852792 0.132108562087 0.138163804234 0.135326082684 0.134183092553 0.145956255185 0.201229003742 0.096857917602 0.093147337872 0.295589396855 0.28332503288 0.298158406252 0.278854669177 0.288647868971 0.490051300901 0.493026229613 
160 1.0 0.186069068504 0.174906972097 0.278675529494 0.202137510616 0.306132905155 0.261605708338 0.256827382559 0.226639510767 0.223990214466 0.530040699206 0.299080818375 0.290833956734 0.346943934975 0.330736539723 0.105086287837 0.0996936061251 0.162248048339 0.144231984123 0.197431651027 0.209390072252 0.337304111408 0.337481034636 0.193769540513 0.184862121269 0.307591847042 0.289599860827 0.151103980995 0.166156010208 0.136579399065 0.153941402907 0.155292638626 0.223990214466 0.0882603087868 0.100290579162 0.278836133981 0.246388630239 0.254199176455 0.335396292517 0.300921333091 0.487295696632 0.475923845735 
162 1.0 0.185653484682 0.191626830221 0.27809913861 0.195733585934 0.355287984121 0.207119356325 0.222784181618 0.173089471091 0.177849091464 0.520466912936 0.308129720232 0.305363843496 0.345412210471 0.337531341863 0.103110671559 0.0932541893093 0.145638575563 0.142417102815 0.191349912692 0.198156790001 0.378099733172 0.370771043702 0.145729571246 0.154558831103 0.285995377203 0.290730493495 0.146455501373 0.118541212173 0.135451705078 0.12665114384 0.122825223284 0.177849091464 0.0945249332929 0.0945249332929 0.264816028028 0.252358496118 0.263158871539 0.280377899588 0.287244170266 0.487943567862 0.493159184633 
164 1.0 0.178232098045 0.178299663362 0.269360554685 0.198633622017 0.364439972395 0.239374891589 0.245596185413 0.198601710382 0.199993275531 0.545368192643 0.264419329637 0.261907373142 0.308859296994 0.308816232948 0.103441859992 0.0983097103111 0.150429053686 0.151133027202 0.216321165043 0.221289730469 0.367925999593 0.365601204211 0.165593482909 0.165570165746 0.276468335767 0.274182097828 0.138899053469 0.142310829258 0.141776666011 0.148115510529 0.141079970928 0.199993275531 0.0979718640634 0.094456746555 0.276095258065 0.2532450192 0.275926618599 0.275956048825 0.276979593485 0.471198974722 0.470733514523 
165 1.0 0.173938369325 0.172882604207 0.267608944186 0.191961355917 0.344306254368 0.243887175102 0.250824745773 0.210392821083 0.209826592017 0.512754504828 0.280003388447 0.28035270015 0.324933328132 0.322609642671 0.0983709307196 0.0967674789856 0.141921784701 0.142012004079 0.191812092534 0.187398930538 0.353455395853 0.35895392485 0.173228236971 0.178032092967 0.276230483933 0.274882695509 0.141806130751 0.148112791198 0.137640472557 0.152489872153 0.147094004636 0.209826592017 0.0872665350354 0.087594119105 0.268350470022 0.249048996325 0.263976159588 0.285545493197 0.273461467687 0.474276795305 0.466978513211 
170 1.0 0.165922166594 0.166776891055 0.269800512671 0.18965049087 0.343970229775 0.21911841781 0.226394775308 0.183322336901 0.189286448625 0.495963391257 0.285750006998 0.287686614532 0.328902427891 0.326559962518 0.0974961257876 0.0949984447325 0.143275643529 0.142356856979 0.191562256623 0.194194811447 0.358644823776 0.348272963074 0.15593823927 0.167098262285 0.263492078789 0.27318027532 0.144129630535 0.130668199381 0.135530366157 0.128540673563 0.136179005926 0.189286448625 0.0911797038109 0.0911106587699 0.266673134019 0.253078134219 0.272325939263 0.285000985954 0.286190901571 0.474771774459 0.464097775662 
171 1.0 0.169572905077 0.170536266829 0.272276016396 0.190211682074 0.33464739934 0.226714312107 0.226664397815 0.19388731647 0.192530796748 0.504641007893 0.271700119212 0.270029253662 0.315236603766 0.311401733047 0.0963649346421 0.0961637948731 0.155271255189 0.154048794671 0.212257704014 0.209918985724 0.352717240396 0.347237943436 0.155874734407 0.157600463854 0.267826217651 0.269084058263 0.141931478829 0.130264224867 0.140214440521 0.127834682624 0.140718431549 0.192530796748 0.103238977416 0.103536882469 0.261769101095 0.245990244001 0.264783870105 0.289415675856 0.288980540926 0.476505226994 0.468370474539 
177 1.0 0.17495067465 0.176400967558 0.27449472121 0.204743821914 0.369452144921 0.265114493896 0.250352199511 0.21761288816 0.215652724926 0.525078511286 0.30184404544 0.297764884349 0.341499543743 0.341101409485 0.105073913164 0.101789538595 0.15855103666 0.134181042231 0.169727084907 0.182086662158 0.318491706458 0.355869835775 0.202323695782 0.199193263725 0.288964282731 0.29420695686 0.138540723073 0.169927116897 0.149849036828 0.16942659411 0.161207017686 0.215652724926 0.0811809428596 0.0989121108173 0.271883387035 0.233210925272 0.250894381412 0.31240720333 0.247417616836 0.470987972397 0.455216655396 
180 1.0 0.184244873582 0.184845021339 0.268567861857 0.210742612625 0.326625195237 0.236497123358 0.228457728868 0.203115614959 0.199192633328 0.537650961937 0.279678707487 0.281307486341 0.325436228022 0.322401691705 0.107323998157 0.105764728862 0.148831607093 0.141585722371 0.215741669192 0.226326830737 0.379228659123 0.346213477914 0.165146088967 0.174282383845 0.301223186573 0.316813867581 0.140407457317 0.122390810383 0.138121023784 0.120222409906 0.128461594323 0.199192633328 0.0823632015915 0.0894538628358 0.252191633929 0.253942225938 0.274431923649 0.282044730952 0.308847998303 0.487551309879 0.472672173156 
