Leaf
122 1.0 0.182078811662 0.179932424534 0.299092773382 0.196397260586 0.299092773382 0.26361552746 0.261871467717 0.20357030007 0.211113371425 0.553555177373 0.33834951645 0.334619238935 0.382150767938 0.379797439427 0.0998085511965 0.0998085511965 0.14532344412 0.14532344412 0.173620984028 0.17657935262 0.297857881916 0.296248190067 0.186404327093 0.182133514626 0.272534006734 0.277316941433 0.149712826795 0.178375501605 0.154944538495 0.173333864626 0.148644389757 0.211113371425 0.0858585621824 0.0838629435788 0.19821485752 0.183060964011 0.20061270509 0.305420690026 0.304211486677 0.485217400805 0.480409983236 
43 1.0 0.166114544543 0.165886417342 0.311886863789 0.226606860053 0.376975567029 0.25620302477 0.245021110539 0.227884467378 0.226718242148 0.538471941994 0.32407404068 0.324735536078 0.375499330943 0.361837717359 0.11729941061 0.110654338964 0.174995942536 0.16702393753 0.223013262891 0.211330166524 0.388746001489 0.39207627717 0.197944499144 0.191329342875 0.299667407996 0.301473282172 0.159682846486 0.164049979761 0.163664794962 0.14913704475 0.163587649167 0.226718242148 0.112912823589 0.110197087674 0.271744344264 0.261470025237 0.274287307193 0.273457668 0.276761303265 0.500567716073 0.510159347616 
297 1.0 0.184398467321 0.174001324935 0.293176175788 0.20414371945 0.350864658683 0.259884200735 0.259884200735 0.21859723107 0.215822081564 0.533940001652 0.350239370312 0.352111904238 0.400735001621 0.394012229033 0.10676233939 0.101634719131 0.156158784373 0.159543558053 0.187638943961 0.178048408356 0.352889194156 0.348867644797 0.187638943961 0.18380315191 0.298042310486 0.280226697906 0.166353561463 0.162605440741 0.134577403834 0.156859051493 0.148237676909 0.215822081564 0.100686739677 0.0962342722401 0.241523418456 0.225324868292 0.23809575999 0.303282315266 0.292614893507 0.519504760367 0.513003231503 
331 1.0 0.178966637363 0.173247969226 0.287313620847 0.189626989759 0.304552438098 0.257302140708 0.226157981779 0.213232393158 0.196384692208 0.517675045308 0.342951864711 0.34213249994 0.381034626373 0.376676813497 0.0983603399755 0.0926558586348 0.150832809989 0.147176384751 0.187173302417 0.187173302417 0.313685427037 0.316462617714 0.172866365306 0.176271062671 0.269340237947 0.274139956712 0.147736205657 0.164347409448 0.147736205657 0.157787241576 0.159762908371 0.196384692208 0.098192346104 0.098192346104 0.219940406475 0.20694560096 0.216840902245 0.305364507191 0.29803162516 0.480080341083 0.471964550119 
333 1.0 0.168149316733 0.171184748016 0.279512815666 0.197970856985 0.334955965449 0.249890535854 0.25453602362 0.208054825772 0.208611040467 0.503298078746 0.327963999899 0.33679597544 0.368487552959 0.380723392087 0.0976101092586 0.103500060147 0.150875967958 0.151387124593 0.171710431744 0.181551115501 0.349957140969 0.349552204363 0.171184748016 0.175272652323 0.253725397282 0.265673632999 0.138041540338 0.159342781631 0.149332000426 0.159261958506 0.157636793958 0.208611040467 0.0907755577507 0.0931555828176 0.256450991993 0.249116479676 0.26319041984 0.286518779976 0.321340986914 0.499368711017 0.515231262493 
365 1.0 0.185073897945 0.175901927451 0.296307234751 0.197808849545 0.356984588784 0.252724141968 0.231464313425 0.197808849545 0.19443250014 0.533181438559 0.323873513107 0.340676795551 0.367863918139 0.39275432467 0.102491241631 0.100114309817 0.153712387901 0.159100681104 0.176925613654 0.174355129125 0.359421371944 0.33685633255 0.168294085187 0.177265528691 0.26499117468 0.286126770461 0.14525565529 0.158247079636 0.157101729868 0.158247079636 0.136275135639 0.19443250014 0.102049784124 0.0937487458781 0.216410753556 0.208765303829 0.240457165514 0.255271888498 0.324801519344 0.499367526778 0.512133067978 
397 1.0 0.193467235849 0.184402599756 0.285544923086 0.215152389647 0.345057614218 0.251777665514 0.245134337975 0.198907388056 0.192502626702 0.551275150441 0.358844868092 0.353829708732 0.420886120538 0.408222957187 0.118421615087 0.107547350153 0.178590486284 0.183322633808 0.187274151006 0.178868232153 0.352142117035 0.34820823676 0.16710252687 0.170411809056 0.285892407149 0.279171821385 0.149792811148 0.158253141171 0.140295373513 0.153475784576 0.158566514034 0.192502626702 0.109717935031 0.099266339964 0.224191565576 0.210192278081 0.213937646727 0.303413690294 0.296336856931 0.530627635828 0.526895816335 
433 1.0 0.179288837321 0.179288837321 0.268417563741 0.19413047198 0.342773457001 0.243919335247 0.236040118904 0.182800225053 0.178833673252 0.525294218299 0.351275398634 0.355151912944 0.397635969143 0.39722582363 0.0997159688033 0.0997159688033 0.159974080185 0.166759010301 0.191509822876 0.193204633106 0.373234034864 0.352387325652 0.171766743886 0.171766743886 0.261465268915 0.273411527201 0.13439084225 0.161596165572 0.138923477759 0.15584502026 0.137508261116 0.178833673252 0.110862704364 0.104971920661 0.2351406516 0.228674098347 0.242310174183 0.293925814501 0.329485957642 0.533331839123 0.547001881373 
457 1.0 0.187843970937 0.188545955269 0.304021217755 0.205842786812 0.343071311353 0.232837078885 0.24377334138 0.189308787603 0.192204933227 0.544366191406 0.332005586481 0.341703300061 0.384191105486 0.393213225929 0.105798453846 0.105798453846 0.168640629146 0.174520315457 0.192204933227 0.195672827689 0.312744907875 0.318075738229 0.153817049958 0.16438516571 0.271818823324 0.285144959561 0.154751170184 0.146211443869 0.153191138715 0.149621608308 0.142467143616 0.192204933227 0.10748773235 0.108488674374 0.213517987117 0.196102002509 0.214807798901 0.304731456481 0.300404863883 0.505185447795 0.504519352547 
470 1.0 0.184499523231 0.179352875251 0.291933256976 0.191635495258 0.337578647628 0.23789649888 0.222438277674 0.181772779296 0.18807369596 0.524587403177 0.341256751264 0.345769283018 0.384571687662 0.384571687662 0.0975128160693 0.096763118279 0.158342363084 0.143232659561 0.166039546181 0.169757310213 0.341591929189 0.322317867909 0.147243949535 0.157287614538 0.25092160708 0.279740447491 0.138731302882 0.152450967585 0.156757578947 0.13790394699 0.152450967585 0.18807369596 0.0898502854867 0.100144503488 0.198042899373 0.197464209892 0.230116357984 0.272239134963 0.348884384529 0.504510357246 0.538561105093 
520 1.0 0.195120207628 0.187257468415 0.269652402735 0.188648443657 0.349135252927 0.239416502017 0.253150088525 0.193438105485 0.20275875101 0.51137390232 0.321810645416 0.337474278855 0.365595583561 0.363578798177 0.0978527638787 0.0921777197925 0.153818499274 0.142915487619 0.184709629037 0.179414443353 0.342997170285 0.32469191028 0.164991582277 0.162697843364 0.274516806633 0.260780628015 0.148412074276 0.158113883008 0.126929551764 0.156033346528 0.137674428875 0.20275875101 0.0976856369183 0.10494318413 0.202113020864 0.185151413042 0.206194907477 0.287484014901 0.298416299122 0.501240291742 0.510830414539 
531 1.0 0.184950842756 0.173133022277 0.286884153207 0.197985185508 0.338701885164 0.246943116482 0.247436948338 0.19935061676 0.198327424632 0.526454046283 0.319793363188 0.311674256258 0.371402010125 0.35907294069 0.107372542334 0.0960369214301 0.143678273168 0.13994821711 0.170050288722 0.168286400223 0.326301148077 0.330800927254 0.16552342273 0.181172157614 0.277218403795 0.274464835964 0.152471678837 0.154591896663 0.140238666852 0.156336781456 0.151400435977 0.198327424632 0.078125 0.0795017579296 0.234085469315 0.214112549907 0.218997875434 0.29692068362 0.288346052826 0.482579557704 0.497307201964 
623 1.0 0.198885345266 0.193325336591 0.282019121888 0.210284674728 0.36526171298 0.254469095174 0.264277899663 0.211720081663 0.21624936613 0.513264109438 0.346714292317 0.34863081808 0.397770690532 0.401182490568 0.106288336744 0.111299406668 0.165193741854 0.175160395777 0.206872268137 0.205624047848 0.344567433952 0.341255270235 0.177223199704 0.176194816555 0.291264630459 0.282394754032 0.144037800479 0.15759343484 0.144457736648 0.157401130394 0.142770581124 0.21624936613 0.10236918472 0.101178804889 0.224563058186 0.214914697555 0.238938906822 0.262553204931 0.296367238907 0.488905286656 0.517700152229 
655 1.0 0.191197130484 0.191991531804 0.273598426861 0.210421422665 0.373535069418 0.242726834402 0.242327471612 0.196408983552 0.200315226453 0.505120996997 0.322441222271 0.327676898265 0.368275063 0.373164462055 0.107294294025 0.107294294025 0.160338500685 0.160338500685 0.171754673652 0.169647174529 0.308269179603 0.315632133997 0.16476481115 0.168090369656 0.270802642687 0.277614765343 0.139280068021 0.159038788618 0.138383085085 0.15790371825 0.159038788618 0.200315226453 0.0988364900228 0.101188421994 0.207307822084 0.178858209265 0.206237148317 0.28470142904 0.291805658608 0.484997415256 0.492415353366 
671 1.0 0.186735103443 0.187650227863 0.253041192426 0.197436847541 0.351684384683 0.225939736885 0.234942849002 0.169756405026 0.185610490895 0.500371022265 0.340743946748 0.346394776301 0.380588411442 0.384370502165 0.100438719381 0.100438719381 0.148590904563 0.148590904563 0.171096607972 0.173855518659 0.345183794511 0.354487554105 0.167839466198 0.169756405026 0.270914184591 0.273292511205 0.127195777625 0.149230008177 0.131897428878 0.154617288061 0.126595794197 0.185610490895 0.0941794587575 0.0910975037349 0.213909692581 0.203700210932 0.212749798316 0.303832411917 0.30948068406 0.521384056039 0.542109327651 
686 1.0 0.197852336842 0.201653476181 0.284885096319 0.220823918962 0.371966748022 0.230396857274 0.25201245149 0.193104915314 0.205302108017 0.524884426763 0.345875905595 0.3489840919 0.395192655346 0.391288044993 0.117482679583 0.107115334417 0.164512678606 0.168865349794 0.202071411295 0.205302108017 0.34318231772 0.346704235357 0.169364214544 0.174757763901 0.299044022915 0.288475361077 0.14810470922 0.15148395867 0.140504464 0.163690110059 0.123504109005 0.205302108017 0.101618528726 0.0987554587713 0.232147840211 0.209209873816 0.228927474572 0.289118041159 0.296721645697 0.506596049383 0.507261747501 
722 1.0 0.168305025146 0.169779796158 0.268474447828 0.189881135836 0.329546370366 0.244668930668 0.247769733971 0.208572886062 0.213665278779 0.475317872678 0.326124394363 0.337211264024 0.365929833699 0.381563266895 0.0963658759649 0.0974911203218 0.158679499452 0.156404761312 0.187153648114 0.192246076856 0.305399625296 0.323678606721 0.176528626217 0.192246076856 0.269401423216 0.290119842851 0.13787326457 0.13787326457 0.143521138627 0.150308709025 0.159658407561 0.213665278779 0.10063680072 0.110100665007 0.227851892435 0.212201800742 0.220201330014 0.297176911195 0.31459758781 0.492574971792 0.518916098332 
727 1.0 0.197296702254 0.184706433451 0.276528375191 0.211842724408 0.388228577418 0.252663059233 0.23425839126 0.213226534055 0.190061352022 0.494983659553 0.33944208138 0.335494648153 0.394812562205 0.370208159248 0.114212658366 0.101543399101 0.153953246217 0.149737668951 0.194825984181 0.18414358877 0.35293507038 0.332958279481 0.176271351099 0.171495618116 0.297446545199 0.278895635825 0.159798149552 0.163437689906 0.11997485406 0.145280886926 0.160014531709 0.190061352022 0.0882337675951 0.0897886672967 0.217006442604 0.194470462015 0.218832393273 0.312590597919 0.272494928464 0.532400600714 0.502614182623 
749 1.0 0.167852184728 0.173721241374 0.296723545145 0.20305685474 0.348881979631 0.20981523091 0.230547188377 0.173018071781 0.187664447612 0.510741234661 0.325377566078 0.32687279892 0.369216112162 0.384245313961 0.0959731583675 0.112357815524 0.150941383576 0.151299914684 0.159663314385 0.173252778746 0.332134671044 0.338316894223 0.164592608717 0.172312032723 0.257101873777 0.277083236369 0.138883395383 0.150131558089 0.16343639946 0.157356043213 0.110657166662 0.187664447612 0.0814691848298 0.085366302023 0.198195746483 0.198878005804 0.232594457174 0.272697717606 0.322618307812 0.476494891558 0.508108873004 
755 1.0 0.195475380592 0.179922563124 0.293376622556 0.214720582287 0.387429244996 0.243550658825 0.229469179587 0.213183183642 0.192508108258 0.503292160419 0.342277175431 0.337681560258 0.394718712104 0.385016216515 0.113019566933 0.106784285426 0.159232438825 0.144428535946 0.189711231629 0.182644235403 0.351989653525 0.368872744431 0.173326895195 0.171178624817 0.297367062001 0.278715167544 0.157849286116 0.164315599531 0.138618019465 0.147526803215 0.152640627718 0.192508108258 0.0858690820954 0.0891578689527 0.23877692114 0.200049333316 0.211050975161 0.316955045817 0.275898043266 0.538954556151 0.540452818933 
773 1.0 0.190769612058 0.186354510585 0.287915384973 0.204839058738 0.366076543731 0.238131367882 0.234203366051 0.18825937621 0.191267705888 0.546433410565 0.334536335241 0.343620739032 0.374046840949 0.384921922808 0.0986336568982 0.108289647687 0.162416165961 0.156144040688 0.197508324655 0.194229446532 0.319962891214 0.31794935343 0.154228090328 0.15923630208 0.272857345583 0.285800922686 0.138719572561 0.15024380969 0.151897053068 0.148892025256 0.138118122217 0.191267705888 0.0960681315127 0.108289647687 0.192198152627 0.17132512643 0.200140289989 0.291078708085 0.292789752317 0.502722068708 0.493626272195 
784 1.0 0.196116135138 0.200468415188 0.302672694692 0.234254708975 0.382734932805 0.257879159517 0.262882131222 0.222563008993 0.231105510646 0.530849886778 0.348532108084 0.351879878606 0.415065095393 0.418930971631 0.122927023938 0.124637166366 0.183771328713 0.185798117678 0.194113194453 0.195033762298 0.354553706255 0.337132864547 0.176263571051 0.186585216076 0.306521742645 0.314285671991 0.156701823452 0.143010590235 0.153658779923 0.150770400515 0.164607659681 0.231105510646 0.102879787301 0.0998272460777 0.193103933571 0.182972126106 0.219245938037 0.262758217884 0.29460287712 0.512877230412 0.505199951967 
801 1.0 0.188952135004 0.186619739472 0.278646502641 0.190700110573 0.34523421591 0.237335853794 0.233274674341 0.19146416434 0.192363224418 0.505569952482 0.325607718726 0.320306248126 0.361828019673 0.359509646935 0.0991040775042 0.0933098697362 0.138439257091 0.131152980402 0.189443193915 0.193601184294 0.329779490926 0.338674730929 0.180914009837 0.181207225604 0.281254055444 0.278646502641 0.144628462716 0.179736363408 0.136411087196 0.173192819752 0.127249351812 0.192363224418 0.0743057340375 0.0814630498976 0.238674224482 0.221603454147 0.237726990252 0.304283847768 0.308786869974 0.512142846459 0.526430339269 
831 1.0 0.191015027271 0.184911367023 0.288322015032 0.20248596057 0.367987374161 0.225178340289 0.217790639919 0.194913695016 0.178809723054 0.515218829216 0.340042812249 0.352214307187 0.390646710418 0.394097889504 0.107110386726 0.0998400074266 0.148467185506 0.156123820596 0.206167825059 0.182350853414 0.336819584886 0.336819584886 0.164568956697 0.15946119547 0.293494122727 0.277078718304 0.1563645668 0.14119509257 0.137140797248 0.143047778443 0.134509886386 0.178809723054 0.0958024423259 0.0852040664059 0.238167412509 0.208886639079 0.219853422882 0.275513096996 0.2688099562 0.477360304839 0.489498520893 
845 1.0 0.19483707186 0.20109187436 0.268291237913 0.18837469896 0.319666155812 0.22517150353 0.2400212879 0.194166950969 0.216991416545 0.485744514859 0.349888145871 0.351189540917 0.393584711367 0.395525496512 0.0996915965144 0.0941440946676 0.162261061133 0.151995856508 0.199383193029 0.212131650338 0.339537342896 0.344869719364 0.15829667815 0.165934612652 0.291068565414 0.301408167189 0.128785664327 0.127642009732 0.145534282707 0.138065943298 0.117125020342 0.216991416545 0.0944895787449 0.104790902778 0.237907723122 0.222697815845 0.243859717188 0.303830885011 0.33732284064 0.514952859578 0.547433946551 
926 1.0 0.169092171772 0.170374810924 0.289135641955 0.192757094636 0.337324915614 0.221159367635 0.226348563036 0.19048482944 0.194630385443 0.49408695168 0.340749621848 0.340749621848 0.389260770885 0.389260770885 0.0993447326591 0.0993447326591 0.163861246128 0.163861246128 0.205864667314 0.205864667314 0.324383975738 0.324383975738 0.156615139392 0.156615139392 0.264492832863 0.258666896094 0.146561954088 0.14705626225 0.146561954088 0.14705626225 0.1673666963 0.194630385443 0.107754491688 0.102932333657 0.205158439959 0.180709776222 0.205158439959 0.307855544508 0.312534468346 0.508419675109 0.506130773558 
951 1.0 0.166274536398 0.179853410036 0.282177245341 0.200221055608 0.352917458694 0.236612813357 0.231593630355 0.197089690606 0.194619355133 0.482052794124 0.332549072795 0.319402954223 0.369002121487 0.369002121487 0.0947910701102 0.108397735761 0.150567996575 0.167103840976 0.189946371373 0.194619355133 0.332756851055 0.342783738209 0.174786097007 0.168340137788 0.264214371623 0.273469804611 0.143034764572 0.163338815667 0.143034764572 0.147319614585 0.143517176615 0.194619355133 0.105161250381 0.0947910701102 0.221837900704 0.211632934006 0.231891883706 0.289193438548 0.294873721233 0.501311522927 0.517859100631 
966 1.0 0.180036249886 0.175293637785 0.27550924198 0.203677202975 0.353337820836 0.234218641821 0.236200351295 0.19329009626 0.187547053974 0.520948744235 0.337242524923 0.337242524923 0.384767325258 0.379182188803 0.104574467678 0.103367467191 0.157175682127 0.152662517956 0.176922417379 0.179437789781 0.337136189583 0.322459177445 0.162888942098 0.176109910594 0.269123379384 0.269123379384 0.144828381023 0.167768557818 0.133893885621 0.163438316144 0.140301371063 0.187547053974 0.0884105291043 0.0937257199346 0.191051139298 0.180036249886 0.200125453662 0.270518671038 0.273156653203 0.498437860905 0.476932952556 
1003 1.0 0.171809101467 0.172283582076 0.274285714286 0.194369729734 0.343618202934 0.237675821064 0.232677406531 0.209644986604 0.208003139694 0.48 0.328906661284 0.321831493493 0.382003312305 0.377878071254 0.101257400838 0.103015750728 0.149557169466 0.138328210708 0.161321076726 0.156908916774 0.350859004183 0.365446330407 0.164527771987 0.169897928541 0.269542318059 0.269542318059 0.140087436253 0.14901034069 0.140087436253 0.153861851632 0.166598625567 0.208003139694 0.071599794778 0.0768778516976 0.233238075794 0.2172180321 0.237813166248 0.286228109403 0.276951332938 0.514285714286 0.499534477166 
1079 1.0 0.176204143466 0.181973026046 0.305677744808 0.191738674523 0.358373414321 0.227458909139 0.236311837586 0.201497146948 0.211630182062 0.523613860181 0.312965070546 0.309169322864 0.363724785854 0.361875639224 0.0955188083462 0.101775463654 0.146702198185 0.147249936985 0.18533371108 0.167057549593 0.33909770488 0.347693710627 0.15401945054 0.171496284059 0.267422561211 0.289815498108 0.153408433025 0.150583640252 0.157550687845 0.153757883211 0.158145702002 0.211630182062 0.0880639900056 0.0891241278049 0.225682321856 0.202095555895 0.218615724732 0.271406729418 0.277082033413 0.492803435543 0.482985704963 
1094 1.0 0.16347672399 0.163222417291 0.284369945718 0.221087721649 0.373674696135 0.228479871916 0.223578929537 0.196623298985 0.204697120474 0.494787138294 0.342709706935 0.339421176657 0.394406879246 0.395948631987 0.109884266621 0.11872745555 0.167823489048 0.163899691642 0.191557962263 0.197746869839 0.3459269538 0.338645169101 0.160312083131 0.179620223335 0.264437450019 0.296993529575 0.127282941246 0.145933648105 0.160052748235 0.141207744971 0.149031973854 0.204697120474 0.0875854879644 0.097888194619 0.217552110465 0.205507270555 0.236812587528 0.281728227171 0.322733416926 0.516932006108 0.529712059091 
1099 1.0 0.172750869179 0.172750869179 0.275789205238 0.195350687043 0.344736506547 0.246726889888 0.246726889888 0.21467364733 0.21467364733 0.505613542936 0.323595605561 0.325020695336 0.367179894427 0.375711833744 0.0947590019667 0.105943784939 0.138372574945 0.146259312901 0.20068547525 0.196362000206 0.335023664345 0.335023664345 0.156297447569 0.16005413055 0.25823298216 0.268018931476 0.13979668699 0.156297447569 0.13979668699 0.14982713751 0.175405813075 0.21467364733 0.082864343392 0.082864343392 0.229824337698 0.206841903928 0.232679407884 0.308341705186 0.288198253286 0.507958580968 0.498909414082 
1151 1.0 0.178354923526 0.174856448476 0.309490700532 0.214236953181 0.321355429772 0.209318974271 0.228665284763 0.176664317376 0.194272603247 0.525611526077 0.33910296446 0.33998679124 0.393286766883 0.390900596538 0.114294036052 0.105290098307 0.155513463168 0.155966856151 0.184485069466 0.182270975904 0.337851272839 0.324580269522 0.146753215103 0.167429877065 0.266060189225 0.276408462582 0.158548706763 0.14285209909 0.155513463168 0.151837588553 0.151488402375 0.194272603247 0.082547012791 0.0856947812726 0.231427784364 0.214648551934 0.229359029004 0.311310580682 0.308805480428 0.522073148925 0.505931488815 
