Leaf
1571 1.0 0.166606729718 0.145204765726 0.231180787062 0.187790716184 0.302061567984 0.168324370276 0.189619889712 0.1563645668 0.123820481253 0.450545796179 0.231180787062 0.24845271216 0.257883050008 0.305376341908 0.0925842291848 0.0988936352868 0.137366490496 0.151885413295 0.195225625185 0.161344131173 0.319733097379 0.371964438497 0.144310578029 0.0899046269039 0.286671159701 0.187330632072 0.132679734626 0.0678404741252 0.103164373512 0.102464945966 0.111602219386 0.123820481253 0.0959409185856 0.0816907485448 0.288820411281 0.264762606384 0.257994567008 0.315658744492 0.306128964964 0.459021151023 0.461520944325 
265 1.0 0.186637966251 0.183489208541 0.265413679797 0.1889137026 0.327643169649 0.214043856743 0.204704839399 0.173028549971 0.171071661335 0.485173311332 0.286121899232 0.284487941017 0.322263439178 0.316424262162 0.0928669041559 0.0966924249836 0.141490929038 0.140388385517 0.189119229807 0.202798202021 0.348332220969 0.331767099746 0.14581776246 0.141124371611 0.270440168236 0.270870767627 0.134740408665 0.118696606037 0.140018941756 0.108195218586 0.138437807035 0.171071661335 0.0890224545277 0.0956150384324 0.242786749172 0.234152759459 0.259542824956 0.294507544687 0.302489754863 0.481637327971 0.485813452318 
374 1.0 0.164228360391 0.158592597159 0.276889383346 0.192087329857 0.344627268274 0.205416596933 0.208424546476 0.1733064053 0.169958970659 0.497199305809 0.286074279614 0.290832368085 0.32596930021 0.328699572366 0.0967060428807 0.0967060428807 0.149154441966 0.156260971527 0.209950368795 0.203700210932 0.324595552314 0.327580964377 0.158290419818 0.153686479539 0.280553918378 0.273058827954 0.14667285675 0.103713371624 0.139764061826 0.101063606395 0.126959584261 0.169958970659 0.109695920712 0.101063606395 0.252279742794 0.22040788582 0.248069469178 0.287909355526 0.280951827083 0.464026700532 0.467828717487 
401 1.0 0.164813471845 0.164174037924 0.261725724743 0.190010594113 0.323710443018 0.21371866687 0.203379375091 0.178375511885 0.171919723055 0.482707354264 0.273516595835 0.274859251989 0.32187752864 0.318799253946 0.0957977393702 0.0986378072741 0.153838062642 0.149063358424 0.195265963355 0.19794096421 0.360162178855 0.3348506492 0.139965398067 0.133326320956 0.254647304478 0.245552621298 0.131838810805 0.110934204595 0.13949492481 0.116031933119 0.145039916398 0.171919723055 0.0897022342862 0.0963451594798 0.263727480289 0.251739328003 0.278848433788 0.281616577291 0.314856905207 0.472271438202 0.49059631123 
602 1.0 0.177097306817 0.172648449044 0.265186165922 0.187799450194 0.325934087291 0.202269214711 0.197615217303 0.166165052474 0.175453074382 0.469790955764 0.279688371253 0.283641951245 0.336027593711 0.332330104948 0.103187742899 0.0925909541211 0.149237109735 0.149237109735 0.181689165341 0.182860825716 0.335982193779 0.348725773802 0.130943383071 0.144035603223 0.259663876457 0.267705262054 0.136644171103 0.109638607334 0.135410591582 0.10894070968 0.140605692072 0.175453074382 0.0873344126381 0.0843127704203 0.255876415543 0.226531392783 0.250087698564 0.307833673619 0.289392035043 0.468750730949 0.481180119699 
614 1.0 0.168478757736 0.172522053074 0.257978417076 0.168997554215 0.32401120016 0.202408192092 0.216311203694 0.173091956802 0.186305962875 0.452042057506 0.268943402808 0.268128420926 0.299438849559 0.302312015405 0.0842068979034 0.0853684272266 0.129052817916 0.127259737607 0.195365738728 0.199028124716 0.32047963748 0.328472202992 0.143505972226 0.157258592864 0.251926679504 0.266696210037 0.127259737607 0.123506994269 0.136951115658 0.129729377299 0.132483669235 0.186305962875 0.0843367467052 0.090833456061 0.249043428516 0.229992401907 0.254519475215 0.316251987556 0.300751544428 0.464812433741 0.464294221775 
645 1.0 0.173882989731 0.170293863659 0.239177512222 0.195312720588 0.330996712264 0.196513732494 0.194407092584 0.149213624989 0.157648156274 0.462124251181 0.262342389659 0.271379916028 0.30078329115 0.30721711043 0.098219442187 0.0989652345375 0.161791441641 0.15950290427 0.18700424657 0.191664535368 0.327916775668 0.31775869498 0.131171194829 0.142354156533 0.259920802418 0.272731283393 0.118445817844 0.0948683298051 0.125791611055 0.0977692361094 0.126491106407 0.157648156274 0.108057718781 0.109141031266 0.235459500701 0.222948160685 0.244046765046 0.307599816415 0.312202799852 0.469417661765 0.468414095332 
855 1.0 0.17207084533 0.166113772137 0.243093922652 0.17679558011 0.303867403315 0.223739853385 0.22078719561 0.17834267836 0.183654918659 0.480662983425 0.289198946482 0.289198946482 0.334470958401 0.330431084073 0.096487564622 0.0857689209738 0.136789153626 0.129451652087 0.185227122809 0.190827801538 0.343520255397 0.33610963921 0.14364640884 0.14364640884 0.254503708426 0.252214634486 0.123539667265 0.128860815356 0.123539667265 0.128860815356 0.148658829249 0.183654918659 0.0767538341959 0.0767538341959 0.247387990909 0.232109961741 0.253000069433 0.301497539219 0.290042093887 0.484993510439 0.47632512657 
880 1.0 0.177232193827 0.170253706407 0.27102158557 0.19675930802 0.318780985617 0.214055652483 0.219839347672 0.173615649956 0.168756575865 0.510208765735 0.287185793953 0.292632403177 0.332547595942 0.342035934209 0.0992002419466 0.102141182151 0.147635148378 0.150191381271 0.193289363991 0.188189261337 0.330122227641 0.33604797144 0.156804405546 0.157879648352 0.273352440019 0.262297970969 0.140591487814 0.12843339149 0.137857362786 0.137036775955 0.131471087449 0.168756575865 0.083959534539 0.0856222609933 0.257798157543 0.239188910945 0.258944054038 0.295842711438 0.298924242586 0.48111084394 0.476872417922 
980 1.0 0.166490352721 0.160459561762 0.246133731994 0.181753224016 0.331604746229 0.220990822153 0.21812745144 0.177698738725 0.174042830972 0.492267463988 0.286530606629 0.273467088931 0.322960670828 0.304750822729 0.09150335469 0.09150335469 0.148625371513 0.148625371513 0.186486971153 0.187708848081 0.325165206119 0.332121398964 0.160815348366 0.15566864042 0.261283076543 0.24919141112 0.136288711164 0.143936921405 0.118331738817 0.132028632107 0.132784012545 0.174042830972 0.100436266168 0.100436266168 0.283321202143 0.257482192587 0.268138098121 0.316616102584 0.268457627249 0.472511212296 0.453659244061 
1013 1.0 0.16019821767 0.154297947467 0.272184584185 0.195352485666 0.314105967222 0.209199527404 0.204031216934 0.181509978067 0.174025843046 0.473401474391 0.28793638087 0.279670898053 0.330773496013 0.320887799337 0.101283687073 0.0963226959775 0.159211698567 0.152701325598 0.185327640384 0.178004090404 0.328809486137 0.336076289851 0.14828100281 0.145540338246 0.259339921482 0.248868315972 0.143968190435 0.128005496696 0.132309398405 0.124820436815 0.146499428283 0.174025843046 0.0991879358661 0.100589955025 0.254708478883 0.230765190939 0.238524160088 0.320287140971 0.282845188154 0.485415035985 0.465947041189 
1056 1.0 0.18317632116 0.176541113272 0.264730016035 0.188573222519 0.323692846766 0.215937670289 0.216976414383 0.18691499882 0.185987375233 0.488300989885 0.278670911489 0.285295176466 0.323692846766 0.315904908648 0.101529348055 0.0884173888251 0.137303534338 0.120677002271 0.184587199421 0.182419390976 0.334208497493 0.3268301485 0.136798740223 0.137680915355 0.263354445588 0.255351928839 0.137303534338 0.12586825301 0.132691271781 0.129525218845 0.156605345873 0.185987375233 0.0753191463997 0.0799961948661 0.246319196919 0.223571988213 0.240060642424 0.312602676065 0.282798681506 0.478280557491 0.462544282929 
1072 1.0 0.155750437735 0.150653616728 0.282953118846 0.178489235193 0.32449857206 0.191924416842 0.191108985807 0.167785589859 0.170493969539 0.479328004359 0.255088760823 0.266779431303 0.299991323838 0.304503760804 0.0886006663876 0.0913773374707 0.146945297148 0.139083038574 0.198327205332 0.199217626418 0.346920714719 0.337334994465 0.13162184566 0.122442605195 0.247465023899 0.234903371541 0.148565936825 0.109895601398 0.140572192786 0.112978694098 0.148985813131 0.170493969539 0.0979753392465 0.100078053869 0.271690487464 0.255578061964 0.265292311255 0.296605820938 0.286645318786 0.482078615762 0.471267079343 
1074 1.0 0.174148710135 0.164858577683 0.255990857763 0.198030663552 0.328476613431 0.20228486058 0.205488666293 0.171312442266 0.17581524294 0.468611147248 0.278721648982 0.275691975862 0.328334538764 0.314878531252 0.103253952695 0.0985133870969 0.14689920733 0.14360670529 0.20013992539 0.193983937159 0.346282182022 0.341294562371 0.136100223121 0.136357097002 0.261446237447 0.24409508371 0.138310614916 0.116922311879 0.124179330971 0.117915722355 0.140403178764 0.17581524294 0.0911325630986 0.0886673106983 0.281013977784 0.256036419899 0.27750534225 0.325874000893 0.293401121152 0.502066184631 0.48300161842 
1077 1.0 0.170528937997 0.158816094678 0.267974045424 0.207070853282 0.328877237566 0.209563627442 0.207070853282 0.17735277256 0.181078208262 0.487377771332 0.284359867289 0.280419355318 0.326840826422 0.316696599137 0.0982034465482 0.110300372197 0.155034216574 0.146674309665 0.20088823531 0.208142840704 0.359689942311 0.354077561957 0.131189490786 0.152622962054 0.250814696279 0.261529398181 0.136183677676 0.129481962586 0.136183677676 0.125407348139 0.155034216574 0.181078208262 0.08867638628 0.0982034465482 0.267419806887 0.243612768567 0.250814696279 0.301332352965 0.278294935665 0.500741290251 0.497023783082 
1087 1.0 0.18081596302 0.169603862604 0.270226198811 0.191005328168 0.349998296118 0.199133756757 0.214337492558 0.180116178125 0.162073395348 0.503516665143 0.292133940061 0.302331003347 0.328617992128 0.338793804706 0.0966709358295 0.095502664084 0.155805168303 0.153993418699 0.210905759288 0.207755233994 0.362600671215 0.368930597637 0.163195023924 0.131053769522 0.299111397847 0.235308355505 0.151698306412 0.113742892641 0.127361370954 0.127361370954 0.123672191659 0.162073395348 0.111374288021 0.105552630143 0.278007027388 0.260065251111 0.267879309059 0.286703828223 0.257789162212 0.490644378158 0.468375168192 
1129 1.0 0.170126194946 0.163745551383 0.278782758858 0.206056821764 0.357569190709 0.220355455683 0.20685739089 0.184023607632 0.178244498241 0.503167079721 0.269129642942 0.269129642942 0.31168859988 0.31168859988 0.103738960067 0.103738960067 0.145704175979 0.145704175979 0.190206868326 0.192605536463 0.337923535979 0.334701762712 0.138466058953 0.135516782557 0.252075786831 0.252075786831 0.144056315865 0.124350955825 0.144056315865 0.115785589772 0.15451290516 0.178244498241 0.089482132756 0.0925094375359 0.24958644999 0.230378530346 0.253818266931 0.28406851985 0.285294210084 0.467130103984 0.458559637516 
1160 1.0 0.17470589997 0.17433059148 0.266605746401 0.194571188898 0.332743327561 0.197511304745 0.210420457907 0.169453243521 0.172669543201 0.507379585058 0.302686063432 0.2962116824 0.343284610677 0.341102573199 0.0993837281244 0.0984567443819 0.152700202284 0.148789732686 0.206334234794 0.197577617087 0.352584094973 0.350497339241 0.159004079042 0.144138899769 0.286362917111 0.261245292158 0.140549816193 0.11905379443 0.134355119642 0.130497228243 0.123057624793 0.172669543201 0.0939635809742 0.0939635809742 0.266949468844 0.245902254955 0.258675356036 0.286500118868 0.258219182818 0.488436861568 0.458100606852 
1170 1.0 0.173273717606 0.155172413793 0.276400336929 0.172413793103 0.293103448276 0.201067306719 0.201067306719 0.169807893134 0.180005284636 0.483066404349 0.263742388634 0.280669320622 0.30842316931 0.32393610738 0.0879141295447 0.0879141295447 0.172413793103 0.154211584655 0.196581969845 0.201805170874 0.316509650874 0.30842316931 0.115658688491 0.110398693749 0.240144625469 0.240144625469 0.142176056056 0.110398693749 0.139004443936 0.0975319698188 0.134659477171 0.180005284636 0.109044057247 0.115658688491 0.23952489637 0.224137931034 0.224800082938 0.289018183004 0.316978901911 0.463918070589 0.47687298917 
1179 1.0 0.152614433561 0.152614433561 0.253794027803 0.182802184766 0.319941573519 0.201314823743 0.202844787414 0.162507469074 0.168730087947 0.472084180606 0.272069091784 0.26569701498 0.310998667323 0.302600823516 0.0969745618609 0.0876232840003 0.147200536126 0.138078879378 0.178234976074 0.179387679931 0.347577384008 0.349609909559 0.138544576752 0.14302819077 0.245170810778 0.247524002496 0.130500484368 0.109808085678 0.130500484368 0.114066228687 0.132362770919 0.168730087947 0.0953671373539 0.0953671373539 0.270168481077 0.258869908359 0.265600027565 0.297188363504 0.269786752195 0.477483635006 0.460816158249 
1183 1.0 0.177443360247 0.175301108352 0.269807282654 0.190452199521 0.349162365788 0.198863268343 0.193730447132 0.16340211715 0.156311385927 0.476394942309 0.287436336178 0.289618875764 0.32718938969 0.333669016534 0.0965396252548 0.0965396252548 0.134670041773 0.134670041773 0.191770223548 0.191770223548 0.340765178387 0.356656740055 0.127956226772 0.115542745097 0.250942806614 0.227238376154 0.146323543373 0.112225034811 0.130875755876 0.123956602465 0.136527647342 0.156311385927 0.0925431344727 0.0925431344727 0.277629403418 0.254431751896 0.248420704346 0.296495058811 0.266046718497 0.483740672038 0.471879248525 
1199 1.0 0.167181742303 0.177505836253 0.250291745105 0.188838573052 0.371841270217 0.213007003503 0.208255320185 0.161772808244 0.154025689295 0.488439965332 0.280661370266 0.271258546039 0.325658263625 0.315952175992 0.100412464412 0.0931346105219 0.133529035555 0.133529035555 0.174132496266 0.171558968054 0.357197661531 0.351232611537 0.142525788805 0.146375062407 0.236900573243 0.250735656323 0.123130268934 0.136819772227 0.132972662153 0.134083100323 0.142135128073 0.154025689295 0.0774926800978 0.074318392654 0.246561406079 0.231679418763 0.2450533711 0.261871983817 0.278273848314 0.475519237705 0.478046028472 
1210 1.0 0.158762770862 0.159026862152 0.259168583168 0.185195960488 0.306816568768 0.218653939191 0.220437858703 0.184742233484 0.186024919083 0.486630982342 0.282759618288 0.288004068803 0.324367953815 0.322248020502 0.0965180171463 0.0905357460425 0.154475919887 0.147053722089 0.200709311209 0.189008668696 0.345378160813 0.345418657754 0.144462686921 0.14733880227 0.251276604045 0.246726455691 0.129665222762 0.126166021321 0.134847516621 0.136497088862 0.153385487997 0.186024919083 0.10215054555 0.104184266217 0.260460665542 0.248590273651 0.260460665542 0.310442296595 0.296428695415 0.490296372826 0.480818787284 
1228 1.0 0.170663053278 0.178004590479 0.253175207794 0.194176520423 0.32983276108 0.225957439199 0.221941470966 0.17307821655 0.174867700024 0.512225574249 0.272139635703 0.277987360448 0.308144655614 0.321279396132 0.0948353255597 0.101529348055 0.141643765033 0.149947815706 0.185987375233 0.18156407263 0.348000221861 0.352493919177 0.14418520573 0.145260783714 0.241425654835 0.255148650105 0.119090027021 0.129525218845 0.14418520573 0.137806479371 0.134117403599 0.174867700024 0.0920590539699 0.0897762428088 0.257778770454 0.247649715409 0.27898106285 0.269841980399 0.337760447292 0.46763898713 0.486597856698 
1271 1.0 0.171783861611 0.171783861611 0.245678188714 0.182919530786 0.33714174426 0.212552487095 0.217186121382 0.166378066162 0.171878848548 0.49710265849 0.269502720568 0.277146315694 0.31299049122 0.319646765933 0.0942285694863 0.0930081664755 0.138307889409 0.141458283284 0.199562098133 0.197341474035 0.337432091732 0.340992717174 0.131905149507 0.141111712858 0.240304587901 0.253074068799 0.123336353552 0.12582560153 0.128901222777 0.126859094056 0.141458283284 0.171878848548 0.0857016937374 0.0872119719637 0.250871693072 0.234251296216 0.253074068799 0.269260361957 0.291329739143 0.463106451085 0.48077894838 
1284 1.0 0.177866962284 0.177442289265 0.262404748216 0.198703169078 0.326232930214 0.228380670396 0.217089971043 0.175446890847 0.168575396244 0.532090603583 0.270985712191 0.278852607632 0.317560994793 0.320477714037 0.101542276516 0.100296311826 0.156185543993 0.150778418134 0.192923807795 0.190958488556 0.336254510551 0.343066169918 0.146205742373 0.133246962603 0.263265878236 0.260094463352 0.137702124395 0.131919201738 0.130770391458 0.116317780125 0.141840404441 0.168575396244 0.0951494358858 0.101542276516 0.228710779945 0.219852626883 0.238401611651 0.280560893656 0.27540424879 0.472351973301 0.466620439268 
1307 1.0 0.171003241596 0.177666694274 0.240506329114 0.177328173748 0.316518981014 0.210674898444 0.219429567384 0.180129740136 0.180129740136 0.474725736521 0.311736971039 0.305441228152 0.344457337321 0.344457337321 0.089507187492 0.0906191206536 0.139384275605 0.144326003177 0.184523794141 0.184523794141 0.342533142474 0.348158798468 0.130478026127 0.134111519623 0.249097071572 0.249097071572 0.124347358889 0.112686669714 0.124347358889 0.121578308306 0.125310062489 0.180129740136 0.0906191206536 0.0934482472167 0.25513473887 0.240506329114 0.258333311797 0.280915709129 0.296659282158 0.466812377584 0.470445213523 
1345 1.0 0.158039973069 0.15320171473 0.270489185016 0.183505632521 0.346825132676 0.206913934425 0.205402674262 0.170905355577 0.175699424224 0.500285514078 0.266962699601 0.27125598793 0.30847246255 0.30183604047 0.0969468485971 0.0872194253875 0.144300087728 0.141667150295 0.20343401455 0.198263308233 0.353314645841 0.346375683071 0.136724284462 0.141575486002 0.25344239189 0.25066118818 0.145018003044 0.108090037589 0.135962583357 0.110230642178 0.127690689732 0.175699424224 0.102543213346 0.0957341231139 0.234721083234 0.219635362807 0.237524971221 0.28647825254 0.296805087463 0.47310575779 0.472336836849 
1356 1.0 0.166010163063 0.16117928859 0.248363371108 0.178253576007 0.337648703052 0.205303753475 0.216544371203 0.17734178703 0.185605004782 0.440005231829 0.277350098113 0.281267871371 0.324613736581 0.318182607697 0.0973841209742 0.0849356903325 0.135347250328 0.135347250328 0.196529011669 0.182300200368 0.327225113066 0.307494667821 0.151322826151 0.170823048507 0.256629691843 0.267759036292 0.140921825313 0.1222906921 0.120790135982 0.120790135982 0.136242611251 0.185605004782 0.0865896698975 0.0830050815313 0.241999318718 0.224267380571 0.24573858545 0.289014222907 0.298397546723 0.45646136195 0.436676714111 
1394 1.0 0.163580946376 0.164453901592 0.259718358289 0.191867491687 0.310444775298 0.201966217123 0.199429649061 0.169691077802 0.17183384442 0.474357579712 0.286568678387 0.288174117719 0.322903638875 0.319535840148 0.0960580392395 0.0965536128084 0.151776314056 0.148919341638 0.171277446269 0.17183384442 0.338631309207 0.335658525074 0.133722003957 0.137707580663 0.254833325029 0.260818605731 0.128628258671 0.10492349969 0.137244696729 0.106428935288 0.140112634972 0.17183384442 0.0985109797009 0.10090430784 0.252260769601 0.237513930323 0.26439287476 0.29315480072 0.312284161359 0.470721570201 0.488956601366 
1398 1.0 0.156093600454 0.154256420718 0.265395645622 0.192018003819 0.321544092806 0.204201720633 0.213751079761 0.163816798404 0.176548084359 0.481053529349 0.284207510592 0.295035193742 0.327633596808 0.333668930449 0.0957116062483 0.0988377032914 0.13577723261 0.13577723261 0.170969740811 0.169630531618 0.352934654872 0.331153227507 0.135356651633 0.138548482207 0.240447735014 0.237904924772 0.136892464752 0.119708987764 0.133091108343 0.12710146268 0.139505414523 0.176548084359 0.0838575070946 0.0827165354658 0.256436083268 0.253078957031 0.273854338791 0.267677434159 0.296256610596 0.460257214679 0.462193933838 
1417 1.0 0.176857593796 0.177546428317 0.259691608378 0.17133627287 0.353930801869 0.197790665581 0.209988592625 0.166182798785 0.164243394341 0.497445411827 0.280644012847 0.278898832998 0.321159024015 0.314922332773 0.0945574146691 0.0790931204131 0.142560396272 0.150271852119 0.205062566276 0.192711250002 0.363123129365 0.355779690654 0.128487361776 0.126210948574 0.256974723552 0.247354017079 0.136658764605 0.113345120163 0.130021945989 0.117444043903 0.125240080705 0.164243394341 0.108952344472 0.0943959159779 0.23306216715 0.216076479188 0.248584641675 0.283079969529 0.288366650278 0.49683158458 0.488375708936 
1418 1.0 0.164238177633 0.170528501774 0.26237246063 0.177161825343 0.368270231146 0.190656661034 0.218130344817 0.15529430086 0.168308947266 0.48857593342 0.271390022841 0.266637417966 0.336617894532 0.326409241952 0.101381779573 0.0920505381806 0.141616212586 0.14055007788 0.163012502462 0.16711313143 0.361884153267 0.355806330605 0.14337548765 0.14337548765 0.260358239038 0.250344460613 0.144420766283 0.111957446344 0.127651128979 0.116133929134 0.14055007788 0.168308947266 0.0752700494616 0.0765906773871 0.22592113888 0.219619306436 0.239599398261 0.268697871226 0.280564556374 0.48232743996 0.470647585953 
1427 1.0 0.157260443997 0.162505926053 0.262612865719 0.200249493314 0.325011852107 0.213175765522 0.206199741982 0.168168198499 0.168168198499 0.494035259758 0.300374239971 0.302960376713 0.351645042949 0.349419419052 0.104695503175 0.101671166301 0.169898963119 0.159965669589 0.176320995523 0.171839424005 0.341172704312 0.353525806947 0.117841935649 0.117344360158 0.23318803105 0.234688720317 0.137545294601 0.119974252192 0.126309647331 0.115163359926 0.154634041177 0.168168198499 0.0977592611835 0.100900919099 0.277420411233 0.262983945268 0.273953846367 0.316005652602 0.277209418368 0.49745804149 0.481884336384 
1454 1.0 0.159247642968 0.159789856463 0.264687565508 0.176556382221 0.305861186809 0.202820548574 0.20787499171 0.17488282424 0.184603164272 0.45306258637 0.279500760892 0.286227841015 0.321307183419 0.323720842791 0.0899764707688 0.0890099930016 0.134129003343 0.137315409649 0.186003461185 0.184603164272 0.33942446526 0.334082100253 0.13981225797 0.152590873044 0.24223335799 0.257801065605 0.134129003343 0.121259421153 0.13981225797 0.119100327056 0.138818907855 0.184603164272 0.086845890466 0.086845890466 0.257801065605 0.247321661867 0.269352022528 0.282639588532 0.331952347362 0.458188106558 0.474436458283 
1470 1.0 0.158650853508 0.159585476342 0.280548859496 0.176931078281 0.311029601995 0.197861940531 0.201953503763 0.165868508082 0.169855236023 0.488138670882 0.273842611387 0.272686147546 0.308147412249 0.313589069678 0.0855817556711 0.0922711258453 0.139043198742 0.147603578458 0.194832296475 0.194832296475 0.324599615811 0.332855862566 0.144549381018 0.147477583063 0.25645548671 0.256382990458 0.137564688687 0.118391017647 0.148357303759 0.126879665988 0.129633514665 0.169855236023 0.100930717345 0.09850728108 0.2352856429 0.225605562101 0.243669143406 0.299023705438 0.306210881444 0.470452758963 0.47434850722 
1478 1.0 0.168271606604 0.167863872526 0.261828866958 0.172772501147 0.309073714579 0.19901902947 0.203311222268 0.15566350786 0.165562006263 0.492139851752 0.275450600429 0.271137799607 0.314175446657 0.313782590787 0.0852282590943 0.0903792665357 0.137426438451 0.134095004807 0.190576180939 0.180834338708 0.339503050273 0.351210052007 0.124447135458 0.129308060576 0.236585731836 0.241175601464 0.128350603928 0.11869768258 0.139701373929 0.125870686169 0.129625641228 0.165562006263 0.0845825811652 0.0915843766309 0.239750706555 0.230422821845 0.241573065939 0.286809596303 0.311194920241 0.48490169414 0.492724324566 
1538 1.0 0.155116948287 0.155852103819 0.272629836024 0.176488517569 0.288716378024 0.187098907075 0.196267392338 0.150535801737 0.165802373114 0.481586412743 0.272577422328 0.265406569188 0.313213237049 0.306154134016 0.09150335469 0.0870214154858 0.132352894483 0.125253358144 0.172558781637 0.177698738725 0.317967052124 0.322739389082 0.143439728481 0.16258260306 0.251303966321 0.263244361522 0.137437085213 0.118693426076 0.142640615141 0.129294823994 0.137955913352 0.165802373114 0.0765385335039 0.0789280645065 0.249363366111 0.22986437155 0.242036094642 0.317742292746 0.297539009532 0.468777087194 0.470237834709 
1549 1.0 0.161236641896 0.167810089923 0.251611833229 0.180700171252 0.328985973447 0.203950012267 0.209284912742 0.173657177912 0.175444434374 0.483881880875 0.280977691361 0.291370271159 0.332006566027 0.330625553338 0.0939056376945 0.0923422955004 0.132959141051 0.136813827433 0.179661324227 0.187478767707 0.367223310164 0.340541559462 0.132959141051 0.144214436697 0.245588336206 0.262533658097 0.134668796949 0.114102695624 0.126711895639 0.11281957231 0.132331971795 0.175444434374 0.0825934599749 0.0787257614639 0.251529161358 0.24719212654 0.273703651993 0.259986273087 0.29101315585 0.460809696412 0.466595552567 
1579 1.0 0.162745111125 0.162745111125 0.263945788916 0.177655819462 0.314745526335 0.185877054919 0.200030915087 0.152698820868 0.158981246424 0.487390269422 0.26203542034 0.262869852001 0.304214253122 0.304214253122 0.0926261281642 0.0876232840003 0.149286125805 0.152276416682 0.183996294346 0.18301347613 0.315603869082 0.321227452897 0.125365001838 0.127302436704 0.247940009516 0.23835029335 0.139378910952 0.107914700878 0.12941007002 0.118931683404 0.136577977418 0.158981246424 0.102150125721 0.0963080621288 0.243747991264 0.223569347259 0.240663122574 0.300507561944 0.302856146996 0.470526187862 0.477375704708 
1588 1.0 0.173706085034 0.174015262529 0.251496150197 0.191561824559 0.293329043857 0.199353910731 0.201143479034 0.149657675437 0.159060131477 0.50317038229 0.277702711392 0.282373537268 0.321537695887 0.322372498753 0.0974500179708 0.0974500179708 0.158043040278 0.158043040278 0.210544468705 0.209092715041 0.348030525057 0.340378279611 0.139237949546 0.144789450406 0.262375131349 0.270512199405 0.129226608002 0.116233057405 0.127972627426 0.115148914592 0.134525518815 0.159060131477 0.102294059156 0.0990910129521 0.257062925037 0.245438587717 0.254682013088 0.299315350874 0.314266864983 0.496719213144 0.493643522809 
1591 1.0 0.179176230218 0.174170581011 0.248674107915 0.179176230218 0.306664393475 0.200533245406 0.203506717698 0.162678235308 0.16092507478 0.497650076055 0.268795385847 0.273045135317 0.307479485885 0.311094159656 0.0931492865665 0.088369172391 0.139125537679 0.139843301021 0.188170071935 0.181305498071 0.334959047981 0.326176009624 0.131986073928 0.13972392985 0.26371917976 0.263972147857 0.126168822087 0.110970116523 0.129174818842 0.113937755437 0.127222442234 0.16092507478 0.0931492865665 0.085294515338 0.235225890914 0.227142082803 0.255361334151 0.270774577864 0.318357624127 0.453438574632 0.462041552383 
1622 1.0 0.173364070726 0.173748897105 0.237212621962 0.196564244173 0.31291027501 0.213893764896 0.208357682108 0.172398246661 0.171816146248 0.485728878074 0.261646404923 0.266076042095 0.307582150157 0.307093191206 0.105453247351 0.0953064500385 0.165277788496 0.169959676201 0.232664084874 0.215913874347 0.339968470148 0.339181732686 0.133414012436 0.129217948999 0.248757137669 0.253478060325 0.124479212332 0.110403864021 0.126210948574 0.102888650831 0.13917199028 0.171816146248 0.1162961541 0.102400638669 0.253280365201 0.23756430877 0.261327129142 0.292957353016 0.302767333288 0.482452132455 0.463926629813 
1628 1.0 0.162456726276 0.16696331478 0.258722218978 0.206853413443 0.304470951065 0.210881095958 0.211895515965 0.170772853941 0.174404691935 0.477039453583 0.281968909786 0.277843750413 0.3221091255 0.318556058682 0.104812920094 0.104023060155 0.146436514158 0.150327345816 0.187089922815 0.182538043266 0.34178710003 0.344287545464 0.133595348256 0.134456865648 0.239106831908 0.241577576611 0.133224421076 0.127531116991 0.129584063678 0.126492149645 0.147110822471 0.174404691935 0.0876739683685 0.0874856245025 0.277843750413 0.258530879951 0.274859305644 0.312122033236 0.302186978834 0.480347481334 0.475203280529 
1664 1.0 0.170813699385 0.159144955496 0.24704601615 0.176273485543 0.329480921824 0.216342392243 0.21501747875 0.180405785816 0.177633378297 0.488889952312 0.25870322282 0.267843445496 0.305560834651 0.306592722694 0.0919369286901 0.0884348625885 0.13842245503 0.139612509755 0.206161664658 0.189115775805 0.345871380112 0.336749924061 0.122637089077 0.123248749176 0.243427671255 0.236088341343 0.134454105375 0.112532477223 0.121404524236 0.104781174839 0.147368760297 0.177633378297 0.0943588603444 0.0886047664196 0.265304587765 0.252346485381 0.267393854838 0.276681884287 0.262454831786 0.462814891401 0.45012990889 
1671 1.0 0.153032033963 0.147225044321 0.245576245406 0.181258657323 0.315795021694 0.209598721207 0.217050941281 0.170268766929 0.181541358806 0.45037496249 0.270548666965 0.271242787135 0.31709148293 0.31709148293 0.0964320760906 0.0907706794032 0.149757638962 0.146176336551 0.192331622443 0.188924079175 0.356094676741 0.345520788643 0.143818499101 0.143818499101 0.243198065669 0.238011706959 0.127701575197 0.110321984078 0.127701575197 0.110321984078 0.128235893744 0.181541358806 0.0863307097908 0.0863307097908 0.266730761528 0.257535990349 0.26775419267 0.300995499299 0.310775154382 0.479672252778 0.471984354369 
1676 1.0 0.166055422516 0.165481826942 0.248318486893 0.172376903064 0.317248439266 0.211061422405 0.2056998943 0.155560007845 0.162290817374 0.510421952461 0.270318643215 0.266421315928 0.303461692416 0.308357178402 0.0838822213639 0.090690566926 0.131730244358 0.127138921697 0.179271979187 0.175790638484 0.318146314002 0.324141921335 0.12676443216 0.129546718916 0.237455049719 0.24984544048 0.118024691898 0.124302752541 0.132629437352 0.122763340177 0.133878161683 0.162290817374 0.0863950561871 0.084165130165 0.24984544048 0.24132766429 0.265258874704 0.292695778368 0.300391174719 0.463203392997 0.463203392997 
1682 1.0 0.164639999598 0.158588154031 0.270065894805 0.18004392987 0.333202899356 0.203366936694 0.197935410463 0.177700525031 0.170640984747 0.476820544328 0.252028240277 0.24777901245 0.30024906991 0.288574280337 0.0923207680539 0.090486397759 0.154391719758 0.139561580241 0.200947872609 0.190599240346 0.342997170285 0.356382551655 0.140757844236 0.132579022283 0.263094938161 0.243914332258 0.145156056863 0.110000190532 0.133733273776 0.108465228909 0.145828301543 0.170640984747 0.0971869245801 0.0993200299671 0.279123160482 0.245967903567 0.252471367195 0.323457636811 0.251195270365 0.482558733623 0.459905646689 
1685 1.0 0.162424984607 0.166285940357 0.239938065259 0.172189522812 0.291741799109 0.223688296461 0.22656697741 0.177745446314 0.184528348845 0.489459000471 0.260029556157 0.260962493579 0.290861172081 0.293265024299 0.0845918434603 0.0883394058148 0.129910890904 0.12865770189 0.17468063989 0.174216268737 0.319401189519 0.324434081232 0.146701553593 0.149617646061 0.246379010034 0.259457776331 0.124930785795 0.116775367167 0.13248363355 0.107127265023 0.140399959488 0.184528348845 0.0813370832622 0.0821628616238 0.242401329753 0.23476159677 0.249049715535 0.285378480365 0.316982573806 0.437643550135 0.457315860232 
