Leaf
13 1.0 0.17988410856 0.17988410856 0.285698290065 0.206337653936 0.396838450472 0.255328107084 0.252406195118 0.21484448458 0.215819430525 0.566105871055 0.285355167692 0.281652625657 0.3361162117 0.322342719092 0.106997969282 0.101768821022 0.173548161358 0.170373976336 0.241351455025 0.227930722536 0.402928398865 0.404938029281 0.184037602267 0.177376890354 0.295238632711 0.287845693831 0.159161554026 0.162984756314 0.13887481462 0.149737348774 0.139678727643 0.215819430525 0.120762680131 0.111230788514 0.305260617811 0.285747273913 0.300826945177 0.249562247957 0.223778857149 0.483311414125 0.470991985033 
16 1.0 0.176881885012 0.161076019195 0.270774602317 0.215540433184 0.348241646615 0.217724425362 0.22678868234 0.17834267836 0.174449208882 0.525123517225 0.28371120611 0.282633272098 0.326154080512 0.324276919134 0.111048349405 0.10627284012 0.190106635736 0.191546252192 0.225438737714 0.220164186134 0.339228318962 0.351556646849 0.15567958899 0.163240737046 0.281767955801 0.262474552933 0.143433756749 0.119521036756 0.136677534551 0.133628581464 0.139441209548 0.174449208882 0.134539178584 0.129333700671 0.240886512228 0.210235332491 0.22078719561 0.312777455353 0.255461392745 0.500602487959 0.472948830034 
21 1.0 0.172866170495 0.176803737088 0.272858590301 0.197188292871 0.343698277366 0.240897522864 0.231285788057 0.186215427985 0.186215427985 0.540883369101 0.288925280029 0.29221585701 0.3310006771 0.334220305557 0.0980430651872 0.101493186494 0.170863362452 0.165635087321 0.21399290356 0.220448756535 0.35465146899 0.346395440388 0.153324538396 0.151904449422 0.251157443038 0.269331618368 0.134736791782 0.144418509071 0.147042924419 0.132542700922 0.1429991281 0.186215427985 0.11536696213 0.120024644758 0.224289915832 0.217186121382 0.238183247861 0.263590320793 0.280461846829 0.470035315001 0.478662508499 
28 1.0 0.172215156168 0.1768288789 0.284939672177 0.191686688555 0.357507310037 0.234567133882 0.225703521358 0.188581102297 0.185133784665 0.523355431029 0.272566999723 0.274333747063 0.317422249421 0.319739077155 0.0996531641587 0.0945392924353 0.131879634169 0.135592452671 0.185351120429 0.189999025286 0.3367468853 0.34055116003 0.16739422852 0.16259543418 0.269248022882 0.273746098233 0.143291671379 0.146624481332 0.148353281457 0.145152680144 0.142916561648 0.185133784665 0.0777108196846 0.0790802787209 0.247158960321 0.228010601974 0.241668294021 0.283428546258 0.281861712573 0.473717406049 0.476457394218 
39 1.0 0.176301844843 0.178220156324 0.276443934343 0.190978095422 0.377245007419 0.224110319101 0.224727626771 0.17786647438 0.178008031485 0.512531557335 0.295384851121 0.298185574619 0.343521619546 0.351351351351 0.0974473317693 0.0999987405779 0.172693156711 0.17558604065 0.217725394701 0.202002518563 0.347313524739 0.343668235694 0.144502893115 0.15501490709 0.255958439109 0.272174096069 0.14133049194 0.127954615263 0.142749152258 0.128249555221 0.145544994787 0.178008031485 0.114665964517 0.112223621424 0.225566687413 0.206015183573 0.229880439573 0.274156587947 0.285056834786 0.4976456497 0.502932134558 
41 1.0 0.179424938485 0.177236112023 0.280533215072 0.207391302654 0.347749001479 0.228295771112 0.230483571171 0.165859258651 0.174594591484 0.548875159322 0.301791429491 0.300309629559 0.354734310755 0.34425718751 0.106481406653 0.105252396241 0.174381541263 0.169517136242 0.191355952015 0.194821431918 0.344095171412 0.336723773482 0.156281130728 0.158290119975 0.259037394496 0.260468551213 0.148349030817 0.152427690212 0.13755701758 0.152427690212 0.147595347546 0.174594591484 0.10906837663 0.114554251689 0.24388430434 0.213485850066 0.236768831466 0.320431864716 0.264715601056 0.515232650377 0.478574400955 
59 1.0 0.174390775842 0.168740331152 0.273719649032 0.200058156845 0.342126792725 0.233768441983 0.233768441983 0.191571226121 0.195294183996 0.515787751124 0.276888795862 0.275484787125 0.327187790436 0.317957279168 0.102186380119 0.101233255147 0.148856338853 0.137742393562 0.186664899277 0.188657425501 0.352022424401 0.334347375518 0.159804056842 0.17142731843 0.259966419622 0.268612490522 0.145563690342 0.153708135776 0.136631956738 0.148949345009 0.145563690342 0.195294183996 0.0803341680162 0.0863174257239 0.259166110633 0.242320563478 0.262774657678 0.29420317183 0.297433441117 0.476340284329 0.465548051025 
60 1.0 0.169968962519 0.163938575313 0.296147103791 0.20102653468 0.317696846352 0.2317838355 0.22242488731 0.200678436523 0.204132708025 0.507790911178 0.267780207143 0.274841148597 0.319277437433 0.324145547368 0.102681011416 0.10172327286 0.154452157185 0.157233685867 0.210738901445 0.218043891009 0.34766569828 0.338495145548 0.153726173579 0.153726173579 0.267257504699 0.270275107685 0.152630723706 0.128017184293 0.152630723706 0.128017184293 0.154452157185 0.204132708025 0.0970810384436 0.0953369256964 0.26303849463 0.248552033539 0.267623503605 0.300133743528 0.300133743528 0.48010449031 0.479171568388 
64 1.0 0.173523765628 0.174713656817 0.273760390453 0.205046821226 0.347882306891 0.228192513471 0.240682730572 0.176287685521 0.189940380294 0.542986421694 0.282549560509 0.289837066059 0.336130072166 0.337728846089 0.107199406282 0.103261722944 0.17160277915 0.166205623829 0.209445466208 0.195318128372 0.336745883502 0.343205558301 0.166205623829 0.176679001619 0.272597491304 0.28034114971 0.142975483739 0.142975483739 0.139156893052 0.152782660785 0.137056668523 0.189940380294 0.108352810262 0.105772611313 0.235343876767 0.215747448017 0.233399096231 0.263947927227 0.262689026916 0.457141007297 0.461471343753 
65 1.0 0.173310481534 0.167915941265 0.286537476339 0.2 0.340712097499 0.23734592865 0.23734592865 0.201962612889 0.200583516922 0.524352186498 0.269295539613 0.272906066192 0.319239417519 0.3167586016 0.103975048982 0.0986393923832 0.153650490849 0.157129101122 0.215810430029 0.198312825166 0.331320928016 0.326568810097 0.169647079205 0.174067483115 0.279046691873 0.28366793002 0.150771088443 0.143930021143 0.144234206099 0.140228343471 0.153078943335 0.200583516922 0.0992300527064 0.0944013470085 0.232683710811 0.21628377323 0.230919020144 0.268371709996 0.273494284123 0.466871846091 0.460253685566 
95 1.0 0.188056155663 0.181607520468 0.252745933578 0.197830722004 0.362716233138 0.243936733094 0.242820879417 0.181191656583 0.18424682351 0.54393567904 0.291966466606 0.292998153448 0.323398519312 0.326878767167 0.0940280778313 0.104514857612 0.157108759595 0.159680580375 0.191632443395 0.191868492481 0.339334433228 0.347419142176 0.153219325602 0.147908370076 0.258237842586 0.256243698128 0.129294077043 0.14943062325 0.130571373296 0.140694029359 0.140694029359 0.18424682351 0.108203076915 0.113244785364 0.228611299221 0.203544333537 0.224213235862 0.279720957602 0.279936625296 0.483898870715 0.489478926814 
113 1.0 0.192732417848 0.18691900487 0.253381342248 0.195322272693 0.337404038273 0.236777389337 0.25307006284 0.191244114356 0.189015750266 0.528556310287 0.293520993729 0.282505302692 0.331482400318 0.327715772277 0.0992622452868 0.0992622452868 0.147830779024 0.147830779024 0.188598266045 0.182491417571 0.333733781191 0.338802851823 0.176731403225 0.15197176181 0.29778673586 0.24624240295 0.141078157578 0.142951418971 0.123660202421 0.144528010709 0.13501125019 0.189015750266 0.0914075399067 0.0893360207581 0.242573857253 0.222356291966 0.22830316416 0.316551642329 0.270241348856 0.489716099266 0.467798014177 
117 1.0 0.172630795857 0.171688095044 0.283793620258 0.193676010424 0.378343834317 0.222485795043 0.228690872455 0.175197070035 0.186852025483 0.522474818818 0.278417092387 0.273973297494 0.332510700572 0.330368409605 0.0983708817771 0.102709129078 0.163951469628 0.1612691836 0.171510761795 0.178637131408 0.368620892605 0.344732364745 0.135497619212 0.139699519013 0.243804201169 0.249845264836 0.142218126754 0.133916320264 0.147539135976 0.136986648747 0.159243744563 0.186852025483 0.10121690745 0.104762537078 0.225744507438 0.217366253047 0.244136812785 0.260654332848 0.277833561031 0.491132079562 0.472908344346 
119 1.0 0.17197891312 0.171682141694 0.272718387196 0.196994241691 0.338314808632 0.239517618233 0.231285788057 0.190144742098 0.190144742098 0.545553627828 0.254285051276 0.256531208806 0.298090130078 0.29821840526 0.102119307093 0.0964700797533 0.153905472423 0.146782594458 0.18764761315 0.179096263775 0.328215859121 0.330808044437 0.164476515717 0.164476515717 0.266093426021 0.271781851507 0.139661570989 0.152657906811 0.140843238922 0.148509507917 0.150640312747 0.190144742098 0.0948710174074 0.0975215558227 0.237379025257 0.227282462357 0.230512808805 0.265085401843 0.280461846829 0.461274424665 0.460610640522 
127 1.0 0.174575978671 0.170765599874 0.281528695469 0.203824144268 0.33090814395 0.21645971102 0.218995907841 0.182473340413 0.187240119183 0.504974432594 0.301362525318 0.301167531752 0.351298953485 0.344988185294 0.107631144148 0.0999330085545 0.171520747919 0.161355724434 0.215153101229 0.202552037892 0.349992195254 0.362264757325 0.156100349535 0.156325982536 0.277789657016 0.273226679833 0.145827283898 0.125098358746 0.142650547663 0.12806846631 0.14091033643 0.187240119183 0.102715898113 0.10407944316 0.246125127337 0.222983295162 0.22721109034 0.318976321602 0.286451839073 0.517862431304 0.501566032164 
128 1.0 0.167487588598 0.155942250317 0.283370302876 0.194511786804 0.339595742737 0.236014829258 0.218638378155 0.203808934344 0.19155417214 0.48898495189 0.293165788393 0.291476666443 0.330430100553 0.328274996797 0.10014802031 0.0950899235918 0.153247365291 0.138880316294 0.187976444826 0.181375778947 0.3451392417 0.345362705136 0.161960888691 0.154050764585 0.263916454257 0.256323555715 0.145817718611 0.131107726305 0.149578678343 0.126678338935 0.152540919937 0.19155417214 0.0970176180906 0.10014802031 0.260858495496 0.24468173605 0.262038856707 0.292375227524 0.28162243545 0.491031779388 0.465909826494 
129 1.0 0.160703152912 0.166124397474 0.269625641542 0.186525993654 0.305739284468 0.239069785661 0.248106926505 0.206277326845 0.212432381662 0.508187990371 0.271214024305 0.284546029586 0.306177997973 0.324399289964 0.0938369283785 0.0938369283785 0.140945988989 0.154050458046 0.209953654202 0.21637650507 0.33837352777 0.340745333864 0.180231022514 0.185732722737 0.273579307668 0.287409162773 0.137669968164 0.143961217745 0.144519569748 0.150613956055 0.143307057578 0.212432381662 0.102190767783 0.0983078304623 0.246151587496 0.233387657467 0.261539068905 0.276944013434 0.341571575134 0.459062365081 0.498480913854 
136 1.0 0.190127149071 0.184976395115 0.279172083205 0.217710687116 0.35744322498 0.219988951251 0.220201330014 0.178372546507 0.187652503681 0.519426296175 0.298432593877 0.302271446589 0.357137960168 0.353498298518 0.115082584462 0.109675290596 0.165786603442 0.15439948913 0.196018327696 0.187652503681 0.350399318127 0.360049163916 0.153590049797 0.164938584564 0.274897640941 0.284698590844 0.144925594217 0.138662084127 0.143521138627 0.13787326457 0.118419002459 0.187652503681 0.0852104977023 0.0960419561376 0.236903784118 0.21778224363 0.235518562869 0.289851188434 0.284260424227 0.48591889288 0.503926619676 
146 1.0 0.177533365877 0.167828530193 0.266689471468 0.211009658795 0.38362279168 0.22160038591 0.22572481643 0.192890455856 0.187638001038 0.488765580821 0.289309113631 0.288404271946 0.34047774458 0.32452513721 0.111457356097 0.102248633552 0.164684356393 0.15859690437 0.203366397971 0.185992021857 0.352677145688 0.354936805519 0.16865100001 0.16865100001 0.293005492383 0.275312871491 0.152568892625 0.119961249547 0.126450259843 0.124613112412 0.142026692701 0.187638001038 0.1041850506 0.101796537158 0.239922499095 0.205172796712 0.215337033094 0.30744680619 0.24829915568 0.496288614846 0.472515732145 
175 1.0 0.174688556067 0.162989788665 0.289218661291 0.198756645467 0.313569133723 0.224043988764 0.226297361443 0.196094810827 0.194331082023 0.512032657881 0.312874883867 0.314492416203 0.352732365646 0.348806106889 0.102519719267 0.0970722471438 0.149537801487 0.132580385852 0.186916192693 0.181105941741 0.342779558108 0.342303438421 0.183392849051 0.177875253149 0.295540450238 0.278883787634 0.148930662149 0.150864907628 0.146476941346 0.156176591918 0.123523462591 0.194331082023 0.0861956481799 0.0940379866861 0.245723055975 0.222827451326 0.238766157677 0.312874883867 0.272241961692 0.489561966565 0.461201237659 
188 1.0 0.190180041572 0.187250263713 0.259894503534 0.173852935974 0.337211740901 0.231980527164 0.217050988454 0.199635679972 0.183710476717 0.48286621979 0.300049142062 0.301427981226 0.34323808765 0.332879959524 0.0850511001837 0.091320734744 0.138444840387 0.135756335132 0.204199370643 0.197314255926 0.352051540977 0.34088088659 0.174514227582 0.159549795104 0.301275088504 0.283995309452 0.142139540934 0.129236180756 0.129236180756 0.118544123338 0.133445784378 0.183710476717 0.0839606563646 0.0901783873261 0.252931576918 0.235381676701 0.251286773206 0.300586108871 0.294703834664 0.499262264445 0.488911320584 
207 1.0 0.186437663778 0.17540460089 0.279347022541 0.191993687739 0.363477849715 0.247253564545 0.237536303742 0.198536148717 0.200337723533 0.513335848489 0.274638859366 0.28034562773 0.323824851218 0.318688393374 0.101357459397 0.0930044533029 0.166371423836 0.164521454442 0.208921910093 0.204088829401 0.346073480431 0.338452865257 0.173420840001 0.166531319523 0.287423927858 0.273473484126 0.157833791067 0.136298091609 0.134132930092 0.133137126193 0.157918081482 0.200337723533 0.113262353812 0.11764236199 0.249770341377 0.223329892575 0.233125581597 0.305426049523 0.244710904802 0.486284895126 0.459871339677 
216 1.0 0.172434657329 0.172434657329 0.266633614571 0.2 0.347650959731 0.239214957797 0.220532448648 0.191667795702 0.174654657229 0.509579619002 0.297601364644 0.296533322464 0.334494671934 0.335070074274 0.100424030171 0.100986634181 0.141381287854 0.144786645809 0.172566036135 0.170318814532 0.357834215495 0.344902170307 0.161086959431 0.161928883072 0.260441986493 0.27051519413 0.137397914718 0.143923177494 0.136321566178 0.136404663757 0.135320415056 0.174654657229 0.0924332697055 0.0924332697055 0.253787178579 0.248280203581 0.262910275629 0.258695791902 0.280024280615 0.474744601086 0.477315439022 
221 1.0 0.191009509378 0.172966467246 0.275742587371 0.210976898879 0.329733536912 0.227934457522 0.233750691744 0.181609768284 0.193966371343 0.524160164338 0.292986422471 0.294179449826 0.346185963614 0.338469712962 0.111376726064 0.103920408348 0.168261923661 0.149427558354 0.189706198287 0.186290586446 0.345806350503 0.33373685236 0.159535825922 0.160629798687 0.288012952564 0.269749794073 0.149427558354 0.128871272177 0.136675279142 0.131893414765 0.141398651707 0.193966371343 0.0894283594944 0.0966440167016 0.246631667861 0.232310285286 0.244073981055 0.294823657259 0.271690465095 0.489223047631 0.47113958142 
223 1.0 0.172278029156 0.165663952153 0.281914893617 0.196880377908 0.367059819129 0.211833061189 0.218344422891 0.173912582173 0.170295857379 0.505347143681 0.277871444396 0.287922736228 0.322017252504 0.337922982431 0.098080260184 0.102315872668 0.135612221106 0.128102069987 0.168961491216 0.174237652704 0.373592121014 0.376759490786 0.155078507842 0.157162624497 0.256920950548 0.261937707495 0.140831939307 0.141633265486 0.146058832104 0.141633265486 0.120358601053 0.170295857379 0.0723482473869 0.082746538224 0.268814441883 0.260638297872 0.268814441883 0.271067921409 0.274799816023 0.495138200845 0.500932810263 
293 1.0 0.166912043676 0.165623128297 0.284711799897 0.186613337962 0.331609974913 0.226847860429 0.229897658313 0.191501742093 0.202118435016 0.507326446408 0.286353614808 0.297547795484 0.327750370533 0.342850126853 0.0903901120404 0.0988820444749 0.158007958241 0.161694748013 0.203899829911 0.201321644391 0.3402619498 0.34179369599 0.166912043676 0.166671131291 0.277758430138 0.281447028198 0.143153418233 0.127305947147 0.149380361378 0.134966337044 0.135461628018 0.202118435016 0.108813339659 0.106700258127 0.255714229059 0.22796694014 0.252975859376 0.294288883513 0.307857628319 0.491012173707 0.49821540617 
357 1.0 0.172054898467 0.17608083242 0.294927743994 0.193601184294 0.373296370871 0.222583529218 0.230964627515 0.188262500688 0.195293964134 0.506928006129 0.292650833779 0.301901667255 0.327995773505 0.340199684033 0.0972110558632 0.0968828240115 0.157626265257 0.154014723794 0.204535533478 0.206344474235 0.342997170285 0.359147666124 0.142259770945 0.150457644055 0.253621047217 0.27004478837 0.146452348931 0.127457786599 0.155455748368 0.13099096307 0.149537405183 0.195293964134 0.111363296549 0.111363296549 0.244237037995 0.230412299995 0.252109385126 0.26624338176 0.282947805447 0.476524723676 0.49882001345 
358 1.0 0.176179556014 0.158840008124 0.259178955759 0.199010499596 0.328797974611 0.230848426276 0.225508609196 0.18523768927 0.179226912657 0.513922733095 0.288440552021 0.280655111983 0.339116862081 0.324009307292 0.103595576734 0.100336655783 0.159767097756 0.15451969244 0.206357861914 0.201469030121 0.337516215735 0.335761353503 0.169340536201 0.152837904326 0.28664286376 0.247171763691 0.144646333884 0.140064194691 0.120816239707 0.134962721696 0.134962721696 0.179226912657 0.0978526898936 0.0977268342918 0.261118626366 0.231646751746 0.234025388872 0.329844390451 0.263651541027 0.498952775225 0.474656791336 
380 1.0 0.169006664889 0.169544536972 0.280520982352 0.214276733111 0.377462691264 0.212570292828 0.225861110133 0.179095304568 0.197009456615 0.48496555786 0.292327955058 0.297968809458 0.340237882679 0.342334019399 0.109033702946 0.108195430301 0.15512204731 0.151473602422 0.180901839139 0.194216741184 0.373583360788 0.358698629707 0.13685759687 0.169774531927 0.253279008678 0.28748240474 0.137331974711 0.112324250889 0.152159006838 0.12091239381 0.152159006838 0.197009456615 0.0919484350647 0.0948725799725 0.248666483268 0.245666904751 0.275845305194 0.273382351376 0.30316180231 0.494421417068 0.497908008786 
381 1.0 0.18099988391 0.176656833132 0.287171097156 0.207531594838 0.361726604587 0.231707643363 0.231524740314 0.180452937187 0.183248415887 0.547789585273 0.302310727348 0.298786898112 0.347022712175 0.34342313363 0.106816903537 0.10318580979 0.161629328295 0.159430187343 0.173755337492 0.176016189741 0.355266681271 0.347022712175 0.14456566609 0.143092972346 0.257073452644 0.254312110991 0.148231021071 0.142796611022 0.14592677165 0.139495087187 0.137147032891 0.183248415887 0.0998473756212 0.104815160182 0.244805962614 0.234373823238 0.249094609973 0.270979212106 0.282511011746 0.473543143654 0.474972351563 
411 1.0 0.182841642828 0.175095468528 0.28813182796 0.203544347711 0.344548615563 0.21783854097 0.216885515692 0.171973432157 0.168415622155 0.537046215201 0.296203698087 0.297009549848 0.341062367882 0.333264275677 0.103017139704 0.101772173856 0.173908366918 0.164877686989 0.217252558628 0.204013524702 0.335788860692 0.346025391109 0.164587494296 0.137472147615 0.288352957561 0.252781076576 0.155014756915 0.131669995437 0.14113261202 0.127738658567 0.133233969817 0.168415622155 0.116380933315 0.117877418231 0.24954544692 0.221321856445 0.23248786787 0.305525213677 0.28226522404 0.480083278305 0.479286017951 
428 1.0 0.180179007291 0.169729391263 0.294732759962 0.194734144975 0.347363609956 0.23939806143 0.233125556298 0.185108019301 0.193091392231 0.536860468748 0.314114034923 0.314950675735 0.3628476303 0.3628476303 0.102190625885 0.0970464922676 0.161105430375 0.15789254998 0.183831655942 0.186003708495 0.36208341793 0.341289859066 0.14820981925 0.160329844767 0.252024296621 0.263785064096 0.145569738401 0.14904848572 0.155861976998 0.146328907766 0.142200726118 0.193091392231 0.101237461311 0.101237461311 0.237772643575 0.227289724404 0.249650041754 0.264676143849 0.297957554345 0.485232461338 0.48924048332 
450 1.0 0.184368984049 0.178105103216 0.276029990033 0.196464771111 0.322939506225 0.221977694182 0.22684193724 0.177921141966 0.186195339066 0.509488614808 0.296175085477 0.293435064542 0.341855190209 0.338518059467 0.0963247790025 0.103744961988 0.167296774906 0.159821972783 0.204095176755 0.217205560815 0.361503005655 0.342748097078 0.142106656889 0.154685224989 0.266369954639 0.273766597242 0.133798265186 0.117927005965 0.150826417549 0.126242325581 0.135500704795 0.186195339066 0.0982323855553 0.110767336808 0.227850235295 0.224714642756 0.246224631489 0.264519426952 0.291381871135 0.47946591835 0.483501401758 
543 1.0 0.180905851975 0.1668367852 0.273081846633 0.214482971232 0.326660194437 0.239241506351 0.232495277488 0.191492449685 0.179720435009 0.531217998217 0.29498894416 0.297913069261 0.342177513879 0.339389870583 0.113036615296 0.104180420726 0.155107475575 0.151779764299 0.191120016691 0.182083551694 0.336826015317 0.333459973727 0.151152572508 0.155718738931 0.266033384107 0.253273819051 0.140653488369 0.135493279271 0.138612458911 0.147333363925 0.142331990354 0.179720435009 0.0878556482205 0.0919502693856 0.257505028291 0.233971776078 0.243326352591 0.300255594977 0.297753586879 0.482486710817 0.481772444384 
564 1.0 0.181098648057 0.176767857125 0.280030638117 0.209989500787 0.345018979464 0.213589414429 0.225875846452 0.172690526081 0.188471344918 0.500199940026 0.308286386255 0.301024813605 0.35339427167 0.340754146946 0.106060714275 0.106060714275 0.155716329402 0.155716329402 0.18383857141 0.186672213649 0.351621438818 0.344801553345 0.152307846915 0.166199391624 0.268314741898 0.268547552998 0.148063525958 0.139007437546 0.13945628417 0.141502642026 0.137924246201 0.188471344918 0.0965612116393 0.0965612116393 0.242732585553 0.230042839552 0.237527594322 0.310145741486 0.291533018456 0.517371464884 0.497418593816 
610 1.0 0.174868304917 0.173916201808 0.268338882819 0.194639815965 0.347235197652 0.242327471612 0.230984839362 0.20462063366 0.198022658331 0.494937845927 0.300265545527 0.300219460722 0.334406250544 0.348190235525 0.0959957659018 0.101188421994 0.150454995856 0.160338500685 0.190689879291 0.193427539335 0.327085194368 0.344354192087 0.155430800271 0.157640618287 0.265852291281 0.275413027326 0.135247949966 0.12992564417 0.141644255 0.125483347105 0.152917896625 0.198022658331 0.105866236125 0.101597817147 0.25539344861 0.237249570846 0.251737376814 0.276165591879 0.276866139894 0.459356520214 0.479863505425 
628 1.0 0.179455393561 0.17369090348 0.271513055357 0.179083079065 0.323556492137 0.238816258672 0.225001622257 0.197599476582 0.195476971672 0.508397691689 0.293485643249 0.291660607948 0.333311084412 0.326176009624 0.0931492865665 0.087419959339 0.147960155365 0.144421837956 0.208288136818 0.204895858177 0.328926878967 0.328266739448 0.153495345069 0.15500978261 0.266551229255 0.273899356822 0.137314715962 0.136339110598 0.142911958209 0.124972882091 0.159780426676 0.195476971672 0.0982068498099 0.0982068498099 0.240764675358 0.219597192031 0.241939987291 0.280223028622 0.290514138857 0.462041552383 0.471196027834 
668 1.0 0.174894926439 0.187443685237 0.282167400618 0.2030764969 0.372163357127 0.230089496654 0.219408077815 0.184709629037 0.196713861744 0.513629808604 0.291097370059 0.295165066588 0.343043518123 0.348742916231 0.103975048982 0.105342201098 0.172607423753 0.170475814061 0.18436502122 0.199363055707 0.359871024414 0.335735909539 0.134033666843 0.142317855588 0.254748231333 0.281829137878 0.135566877881 0.115699297768 0.154837213867 0.116247638744 0.151725633057 0.196713861744 0.108465228909 0.111215284146 0.234537734972 0.221714665024 0.256303675211 0.258711494758 0.301611991344 0.479069049525 0.488793329454 
775 1.0 0.181669567249 0.182377143704 0.261084252607 0.198604138165 0.3291643426 0.218003480699 0.221010567311 0.170704330481 0.19074777058 0.505818290332 0.304150168898 0.306890315861 0.350345622109 0.342773453939 0.103548155142 0.0979553996867 0.152682594804 0.148946348228 0.19738444922 0.193928514322 0.353319941189 0.347670132514 0.142313326997 0.144669482284 0.269040959039 0.269100792456 0.14037700103 0.124965784028 0.128020388304 0.119701682408 0.137362775358 0.19074777058 0.0939280984793 0.0964648671089 0.271720419453 0.249738247232 0.261823171781 0.294905275119 0.278277305373 0.481756560968 0.482324335545 
778 1.0 0.193352886662 0.186659031606 0.26081775236 0.198758964656 0.354084425621 0.220456209744 0.22495577989 0.183430654206 0.167160551924 0.521820187149 0.299605331494 0.299605331494 0.336676113675 0.330961007474 0.100104008195 0.0995248094574 0.154208167071 0.149512942903 0.19434699546 0.192553904374 0.34437256172 0.349538021964 0.163900841063 0.147566921429 0.29152049319 0.258740672349 0.14006308387 0.136297632522 0.129630751205 0.136721137321 0.140749335327 0.167160551924 0.0971734977299 0.105539179746 0.265213866772 0.24283456745 0.247160705613 0.294480167985 0.259410118933 0.493619194361 0.480122097064 
805 1.0 0.182776968111 0.178900729514 0.268987450617 0.210593118231 0.339359669772 0.238032052448 0.235722408471 0.199846068306 0.179377926226 0.497076424496 0.271265973252 0.26417741698 0.324315236634 0.319428451798 0.107823554757 0.109241310291 0.157341566695 0.161735332136 0.19438167769 0.184915870859 0.343067533491 0.353281275231 0.170484009225 0.159070646817 0.28001172337 0.251104586619 0.144660478808 0.144423912045 0.133344730806 0.142756968517 0.153491311919 0.179377926226 0.0892590268593 0.0892590268593 0.24490011083 0.216438477714 0.220662829033 0.299655013357 0.291029618794 0.497282751627 0.503195465186 
1049 1.0 0.186497183227 0.176587497424 0.274762310717 0.194327998885 0.337115228774 0.239394156985 0.232316221087 0.193659628895 0.186497183227 0.515560150752 0.296931907239 0.290308057472 0.345848263072 0.333587153498 0.100887472016 0.0974554712763 0.153827451799 0.140962194778 0.201211887479 0.201774944031 0.333587153498 0.3237242759 0.165501056419 0.164321698949 0.278104256187 0.265400831379 0.149770218383 0.145488613956 0.135330797069 0.137822849206 0.145822431483 0.186497183227 0.0869061230878 0.0918034684712 0.25746551751 0.228375987293 0.241886159382 0.319084996526 0.266680172538 0.491747125063 0.455081163616 
1133 1.0 0.175820542231 0.173817880558 0.290674562432 0.209040983494 0.357383588103 0.230066290285 0.226201265355 0.185369990007 0.186833184965 0.514972907477 0.281749498816 0.279670820135 0.33300467892 0.330424723538 0.104984685704 0.108028350359 0.159907909182 0.162082531101 0.186763768955 0.194917260881 0.371473738761 0.34934734644 0.148033443569 0.14493524094 0.260116874466 0.250776801458 0.149080863072 0.138531120581 0.146978559986 0.140483013843 0.140851736298 0.186833184965 0.0979562947679 0.104984685704 0.241451351594 0.234476551305 0.248908405223 0.268940213011 0.287805403367 0.500259268879 0.486140913267 
1175 1.0 0.182243680167 0.202743433196 0.290708915913 0.182243680167 0.345021433454 0.236437441192 0.227217415768 0.189323724192 0.186700173939 0.526196355372 0.281514203246 0.274416064139 0.332894592329 0.333388135361 0.0924652320521 0.0976541690423 0.141630473612 0.15599391214 0.17859843832 0.186700173939 0.342150192689 0.348812991622 0.154936314101 0.14620036883 0.267744178431 0.286722512908 0.154936314101 0.128226205908 0.149536167662 0.11611376793 0.128226205908 0.186700173939 0.0906696197235 0.0906696197235 0.251924522711 0.235741011281 0.243292119835 0.286722512908 0.276207700564 0.487933990501 0.504175266916 
1290 1.0 0.176549293681 0.177888498412 0.270513373177 0.195069967538 0.327104493684 0.232023481078 0.23948972031 0.189202628384 0.190971401895 0.516068299985 0.298857971585 0.297265466619 0.343559755566 0.346882571903 0.0962079153508 0.103725927688 0.142588478601 0.151466598475 0.189202628384 0.186994575438 0.323761954119 0.335462524606 0.14949514873 0.157232704403 0.251336367329 0.253530117871 0.135767504056 0.147363201432 0.140633206132 0.157232704403 0.156223174193 0.190971401895 0.0873738615689 0.0873738615689 0.254697568947 0.232789377652 0.244960277914 0.306309324827 0.28855521376 0.4816148357 0.476370984113 
1349 1.0 0.169458597351 0.17098528222 0.274050999093 0.169266793558 0.338629529752 0.237061226159 0.241944006512 0.18817014683 0.191591702475 0.532225547361 0.306927974784 0.299969679687 0.360468625455 0.341590385819 0.0919018277617 0.0841522479296 0.174371458116 0.162210881455 0.214168119402 0.216281175273 0.346968606847 0.346124969921 0.166167825892 0.17079519291 0.259562441664 0.264029427264 0.140767498257 0.161206470055 0.140767498257 0.152081879686 0.138675049056 0.191591702475 0.119825323317 0.122771189913 0.238018500652 0.225832946557 0.246070996972 0.281534996514 0.267937568363 0.478894473595 0.469578702673 
1450 1.0 0.180658355119 0.178579762192 0.284964369398 0.212253367144 0.357159524384 0.232002870953 0.238287763977 0.192659544622 0.20157742637 0.519223799804 0.273828614424 0.273487536508 0.314941189878 0.317597308166 0.107292945882 0.106126683572 0.153873076123 0.145987473747 0.18973042829 0.185417809728 0.33675889354 0.355981568795 0.154679755707 0.157074939553 0.269591830051 0.266107084283 0.141221012976 0.137763835367 0.150189409882 0.150085795237 0.156280623769 0.20157742637 0.0899408487503 0.0975733061663 0.245680774516 0.219318391662 0.232002870953 0.291174649193 0.280119181523 0.476510239163 0.485148590292 
1584 1.0 0.182364691577 0.180131570311 0.285108930054 0.192004930005 0.360263140622 0.231288420621 0.217458458855 0.187651719512 0.183654806541 0.518479344897 0.280276730878 0.280336895466 0.333271490935 0.330017007199 0.102912261763 0.0945420980878 0.17238134034 0.166103563947 0.194795338654 0.192268251176 0.332815752149 0.341617687423 0.155836270923 0.153327017554 0.273022497981 0.278102137181 0.14237690075 0.130511261669 0.15244455257 0.123472862445 0.136078173463 0.183654806541 0.111712857573 0.112164833219 0.22768752316 0.209156943684 0.240089590222 0.285994822184 0.277616580919 0.476264754698 0.480635541211 
1600 1.0 0.190617407552 0.182454315698 0.26086271636 0.210264307535 0.384047887974 0.247327537893 0.249862130532 0.190203770737 0.204054466396 0.514530273106 0.291293094845 0.297887900669 0.34064784695 0.335052885094 0.110845340091 0.102476553165 0.164282412168 0.154056039556 0.191442000043 0.17823262312 0.34796788462 0.359764223716 0.158259103426 0.165238476954 0.262568047413 0.263466401083 0.133613078374 0.150783374908 0.133613078374 0.156758983282 0.154056039556 0.204054466396 0.100667240999 0.0972177944293 0.235138474923 0.217868140506 0.223812170434 0.277728474957 0.263765172377 0.481748805149 0.481748805149 
