Leaf
195 1.0 0.167022301761 0.166258282144 0.255315537096 0.191486652822 0.335143854651 0.21256338873 0.208056707941 0.163166432714 0.163166432714 0.478746181553 0.315443941872 0.315443941872 0.353628404574 0.353628404574 0.0970639864033 0.0970639864033 0.159572210685 0.159572210685 0.218665042715 0.215406066905 0.345125504838 0.352345976399 0.137988705072 0.142725724165 0.247951003424 0.252249744326 0.123374994079 0.12141011449 0.133930853338 0.131371429153 0.136234758648 0.163166432714 0.107044293124 0.10477360081 0.239062629299 0.223401094959 0.241944777641 0.30523327211 0.30629737011 0.51088034493 0.510104435952 
335 1.0 0.185829606577 0.189927912328 0.285035158824 0.207763816269 0.376895864031 0.188942546861 0.20499388499 0.154119623268 0.162016897299 0.502385926191 0.362795673788 0.366888685917 0.404862184452 0.415443395425 0.104274233975 0.108011264866 0.161439809456 0.160860651322 0.175098220471 0.19054117809 0.384738490656 0.38108235618 0.131844551172 0.138406226525 0.261244397121 0.273633274956 0.135596087483 0.128619603767 0.150442283537 0.134299314743 0.116331692466 0.162016897299 0.0929148032884 0.0994642421709 0.239872568717 0.24677678583 0.265277073821 0.261467587591 0.312150686751 0.518858955505 0.548586651667 
348 1.0 0.182098327326 0.1715373989 0.281965069802 0.223404255319 0.367637472247 0.212566395773 0.214421748625 0.173912582173 0.176816703602 0.5 0.32603389193 0.320255174968 0.369479893336 0.362522536413 0.112836188487 0.112836188487 0.184644201678 0.171289810512 0.203869871242 0.197454374396 0.355787053366 0.371465537488 0.130833764641 0.135924812119 0.257800442895 0.257800442895 0.139215450301 0.128762962095 0.145184511319 0.121295257989 0.143123660075 0.176816703602 0.112710745215 0.116779246809 0.243579854082 0.228785246464 0.249320035005 0.305237590115 0.297729829131 0.521005139914 0.517599930102 
350 1.0 0.182252718586 0.174820900319 0.295068497694 0.196880677853 0.338946320977 0.180278804228 0.178283036422 0.142392093806 0.144161007516 0.513750340156 0.319006523297 0.322353812511 0.372155360542 0.366504083208 0.107281558048 0.0942626298045 0.174222928226 0.171462786484 0.192980149714 0.189943355094 0.351682528865 0.353078687553 0.124518273859 0.121242499044 0.266279262198 0.262671586464 0.153283189489 0.116091557346 0.143643000065 0.104322467817 0.121242499044 0.144161007516 0.117241639377 0.114018327042 0.254718720968 0.245964507543 0.256410447544 0.298734085417 0.272915144994 0.496394057829 0.492201694633 
369 1.0 0.18025665893 0.168738783133 0.284309278476 0.233557707012 0.355366205547 0.221322125448 0.213258391245 0.154134278687 0.151435877058 0.548434815392 0.330300476853 0.331857038146 0.383811399913 0.386587467303 0.120658521056 0.119478195898 0.176208679774 0.172439469558 0.170183295576 0.1773020223 0.365834573538 0.361405634748 0.136207186447 0.136679309826 0.25547674177 0.257335875241 0.137431333712 0.13516271021 0.147993702915 0.126903553299 0.131686515442 0.151435877058 0.0957764581935 0.1001171722 0.263373030885 0.253857862945 0.263812923049 0.282809914258 0.29598740583 0.509767008594 0.516096640393 
377 1.0 0.17837813863 0.166494756702 0.267828701436 0.202063933619 0.363821443869 0.20543710404 0.200926959666 0.18523863299 0.161528274552 0.481449172118 0.328564590431 0.326076018063 0.378127996145 0.372976701968 0.105348866187 0.10290424404 0.157620075099 0.150007424194 0.199017569256 0.191455508965 0.370099175244 0.362594977529 0.148386596956 0.121297134268 0.279319888938 0.232795430825 0.141628198178 0.124097864627 0.12863030505 0.128432259814 0.155424588952 0.161528274552 0.0898289353299 0.0909553609673 0.25532386529 0.227933481272 0.237182563194 0.331917573812 0.288818389495 0.540694710547 0.522693604125 
387 1.0 0.193533214674 0.192986619876 0.285675478434 0.21981902929 0.390404943977 0.211990777961 0.227112297718 0.179369344942 0.18975352027 0.51653024013 0.342204315871 0.347672931892 0.394825126036 0.394825126036 0.11325674733 0.112051141469 0.178272274437 0.187110696059 0.22850340253 0.22416961125 0.35237230183 0.353825389652 0.149950444032 0.147413028296 0.285675478434 0.282808564068 0.146591779409 0.121981249979 0.146591779409 0.12527698464 0.128253099902 0.18975352027 0.120612727581 0.111240145467 0.26209319715 0.236487031266 0.25348802662 0.297931986274 0.307110475617 0.515653029918 0.53391312965 
393 1.0 0.187541029088 0.173756535729 0.297475780829 0.21244351098 0.345157023469 0.223102894467 0.230118268631 0.187465997667 0.183215203838 0.504621299751 0.354923565289 0.35638717383 0.393854021731 0.39253013892 0.111519913255 0.102033351053 0.17270074892 0.167741795845 0.193085307175 0.197123375608 0.354606315111 0.339361179467 0.158956926385 0.159222223248 0.280083595528 0.268910555553 0.158247293705 0.135860499808 0.144783617873 0.132929420092 0.131332292582 0.183215203838 0.114261594046 0.116335919411 0.218451088082 0.202683183088 0.218708543785 0.305455921865 0.312062862518 0.529198117115 0.528160290125 
448 1.0 0.189575954298 0.179890418547 0.256035246371 0.211132072933 0.333297340933 0.229945914066 0.235709531454 0.173962160164 0.172448255398 0.528377818845 0.329387013316 0.338987299089 0.373413062046 0.37772537123 0.112326426371 0.102414098548 0.170016113283 0.17440492535 0.198479536369 0.198479536369 0.34386636503 0.337847842759 0.151090148492 0.144195011641 0.265963669037 0.243435533222 0.132021454178 0.138854608032 0.128828344511 0.151090148492 0.138854608032 0.172448255398 0.114367655014 0.109404743171 0.228735310027 0.216897831476 0.238894500624 0.299101979393 0.305530626083 0.512070492741 0.513304000606 
464 1.0 0.169561823484 0.162348164782 0.285247485156 0.222593477052 0.342779915865 0.225990026714 0.222948774129 0.172741203879 0.177263989892 0.525823632138 0.327759427262 0.334097573227 0.376244135324 0.38271000119 0.112622272412 0.114365754892 0.17325591147 0.174394267418 0.175975594946 0.179317202083 0.371374140991 0.346968360455 0.149134604505 0.155181719696 0.249462687129 0.256656441646 0.141369576865 0.145235864302 0.14739964626 0.145711937248 0.144826556214 0.177263989892 0.107498324378 0.10759032125 0.223878746238 0.229638064569 0.257118608481 0.251044082916 0.336252397247 0.517784317608 0.550297765978 
475 1.0 0.175901254858 0.17014501286 0.278291367457 0.201054270049 0.32986706548 0.212235925242 0.2092744951 0.184738553519 0.164993907411 0.510617118503 0.325694185445 0.333828733465 0.366771599998 0.378320667085 0.100063721332 0.104223974108 0.174384836434 0.173162140643 0.20045894437 0.192414307411 0.343900116194 0.343475094822 0.133694489449 0.129250222001 0.258500444003 0.248922035915 0.145125112247 0.131995125929 0.134881150198 0.131995125929 0.150515245249 0.164993907411 0.117744661771 0.124541014335 0.238737605588 0.216510184376 0.231909472881 0.297391185227 0.329705997567 0.51761697667 0.524776540546 
480 1.0 0.201589316267 0.177527468507 0.29847421947 0.204444618362 0.359410554308 0.219971791051 0.222179844295 0.185675508162 0.173001513726 0.530717364298 0.328869440303 0.324197762042 0.375761321541 0.361188777353 0.111706142159 0.0945473170817 0.157007746328 0.156423710529 0.195285683434 0.192135707804 0.392830149214 0.375598900387 0.1516704839 0.141578753455 0.296937002969 0.25444158321 0.156228546747 0.127160824224 0.14738571623 0.136755762931 0.140822508997 0.173001513726 0.102743285372 0.0964640116812 0.252938311261 0.237575287579 0.249538121709 0.280015428512 0.289392035043 0.533612546534 0.536890033106 
530 1.0 0.179887605359 0.172128873751 0.282475781234 0.188978969713 0.34183904485 0.174522437654 0.192872118976 0.138768506362 0.139761495817 0.493939064543 0.34183904485 0.354011460391 0.388646121973 0.394648733893 0.0985635815219 0.094809092628 0.166410058868 0.158863726711 0.170919522425 0.176198206927 0.357654899021 0.342848911289 0.125006482114 0.124034734589 0.265309134607 0.249181893903 0.135745962342 0.0978595469272 0.148864907173 0.11641430499 0.114165265581 0.139761495817 0.102854673387 0.105181244569 0.231935973044 0.22351014471 0.243071671551 0.278841906802 0.318867919704 0.505800408844 0.529346231701 
552 1.0 0.190826588215 0.185233381399 0.266684413355 0.210294054647 0.364203893438 0.227702319304 0.228968941218 0.173506896733 0.18323542826 0.528142629817 0.333648691335 0.335808760747 0.372942463223 0.37906098087 0.104582896132 0.108772786887 0.163521354317 0.156286640548 0.186647397198 0.199515635806 0.355620294364 0.359846361962 0.129719117643 0.146832071254 0.252504934958 0.272921208818 0.124020058528 0.135372480869 0.145030382515 0.139485755415 0.13777886339 0.18323542826 0.0967473321306 0.10113204741 0.209228633122 0.194848737214 0.216394370622 0.298327532087 0.321243115726 0.518977803737 0.548940476785 
586 1.0 0.184967035972 0.184967035972 0.276141777544 0.208588957055 0.374434221342 0.219919611398 0.216903920609 0.186890137567 0.189390785772 0.490835888073 0.339425182666 0.33270544449 0.405697315764 0.397828045077 0.112790038717 0.112790038717 0.165075141682 0.157131883127 0.206229893423 0.197561253842 0.378980250588 0.392685963333 0.145438890689 0.15090029296 0.27470691015 0.27723002522 0.137182084509 0.124223660928 0.144400028171 0.127660442004 0.139898825166 0.189390785772 0.0834446043481 0.0912028757504 0.273952313641 0.25183283131 0.258033629998 0.299672999799 0.275732577353 0.530062769823 0.521472392638 
729 1.0 0.131147540984 0.135183791004 0.262295081967 0.196721311475 0.442926429053 0.168780821983 0.183284260451 0.155521852139 0.140065635169 0.426544650205 0.380243065729 0.377405391253 0.441406951404 0.421474102695 0.119346063759 0.0882813902809 0.213744341154 0.198082720879 0.186914004115 0.185470631131 0.492076426879 0.484370055826 0.10997055627 0.132168159808 0.205409247314 0.213114754098 0.131147540984 0.128036879933 0.131147540984 0.132168159808 0.141021725689 0.140065635169 0.140065635169 0.135183791004 0.213744341154 0.213744341154 0.220551213886 0.293254816721 0.259203086899 0.646034770336 0.608547907976 
758 1.0 0.185252256328 0.191139087915 0.279219571139 0.203098660839 0.385800314767 0.225462820941 0.222471855139 0.175320062056 0.18392626721 0.497436294495 0.326793689311 0.327384458741 0.368587225648 0.361956910402 0.107675686851 0.0969745618609 0.158087401512 0.147550181597 0.175025900671 0.171756877927 0.339325557425 0.343513755854 0.134869499051 0.145351099081 0.247940009516 0.266761549262 0.143567582468 0.143746929923 0.139378910952 0.13099312668 0.144283634702 0.18392626721 0.100112013116 0.100112013116 0.230882831139 0.208172994578 0.232439862095 0.288433311671 0.299648967155 0.516070045698 0.526425345267 
816 1.0 0.186411527092 0.183841284857 0.268717780061 0.209432389501 0.435107536712 0.247372791858 0.226563133151 0.195473180762 0.183527294389 0.500828393558 0.349425558199 0.341030602084 0.399158500031 0.399880306226 0.10699771278 0.112130171245 0.176151106855 0.172929314123 0.207217576269 0.204132974704 0.370884283611 0.388912576162 0.161548723369 0.146672486495 0.266670992265 0.266670992265 0.135959092012 0.149206550806 0.138063847047 0.126737996772 0.162350017076 0.183527294389 0.108070398373 0.105914163717 0.210531058755 0.193396775496 0.211624024225 0.283547371357 0.271387404319 0.548167268934 0.53842731258 
1169 1.0 0.166630509455 0.167927264494 0.312432205228 0.187459323137 0.354701915732 0.205140024133 0.205140024133 0.205140024133 0.186298573133 0.479062714682 0.335854528988 0.343517595466 0.402271209277 0.410280048265 0.112166594414 0.0931492865665 0.150198711474 0.162678235308 0.205140024133 0.186298573133 0.346660548364 0.354089832591 0.13972392985 0.13972392985 0.26098428739 0.251675513293 0.147281953985 0.133369481723 0.167927264494 0.147281953985 0.158627519065 0.186298573133 0.104144068409 0.0931492865665 0.232873216416 0.230061766676 0.23748501494 0.26098428739 0.309642576119 0.491577654111 0.501624259828 
