Leaf
237 1.0 0.188252269915 0.18239683308 0.256560501401 0.176670651993 0.321342776431 0.22007324883 0.216409466717 0.188858071224 0.177637834322 0.481213697727 0.289802310115 0.298730345833 0.334663327976 0.341881186988 0.0895792641819 0.0922491690454 0.154140226902 0.148574431706 0.189537283263 0.201442623922 0.339660475589 0.341003012346 0.139350582087 0.148478298127 0.278957205719 0.279979030407 0.125779311513 0.10279102408 0.137389980076 0.112728657846 0.159422396794 0.177637834322 0.0955937106665 0.10279102408 0.23862553099 0.224696062031 0.23670303819 0.278957205719 0.306095853144 0.470289239407 0.502577740428 
296 1.0 0.175543876412 0.176084428504 0.268265814219 0.214526282339 0.341516909984 0.210896133939 0.213638430491 0.189598614905 0.192026671783 0.483174578208 0.288616829896 0.293918981195 0.323216802147 0.338055677787 0.102824285833 0.113059441076 0.173570263621 0.177428603955 0.205706330007 0.205475199227 0.35862016815 0.357525344785 0.144020003838 0.160927011128 0.270865905054 0.292500933866 0.123312097008 0.109537136972 0.15390873741 0.11789452292 0.131697377335 0.192026671783 0.118697902047 0.124271738695 0.235436105768 0.235234187973 0.264205340547 0.257971809946 0.325414584506 0.479670584771 0.511782343434 
300 1.0 0.179395607495 0.190044019293 0.259977482702 0.202938868151 0.339732179671 0.196201113608 0.202938868151 0.164667328427 0.173090196238 0.477297826717 0.297941880445 0.308208621549 0.328320797115 0.35471054669 0.0947585064164 0.110059053943 0.146829524155 0.156997702598 0.192368803217 0.196257745479 0.319364436742 0.336346114754 0.137447544968 0.139931496396 0.259335509174 0.280339085554 0.122393251517 0.115093462073 0.142137759625 0.122936821555 0.130052843635 0.173090196238 0.0948757093139 0.0970756824816 0.217067824991 0.198061415743 0.218750744162 0.278589434454 0.320614672028 0.469740935595 0.503383524314 
370 1.0 0.187461878354 0.185686551123 0.252807578851 0.196659804903 0.342656167625 0.202507934962 0.211424491149 0.15826344686 0.159850087498 0.5 0.297889527085 0.301049688302 0.326823928326 0.336618928225 0.0961400135646 0.101253967481 0.146999431317 0.139059481633 0.166992321174 0.181128603423 0.321863658264 0.331805119346 0.123180767887 0.140750579225 0.250488481762 0.276583482357 0.119145220618 0.116873033646 0.136656792236 0.121504760977 0.131119903226 0.159850087498 0.0879130628781 0.101253967481 0.219692931673 0.207812703832 0.227453326581 0.261275686253 0.31332147549 0.461686662286 0.496835411246 
424 1.0 0.175336152598 0.1833897285 0.273022497981 0.197460947248 0.338642730739 0.207588057686 0.181394659742 0.148504661337 0.169646670886 0.465509411287 0.300332090952 0.306150202295 0.348685655945 0.355078340775 0.100391787207 0.102565021461 0.1461092678 0.1467117828 0.160494999999 0.164297439278 0.337403113462 0.32973385902 0.141274694009 0.169646670886 0.239502616219 0.303182368124 0.125308370513 0.1371559338 0.150569373391 0.123267814649 0.121192906295 0.169646670886 0.082148719639 0.0807952708637 0.197516782382 0.198630189073 0.223103233793 0.25998921046 0.34903334603 0.468508082717 0.533336457589 
454 1.0 0.162418640118 0.170225706726 0.261892187952 0.193522959453 0.345235508576 0.226216946263 0.224579648896 0.181495447816 0.187423384928 0.482038444269 0.257523941963 0.269911146507 0.302075414061 0.32504759899 0.0964076888538 0.102722567448 0.140682959673 0.148067381929 0.167064849702 0.178457652562 0.333638452337 0.337224313005 0.152254500703 0.181269379078 0.245068358452 0.292512467967 0.119455861519 0.120367751558 0.15483602376 0.131128633676 0.140488511812 0.187423384928 0.0843060782512 0.0826689111764 0.226820353434 0.220588168293 0.242601916959 0.239882332672 0.338680313452 0.441207316982 0.49338867329 
649 1.0 0.178682186334 0.190395670087 0.254250539888 0.200046731702 0.335091079306 0.208624020684 0.220601608819 0.165792923052 0.183839087761 0.492895130457 0.276115909223 0.283579140929 0.315145155456 0.331453678752 0.103961380744 0.0996576484809 0.141454400541 0.149095146205 0.194869043289 0.201791358321 0.339249555849 0.333868433814 0.145525861892 0.140209909487 0.263558545399 0.273991909149 0.12324600445 0.12145541042 0.136835943672 0.124425418925 0.118534211483 0.183839087761 0.0899520491789 0.0845968552239 0.227318663136 0.216457859156 0.240007399937 0.266643783949 0.308115011125 0.471325336247 0.481776327994 
656 1.0 0.197503532876 0.191242172178 0.257027913691 0.223449739848 0.368692070749 0.223449739848 0.201414873628 0.162865585496 0.164959793585 0.503041149289 0.284898418306 0.281316034359 0.325059856221 0.337262945302 0.108465228909 0.119420246166 0.166653663611 0.173982564951 0.224355667972 0.224355667972 0.341081224835 0.347067153876 0.127630688943 0.144919689264 0.261541215005 0.278024370011 0.120590423508 0.111724869924 0.143621874865 0.119550831493 0.123024251485 0.164959793585 0.102549798763 0.102549798763 0.2452863478 0.223519556984 0.257209966303 0.252619294662 0.307852197496 0.460653439705 0.489872468207 
697 1.0 0.182217246714 0.182217246714 0.26875 0.20625 0.362553875307 0.201265527351 0.208884687088 0.15674920255 0.152197445774 0.51875 0.27563846339 0.278458367624 0.322647737479 0.335410196625 0.10307764064 0.109151557479 0.155246779355 0.1593443598 0.176112535045 0.178972763291 0.353774292452 0.341926984165 0.143885805415 0.137215615001 0.280902563178 0.269258240357 0.136502060424 0.0954021095155 0.142521928137 0.106433664787 0.114734748442 0.152197445774 0.0901387818866 0.0922801441265 0.216686697792 0.206628440685 0.236263227143 0.264870251255 0.306504995881 0.474547481818 0.495290318904 
844 1.0 0.171784952746 0.172366010056 0.272639392333 0.197831408287 0.34211171099 0.201692594983 0.212856320483 0.167746348124 0.179669426168 0.481510739742 0.301640517598 0.301640517598 0.337572435581 0.344607695283 0.0967992251371 0.102810109343 0.147831055107 0.155368621851 0.182665437085 0.1888931366 0.324674471364 0.323572756374 0.148217037631 0.153146310159 0.262931513902 0.270271544217 0.13103043868 0.124662091479 0.14588582489 0.132007886084 0.117221560124 0.179669426168 0.0956114596007 0.098118276151 0.229517295275 0.219399135309 0.241702763083 0.273998155627 0.317827218528 0.473162025662 0.495458592876 
958 1.0 0.172971165465 0.179461223791 0.278586942649 0.19082157115 0.349608798395 0.201998637034 0.19491106935 0.172362110175 0.172362110175 0.475086544468 0.292310395892 0.293701183005 0.345828315328 0.354388973943 0.0963362935745 0.104580146519 0.166385994258 0.152966941744 0.199510390295 0.198055538737 0.318769917299 0.335525793499 0.157955839789 0.170676001865 0.277309990429 0.307348564635 0.129817008009 0.113501243772 0.15728865269 0.108163961805 0.131327144198 0.172362110175 0.0917228561649 0.103823223568 0.232042511182 0.201607797641 0.227754057749 0.308756763974 0.311469670704 0.498630999958 0.511231514251 
1078 1.0 0.175857065673 0.173833714732 0.287976430508 0.191274893558 0.349021543369 0.206398245751 0.202067731032 0.177276300707 0.182520352962 0.483726932559 0.250706548748 0.271482651727 0.302505262702 0.325281083094 0.0927819517257 0.103733375572 0.135741325863 0.139066971785 0.184608203174 0.187539304057 0.330674339597 0.314966679879 0.143449747956 0.150862301329 0.263156187929 0.279244685428 0.137467835003 0.122016276366 0.155481601168 0.123815139136 0.146197882183 0.182520352962 0.0738512656219 0.078307569696 0.221553796866 0.206398245751 0.236735362959 0.267103612148 0.329736887676 0.463941532182 0.49564732783 
1104 1.0 0.151682999593 0.151786998919 0.281119069431 0.191008221709 0.309034955556 0.216780639514 0.195983014468 0.189515299128 0.179508912263 0.483138443147 0.287885973254 0.304093372038 0.325498367604 0.354283510849 0.0914526051055 0.102516851823 0.151786998919 0.151786998919 0.195014393969 0.201383881895 0.349304410351 0.34685630255 0.167031844426 0.17765324483 0.260672465237 0.289198530089 0.126246350744 0.128230697895 0.166369204856 0.128230697895 0.115269442363 0.179508912263 0.0981122112508 0.103130730674 0.249348211413 0.254360737078 0.286732557295 0.255845345426 0.351959729144 0.465166626632 0.500591412895 
1191 1.0 0.164398987305 0.185143675613 0.254815196648 0.181548310533 0.326786958959 0.221607954946 0.21936565826 0.16737927201 0.186915425797 0.473420073075 0.274732446102 0.292737854657 0.317060493636 0.333772507876 0.0925718378067 0.0925718378067 0.14179376335 0.14179376335 0.178804349459 0.178804349459 0.342544667225 0.324763490841 0.149708572096 0.162381745421 0.236710036537 0.276526148154 0.132169165089 0.14179376335 0.128374041491 0.138263074077 0.14179376335 0.186915425797 0.0907741552664 0.0977667572676 0.243572618131 0.236710036537 0.236710036537 0.264338330179 0.31022988903 0.462859189034 0.488496543258 
1275 1.0 0.153052965714 0.158324618759 0.269001248265 0.204758386529 0.339225895725 0.217080629551 0.230155931833 0.183160140207 0.200027356039 0.473820480513 0.282215724345 0.288685006361 0.335577109534 0.340232502969 0.103624223125 0.107829085541 0.15349918522 0.153052965714 0.203417891683 0.205342101297 0.338014010116 0.332968361395 0.151706432514 0.159722418403 0.25111746697 0.259752661549 0.139001884288 0.11841000296 0.139001884288 0.131414156758 0.132580002573 0.200027356039 0.0812409733613 0.0892636053802 0.245957675563 0.23420633907 0.262828313516 0.284809063624 0.320566917968 0.481445626475 0.500358943726 
1280 1.0 0.16674094432 0.162529127703 0.258837522654 0.178504787207 0.333729333869 0.207184798421 0.213850907563 0.174482418163 0.169002941947 0.483233837174 0.312208259065 0.313685427037 0.340390863912 0.353197147772 0.0921197546636 0.0879010655533 0.139102526793 0.151705944982 0.177391440874 0.174766052733 0.341117626245 0.33922480557 0.159659535401 0.160998206982 0.280215488202 0.275401758249 0.127199162254 0.105643933007 0.140871599908 0.11318843985 0.132289125576 0.169002941947 0.102792445932 0.0928338719759 0.254463213763 0.247690338022 0.274139956712 0.265699086605 0.316514783315 0.477494146972 0.493008741589 
1563 1.0 0.166984834312 0.175054333897 0.256065831062 0.202601621029 0.339903404121 0.213238434307 0.215631202025 0.182477252361 0.186220273042 0.452718453992 0.310753256934 0.310240415416 0.346859329119 0.355773332103 0.101823432094 0.103887630513 0.143260980109 0.143260980109 0.190447753413 0.194219362194 0.333333333333 0.332536201862 0.146919296034 0.155120207708 0.253077309448 0.275053877499 0.11687121892 0.122488932441 0.143877159211 0.127721609859 0.148714710468 0.186220273042 0.0798086884468 0.0884321243824 0.236825549969 0.227295244333 0.255858462289 0.267223410326 0.313078904697 0.467068374269 0.484180018343 
1566 1.0 0.155962573473 0.160852212947 0.264151232127 0.201264951622 0.299031616577 0.221533577379 0.224562858144 0.176858247802 0.188058112451 0.499505358494 0.281370597817 0.292737854657 0.321345638086 0.339063038729 0.100263331595 0.103975048982 0.134517375058 0.147042924419 0.190841732617 0.194942649985 0.329448911617 0.334758544021 0.154582816207 0.174890492152 0.247132533518 0.277061994352 0.129524254988 0.133903417608 0.142026021922 0.143870592993 0.134026434095 0.188058112451 0.0861159249959 0.0821994936527 0.242215657054 0.23545353086 0.254297279047 0.28894142258 0.35320362623 0.468521285666 0.510179825342 
