Leaf
199 1.0 0.18001318572 0.18001318572 0.265105779508 0.17523073038 0.315891805417 0.241223199765 0.223816200135 0.200062451212 0.211830014465 0.510061171332 0.257310356598 0.260782467423 0.295373444271 0.29760652542 0.0862864222131 0.0901106267143 0.144177002743 0.145299019686 0.218335077624 0.238724488975 0.382274334031 0.344602351649 0.169726237299 0.194489995953 0.271944440811 0.320251306692 0.129959394033 0.140045499879 0.156874532631 0.129670701946 0.123755516473 0.211830014465 0.100591629014 0.111768476682 0.298779528659 0.306905735599 0.337903297337 0.261117571237 0.33174721531 0.463670821657 0.480682421414 
25 1.0 0.173610112571 0.163775010839 0.294522873542 0.210339947431 0.352358652289 0.221856302598 0.22110720771 0.192923130144 0.196332933939 0.505062305811 0.316603546336 0.316210276994 0.369332331345 0.352672417847 0.111549602387 0.101149241809 0.180941264445 0.180941264445 0.227821079841 0.221169729189 0.36462294898 0.345703798109 0.156080886803 0.171688170194 0.28691363455 0.296907334482 0.163267704476 0.115806420753 0.141589410305 0.098236862437 0.141589410305 0.196332933939 0.124993086857 0.123098298196 0.240802496403 0.226359892688 0.237798124963 0.298995479311 0.27875003441 0.526506770605 0.508744461285 
169 1.0 0.181997722888 0.172465901016 0.24740348201 0.192313609555 0.313116868306 0.216446472336 0.209145625502 0.16848436129 0.167316500401 0.478125695944 0.255560503158 0.25866969743 0.29725178416 0.295776580095 0.0994721960619 0.0948140976518 0.155543536246 0.149410336561 0.199927586517 0.203220028643 0.327018938081 0.329225444559 0.135653093376 0.132730645884 0.25550147544 0.243779901512 0.13204705003 0.116770731705 0.123914941258 0.114290131485 0.139814523561 0.167316500401 0.100977155905 0.105649062161 0.260933935024 0.241667061089 0.25342684381 0.311523142117 0.26783708476 0.462311515772 0.444446120376 
215 1.0 0.174103402137 0.16437304766 0.27147626962 0.186728863651 0.338237500804 0.22048486638 0.210650057986 0.191319532024 0.18310271529 0.49455681117 0.26881163132 0.262163191372 0.307994429769 0.298069625287 0.094205569824 0.0933644318256 0.132037245731 0.132037245731 0.175176207697 0.175682092232 0.351981056062 0.328295860785 0.159192237812 0.15751091142 0.280093295477 0.268518008478 0.147622128508 0.1371653801 0.129320760551 0.129473171635 0.125764337707 0.18310271529 0.0837906043708 0.0816448271808 0.240342187591 0.230969140742 0.246339509351 0.273827070511 0.295811489541 0.464747477799 0.465425941631 
318 1.0 0.16384328287 0.162783654727 0.260495370695 0.200045420874 0.325866162674 0.241715801722 0.233105525432 0.195229617086 0.210940463662 0.493089671926 0.267096425569 0.266569487726 0.32256354889 0.314516439906 0.106058241558 0.10040046143 0.15544234414 0.154884701646 0.200369556254 0.201928875929 0.33747525813 0.320747790523 0.167692803978 0.173649739971 0.259330209842 0.276292171428 0.138751521379 0.148394101799 0.130972266792 0.141453473645 0.151424337787 0.210940463662 0.0877541672741 0.0898249876866 0.237700084842 0.223294597314 0.248989391288 0.285532678382 0.312861441671 0.463815378434 0.467045475209 
413 1.0 0.165773030801 0.171120547924 0.262028339008 0.187163099291 0.299651880759 0.221066642429 0.230191823627 0.193251899928 0.204957153923 0.497434079478 0.259395923933 0.259395923933 0.294162051519 0.291770648839 0.09640373591 0.0910649351793 0.142388626716 0.158993114344 0.224913798503 0.22863371838 0.341990339118 0.327641811159 0.165081586574 0.16994675275 0.278892371901 0.286279517698 0.142087062043 0.12017050131 0.137067618971 0.122059347922 0.136125562317 0.204957153923 0.110112116934 0.10286154563 0.270406762094 0.262246514182 0.287226887846 0.287475676881 0.31915315455 0.461562290873 0.468876936869 
503 1.0 0.172938826325 0.162452388812 0.279407303869 0.198187043931 0.309735577799 0.222475944574 0.216036177324 0.187469779524 0.179136692391 0.528911512332 0.265219117706 0.263324844659 0.306108914142 0.299795838419 0.0974608975433 0.101335015959 0.16022472858 0.157803056811 0.183665348485 0.175882677363 0.322047718731 0.326048464907 0.160944124843 0.161898347382 0.278717351452 0.271579733342 0.14910372403 0.136426440418 0.139404721878 0.130757515233 0.150645331376 0.179136692391 0.111122520287 0.110659507772 0.264249391908 0.244047035763 0.254146927071 0.299110002031 0.289913795783 0.448199861166 0.449572429987 
563 1.0 0.180201079546 0.18472133583 0.257464671965 0.199265783998 0.335829719542 0.228206976185 0.233110819486 0.196586958556 0.199561211564 0.490387378832 0.26325722064 0.26432919204 0.306594809216 0.303931569757 0.0990100876426 0.102403024805 0.140776699029 0.137473808335 0.182410623573 0.188821847949 0.323535586465 0.320535417849 0.158716337129 0.165902985346 0.27584607078 0.283055917225 0.130707883668 0.128250920521 0.138157761852 0.133296409881 0.14177749385 0.199561211564 0.0875133804724 0.0891143677218 0.237020497393 0.218662245234 0.243300273517 0.27614490589 0.282764386004 0.429193203048 0.460167546647 
575 1.0 0.178967814028 0.184907435322 0.267857142857 0.202468468473 0.333386475356 0.215686558714 0.207651946935 0.194616461003 0.194343187111 0.464323869006 0.257057415258 0.253448438762 0.295588309951 0.303571428571 0.101888349813 0.102754026795 0.143104943812 0.147374028609 0.199560173979 0.203428660603 0.328730982654 0.327813566977 0.165064578856 0.16538623797 0.285031426043 0.298154280628 0.130001962309 0.125141643105 0.147253772343 0.122567025488 0.133763125323 0.194343187111 0.087885851549 0.087885851549 0.250354057676 0.226268783437 0.24607174534 0.265198445356 0.282847723108 0.441961780496 0.441961780496 
588 1.0 0.169037898253 0.175966551211 0.269705242457 0.184826171819 0.30596628143 0.197406538706 0.198739670696 0.163521575541 0.187216908805 0.455362162279 0.281356867045 0.285475938846 0.321081988222 0.320258533026 0.0950449852017 0.0910113714818 0.141662899231 0.139188679919 0.199577060658 0.210490105332 0.332855834624 0.332521641935 0.155773884076 0.161382828289 0.266803987584 0.291878944004 0.140084433261 0.117060664897 0.139587502169 0.106752844342 0.119295073037 0.187216908805 0.0969272468425 0.0943110361083 0.259623140127 0.25355684738 0.267688049608 0.300882137842 0.300095879278 0.473466997939 0.475926279128 
598 1.0 0.17006560565 0.165086993444 0.254880282391 0.193617570582 0.321052431943 0.224083868534 0.221085287345 0.192465074804 0.188788732105 0.490906903566 0.265650968282 0.266194778408 0.301762789865 0.293237536977 0.0995003983378 0.0943354248253 0.140239691076 0.136786365997 0.198833028656 0.195674957907 0.324909883386 0.321986580763 0.170978891265 0.168554465421 0.281508667747 0.269805911803 0.139683339867 0.143454996852 0.123809629752 0.139284585586 0.1334104372 0.188788732105 0.0930292703218 0.0972387301981 0.254005904918 0.23131423198 0.244727256547 0.288687979158 0.293806010927 0.433789119171 0.445104285581 
638 1.0 0.175284210777 0.168612194283 0.263726184473 0.185711980974 0.293453225961 0.224993377373 0.230425169616 0.195767790468 0.204632122066 0.455096578441 0.283700799218 0.278600144236 0.32707834832 0.316154065804 0.0974709779692 0.0906087476325 0.153357247915 0.14494431782 0.200740749903 0.197499879172 0.32953536068 0.332136140465 0.166041082653 0.170409929205 0.275819569552 0.264065819107 0.14568446383 0.144820592388 0.125024645332 0.141945145517 0.137844778982 0.204632122066 0.096732550834 0.100370374952 0.268107877825 0.251763934458 0.259753971332 0.315018043209 0.287716224714 0.465725560353 0.45757133532 
666 1.0 0.17280987739 0.173250158045 0.259288279262 0.166752349133 0.283969018081 0.227687712191 0.231996595438 0.197593413282 0.201033402267 0.494089547564 0.24702549976 0.243531327992 0.281747056826 0.281544190804 0.0804701834515 0.0872821686844 0.131213871038 0.13208188847 0.203575250751 0.208839802611 0.317412019986 0.322944024132 0.150292696818 0.157350167313 0.263658614222 0.273375778148 0.130777701839 0.123435626707 0.140738268153 0.124969047324 0.144081686012 0.201033402267 0.0917501256246 0.0911252593828 0.245711319416 0.234608884337 0.248792459458 0.30957497684 0.30957497684 0.45054003748 0.445908532015 
698 1.0 0.17503824664 0.180168930763 0.272818900371 0.180535053739 0.325240949259 0.226362678755 0.225251474293 0.187566844481 0.205186185704 0.520695035036 0.284292022381 0.279230038565 0.317473984537 0.31588931532 0.092507397854 0.0887180712868 0.15664329744 0.154264627642 0.220750728251 0.222953230396 0.330717042075 0.340282200404 0.158320468348 0.165737441139 0.267293005578 0.294199669439 0.126931343613 0.135681410206 0.15723234227 0.134016544575 0.127243087047 0.205186185704 0.113763252413 0.114918238902 0.253081168633 0.236910018651 0.259420129362 0.269016700123 0.297414085969 0.447355316874 0.458407112044 
717 1.0 0.178172378098 0.177271374204 0.272138287269 0.189812599841 0.335395277238 0.240928282171 0.237834505911 0.198170172159 0.212122598507 0.506206475657 0.280183515293 0.276733201861 0.317365052363 0.319752706689 0.0957461950528 0.0957461950528 0.147707325354 0.139339629775 0.212122598507 0.224410980637 0.326627231379 0.317932169954 0.172811721573 0.178621175731 0.283309391601 0.293101905455 0.138185658521 0.135848311771 0.146072138533 0.138908013984 0.138763843718 0.212122598507 0.088126119683 0.0934183150419 0.255053017299 0.240512529864 0.261562099291 0.296361711784 0.284226367007 0.469953918324 0.452419879092 
734 1.0 0.170385802138 0.170480434638 0.272853827746 0.187510416041 0.312580430603 0.208524502895 0.216269934924 0.194103590882 0.192182966056 0.483060359973 0.282952175263 0.297294879992 0.332773741871 0.32906964226 0.103641637294 0.0859468352439 0.171705911097 0.163822598992 0.235614809057 0.219232674825 0.343129913414 0.345518806582 0.155020911026 0.149943808492 0.279684256117 0.266998170344 0.152925937552 0.121547180045 0.128135963723 0.124691160681 0.120748394743 0.192182966056 0.124561745846 0.115001651408 0.281981495986 0.261258229945 0.274327608736 0.295389996159 0.26910410403 0.44242018651 0.438649231121 
742 1.0 0.171212262488 0.17162812966 0.261876090819 0.181558767547 0.283068451357 0.237192991011 0.222299041601 0.198155111255 0.20333976162 0.475376757913 0.274891458752 0.286224049591 0.310683111146 0.322615137526 0.091405455908 0.091405455908 0.132211291072 0.132211291072 0.174919476918 0.17750862012 0.299466766877 0.291358522618 0.165797060296 0.169622668832 0.260730258069 0.284274714427 0.121769908805 0.148370294644 0.145752645208 0.143286263346 0.145262718964 0.20333976162 0.0788436199372 0.0861043282604 0.226869916964 0.219977990339 0.248924803019 0.277267044358 0.331594120593 0.434379055129 0.46445407236 
832 1.0 0.17420391257 0.168870809075 0.269653358507 0.202196144269 0.308910775966 0.231099415973 0.231099415973 0.214975605688 0.207812703832 0.471824434011 0.301049688302 0.292923908897 0.349176588878 0.330662273978 0.1080366803 0.0969568507885 0.154939695199 0.147428001997 0.207128482353 0.211424491149 0.329084381228 0.331710032621 0.175826125756 0.188385134739 0.294748997638 0.29767765684 0.149868501772 0.140750579225 0.129668346662 0.135031250034 0.152786938514 0.207812703832 0.0954815125713 0.0954815125713 0.259154168943 0.235895501647 0.246617495881 0.301049688302 0.277892019971 0.456740612801 0.453378484793 
938 1.0 0.168515393718 0.162995033083 0.275299121934 0.207835652253 0.308995949535 0.221576205611 0.223631490287 0.199073358973 0.207835652253 0.483371294829 0.266919494362 0.271083490451 0.316561847273 0.314261003855 0.108048610616 0.102503912269 0.163285146097 0.159670249923 0.207151355217 0.204468430717 0.324145831848 0.331746662824 0.158579661097 0.165873331412 0.272708149203 0.279394705697 0.140429494765 0.129317190134 0.144417244527 0.12821451277 0.155363516412 0.207835652253 0.101265148793 0.105537226638 0.255504509759 0.235921551206 0.252460832162 0.316212798899 0.290196794929 0.460814203584 0.457619195736 
1069 1.0 0.185561530847 0.176597259315 0.274811694463 0.175733416244 0.342460861419 0.226348550025 0.215699457546 0.188221463205 0.185725478631 0.495495495495 0.276541359967 0.273293897516 0.316375309687 0.310549570327 0.0905394200101 0.0866458741517 0.147758733936 0.148716883056 0.21175962655 0.205831705564 0.342460861419 0.322316104865 0.195570210325 0.187357066154 0.318516568102 0.300589200373 0.153946013429 0.127167515437 0.139712274047 0.12548097547 0.131559296095 0.185725478631 0.104772102249 0.10072378277 0.248075131766 0.225944796468 0.254055651391 0.293450404953 0.289447276152 0.49395748197 0.463066568501 
1098 1.0 0.175813560666 0.176156611842 0.285697036082 0.186801908207 0.31885147669 0.213355116412 0.231799445328 0.18419826996 0.194714014525 0.527898331265 0.258634984214 0.256525556278 0.309629718642 0.309629718642 0.0906122351301 0.101307558672 0.158476201976 0.164825213124 0.218941273708 0.208489235718 0.326152221629 0.319418996825 0.157329193882 0.153049971084 0.280794746117 0.265772670325 0.157329193882 0.140719508946 0.135918352695 0.134129875392 0.139858831093 0.194714014525 0.114721716361 0.118348124939 0.280148992684 0.252970757793 0.280794746117 0.30943467628 0.299923519189 0.467230946433 0.442954450542 
1146 1.0 0.164568406801 0.152875472496 0.258216637205 0.199669785135 0.32850968668 0.225535137912 0.218097858384 0.19654704175 0.189060161971 0.493705220402 0.246225283621 0.253108255173 0.274475529068 0.295925961804 0.0945300809857 0.105525121552 0.150153436326 0.14923505807 0.211375687003 0.207767768667 0.325144581956 0.338201099204 0.173117749791 0.178590085046 0.283590242957 0.283832524285 0.137237764534 0.115477990742 0.141673877231 0.120716402453 0.14923505807 0.189060161971 0.104871708944 0.111233244823 0.247339430866 0.234793212478 0.257416790253 0.267371445164 0.293125337644 0.441365392168 0.433983916917 
1166 1.0 0.182694816298 0.163609323008 0.272682205013 0.199966950343 0.327218646015 0.227779882383 0.21965544129 0.195791815196 0.212777558711 0.472649155355 0.275095368911 0.275095368911 0.317479331988 0.325192504887 0.0926941256246 0.110577406622 0.116401202402 0.131089289611 0.195791815196 0.189792386657 0.342997170285 0.325192504887 0.172459369047 0.179040550817 0.277487547579 0.287432281746 0.132343761156 0.146562281346 0.149906337799 0.146562281346 0.116401202402 0.212777558711 0.0655446448053 0.0771261745094 0.260281001234 0.23702273157 0.262178579221 0.264687522313 0.317479331988 0.477172216837 0.475785085365 
1195 1.0 0.169679834886 0.170484009225 0.257292344069 0.163835878998 0.32746298336 0.22381696354 0.230144126644 0.187213050501 0.197868622559 0.485663854308 0.266304535559 0.274087491164 0.304072770263 0.31381263896 0.0780160913826 0.0884895381313 0.131407416245 0.140827731614 0.188305742954 0.183057372727 0.337439799156 0.343067533491 0.141312510092 0.163835878998 0.25901426829 0.287958603434 0.123907432399 0.105418265832 0.146188831857 0.104604212987 0.148854404649 0.197868622559 0.0942889633884 0.0915286863635 0.248778860688 0.23397521397 0.25973933828 0.261052487895 0.313431037417 0.449311321203 0.483935821464 
1201 1.0 0.160023291649 0.154898891689 0.265095956719 0.187694644519 0.270384182441 0.214707956837 0.223463772203 0.204167647965 0.201389727396 0.480355206249 0.245040944022 0.24134743448 0.288736656751 0.284058728406 0.0952562178088 0.0944537079925 0.137065382898 0.140466481662 0.200859853111 0.189631355936 0.318807381151 0.32575162649 0.17141501392 0.168096700807 0.291570048171 0.27590222698 0.141868485128 0.118862317036 0.134373165535 0.125951708591 0.152222037257 0.201389727396 0.0842292943166 0.0840483504034 0.258642702862 0.232020485899 0.244418853797 0.329330655963 0.304294015814 0.456532739657 0.43728544636 
1320 1.0 0.164022498436 0.163605668033 0.268844244355 0.169851219212 0.333259352209 0.224862918676 0.224786989949 0.205173776573 0.207078558842 0.46759081948 0.271057511985 0.282044915295 0.311495911643 0.316227766017 0.0893816243394 0.082011249218 0.134517333231 0.136407599191 0.219562244884 0.210674508946 0.343748739096 0.318968977494 0.154261199214 0.157329193882 0.261636001085 0.265778936627 0.138887940515 0.126404705368 0.140476679587 0.129736976874 0.162348755679 0.207078558842 0.0972478925829 0.086863325301 0.245756057105 0.234014353515 0.254558977706 0.259342341285 0.300789901256 0.455158963974 0.446525985567 
1330 1.0 0.156225508822 0.162344705319 0.256689517439 0.181076786702 0.312451017643 0.218451730869 0.238992126522 0.186277235716 0.20223323326 0.499561193858 0.28271035227 0.265866539752 0.324689410638 0.31007111956 0.095515248502 0.0894008631281 0.142385725692 0.14630223255 0.201750690856 0.207561079256 0.35188846283 0.335089658659 0.162344705319 0.163898278567 0.261504746321 0.26350978154 0.132455817716 0.148024273757 0.130379114125 0.140317057977 0.119943844321 0.20223323326 0.0953109375761 0.0869692342473 0.282158183086 0.268565761642 0.28763217877 0.286545745506 0.284360426703 0.47757624251 0.45069593692 
1397 1.0 0.177439389918 0.18963049625 0.271803711291 0.208689296876 0.303672055475 0.243912622528 0.236679658332 0.202371271115 0.204042570619 0.531115868569 0.253156515208 0.264049070173 0.300497695949 0.319883409318 0.10424887545 0.10911766372 0.161897016892 0.161154933458 0.214635512878 0.219422141988 0.336975994458 0.34262008822 0.150248847975 0.152754266945 0.265858679494 0.288559770671 0.131986700286 0.122731940811 0.150248847975 0.130311094313 0.147565616982 0.204042570619 0.0989395587183 0.0962788555593 0.264729123276 0.246843586979 0.262911739387 0.280556309386 0.329239416801 0.446292417421 0.475884815559 
1412 1.0 0.155593519768 0.158759843005 0.266861918138 0.176023028602 0.300371686055 0.238257709705 0.236159674535 0.193820077669 0.2022509389 0.488131740335 0.262188818222 0.262494791973 0.294651852599 0.297363596232 0.0857479159461 0.0906621084919 0.143013010398 0.144464956357 0.183086398497 0.17382035962 0.334508550654 0.332003555059 0.172615511893 0.177837746971 0.256556346822 0.276668017387 0.134688357344 0.13937456333 0.145240761471 0.132161598325 0.136229057387 0.2022509389 0.104175161531 0.100408540973 0.246014955815 0.23805548216 0.266380217532 0.288540706459 0.329430786053 0.476110964319 0.473880290898 
1440 1.0 0.164148642653 0.163835878998 0.251444790794 0.210593118231 0.339208496105 0.232876560785 0.230144126644 0.200017096209 0.207237816036 0.467804261943 0.269558886893 0.275828536292 0.317118588242 0.319428451798 0.107823554757 0.106707833852 0.149083941262 0.153045115301 0.190472323272 0.183523761694 0.339057255035 0.332283066444 0.153491311919 0.172775162061 0.249807585382 0.278971807315 0.135001250604 0.133344730806 0.129441109601 0.128246855483 0.159070646817 0.207237816036 0.0843346126658 0.0892590268593 0.243218854494 0.234559058206 0.259673506486 0.275270115558 0.314356980461 0.458986372717 0.463176422868 
1662 1.0 0.152539938416 0.152644525291 0.259944259782 0.169582954777 0.293834940453 0.205416596933 0.215131400104 0.180876329046 0.186352082434 0.474871259453 0.245287535565 0.249416811004 0.280553918378 0.295783756555 0.0854943753831 0.0864226802874 0.140333832072 0.137924980881 0.198703104443 0.205649539662 0.313337928628 0.328699572366 0.159195231112 0.169582954777 0.266492389056 0.276139082439 0.125059832473 0.111284752782 0.14525146866 0.126329507993 0.12883132528 0.186352082434 0.0986664998863 0.0935179727926 0.253919168522 0.237351596587 0.255797757649 0.307009296191 0.305811359005 0.447712917 0.463476090192 
1666 1.0 0.16674094432 0.162529127703 0.270074803597 0.166641900091 0.321842557263 0.21881153466 0.249284927483 0.192650156707 0.20766236678 0.489648501085 0.270502379037 0.268296160583 0.316097217456 0.308644910374 0.0879010655533 0.0822741002467 0.145029358895 0.148293913211 0.192735836123 0.180345091393 0.347162368954 0.346924505021 0.16703772464 0.185044247728 0.280862841867 0.280862841867 0.150832809989 0.124310879053 0.134516788491 0.129131412051 0.142271021016 0.20766236678 0.102792445932 0.0963250783536 0.267371530054 0.252835986346 0.259601808341 0.293003551844 0.26364058163 0.47555395086 0.4621732299 
