Leaf
74 114.039466852 22.0907220344 21.0950231097 35.0142828 25.0199920064 46.0108682813 29.6816441593 31.064449134 23.769728648 24.3310501212 68.0294054068 34.7131099154 34.1320963318 41.1825205639 39.9249295554 13.152946438 12.3693168769 19.8494332413 20.0 24.5967477525 24.1660919472 42.7200187266 43.5660418216 22.360679775 22.360679775 32.8024389337 32.0156211872 18.6815416923 22.0227155455 17.4642491966 22.2036033112 16.4012194669 24.3310501212 12.5299640861 11.6619037897 28.0178514522 25.0199920064 26.4196896272 32.9848450049 28.7923600978 58.0 57.6281181369 
164 119.419428905 21.0237960416 21.3775583264 30.0665927567 25.079872408 38.1182371051 29.4108823397 28.6356421266 23.3452350599 23.769728648 59.1354377679 36.4965751818 36.0138862107 41.1460812229 40.8044115262 12.0415945788 13.3416640641 19.1049731745 20.0 26.4764045897 26.2488094968 40.2243707222 39.0 21.3775583264 24.1660919472 32.0156211872 35.8468966579 15.8113883008 19.4164878389 15.2970585408 19.6468827044 18.3847763109 23.769728648 12.6491106407 13.8924439894 29.0688837075 27.1661554144 29.4108823397 36.4005494464 37.6961536499 59.3969696197 59.2030404625 
16 124.016127983 21.0 21.0950231097 34.0 27.0185121722 44.0454310911 26.6270539114 29.6816441593 22.803508502 23.5372045919 65.06919394 35.3553390593 34.0587727319 41.5932686862 39.9249295554 14.1421356237 13.3416640641 23.6008474424 23.8537208838 28.1602556807 27.5136329844 41.6773319683 44.418464629 20.1246117975 20.2484567313 34.9857113691 32.7566787083 18.6815416923 15.8113883008 16.7630546142 16.6433169771 17.8044938148 23.5372045919 16.1554944214 15.8113883008 31.4006369362 26.0768096208 27.7848879789 38.8973006776 31.384709653 62.3698645181 60.0 
78 120.004166594 21.2132034356 21.0950231097 38.0 28.0 45.0111097397 27.7848879789 28.6530975638 22.1359436212 24.0416305603 66.0075753228 34.2344855372 34.5253530033 41.1460812229 42.0594816896 14.3178210633 14.3178210633 24.4131112315 24.4131112315 26.2488094968 25.632011236 43.0464865001 44.418464629 19.6977156036 20.591260282 32.6496554346 34.885527085 19.6468827044 17.0293863659 19.6468827044 15.8113883008 17.691806013 24.0416305603 16.1554944214 16.1554944214 28.8444102037 26.0 29.4108823397 31.9530906173 33.2415402772 58.412327466 58.8982172905 
85 119.03780912 20.0249843945 19.1049731745 34.0 27.0 47.0 29.5296461205 29.5465734054 25.7099202644 25.9615099715 60.0083327547 36.2215405525 36.1247837364 42.0475920833 41.2310562562 14.1421356237 13.152946438 23.6008474424 23.0217288664 26.9258240357 26.9258240357 45.4862616622 43.9089968002 19.9248588452 20.6155281281 31.6227766017 31.9061122671 16.7630546142 17.2046505341 18.6815416923 17.2046505341 18.4390889146 25.9615099715 16.1554944214 15.8113883008 29.1547594742 27.0185121722 28.6006992922 31.0483493925 34.7850542619 58.7962583844 59.5482997238 
96 122.036879672 21.2132034356 22.0227155455 33.0151480384 25.0 42.0119030752 31.064449134 29.206163733 23.3452350599 22.360679775 68.1175454637 35.2278299076 34.2344855372 41.2310562562 40.718546143 12.3693168769 13.3416640641 20.0 20.6155281281 24.6981780705 25.2982212813 43.8292140016 43.9089968002 19.9248588452 18.6815416923 31.384709653 31.9061122671 17.2626765016 19.4164878389 16.4924225025 17.8044938148 17.2046505341 22.360679775 13.416407865 13.0 32.7566787083 30.0166620396 31.304951685 35.1710107901 31.0483493925 59.6657355607 57.4891294072 
99 127.062976512 21.0237960416 21.0950231097 36.0 26.0 45.0 30.8058436015 29.1547594742 24.1867732449 23.769728648 69.0 34.5253530033 34.2344855372 40.7062648741 39.8120584748 13.152946438 13.152946438 20.6155281281 20.6155281281 25.632011236 26.0 44.1021541424 42.5440947724 22.4722050542 24.1660919472 35.2278299076 36.8917334914 18.6815416923 18.8679622641 18.6815416923 18.7882942281 18.8679622641 23.769728648 13.416407865 13.8924439894 32.6496554346 31.0161248385 33.6154726279 35.2278299076 33.2415402772 58.0517010948 57.4891294072 
108 118.152443902 23.1948270095 23.0867927612 32.0156211872 27.0185121722 47.0425339454 30.2324329157 28.8444102037 22.803508502 23.0867927612 65.0307619516 36.0 36.3455636908 41.1096095822 42.4852915725 13.3416640641 14.1421356237 20.8086520467 21.9317121995 24.1867732449 23.4093998214 45.2769256907 44.1021541424 19.6468827044 20.6155281281 32.2490309932 33.2866339542 15.5241746963 18.0277563773 17.7200451467 19.2093727123 16.2788205961 23.0867927612 13.8924439894 13.0 28.8444102037 27.0 29.6816441593 30.4630924235 34.7131099154 59.4053869611 59.3969696197 
110 119.016805536 23.1948270095 23.0867927612 36.0555127546 27.0185121722 46.0434577329 27.7848879789 27.2946881279 22.8473193176 24.1660919472 63.0317380373 37.2155881319 36.3455636908 43.8634243989 42.0475920833 14.3178210633 13.152946438 21.400934559 21.2602916255 25.079872408 25.632011236 42.7200187266 41.0487515035 19.3132079158 21.0237960416 33.5410196625 36.235341864 18.4390889146 17.8044938148 18.973665961 15.8113883008 16.4012194669 24.1660919472 13.416407865 14.3178210633 26.6270539114 25.0 27.4590604355 32.5729949498 33.2415402772 58.0517010948 58.7962583844 
125 121.498971189 22.0907220344 21.0237960416 33.0605505096 22.0227155455 41.0121933088 29.1547594742 28.4253408071 24.0416305603 23.1948270095 66.1891229735 36.2215405525 35.6931365951 40.8533964316 40.249223595 11.1803398875 11.0453610172 15.6204993518 16.2788205961 22.360679775 21.9317121995 42.5440947724 41.1825205639 20.2484567313 19.6468827044 33.6154726279 32.8024389337 17.2626765016 18.8679622641 16.7630546142 17.8044938148 17.691806013 23.1948270095 10.295630141 9.8488578018 30.8706980809 31.0161248385 32.6496554346 34.1760149813 33.3766385366 60.3075451333 55.1543289326 
136 123.146254511 24.0208242989 22.0907220344 35.0 27.0185121722 45.0111097397 27.2029410175 27.2946881279 22.4722050542 23.769728648 64.0312423743 37.3363094052 36.1247837364 44.283179651 43.0813184571 14.3178210633 13.6014705087 19.7989898732 19.8494332413 23.769728648 23.769728648 43.5660418216 43.9089968002 18.973665961 21.0237960416 34.4818792991 35.3553390593 17.7200451467 17.0293863659 18.6815416923 16.6433169771 14.1421356237 23.769728648 10.8166538264 10.8166538264 29.4108823397 27.0 28.8444102037 35.1710107901 34.1760149813 58.7281874401 60.440052945 
295 123.685083983 21.2132034356 21.0 32.2490309932 23.1948270095 38.2099463491 29.9666481275 29.206163733 25.2982212813 23.1948270095 63.5059052372 36.0138862107 35.902646142 40.8044115262 40.3112887415 11.401754251 12.0 17.8044938148 16.2788205961 22.360679775 21.5870331449 39.3954312072 38.8329756779 20.6155281281 21.5870331449 33.1209903234 33.4215499341 17.1172427686 19.2353840617 16.1554944214 18.0277563773 17.8044938148 23.1948270095 10.295630141 11.1803398875 30.0 27.1661554144 29.5465734054 34.9284983931 37.6563407675 57.4282160614 58.7962583844 
309 119.016805536 21.0950231097 20.0 34.0147027034 27.0185121722 41.0487515035 27.2946881279 27.4590604355 23.4093998214 23.5372045919 62.0322496771 33.2415402772 33.1360830516 40.249223595 38.4837628098 14.3178210633 13.152946438 21.2602916255 19.8494332413 26.2488094968 26.6833281283 44.72135955 43.4165866922 20.1246117975 20.2484567313 34.0 33.0151480384 18.4390889146 16.6433169771 16.7630546142 16.6433169771 17.0293863659 23.5372045919 12.5299640861 12.5299640861 29.4108823397 27.0 28.8444102037 35.4400902933 33.8378486314 59.816385715 59.0338885726 
389 126.194294641 22.0227155455 20.0997512422 34.0587727319 24.0208242989 45.0444225182 28.3019433962 27.2946881279 24.0416305603 23.0867927612 62.0322496771 35.6931365951 36.1247837364 41.1825205639 40.4969134626 13.0384048104 11.1803398875 18.3847763109 17.8044938148 27.3130005675 26.0 42.4381903478 42.5440947724 20.2484567313 18.0277563773 34.1320963318 30.0166620396 18.4390889146 18.6010752377 16.1245154966 18.0277563773 19.8494332413 23.0867927612 11.6619037897 12.2065556157 30.2324329157 27.0 28.8444102037 39.0512483795 33.1209903234 61.554853586 60.4648658313 
403 129.247823966 23.1948270095 23.0217288664 36.0138862107 27.0 45.0111097397 28.1780056072 27.4590604355 24.1660919472 23.4093998214 64.0702739186 34.1320963318 33.5410196625 40.3112887415 41.1825205639 13.3416640641 14.3178210633 19.1049731745 19.7989898732 25.079872408 25.2982212813 43.4165866922 44.1021541424 20.591260282 19.3132079158 36.2491379208 34.4818792991 18.4390889146 16.1245154966 18.6815416923 17.0293863659 17.691806013 23.4093998214 11.6619037897 10.8166538264 30.2324329157 28.0178514522 29.1547594742 38.3275357935 37.483329628 61.554853586 60.207972894 
535 121.004132161 23.0217288664 21.0237960416 35.0142828 24.0 43.0 29.1547594742 29.5296461205 25.2982212813 25.9615099715 64.0312423743 36.4965751818 37.3363094052 42.0475920833 42.5440947724 12.1655250606 12.1655250606 20.6155281281 19.4164878389 26.0 25.632011236 43.9089968002 43.4165866922 22.360679775 21.9317121995 38.0788655293 35.5105618091 18.6815416923 17.0 17.4642491966 17.88854382 17.0293863659 25.9615099715 12.0830459736 13.416407865 32.7566787083 30.0166620396 30.4138126515 34.7131099154 32.5729949498 58.7281874401 58.2580466545 
554 117.038455219 20.0 20.0 34.0147027034 26.0 42.0119030752 27.7848879789 28.3019433962 24.7386337537 24.5153013443 63.0079360081 35.1283361405 36.3455636908 39.9249295554 42.4852915725 12.1655250606 14.1421356237 17.691806013 19.1049731745 23.4093998214 24.3515913238 41.1825205639 41.3400532172 21.1896201004 21.5406592285 33.6005952328 34.4093010682 16.7630546142 17.4928556845 18.4390889146 18.8679622641 14.8660687473 24.5153013443 10.8166538264 11.6619037897 30.4138126515 29.0172362571 31.9061122671 30.083217913 36.8781778292 54.0370243444 58.6941223633 
574 131.0 21.0237960416 21.0237960416 38.0131556175 22.0 40.0124980475 30.0166620396 30.5286750449 25.7099202644 25.495097568 69.0072459963 36.1386219992 36.6742416418 42.0594816896 42.0475920833 11.1803398875 11.1803398875 17.8044938148 17.8044938148 26.5706605112 25.632011236 40.3112887415 41.1825205639 21.9317121995 21.9317121995 35.5105618091 35.5105618091 19.6468827044 18.0277563773 19.4164878389 18.8679622641 19.8494332413 25.495097568 11.1803398875 11.1803398875 33.1209903234 30.0 32.2490309932 39.2937654088 37.3630833845 60.827625303 59.4642749893 
659 119.339850846 22.0 21.2132034356 34.0587727319 22.0227155455 39.0512483795 28.6006992922 28.6356421266 23.5372045919 24.6981780705 63.1981012373 33.7342555869 34.3656805549 39.3573373083 40.3112887415 11.1803398875 11.401754251 21.6333076528 21.4709105536 25.7099202644 26.4007575649 40.3112887415 41.5932686862 21.1896201004 22.4722050542 35.2278299076 36.6742416418 17.0880074906 16.6433169771 18.4390889146 16.1554944214 13.4536240471 24.6981780705 14.8660687473 15.2315462117 30.8706980809 30.0166620396 30.886890423 32.5576411922 32.8937684068 54.4518135602 57.6281181369 
728 118.105884697 22.2036033112 22.0907220344 34.1320963318 26.0768096208 46.0977222865 30.8706980809 29.5296461205 26.5706605112 25.2982212813 61.2045749924 38.1182371051 37.3363094052 44.0113621693 42.0475920833 13.3416640641 13.0384048104 18.6010752377 19.8494332413 28.1780056072 26.9258240357 44.2944691807 43.8292140016 21.9317121995 21.8403296678 35.3553390593 33.8378486314 18.2482875909 19.2353840617 17.0880074906 18.0277563773 17.8044938148 25.2982212813 12.2065556157 12.0830459736 33.2866339542 30.0665927567 33.1058907145 32.5576411922 31.2569992162 56.7274184147 56.5685424949 
788 123.016259088 22.0 21.0950231097 32.0156211872 24.0 44.0 27.7848879789 29.5296461205 25.2982212813 25.0 60.0749531835 37.1214223865 38.3275357935 41.7851648316 43.4626276242 12.1655250606 12.1655250606 17.8044938148 19.1049731745 26.4007575649 25.632011236 44.418464629 43.4165866922 21.5406592285 20.6155281281 36.0555127546 31.6227766017 16.4924225025 17.88854382 16.2788205961 20.2484567313 17.0293863659 25.0 12.2065556157 11.1803398875 31.304951685 29.0688837075 31.6227766017 37.947331922 35.4682957019 65.192024052 61.2209114601 
829 123.036579926 21.0237960416 21.0237960416 33.0 25.0 38.0 28.1780056072 27.2946881279 25.2982212813 24.3515913238 59.0084739677 36.4965751818 36.0555127546 42.4852915725 40.4969134626 13.152946438 12.1655250606 19.1049731745 18.4390889146 25.7099202644 25.9615099715 40.7062648741 40.7062648741 21.9317121995 23.2594066992 35.5105618091 36.8917334914 17.4642491966 17.88854382 16.4924225025 18.0277563773 18.6010752377 24.3515913238 11.1803398875 11.1803398875 33.1209903234 30.0 32.2490309932 36.3455636908 34.205262753 55.8659108939 56.0802995712 
890 122.004098292 21.0950231097 20.0997512422 37.0 24.0 41.0121933088 25.5538646784 25.5538646784 21.5406592285 21.1896201004 63.0 35.902646142 35.3553390593 42.9418211072 41.629316593 12.3693168769 12.3693168769 20.0 20.0 27.5136329844 26.2488094968 40.8166632639 41.1825205639 17.88854382 18.7882942281 32.2024843762 31.7647603485 20.3960780544 16.9705627485 17.4642491966 15.8113883008 16.2788205961 21.1896201004 12.0830459736 12.5299640861 28.0178514522 25.0 27.2029410175 37.3363094052 34.1760149813 60.9590026165 57.6281181369 
914 123.0 20.0 20.0249843945 36.0138862107 23.0 44.0 28.1780056072 30.5286750449 25.9615099715 25.3179778023 65.0307619516 34.7131099154 35.5105618091 40.249223595 41.1460812229 11.1803398875 12.1655250606 19.4164878389 20.0 23.7065391823 23.2594066992 41.8807831827 40.8166632639 25.9422435421 24.0416305603 39.4081209905 34.8281495345 19.9248588452 18.3847763109 17.7200451467 20.591260282 17.0293863659 25.3179778023 13.0 13.0 32.6496554346 29.0172362571 30.5286750449 34.3656805549 35.5105618091 57.2800139665 55.9016994375 
937 122.409149985 22.360679775 22.0227155455 36.0555127546 24.0208242989 41.0487515035 28.6356421266 27.4590604355 24.1660919472 23.0867927612 63.1981012373 37.3363094052 36.6742416418 42.5440947724 41.5932686862 12.1655250606 12.0415945788 18.6010752377 19.1049731745 25.079872408 25.0 40.7062648741 40.4969134626 20.2484567313 18.3847763109 35.4682957019 33.1209903234 20.0997512422 17.4928556845 16.4924225025 15.8113883008 18.4390889146 23.0867927612 12.0830459736 13.0 29.206163733 26.0768096208 27.7848879789 40.249223595 36.2491379208 64.2028036771 61.0737259384 
938 120.004166594 21.0 20.0 37.0 25.0 44.0 29.5296461205 28.1780056072 26.9258240357 25.9615099715 64.0078120232 36.4965751818 36.4965751818 41.1460812229 41.5932686862 12.0415945788 13.0384048104 21.400934559 20.8086520467 27.5136329844 27.8567765544 41.3400532172 41.3400532172 20.2484567313 21.0237960416 33.8378486314 34.6698716467 18.6815416923 17.8044938148 19.6468827044 17.2046505341 17.8044938148 25.9615099715 14.8660687473 15.2315462117 29.1547594742 26.0 29.6816441593 30.3644529014 31.6227766017 56.0802995712 56.8506816142 
1154 120.004166594 22.2036033112 21.2132034356 32.0 23.0 47.0106370942 29.6816441593 30.886890423 22.803508502 24.7386337537 63.0317380373 35.2278299076 35.3553390593 39.9249295554 40.718546143 11.1803398875 12.1655250606 18.4390889146 17.8044938148 24.5967477525 24.6981780705 40.8044115262 41.0487515035 19.6468827044 20.8806130178 31.384709653 31.9061122671 16.4924225025 18.6010752377 16.4924225025 18.8679622641 17.0293863659 24.7386337537 11.1803398875 11.6619037897 27.7848879789 25.0199920064 28.0178514522 31.9530906173 31.6227766017 58.0517010948 56.639209034 
1387 127.062976512 20.0997512422 20.0 36.0555127546 24.0208242989 44.0113621693 29.5296461205 29.4108823397 24.7386337537 24.1867732449 67.1192967782 34.2344855372 33.9558536927 39.3954312072 39.4461658466 12.1655250606 12.0415945788 21.9544984001 22.2036033112 24.5967477525 23.769728648 41.5932686862 43.8292140016 20.2484567313 20.6155281281 31.9061122671 32.0156211872 18.4390889146 18.6010752377 18.973665961 19.1049731745 19.1049731745 24.1867732449 16.5529453572 15.5241746963 31.064449134 29.0688837075 31.304951685 35.1710107901 36.3455636908 57.3846669416 60.207972894 
1428 119.419428905 21.2132034356 20.0249843945 33.0605505096 24.0831891576 40.1995024845 30.4138126515 30.0 25.0 25.079872408 65.192024052 37.0540146273 37.6563407675 43.3243580449 43.382023927 12.6491106407 12.1655250606 19.7230829233 20.5182845287 22.825424421 22.5610283454 45.3100430368 44.418464629 19.6977156036 19.4164878389 32.6496554346 31.2409987036 17.4642491966 16.6433169771 17.0880074906 17.691806013 16.9705627485 25.079872408 12.5299640861 12.6491106407 33.2866339542 32.14031736 33.6154726279 36.0555127546 33.9558536927 61.611687203 60.207972894 
1488 115.03912378 21.0950231097 21.0 32.0156211872 26.0 46.0108682813 30.4138126515 29.4108823397 25.9615099715 24.3310501212 63.1268564083 35.1283361405 34.1320963318 41.2310562562 40.3112887415 13.3416640641 13.3416640641 20.0 21.2602916255 24.1867732449 23.4093998214 45.2769256907 44.418464629 21.5406592285 19.6468827044 34.1320963318 32.2024843762 17.4642491966 18.3575597507 15.8113883008 17.2046505341 18.6010752377 24.3310501212 13.0384048104 12.0830459736 31.384709653 29.0 30.886890423 29.5465734054 29.5465734054 59.640590205 59.4053869611 
1516 124.100765509 21.0950231097 22.0227155455 34.0147027034 24.0208242989 39.0128184063 29.1547594742 27.7848879789 23.769728648 24.3515913238 63.0317380373 33.1360830516 33.7342555869 39.0 39.8246155035 12.3693168769 12.1655250606 20.0 19.2093727123 28.1602556807 27.892651362 40.7062648741 40.3112887415 18.3847763109 19.2353840617 31.7647603485 34.885527085 16.7630546142 15.0 18.973665961 14.2126704036 16.9705627485 24.3515913238 13.416407865 13.0 30.8058436015 27.0 31.6227766017 34.7850542619 39.3192065027 56.4003546088 56.5862174032 
