Leaf
35 1.0 0.176764841829 0.167012738017 0.264121103071 0.207218531783 0.357677907224 0.224071101189 0.21849571659 0.178576313656 0.173626528453 0.50234798035 0.27758803288 0.269747745219 0.331203242795 0.316418539228 0.110711064434 0.101748163368 0.168610982452 0.159538693981 0.19822194747 0.194603333189 0.311850773912 0.321755943983 0.14829955658 0.152929464836 0.266345745832 0.264070325198 0.138188824683 0.126431722899 0.13314769608 0.118209338748 0.153978136309 0.173626528453 0.0973016665947 0.0977142550175 0.233048032121 0.196864246919 0.21689409121 0.317982779632 0.266597371534 0.483605430232 0.467503735305 
1148 1.0 0.170355581416 0.170733729676 0.272805432636 0.193069658939 0.340900394262 0.214284178776 0.218457002373 0.190378661008 0.194069163421 0.48888061571 0.267312944878 0.273513712753 0.325414339657 0.316370491087 0.104706723761 0.0936525408124 0.161413848672 0.154472427776 0.204741927953 0.198342155059 0.33709558321 0.335369335591 0.147641503894 0.157777024874 0.264889386735 0.279346217622 0.140478811219 0.129490164973 0.138164339662 0.126975553464 0.15279332978 0.194069163421 0.101580442772 0.0970345817105 0.223995817248 0.216082399215 0.220513804991 0.280957622437 0.265861461146 0.465777069086 0.459504160223 
1413 1.0 0.180775381516 0.175938194733 0.253188813267 0.195371273837 0.369419258073 0.227058484879 0.252257778727 0.185908825781 0.20362723857 0.508695627886 0.272293574749 0.267645263227 0.320293982607 0.306444932626 0.102261998513 0.0964737764498 0.138148352579 0.138148352579 0.194028500029 0.181208723044 0.332940945518 0.347239345983 0.135086513069 0.144076958375 0.252982212813 0.242535625036 0.130358981479 0.122714398216 0.135086513069 0.133333333333 0.163619197621 0.20362723857 0.088265789937 0.0824462589868 0.218611183779 0.195237412037 0.212670539027 0.292476466848 0.24468199984 0.466666666667 0.457386723003 
1601 1.0 0.174188086075 0.169812310775 0.260829887961 0.179363941504 0.299000232912 0.235057878514 0.236684596045 0.18975874757 0.184474585677 0.516228189789 0.292059146248 0.289776408412 0.335427245597 0.331933346865 0.0937842742558 0.089599655938 0.146785555259 0.147787516073 0.171799497793 0.170506133116 0.30003492413 0.301360021434 0.164963305561 0.159782769213 0.266704541647 0.253426097223 0.134399483907 0.149178955792 0.133186168699 0.149178955792 0.157550537031 0.184474585677 0.0899284631198 0.0923572113628 0.195881565428 0.179363941504 0.197756072879 0.319842498355 0.294624868853 0.491778875735 0.46674480478 
1611 1.0 0.175404612984 0.169394228329 0.276907612033 0.192063143876 0.350126938335 0.244955482215 0.243060878765 0.219632607745 0.213747207335 0.508684346199 0.261267679316 0.260289603148 0.308444310298 0.310966466797 0.0986114338665 0.0974732588294 0.153600706731 0.156173761889 0.21285036195 0.21285036195 0.306057657401 0.326374028343 0.15940667928 0.15940667928 0.273139985972 0.274130365624 0.141161856941 0.129991599871 0.150030551116 0.124350696851 0.1490711985 0.213747207335 0.101007202544 0.0986114338665 0.21619434963 0.187102040612 0.213074927191 0.27534885775 0.279486217605 0.431502958419 0.452599343911 
1642 1.0 0.175389144468 0.181134846751 0.268844244355 0.216193204186 0.350632263138 0.233503165364 0.239850300416 0.199863387962 0.204089296893 0.525907821975 0.269795010888 0.264555774075 0.319182978845 0.318808382211 0.107740694992 0.113451695134 0.1533733576 0.165266681867 0.188161034596 0.183009998663 0.347895197759 0.348728363475 0.141203914884 0.149769368617 0.263974403096 0.272564794293 0.137529288603 0.125046935538 0.138887940515 0.133242258641 0.157220653549 0.204089296893 0.0972478925829 0.0914583488065 0.236625877869 0.222113132816 0.243523133518 0.284935288815 0.295002184459 0.479914069923 0.475303356798 
1647 1.0 0.174014791609 0.160185959718 0.264025044182 0.201333891904 0.333333333333 0.24442562468 0.23682296041 0.190522607202 0.190522607202 0.527502791528 0.308116033472 0.312922158526 0.357177242437 0.359862823427 0.106137479924 0.101024980085 0.167099380506 0.159734518821 0.18435851174 0.180399027086 0.311843379097 0.323660938097 0.176895799874 0.166811029333 0.262287115771 0.254082779671 0.136318404813 0.169388519781 0.133463252706 0.161830469049 0.161979141996 0.190522607202 0.0993431149926 0.096391668444 0.212388324322 0.187465896507 0.19844378178 0.320822407476 0.295188973277 0.49574542643 0.495405425607 
1656 1.0 0.172280769352 0.177508239839 0.251424466573 0.182854157508 0.348612572245 0.231407156027 0.226630951534 0.182943419977 0.184454273001 0.5028813991 0.269537917476 0.272429779427 0.305642532709 0.319433067309 0.0874103359943 0.098642255251 0.133399165271 0.133399165271 0.186828752323 0.189259711919 0.335243444257 0.348893447198 0.151829866943 0.15845940863 0.255865687518 0.278651115551 0.117801094607 0.130428867258 0.140085149167 0.133276724525 0.141476757659 0.184454273001 0.0766639361541 0.0857128863316 0.213958166569 0.199996734774 0.226630951534 0.274875820172 0.289681941524 0.474828417146 0.493211276255 
1660 1.0 0.161984140246 0.172104551813 0.250382723985 0.196650714567 0.309512940173 0.229003282583 0.240993143485 0.177047322022 0.191386380189 0.517165630633 0.273057926348 0.271246147588 0.319038636207 0.315932483725 0.0994826897036 0.101584668792 0.153155103583 0.151071263578 0.195212664452 0.195753171248 0.329145198702 0.319590129508 0.155777227382 0.168798514212 0.24223219095 0.261393764736 0.126868106711 0.146574788532 0.133364440659 0.152000941667 0.142678415602 0.191386380189 0.0905883437252 0.0928918048152 0.248547359285 0.231527021613 0.265736705972 0.291039475556 0.323151895455 0.470036953266 0.470673428782 
1661 1.0 0.173460602967 0.167099380506 0.277883669399 0.19439973627 0.346990583239 0.236314210176 0.242844844154 0.181595937556 0.181595937556 0.576557577764 0.29543350374 0.300362448745 0.338279308308 0.34532168098 0.0981241349016 0.0993431149926 0.1528029407 0.158220413381 0.164486023233 0.164486023233 0.32911835381 0.320146437705 0.148326566291 0.149779991424 0.248430466931 0.240554273626 0.149779991424 0.161979141996 0.133463252706 0.158220413381 0.134719827522 0.181595937556 0.102444604429 0.0993431149926 0.235906420036 0.215538323106 0.234781345069 0.277710371178 0.27969681806 0.466115462208 0.473544269156 
1674 1.0 0.170255892601 0.176776695297 0.279026169827 0.190846571342 0.352332131709 0.229786257505 0.248378361265 0.195035363725 0.194343501439 0.521209634177 0.273171822902 0.270695146002 0.312284408391 0.3186887196 0.0965459511821 0.0965459511821 0.152740765283 0.161652298212 0.206833682977 0.195035363725 0.319785758023 0.327773313172 0.164133041075 0.167383515853 0.272480622532 0.264656576431 0.149712367904 0.138495611782 0.137127237668 0.152740765283 0.140235331767 0.194343501439 0.108377532982 0.10223789027 0.204080148218 0.18409260226 0.197642353761 0.290380992301 0.276407058645 0.482952931954 0.457221745041 
