Leaf
1051 100.04498988 18.0277563773 18.1107702763 30.0166620396 22.0227155455 45.0111097397 25.5538646784 26.4007575649 21.5870331449 23.0867927612 54.083269132 30.2654919008 30.2654919008 34.4383507154 35.3411940941 11.0453610172 11.1803398875 15.0 14.1421356237 19.7230829233 21.400934559 41.8807831827 42.1900462195 18.4390889146 19.3132079158 27.8028775489 29.6816441593 14.5602197786 17.2046505341 16.2788205961 17.4928556845 15.2643375225 23.0867927612 8.60232526704 9.21954445729 26.83281573 26.0192236625 28.3019433962 23.0867927612 25.0 51.2249938995 52.0096144958 
144 108.226614102 19.0262975904 19.1049731745 29.0688837075 24.0208242989 37.0540146273 25.6124969497 25.9422435421 21.2132034356 22.1359436212 57.2188780037 31.4006369362 32.0 37.1214223865 37.0 12.1655250606 12.3693168769 17.691806013 18.4390889146 21.5870331449 21.5406592285 37.4432904537 36.6742416418 17.0880074906 18.3575597507 30.2324329157 31.304951685 14.8660687473 13.6014705087 15.2970585408 14.3178210633 13.416407865 22.1359436212 10.295630141 10.295630141 28.1780056072 25.079872408 28.6006992922 31.1448230048 32.9848450049 50.2493781056 51.0881590978 
158 109.004587059 20.0997512422 19.0262975904 31.0 22.0227155455 45.0111097397 24.1867732449 23.0217288664 20.6155281281 18.973665961 56.0357029045 31.2569992162 32.3882694814 37.1618083521 37.5765884561 11.401754251 11.1803398875 17.691806013 15.6204993518 22.825424421 23.3238075794 42.7200187266 41.3400532172 15.6524758425 14.3178210633 29.5465734054 27.7308492477 16.4924225025 13.4536240471 15.5241746963 12.7279220614 15.0 18.973665961 9.43398113206 11.401754251 28.6530975638 26.0192236625 29.1547594742 27.6586333719 30.2654919008 53.9073278878 53.7401153702 
232 111.004504413 19.0262975904 18.0277563773 30.0166620396 20.0 31.0 26.0768096208 24.1867732449 21.5870331449 20.8806130178 56.0 32.3882694814 33.3766385366 36.2491379208 37.1618083521 10.0498756211 10.0498756211 16.2788205961 15.0 20.3960780544 21.1896201004 34.0 33.5410196625 16.7630546142 17.4642491966 28.3019433962 29.1547594742 14.3178210633 15.8113883008 16.1245154966 16.6433169771 17.691806013 20.8806130178 9.48683298051 11.1803398875 26.9258240357 25.0199920064 27.4590604355 35.4400902933 34.1760149813 51.6623654124 51.8555686499 
273 108.018516931 17.0293863659 18.1107702763 32.0156211872 20.0 37.0 21.4709105536 21.9317121995 19.3132079158 20.1246117975 51.0392006207 32.5576411922 33.5410196625 35.77708764 36.6742416418 10.0 10.0 14.8660687473 14.8660687473 21.1896201004 22.360679775 39.4461658466 38.0131556175 17.0 18.0277563773 28.6530975638 30.8706980809 16.7630546142 12.8062484749 16.4924225025 12.5299640861 14.8660687473 20.1246117975 10.295630141 10.295630141 28.6356421266 27.1661554144 30.8058436015 30.5941170816 32.7566787083 52.4022900263 51.7397332811 
281 109.457754408 20.6155281281 20.0 30.2654919008 22.2036033112 41.1946598481 25.079872408 27.2029410175 20.591260282 22.360679775 56.2227711875 33.0151480384 32.7566787083 37.6430604494 37.2155881319 10.4403065089 12.0 18.0277563773 16.9705627485 21.0950231097 20.6155281281 37.1214223865 37.6430604494 18.3575597507 19.4164878389 31.0161248385 30.61045573 16.0312195419 16.5529453572 14.8660687473 17.2046505341 14.2126704036 22.360679775 11.1803398875 12.5299640861 26.9072480941 23.1948270095 25.495097568 33.8378486314 29.8328677804 53.2634959423 53.0754180389 
332 100.319489632 17.1172427686 18.0 29.0688837075 22.0227155455 38.0 25.079872408 26.4007575649 22.1359436212 21.0950231097 55.1452627158 33.0605505096 32.3882694814 38.275318418 37.5765884561 11.401754251 11.1803398875 15.5563491861 14.8660687473 22.4722050542 21.5406592285 39.3573373083 40.3112887415 19.3132079158 19.2353840617 28.8444102037 28.319604517 15.5241746963 16.1245154966 15.2315462117 17.0293863659 13.8924439894 21.0950231097 8.60232526704 9.21954445729 30.0166620396 28.0178514522 29.9666481275 28.231188427 29.6141857899 53.2541078228 53.1507290637 
733 106.042444332 19.4164878389 18.1107702763 31.064449134 24.0208242989 38.0525951809 26.0 26.4196896272 21.9317121995 21.5870331449 54.083269132 33.2415402772 32.14031736 39.3954312072 37.1618083521 12.3693168769 12.1655250606 16.9705627485 16.2788205961 20.1246117975 19.6468827044 37.1214223865 37.4432904537 20.1246117975 18.973665961 31.304951685 28.8444102037 18.1107702763 18.3575597507 13.6014705087 15.6524758425 17.2046505341 21.5870331449 8.60232526704 10.0 28.6006992922 25.179356624 25.495097568 34.4818792991 28.231188427 54.5618914628 51.8555686499 
928 107.563934476 17.2626765016 16.0312195419 33.1360830516 22.0907220344 43.2897216438 24.5967477525 25.2388589282 19.9248588452 22.0907220344 58.137767415 34.0587727319 34.205262753 38.275318418 38.5875627631 11.1803398875 11.0 16.6433169771 17.691806013 21.400934559 21.5406592285 41.1460812229 40.6078810085 17.4928556845 18.973665961 28.6356421266 29.0688837075 17.2626765016 14.4222051019 17.0880074906 15.6204993518 14.4222051019 22.0907220344 11.401754251 11.1803398875 29.6816441593 28.0713376952 30.4630924235 28.4604989415 28.4429253067 53.0094331228 53.7587202229 
1092 111.0 18.0 18.0277563773 31.0 20.0 39.0128184063 23.7065391823 25.0599281723 22.1359436212 21.8403296678 54.0092584656 30.4138126515 30.5941170816 34.4383507154 34.885527085 10.0498756211 10.0498756211 15.6204993518 15.6204993518 23.769728648 23.2594066992 38.9486841883 40.3112887415 17.4642491966 18.3847763109 29.6816441593 29.6816441593 15.5241746963 14.4222051019 16.4924225025 15.8113883008 15.8113883008 21.8403296678 10.295630141 10.295630141 30.0166620396 28.0 30.0166620396 32.0156211872 30.5941170816 53.1507290637 52.4022900263 
1223 109.041276588 20.0997512422 19.0 29.0 21.0237960416 35.0 26.0768096208 26.4007575649 20.8806130178 21.2132034356 59.0084739677 32.2490309932 33.2415402772 38.0788655293 37.6961536499 11.401754251 10.1980390272 16.4012194669 16.2788205961 23.4093998214 21.8403296678 39.8120584748 40.249223595 17.4642491966 16.7630546142 30.4138126515 28.8444102037 16.4924225025 15.0 13.6014705087 14.4222051019 15.5563491861 21.2132034356 10.8166538264 9.8488578018 29.1547594742 28.0 30.0166620396 32.9848450049 29.6141857899 53.2634959423 51.2249938995 
1309 119.0 18.0277563773 17.0293863659 30.0 23.0 39.0128184063 26.4196896272 26.83281573 22.5610283454 23.5372045919 55.0090901579 30.2654919008 30.1496268634 36.6742416418 35.8468966579 12.3693168769 11.401754251 17.691806013 17.0293863659 24.3515913238 23.4093998214 37.7359245282 38.0788655293 18.973665961 19.3132079158 29.4108823397 29.4108823397 15.8113883008 15.8113883008 15.8113883008 15.2643375225 17.691806013 23.5372045919 8.94427191 9.43398113206 31.9061122671 29.0172362571 30.886890423 38.4707681233 33.5410196625 55.3172667438 51.6236379966 
1324 110.018180316 19.0262975904 19.0 28.0 20.0249843945 39.0 24.6981780705 24.4131112315 20.8806130178 20.6155281281 55.0090901579 30.2654919008 31.2569992162 35.8468966579 35.8468966579 10.4403065089 10.1980390272 18.0277563773 17.2046505341 25.079872408 23.769728648 40.3112887415 39.8246155035 17.0880074906 17.4642491966 29.1547594742 30.5286750449 15.8113883008 14.2126704036 13.9283882772 12.5299640861 16.2788205961 20.6155281281 11.1803398875 12.0830459736 29.5296461205 29.0172362571 30.886890423 28.8617393793 30.4138126515 51.0881590978 51.6623654124 
1328 110.072703247 19.0262975904 19.0262975904 28.0178514522 23.0 34.0147027034 26.6270539114 27.2029410175 21.3775583264 21.2132034356 59.0084739677 30.0166620396 29.2745623366 35.1140997322 35.77708764 11.401754251 12.3693168769 15.5563491861 16.2788205961 20.8806130178 19.6468827044 38.4837628098 40.249223595 17.7200451467 18.4390889146 28.8444102037 28.6006992922 14.5602197786 15.8113883008 14.8660687473 16.4012194669 14.8660687473 21.2132034356 7.81024967591 7.81024967591 28.3019433962 27.0185121722 28.6530975638 31.0483493925 34.0147027034 51.2249938995 50.931326313 
1385 109.073369802 18.0 18.0277563773 31.0161248385 22.0227155455 40.049968789 23.0217288664 22.825424421 19.6468827044 20.2484567313 55.0363516233 31.7804971641 31.064449134 36.7151195014 35.4682957019 11.0453610172 11.1803398875 17.0293863659 17.8044938148 22.4722050542 22.360679775 40.3112887415 42.0594816896 15.0 16.2788205961 29.5465734054 31.0161248385 16.7630546142 9.89949493661 15.5241746963 8.94427191 14.4222051019 20.2484567313 10.7703296143 11.1803398875 28.3019433962 27.0 27.7848879789 31.2569992162 26.6833281283 50.9116882454 51.2249938995 
1399 111.112555546 19.2353840617 19.0262975904 32.14031736 24.0208242989 43.0116263352 23.769728648 24.1867732449 21.4709105536 21.1896201004 53.1507290637 31.1448230048 29.4278779391 37.1618083521 35.3553390593 12.3693168769 12.1655250606 16.2788205961 15.6204993518 20.591260282 20.1246117975 41.5932686862 43.2666153056 17.4928556845 18.3847763109 30.4630924235 30.5286750449 17.4642491966 13.6014705087 16.5529453572 12.8062484749 14.4222051019 21.1896201004 9.21954445729 9.21954445729 29.6816441593 27.0739727414 28.6356421266 29.8328677804 28.1602556807 54.0370243444 53.7401153702 
1408 110.290525432 20.0 19.2353840617 28.0178514522 21.0237960416 41.0487515035 25.0 27.2946881279 20.6155281281 21.8403296678 56.2227711875 29.6141857899 29.0172362571 35.3553390593 33.8378486314 11.1803398875 10.4403065089 14.8660687473 14.8660687473 21.4709105536 20.591260282 36.8917334914 39.1152144312 15.5241746963 16.7630546142 28.3019433962 27.2946881279 14.8660687473 14.1421356237 14.5602197786 15.0 17.691806013 21.8403296678 8.60232526704 8.60232526704 25.2388589282 23.0217288664 23.8537208838 33.3766385366 26.5706605112 52.4976189936 50.4479930225 
1425 110.018180316 19.0262975904 19.1049731745 31.0161248385 22.0227155455 39.0 24.5967477525 25.5538646784 22.4722050542 20.8806130178 55.0090901579 33.3766385366 33.2415402772 38.4837628098 37.1618083521 11.1803398875 11.0453610172 17.8044938148 17.0293863659 23.769728648 22.4722050542 39.1152144312 37.5898922584 17.0 17.4642491966 30.4138126515 29.5296461205 17.4642491966 14.2126704036 14.8660687473 13.0384048104 15.8113883008 20.8806130178 11.1803398875 11.1803398875 29.0688837075 27.0739727414 29.6816441593 34.9284983931 27.8567765544 56.5685424949 50.8035431835 
1552 110.018180316 18.0277563773 20.0249843945 27.0 20.0249843945 36.0138862107 27.4590604355 28.0178514522 22.2036033112 22.360679775 58.0 31.4006369362 30.0665927567 36.6742416418 34.7850542619 11.1803398875 9.48683298051 16.4012194669 17.2046505341 22.8473193176 22.1359436212 39.6610640301 36.7695526217 18.6815416923 18.6815416923 28.6006992922 30.2324329157 14.5602197786 16.6433169771 13.6014705087 16.1245154966 16.2788205961 22.360679775 11.6619037897 10.4403065089 27.3130005675 27.0739727414 27.7848879789 30.5941170816 30.8058436015 53.7587202229 49.6789693935 
1557 113.017697729 19.0 19.0262975904 29.0172362571 20.0 36.0 24.6981780705 25.5538646784 21.8403296678 21.8403296678 55.0 34.3656805549 33.2415402772 38.0788655293 36.7695526217 10.0498756211 10.0498756211 13.4536240471 14.8660687473 20.1246117975 19.3132079158 39.8246155035 38.9101529167 17.4642491966 19.3132079158 30.5286750449 31.064449134 16.7630546142 14.2126704036 14.3178210633 13.416407865 16.2788205961 21.8403296678 9.43398113206 8.94427191 30.4630924235 29.0172362571 30.886890423 30.0665927567 29.0688837075 50.9116882454 47.4236228055 
1595 110.004545361 20.0997512422 19.1049731745 30.0166620396 23.0 41.0121933088 26.0768096208 26.4196896272 20.8806130178 21.8403296678 57.0 33.2415402772 32.14031736 38.4837628098 36.7695526217 12.1655250606 11.1803398875 16.2788205961 16.9705627485 19.7230829233 19.6977156036 38.0788655293 38.8329756779 17.0880074906 17.7200451467 29.5296461205 28.3019433962 15.2970585408 15.8113883008 15.5241746963 16.4012194669 16.2788205961 21.8403296678 10.8166538264 9.8488578018 26.0768096208 24.0831891576 24.5967477525 29.8328677804 27.892651362 52.3450093132 51.6236379966 
1605 105.304320899 18.0277563773 18.1107702763 29.0688837075 23.0217288664 41.0487515035 24.2074368738 25.5538646784 20.2237484162 20.6155281281 57.2188780037 32.7566787083 33.0151480384 38.9486841883 37.3630833845 12.1655250606 11.401754251 18.3847763109 17.2046505341 21.0237960416 20.1246117975 38.0131556175 38.0788655293 16.7630546142 16.7630546142 28.6006992922 26.9258240357 15.5241746963 15.6204993518 14.1421356237 16.6433169771 15.0 20.6155281281 10.8166538264 11.401754251 26.6270539114 23.0 25.8069758011 32.0156211872 28.1780056072 53.7401153702 52.697248505 
1633 118.270875536 20.0249843945 20.2237484162 32.0624390838 21.0237960416 37.1214223865 27.2029410175 28.1780056072 21.3775583264 23.0867927612 61.2045749924 29.8328677804 30.2654919008 34.4818792991 35.3411940941 10.0498756211 11.1803398875 14.8660687473 16.2788205961 22.1359436212 21.0237960416 38.8329756779 38.0788655293 18.0277563773 18.7882942281 30.5286750449 31.304951685 16.7630546142 15.6204993518 16.2788205961 16.1245154966 17.0293863659 23.0867927612 9.8488578018 9.43398113206 28.6356421266 27.1661554144 29.4108823397 34.5253530033 36.1386219992 55.2268050859 54.5618914628 
