Leaf
219 1.0 0.186523283281 0.181140832715 0.282989377101 0.214760163589 0.361973171772 0.196766066117 0.195871855033 0.134290109042 0.169300394812 0.545298800657 0.211766844188 0.234101906275 0.269529267748 0.278211881955 0.114256642146 0.10231910306 0.152015924712 0.15585191069 0.226901301113 0.237620398028 0.360515288913 0.334284206055 0.111284752782 0.156260971527 0.255298152177 0.302189055631 0.135826253522 0.105089143379 0.154204816523 0.108672751858 0.115230240383 0.169300394812 0.100588755186 0.0935179727926 0.262813960407 0.249608694718 0.279071004582 0.265592581009 0.261413574884 0.439728320501 0.431448099423 
1 1.0 0.173239285881 0.167570154902 0.274126888563 0.177716870624 0.309982972181 0.239413386516 0.225448299966 0.19327132466 0.194533463925 0.517930344669 0.277071307526 0.279708599094 0.317982524323 0.31777992314 0.0926201625612 0.086879483893 0.161941184352 0.160503098984 0.205544256657 0.211961342943 0.35456293453 0.352010777403 0.163996157131 0.163996157131 0.27072262818 0.27171994323 0.140382877372 0.143648031909 0.141570648234 0.139369934228 0.154366937602 0.194533463925 0.113492829693 0.120644532833 0.259400021924 0.253828432614 0.265728380026 0.297039161363 0.288905578171 0.484336551374 0.490677688249 
125 1.0 0.181870823831 0.175930301967 0.274366606519 0.190653803411 0.337235156279 0.24556634066 0.244347641621 0.19802714388 0.197665009209 0.548406696231 0.299542703307 0.288495828968 0.342121603294 0.332204974683 0.099674671418 0.0940024146228 0.135166436697 0.14172163214 0.188068333665 0.184219324851 0.350364186311 0.33893052594 0.173331888141 0.170693924154 0.282472637581 0.271742702374 0.143812651447 0.157599493355 0.139085115914 0.153453431615 0.148630867882 0.197665009209 0.0840783156582 0.0808934631984 0.260112626616 0.259192847828 0.271082757979 0.286835407529 0.278899044658 0.503735567886 0.459711369633 
139 1.0 0.167632703489 0.155271682778 0.269585110489 0.186613337962 0.321561952775 0.233825842265 0.234054858816 0.189886257494 0.192617566494 0.513336731121 0.290993476425 0.290302224812 0.332577945763 0.331003555677 0.0954356121556 0.093736325907 0.143899986103 0.142778670422 0.208640054595 0.208383108618 0.364291473308 0.363997215204 0.164487042474 0.159442505847 0.263961860723 0.246540488962 0.141269738551 0.148300489185 0.134369578025 0.151163006344 0.150452482992 0.192617566494 0.0905381712912 0.0903901120404 0.275628497883 0.259612932843 0.266436636209 0.324216792072 0.275142122883 0.50843408981 0.492374207318 
229 1.0 0.178668372397 0.16975452383 0.273076825946 0.1875 0.308114722753 0.235558827187 0.24013582649 0.197642353761 0.200935950361 0.505635505423 0.306029319955 0.301974377374 0.339980260999 0.336905593748 0.09211344796 0.0961942301702 0.133545020652 0.140553829896 0.190212618309 0.203154553336 0.366929899612 0.355179762845 0.169848805716 0.171816774787 0.283828119888 0.275004657189 0.142476989802 0.141914059944 0.137793092989 0.142813682646 0.132582521472 0.200935950361 0.0894684897365 0.09366457857 0.274713431165 0.266489973053 0.286131364563 0.306238499282 0.30329686061 0.490071768331 0.488140604744 
246 1.0 0.193598450274 0.204854664359 0.256775072934 0.192414350786 0.352921570884 0.23740972318 0.248693199313 0.194555224721 0.210562397768 0.497788280702 0.273424118293 0.286485583285 0.309678196893 0.332284212944 0.0922662969967 0.102810109343 0.151928986035 0.151928986035 0.185920656468 0.194334848712 0.330603496077 0.328175105938 0.164652399916 0.184067580418 0.26857504071 0.315526870668 0.113255194306 0.141209095211 0.152022972426 0.155368621851 0.132007886084 0.210562397768 0.0933436714199 0.098118276151 0.239028649002 0.23137676905 0.274727013875 0.274882946352 0.328175105938 0.483316873992 0.499106471998 
291 1.0 0.171564702957 0.175819783873 0.255655817795 0.204386347196 0.329563082266 0.22360679775 0.228018174534 0.179258684846 0.186979783904 0.499356912917 0.289157094315 0.287037881649 0.32985546418 0.329563082266 0.104524876807 0.102663750946 0.157604986024 0.156376876508 0.19718455333 0.207970978794 0.36780806999 0.357889414352 0.159731458447 0.167489400348 0.271267613717 0.284846506269 0.125864618991 0.134742446884 0.134742446884 0.134384247455 0.128517351014 0.186979783904 0.0963671748613 0.101404025313 0.25958489703 0.24942092317 0.277069219122 0.299152616431 0.326329591932 0.525200414678 0.526331095028 
321 1.0 0.176428922118 0.171311735188 0.247423781331 0.206206162908 0.340172933317 0.246778887668 0.232823855818 0.20387461125 0.19556323874 0.474154041009 0.299615533238 0.299615533238 0.33782256247 0.342623470375 0.104223974108 0.105112082454 0.145764231907 0.149452771412 0.182787416894 0.182787416894 0.357419722403 0.361960794424 0.15648453926 0.161742477159 0.256333768661 0.265294906553 0.130375492493 0.132997381215 0.128838596045 0.129147438508 0.149807766619 0.19556323874 0.0876102453107 0.0876102453107 0.288322240254 0.278339081366 0.288091858882 0.283022943618 0.294474415073 0.477725452968 0.466673243138 
436 1.0 0.18676907539 0.189074588833 0.278263686079 0.188780583696 0.34422383156 0.236246269887 0.23140016478 0.188191195484 0.189309464189 0.519034249086 0.285320433431 0.287531200489 0.333603546124 0.330962358093 0.0971738942851 0.0953271911556 0.144286247272 0.143359345297 0.198196633269 0.192567641312 0.354149893652 0.357304061937 0.164639886464 0.168968872621 0.276220106261 0.291178514187 0.146350314329 0.135961768742 0.144593894204 0.129431747727 0.143668977073 0.189309464189 0.0889365219769 0.0885609966318 0.256319002831 0.245289790672 0.255102566799 0.281912681592 0.285826148687 0.487421774011 0.486806011085 
459 1.0 0.168624373215 0.163214114297 0.295575275621 0.197022821367 0.339864366858 0.214587611887 0.212028505504 0.171336238302 0.176015936711 0.517208360654 0.277279436095 0.278632346074 0.326279547999 0.321674074642 0.0996134992891 0.0996134992891 0.146447740362 0.146447740362 0.199470403676 0.201226285684 0.357400972835 0.35030469259 0.165208658136 0.169628525529 0.27322490943 0.273712851048 0.155526400819 0.142075176975 0.14494908846 0.145450354815 0.122348633906 0.176015936711 0.0905555124741 0.088111284339 0.257876080286 0.246327777489 0.25598754458 0.287966900368 0.296558617209 0.484436810872 0.477272280908 
562 1.0 0.163478693005 0.171042355516 0.266465492253 0.181363326177 0.333517776369 0.237336624945 0.231876781228 0.203704076419 0.201597139845 0.498082857552 0.279669342003 0.281416763943 0.318331089867 0.318380763127 0.095605246113 0.0873054436786 0.143380298686 0.138898552528 0.196432216778 0.209294438976 0.34817871014 0.364899989071 0.16777521567 0.165402037911 0.267176700348 0.285101409304 0.135906186365 0.136138703534 0.142384205816 0.121141178058 0.155140480007 0.201597139845 0.0961001859837 0.0935993185724 0.259063060718 0.236468846446 0.251128139655 0.299967316414 0.263421436697 0.47746351556 0.466812431864 
639 1.0 0.167553321857 0.167059791118 0.258680266734 0.18390500886 0.344869780217 0.233940187573 0.236677244038 0.198168447438 0.202128907843 0.482784855567 0.283066827703 0.279662624257 0.31697366722 0.318740129788 0.0926680989147 0.0926680989147 0.134165801892 0.134165801892 0.195483568814 0.200735181452 0.370181999587 0.365106158334 0.167553321857 0.172889201776 0.268085314971 0.274176171905 0.131052482284 0.136242228074 0.138168008788 0.139002148372 0.143675788172 0.202128907843 0.0908685470488 0.0926680989147 0.28533302548 0.264363450237 0.288040394535 0.28533302548 0.291006433254 0.484423965748 0.480143761981 
643 1.0 0.18502036705 0.177149056437 0.286747370797 0.21847736616 0.339804465889 0.226264590642 0.219284650716 0.178077586493 0.180378001286 0.519929134238 0.27457546022 0.283025906172 0.323501283548 0.330204818336 0.112584309582 0.108535480485 0.137972461191 0.144804391968 0.192018866627 0.19656611539 0.357113069454 0.347313537553 0.158104569866 0.160691168236 0.269727593022 0.269203000773 0.144804391968 0.148578690539 0.146904286392 0.148181739014 0.110684906582 0.180378001286 0.0728078137008 0.0700032814807 0.282400894207 0.26766706762 0.289690123295 0.27431792495 0.315201685784 0.478073843742 0.480556084216 
789 1.0 0.175929693156 0.175173364247 0.255356865046 0.190193922914 0.364099104197 0.247792091422 0.243225211443 0.206125939052 0.197723978383 0.483713262176 0.294125977902 0.296523783704 0.335064742877 0.340307273624 0.094863975493 0.0991227900683 0.147763531141 0.153829130507 0.19682658807 0.196901526808 0.362474741405 0.355861707107 0.166627321372 0.17356584707 0.26276004637 0.272949367562 0.129114680543 0.14350899149 0.135797385884 0.14350899149 0.152190039412 0.197723978383 0.0979248875759 0.0923422224013 0.244133336114 0.233571503721 0.256221995243 0.275370848518 0.287274868365 0.495465094969 0.488538527242 
884 1.0 0.169227376634 0.174767841495 0.283625727637 0.203980099502 0.348258706468 0.218452720399 0.229179956344 0.193518908844 0.201477181406 0.497910288684 0.286361521018 0.291289177479 0.329411847905 0.336032732155 0.100615663762 0.10553832555 0.147921082063 0.151312500754 0.190424469741 0.195997170185 0.367284155727 0.367284155727 0.160751188273 0.169154228856 0.270538828345 0.287095284503 0.138769409761 0.136612240973 0.152209537719 0.138233273527 0.134420458568 0.201477181406 0.0889977304478 0.0914665488102 0.256110202512 0.253926371247 0.274760224308 0.280201549061 0.297718692545 0.484123317707 0.485680193507 
914 1.0 0.178477820349 0.171480637512 0.261767825195 0.183222628524 0.329897176923 0.241559049474 0.245512252688 0.199308137766 0.201137410365 0.519401722998 0.27639065782 0.284230434933 0.3194870837 0.319749012077 0.096506581648 0.088827533357 0.139138652686 0.140038265416 0.185267333685 0.184134189516 0.353064678529 0.352114939946 0.169763334635 0.186281270113 0.277260110167 0.284855643348 0.141894141029 0.146466687618 0.131003787981 0.150484080058 0.150066261352 0.201137410365 0.0883550431265 0.0859536413644 0.25377023124 0.229153902634 0.243629593481 0.30818335097 0.285296142028 0.485624228789 0.475124182397 
915 1.0 0.172867128017 0.167570154902 0.294382111296 0.203275764991 0.355614890916 0.218484751375 0.209024092278 0.187795484792 0.189502441219 0.507580741438 0.287116671941 0.278739868455 0.331469016653 0.335946444238 0.102646719949 0.104635218894 0.157914169568 0.152266609291 0.197425336158 0.204287093447 0.345622470422 0.363885693847 0.156768069208 0.163445436891 0.279201587951 0.292846690068 0.142928888309 0.11405888223 0.162497002751 0.109801013468 0.136569181088 0.189502441219 0.0886407336326 0.0915008445567 0.263782338605 0.243626574866 0.2620185439 0.276139972765 0.293725056438 0.475696094347 0.480973989062 
946 1.0 0.175901254858 0.175296261648 0.237119026887 0.19590246404 0.350478872899 0.228912504851 0.231622987938 0.189072560194 0.19752263606 0.479307283712 0.299083198438 0.300500662295 0.340641061429 0.346477623902 0.0962761441436 0.105112082454 0.149452771412 0.138667682715 0.182787416894 0.191306877739 0.375678853655 0.375926208427 0.143746001658 0.148740239242 0.244834014978 0.252996490197 0.117518880812 0.132997381215 0.128838596045 0.13924108702 0.1458553061 0.19752263606 0.0786654326382 0.0911754979285 0.26080190794 0.247423781331 0.26877596327 0.285312772772 0.286242132799 0.503071412067 0.493584680282 
979 1.0 0.168532086651 0.160288484771 0.268126040072 0.204140984479 0.364254309681 0.24755730633 0.222377998174 0.198105345094 0.18677551054 0.509474176341 0.281757260423 0.272313036963 0.321054538201 0.317362435921 0.1037880075 0.102416299528 0.155435783692 0.154523236959 0.180681613923 0.169577797326 0.364771624779 0.37310906079 0.153528523931 0.156719462679 0.241044671966 0.256351261666 0.137320086398 0.153528523931 0.138175671538 0.138004978859 0.16428269468 0.18677551054 0.0977049543398 0.100088352248 0.268126040072 0.257726792529 0.276052653975 0.272269754274 0.273995728797 0.493302222869 0.487486306714 
1020 1.0 0.180706681886 0.175560684185 0.26293712876 0.190721649485 0.345399290057 0.244886051963 0.239843095343 0.208874222571 0.210332018176 0.500026569599 0.285187138013 0.291590425232 0.318796826723 0.329776073231 0.0933544859602 0.0984792431677 0.134909817818 0.138505451985 0.203069233027 0.194310070361 0.362514453042 0.359644609124 0.165028975192 0.174421900162 0.267346442884 0.278779737794 0.135303141736 0.147426285011 0.1387929074 0.150282265331 0.144421914702 0.210332018176 0.0857902936964 0.0857902936964 0.265100842693 0.257938061922 0.279398561502 0.27629058316 0.299235572654 0.482006999075 0.488903327892 
1065 1.0 0.180914546572 0.181851125117 0.271444843587 0.185672203157 0.348240075192 0.224645207397 0.232620314939 0.182410764028 0.191142273881 0.524296970634 0.280957710824 0.282765823441 0.321417560546 0.319969646797 0.0956599714791 0.0915462220677 0.148073466336 0.136118205922 0.209245193867 0.206630887847 0.361829093144 0.347458682864 0.159559519615 0.162652591018 0.271945049497 0.272735165993 0.144512370502 0.141982417922 0.137360563949 0.14126270517 0.13129007393 0.191142273881 0.0919166061376 0.0938673084649 0.268719214203 0.253852064573 0.270609112405 0.288593389818 0.272444337034 0.504795907962 0.467499033867 
1083 1.0 0.162738391691 0.162344064987 0.27384372523 0.19773100818 0.345238826692 0.233135167131 0.237762936445 0.209809431238 0.210053679785 0.512627371687 0.293937373589 0.294373159408 0.337465310119 0.334834035845 0.101772523087 0.0983129061176 0.143213794731 0.147186579704 0.182562483487 0.179017243413 0.362340806626 0.360389767495 0.178083920766 0.183542879784 0.27963387347 0.285081798511 0.145786437726 0.15190116812 0.141230877462 0.144992916297 0.132907494144 0.210053679785 0.0884279951101 0.0929511589989 0.29253849653 0.274591678075 0.293588279198 0.261389697143 0.278899443119 0.462211290446 0.473932726451 
1270 1.0 0.180381090829 0.179354569806 0.275735145281 0.198571130856 0.33308705821 0.235179445126 0.227463626315 0.196493969858 0.200626787415 0.513081780206 0.283656808426 0.272742814213 0.341480927285 0.332408860813 0.107376087463 0.101280169526 0.154265358247 0.150086139718 0.201035396367 0.194500120982 0.375311020428 0.369582426794 0.17495398096 0.17843714911 0.286821434639 0.294932305502 0.13827618011 0.143231789343 0.147882920853 0.143946166789 0.1314302891 0.200626787415 0.0871244961364 0.0835177673472 0.286821434639 0.269031854708 0.289384934374 0.275511847785 0.291715020259 0.494512808836 0.481480429411 
1311 1.0 0.187506067695 0.181645049087 0.270917002607 0.212961070172 0.348560682505 0.218267822045 0.234532319743 0.179687485867 0.189712097322 0.51639509372 0.291412699457 0.298466302359 0.337954431794 0.337954431794 0.111351251781 0.104009652544 0.146240792223 0.155346319519 0.202444082545 0.202032610407 0.375289408725 0.357808554683 0.13849606501 0.164832771993 0.274426634152 0.291484080401 0.140878967847 0.109846435964 0.140878967847 0.115388349351 0.12900809648 0.189712097322 0.0916774777328 0.0865412620129 0.268293420979 0.258096810425 0.28005456024 0.264466597783 0.278490205467 0.48067419574 0.48067419574 
1376 1.0 0.168782237664 0.174802628055 0.271084337349 0.192771084337 0.325356978708 0.229390756201 0.229390756201 0.200250242634 0.201964513425 0.5 0.279455747102 0.280298557208 0.329072295994 0.331544286887 0.099351942786 0.099351942786 0.162762121519 0.155463709645 0.206055799717 0.20807127758 0.344849922442 0.355778868921 0.151083568723 0.156278575555 0.264512028917 0.280298557208 0.130042368343 0.127078452468 0.147682538218 0.130321130438 0.14963544998 0.201964513425 0.0973222555506 0.0971356355217 0.256289727544 0.240963855422 0.256289727544 0.289658199522 0.307169850216 0.483619020155 0.494196248241 
1629 1.0 0.159348676157 0.15841544016 0.268511553269 0.188838573052 0.310747066731 0.234936515367 0.235015392829 0.186269221044 0.195683106748 0.530564845 0.305938311366 0.296274328896 0.347092200308 0.335083320712 0.0991119705747 0.0921342097542 0.146628087768 0.138033574171 0.200270418067 0.202387792307 0.34938080359 0.357197661531 0.166292471409 0.16982161728 0.262084226443 0.263494808356 0.143303915363 0.142004669002 0.136819772227 0.143691398492 0.143691398492 0.195683106748 0.0898941480464 0.0981724994139 0.261871983817 0.244219982666 0.258667447272 0.316128112252 0.290270493906 0.484936374429 0.478046028472 
1652 1.0 0.168621262462 0.168088828981 0.281495774252 0.191706869579 0.329389844129 0.233221472615 0.233221472615 0.19329009626 0.199047570849 0.509008132854 0.296386750333 0.297292672212 0.345954440241 0.342935673705 0.0987552504833 0.0974762200823 0.154530018806 0.157175682127 0.199047570849 0.196965141893 0.369556826642 0.361513491176 0.169046001831 0.169046001831 0.271114454958 0.274204740135 0.145692298926 0.153014410512 0.140938818103 0.144828381023 0.148253849919 0.199047570849 0.0965522540155 0.0937257199346 0.246597498531 0.239591501282 0.260869825037 0.285981793532 0.309349935469 0.507844522979 0.505296436821 
