Leaf
415 109.041276588 19.2353840617 18.2482875909 29.0172362571 20.0249843945 38.0131556175 28.231188427 28.231188427 24.3515913238 24.0416305603 51.0098029794 31.2569992162 31.4006369362 35.8468966579 35.3411940941 10.1980390272 10.0498756211 15.6204993518 14.8660687473 21.4709105536 20.6155281281 33.2866339542 33.6005952328 19.6977156036 20.2484567313 30.886890423 29.6816441593 15.5241746963 15.6524758425 14.8660687473 15.6524758425 19.4164878389 24.0416305603 10.0 9.8488578018 22.803508502 20.0249843945 22.4722050542 31.7804971641 32.3109888428 51.7397332811 53.0377224247 
107 114.070153853 21.0 20.0997512422 33.0 23.0217288664 42.0475920833 26.0768096208 25.9422435421 23.0867927612 22.4722050542 59.0084739677 33.5410196625 32.2490309932 38.4707681233 37.1618083521 12.0415945788 11.1803398875 16.9705627485 17.0293863659 23.769728648 23.2594066992 41.3400532172 42.0594816896 18.0277563773 18.7882942281 31.9061122671 31.7647603485 16.4924225025 16.4012194669 17.4642491966 15.8113883008 16.4012194669 22.4722050542 10.295630141 10.295630141 29.5296461205 28.0 29.1547594742 29.4108823397 29.1547594742 55.3172667438 55.2177507691 
161 117.0683561 19.1049731745 19.0262975904 31.0161248385 21.0 39.0128184063 25.8069758011 26.83281573 23.3452350599 24.0416305603 58.137767415 25.495097568 26.4764045897 30.5286750449 30.886890423 11.0453610172 10.0498756211 14.2126704036 13.4536240471 22.4722050542 22.360679775 36.0555127546 36.3593179254 18.0277563773 20.591260282 31.4006369362 33.6154726279 16.1554944214 14.2126704036 16.7630546142 14.3178210633 15.6204993518 24.0416305603 8.60232526704 8.60232526704 30.4138126515 27.0185121722 31.9061122671 33.2415402772 35.1283361405 46.0434577329 47.2016948848 
185 108.00462953 19.0262975904 18.0277563773 27.0185121722 20.0 37.0135110466 29.0688837075 29.0688837075 25.7099202644 25.495097568 53.0094331228 31.2569992162 30.1496268634 34.4383507154 32.3109888428 11.0 9.0 15.5563491861 14.2126704036 23.2594066992 23.0867927612 39.8246155035 38.4707681233 21.1896201004 21.8403296678 32.2024843762 31.2409987036 15.8113883008 17.0 13.416407865 16.1554944214 17.2046505341 25.495097568 11.1803398875 10.7703296143 30.5286750449 28.0178514522 29.0688837075 34.2344855372 28.8617393793 53.0377224247 50.4479930225 
198 111.162043882 20.0 18.1107702763 29.0172362571 22.0 34.0 27.2029410175 28.1780056072 22.360679775 23.5372045919 58.137767415 31.2569992162 32.14031736 36.2491379208 36.7695526217 11.1803398875 11.1803398875 16.2788205961 16.2788205961 20.6155281281 21.1896201004 38.0131556175 38.0131556175 18.6815416923 21.0237960416 30.8058436015 31.9061122671 14.5602197786 16.6433169771 15.2970585408 17.0880074906 17.0293863659 23.5372045919 10.295630141 10.295630141 29.9666481275 29.0172362571 30.886890423 33.5410196625 34.4818792991 52.3450093132 55.3172667438 
203 112.01785572 19.1049731745 20.2237484162 30.0166620396 21.0 40.0 27.7848879789 28.1780056072 22.5610283454 23.0867927612 57.0350769264 30.4138126515 31.2569992162 34.885527085 34.9284983931 11.0453610172 10.0498756211 14.8660687473 14.1421356237 21.9317121995 22.360679775 39.1152144312 38.0788655293 19.9248588452 20.2484567313 30.2324329157 31.384709653 16.7630546142 17.2046505341 14.5602197786 16.5529453572 15.5563491861 23.0867927612 9.43398113206 9.43398113206 30.4138126515 28.0178514522 30.0166620396 32.14031736 32.3882694814 51.6623654124 51.6236379966 
212 111.004504413 20.0997512422 20.0249843945 29.0 20.0 37.0 26.4196896272 25.2388589282 22.1359436212 20.8806130178 56.0357029045 32.5576411922 32.14031736 35.77708764 34.5398320783 10.0 10.0 14.8660687473 14.8660687473 21.4709105536 20.2484567313 37.1214223865 38.5875627631 20.6155281281 19.9248588452 32.7566787083 31.6227766017 16.2788205961 17.88854382 13.3416640641 17.4642491966 14.8660687473 20.8806130178 9.8488578018 9.8488578018 30.5286750449 27.0739727414 27.2946881279 36.4965751818 29.4108823397 54.4518135602 51.0881590978 
258 109.041276588 20.0249843945 19.1049731745 30.0166620396 21.0237960416 42.0119030752 25.5538646784 25.5538646784 22.1359436212 20.8806130178 56.0089278598 33.5410196625 33.1360830516 37.1214223865 36.4005494464 11.0 10.0498756211 15.5563491861 15.6204993518 22.825424421 22.360679775 42.1900462195 42.0594816896 18.0277563773 17.7200451467 30.5286750449 28.3019433962 16.7630546142 15.6204993518 14.5602197786 15.8113883008 14.8660687473 20.8806130178 10.295630141 11.1803398875 28.6530975638 27.0 28.1780056072 29.4278779391 28.8617393793 53.7587202229 54.6717477313 
279 110.113577728 21.0237960416 20.2237484162 30.0166620396 19.0262975904 39.0128184063 28.3019433962 28.1780056072 23.769728648 23.0867927612 58.0344725142 32.9848450049 32.14031736 37.5898922584 36.0555127546 10.0498756211 9.21954445729 14.8660687473 13.6014705087 21.9317121995 22.825424421 41.1825205639 41.5932686862 20.8806130178 21.1896201004 33.0151480384 31.9061122671 15.8113883008 17.4928556845 15.5241746963 17.88854382 17.691806013 23.0867927612 9.43398113206 10.0 31.7647603485 30.0 30.886890423 33.5410196625 27.5136329844 55.1724568965 52.4309069157 
305 109.16501271 19.2353840617 18.0 31.0161248385 23.0867927612 36.1247837364 29.5465734054 28.1780056072 25.0 25.495097568 56.0802995712 31.064449134 32.5576411922 37.6961536499 38.0131556175 12.6491106407 11.1803398875 17.8044938148 16.9705627485 24.3515913238 24.5153013443 43.0813184571 42.0594816896 19.6977156036 21.5406592285 30.886890423 32.8024389337 16.7630546142 15.2643375225 16.1554944214 15.6524758425 18.6010752377 25.495097568 10.8166538264 9.8488578018 31.064449134 29.0688837075 29.9666481275 34.1760149813 32.2800247831 59.076221951 56.8506816142 
441 110.072703247 19.0262975904 18.0 30.0166620396 22.0227155455 39.0512483795 28.6530975638 27.7848879789 24.5153013443 24.3310501212 58.0344725142 29.1547594742 29.4278779391 34.0147027034 34.0 11.1803398875 11.0453610172 17.0293863659 16.2788205961 23.769728648 24.3515913238 42.4852915725 41.1825205639 19.9248588452 19.6468827044 30.8058436015 29.8328677804 15.5241746963 17.4928556845 15.8113883008 17.2046505341 17.0293863659 24.3310501212 10.295630141 11.1803398875 30.0166620396 29.0 30.4138126515 29.1547594742 31.064449134 50.3289181286 51.6236379966 
495 103.019415646 19.0262975904 19.0262975904 29.0172362571 23.0217288664 35.0142828 28.3019433962 28.6530975638 23.3452350599 24.5153013443 58.0344725142 32.14031736 34.1320963318 36.7695526217 38.0788655293 11.1803398875 12.0415945788 17.0293863659 16.9705627485 19.6468827044 20.2484567313 37.2155881319 34.885527085 20.3960780544 21.1896201004 29.8328677804 32.2024843762 14.8660687473 18.0277563773 15.5241746963 17.88854382 16.4012194669 24.5153013443 11.1803398875 11.1803398875 22.825424421 22.0907220344 24.4131112315 28.1602556807 30.083217913 50.3289181286 51.2249938995 
503 117.209214655 20.0249843945 19.1049731745 32.0624390838 23.0217288664 35.1283361405 25.5538646784 24.8394846967 22.1359436212 21.2132034356 61.2045749924 31.1448230048 30.5941170816 35.3411940941 34.4818792991 12.0415945788 11.0 18.6010752377 18.4390889146 20.2484567313 21.5870331449 37.6961536499 38.275318418 18.3575597507 18.0277563773 32.6496554346 31.4006369362 17.2626765016 15.2643375225 15.8113883008 15.0 17.691806013 21.2132034356 13.0 13.6014705087 30.5286750449 29.0688837075 29.5465734054 36.4965751818 33.2415402772 52.3450093132 52.4976189936 
534 112.01785572 20.0249843945 19.1049731745 31.064449134 23.0217288664 38.0131556175 25.8069758011 25.0599281723 20.6155281281 21.1896201004 58.0775343829 30.2654919008 31.2569992162 33.5410196625 35.77708764 11.0 12.0415945788 14.8660687473 16.2788205961 22.1359436212 22.4722050542 39.9624824054 38.9101529167 18.973665961 17.88854382 31.064449134 30.4138126515 15.8113883008 15.8113883008 16.2788205961 15.2643375225 16.2788205961 21.1896201004 9.43398113206 10.8166538264 27.3130005675 26.1725046566 28.6006992922 30.1496268634 33.5410196625 51.6236379966 52.3450093132 
698 115.212846506 20.0249843945 21.0950231097 31.0161248385 21.0950231097 37.1214223865 25.6124969497 25.9422435421 21.3775583264 22.8473193176 59.1354377679 32.7566787083 31.1448230048 36.235341864 35.8468966579 10.0 11.1803398875 17.0293863659 18.0277563773 24.5153013443 25.495097568 38.275318418 38.4837628098 17.4642491966 19.2353840617 30.0 33.5410196625 14.8660687473 15.6204993518 17.4642491966 15.2643375225 14.8660687473 22.8473193176 12.6491106407 12.5299640861 28.231188427 26.1725046566 29.4108823397 31.1448230048 33.2415402772 51.6623654124 50.931326313 
758 106.38138935 19.2353840617 19.0262975904 30.1496268634 21.0237960416 39.0512483795 29.1547594742 28.8444102037 25.2982212813 25.179356624 57.3149195236 33.0151480384 32.0156211872 36.6878726557 37.2155881319 10.1980390272 11.0453610172 18.6010752377 17.2046505341 23.769728648 24.6981780705 35.3553390593 36.4005494464 21.9317121995 21.5870331449 32.7566787083 32.5576411922 15.5241746963 17.0880074906 16.5529453572 17.2046505341 16.1245154966 25.179356624 12.6491106407 13.416407865 26.6270539114 24.0831891576 25.495097568 28.4604989415 29.2745623366 49.040799341 49.6789693935 
843 108.074048689 19.0 18.1107702763 32.14031736 23.0217288664 36.0555127546 25.5538646784 26.9258240357 22.803508502 24.3515913238 55.3263047745 33.3766385366 35.2278299076 38.0131556175 39.9249295554 12.0415945788 11.1803398875 16.9705627485 17.0293863659 23.5372045919 23.4093998214 36.7151195014 38.4707681233 19.9248588452 19.2353840617 31.4006369362 30.886890423 15.8113883008 16.6433169771 17.1172427686 17.0 15.8113883008 24.3515913238 11.1803398875 10.8166538264 29.5296461205 28.0 29.5296461205 31.5753068077 30.8058436015 50.2095608425 51.7397332811 
851 114.157785543 19.0 19.1049731745 28.0713376952 21.0950231097 41.0487515035 26.6270539114 27.3130005675 22.360679775 24.3515913238 54.2309874518 30.4138126515 30.0665927567 33.5410196625 34.5398320783 10.0 11.1803398875 15.5563491861 16.4012194669 24.3515913238 25.9422435421 38.6005181312 37.5898922584 17.7200451467 18.3575597507 29.4108823397 31.304951685 13.416407865 13.0384048104 16.4924225025 13.8924439894 16.2788205961 24.3515913238 10.7703296143 11.6619037897 30.4630924235 28.1602556807 31.6227766017 30.2654919008 35.5105618091 51.6623654124 53.0377224247 
869 118.067777145 21.0237960416 19.0262975904 33.0151480384 21.0 39.0128184063 28.3019433962 27.2946881279 23.769728648 23.769728648 61.0081961707 32.0156211872 32.2490309932 38.0788655293 36.7695526217 11.1803398875 10.1980390272 17.691806013 15.8113883008 24.6981780705 23.769728648 37.4432904537 36.7151195014 20.8806130178 21.5406592285 33.0151480384 33.0151480384 17.7200451467 18.6010752377 16.4924225025 17.88854382 17.0293863659 23.769728648 11.7046999107 11.1803398875 31.7647603485 29.0 29.9666481275 34.2344855372 29.1204395571 52.4976189936 50.3289181286 
942 109.0 20.0249843945 20.0 30.0 21.0 38.0 27.7848879789 27.2946881279 25.7099202644 25.0 57.0 32.14031736 32.5576411922 36.4005494464 38.0131556175 10.1980390272 11.1803398875 15.5563491861 14.8660687473 20.8806130178 22.825424421 37.5898922584 38.5875627631 21.5870331449 21.8403296678 33.3016516107 33.4215499341 15.2315462117 17.4928556845 17.0880074906 18.0277563773 18.7882942281 25.0 8.60232526704 9.89949493661 26.6270539114 24.0 28.0178514522 30.083217913 30.3644529014 52.2015325446 52.6307894678 
1068 114.0 20.0249843945 20.0997512422 27.0185121722 22.0 39.0128184063 29.6816441593 30.2324329157 24.3310501212 23.1948270095 60.0083327547 32.0624390838 31.1448230048 35.4682957019 34.9284983931 11.0453610172 11.0453610172 16.2788205961 16.2788205961 21.5406592285 21.0237960416 38.0788655293 39.4461658466 19.4164878389 19.4164878389 30.0 29.4108823397 13.3416640641 18.3575597507 14.5602197786 18.0277563773 18.3847763109 23.1948270095 10.7703296143 10.295630141 29.1547594742 28.0 29.5296461205 33.2415402772 31.2569992162 50.2493781056 51.6236379966 
1229 119.067207912 19.0 19.0262975904 32.0156211872 22.0 37.0135110466 25.2388589282 25.0599281723 21.5870331449 22.1359436212 58.0344725142 30.4138126515 31.4006369362 34.885527085 35.77708764 11.0453610172 11.0453610172 14.2126704036 14.2126704036 23.4093998214 24.0416305603 38.9486841883 37.5898922584 18.3847763109 19.7230829233 31.064449134 33.1209903234 15.5241746963 15.2643375225 17.2626765016 15.6524758425 16.2788205961 22.1359436212 8.48528137424 7.81024967591 32.6496554346 30.0166620396 33.6154726279 34.5253530033 38.8329756779 53.7587202229 56.5685424949 
1357 107.116758726 19.0262975904 19.2353840617 27.0185121722 22.0227155455 37.0540146273 30.0166620396 30.886890423 25.3179778023 24.3310501212 57.0350769264 29.4278779391 29.0 35.3553390593 33.5261092285 12.1655250606 10.4403065089 18.3847763109 16.6433169771 23.5372045919 24.1660919472 37.2155881319 38.4707681233 23.5372045919 22.5610283454 32.5576411922 30.61045573 15.6524758425 18.3575597507 14.3178210633 17.88854382 14.8660687473 24.3310501212 10.7703296143 11.1803398875 28.6530975638 26.0 27.7848879789 33.3766385366 28.8617393793 52.3450093132 50.4479930225 
1382 119.004201606 21.0950231097 21.0950231097 28.0 23.0217288664 39.0128184063 28.3019433962 29.1547594742 22.803508502 23.769728648 58.0086200491 31.064449134 32.14031736 35.4682957019 36.2491379208 11.1803398875 12.0415945788 16.2788205961 16.2788205961 20.6155281281 20.6155281281 40.249223595 40.8166632639 20.8806130178 22.1359436212 32.4499614792 33.8378486314 13.9283882772 16.5529453572 15.8113883008 17.88854382 17.691806013 23.769728648 9.43398113206 10.295630141 32.7566787083 30.0166620396 31.7647603485 34.7131099154 35.5105618091 54.5618914628 55.8659108939 
1436 113.039815994 19.0262975904 18.0277563773 29.0 23.0 40.0 26.4196896272 25.5538646784 22.803508502 21.5870331449 55.0090901579 28.1602556807 28.1602556807 33.5410196625 33.1058907145 12.1655250606 11.1803398875 17.0293863659 17.691806013 21.9317121995 21.5406592285 38.9486841883 39.9624824054 19.6977156036 19.3132079158 31.9061122671 30.2324329157 16.1554944214 13.8924439894 15.2315462117 13.8924439894 16.9705627485 21.5870331449 11.6619037897 10.7703296143 31.7647603485 30.0 31.304951685 33.0151480384 30.0 49.578221025 48.9182992345 
1466 120.004166594 21.0237960416 20.0997512422 32.0156211872 23.0217288664 42.0119030752 27.4590604355 28.6530975638 22.803508502 23.769728648 61.0737259384 29.2745623366 29.4278779391 33.1209903234 34.0 12.0 11.0453610172 15.6204993518 15.5563491861 23.4093998214 24.5967477525 37.4432904537 38.275318418 18.7882942281 19.2353840617 33.1209903234 32.6496554346 15.5241746963 14.7648230602 17.2626765016 16.1245154966 15.6204993518 23.769728648 9.43398113206 9.43398113206 31.7647603485 28.0178514522 31.9061122671 33.1360830516 34.2344855372 50.9901951359 52.4022900263 
1479 115.06954419 20.0997512422 20.0249843945 27.0185121722 23.0217288664 36.0138862107 27.7848879789 27.7848879789 22.803508502 23.769728648 55.0090901579 31.0161248385 31.1448230048 36.0555127546 36.2491379208 11.401754251 12.1655250606 15.5563491861 15.6204993518 20.2484567313 19.9248588452 38.0131556175 38.0788655293 19.6468827044 20.6155281281 30.2324329157 31.4006369362 13.6014705087 17.0 14.8660687473 17.4928556845 16.4012194669 23.769728648 7.81024967591 7.81024967591 28.8444102037 27.0185121722 28.6530975638 34.5253530033 36.1247837364 51.6236379966 52.4976189936 
1496 111.162043882 20.0997512422 18.1107702763 32.0156211872 22.0227155455 38.0525951809 26.0768096208 27.7308492477 24.7386337537 23.769728648 58.137767415 32.0156211872 31.064449134 37.7359245282 35.1140997322 12.0415945788 10.1980390272 14.8660687473 15.5563491861 22.4722050542 21.5406592285 40.3112887415 41.1460812229 18.3847763109 20.6155281281 33.0151480384 31.064449134 17.7200451467 15.6204993518 15.5241746963 16.5529453572 14.1421356237 23.769728648 9.43398113206 8.94427191 30.0166620396 28.0 28.6530975638 36.1247837364 29.8328677804 54.5618914628 52.6307894678 
1505 112.01785572 20.0249843945 20.0249843945 32.0 23.0217288664 39.0128184063 28.1780056072 28.6530975638 25.0 24.7386337537 59.0 32.3882694814 33.2415402772 38.0131556175 37.1618083521 12.1655250606 11.0453610172 17.0293863659 16.9705627485 22.8473193176 22.1359436212 38.5875627631 37.2155881319 20.2484567313 20.6155281281 32.4499614792 33.2866339542 17.4642491966 18.0277563773 15.5241746963 16.5529453572 17.8044938148 24.7386337537 11.6619037897 10.7703296143 26.4196896272 24.0208242989 26.6270539114 30.8058436015 31.0483493925 53.0754180389 51.6623654124 
1571 117.017092769 19.0262975904 19.0262975904 32.0 20.0 40.0 29.0688837075 27.7848879789 25.7099202644 25.495097568 59.0338885726 31.7804971641 31.4006369362 36.235341864 35.3411940941 10.0498756211 10.0498756211 15.6204993518 15.6204993518 25.495097568 24.6981780705 39.4461658466 39.4461658466 21.5406592285 20.2484567313 33.0151480384 32.8024389337 17.0880074906 16.1245154966 17.0880074906 15.8113883008 19.2093727123 25.495097568 10.8166538264 10.295630141 33.6154726279 30.0166620396 32.6496554346 32.2490309932 31.1448230048 51.6236379966 50.2095608425 
1575 110.22250224 19.0 18.1107702763 32.0624390838 22.0227155455 39.0512483795 27.4590604355 27.7308492477 23.3452350599 23.769728648 59.1354377679 30.5941170816 31.2569992162 36.235341864 37.1618083521 11.1803398875 11.401754251 14.8660687473 15.5563491861 20.2484567313 20.591260282 39.4461658466 40.7062648741 19.6468827044 21.0237960416 30.61045573 31.9061122671 16.1554944214 16.4012194669 17.4642491966 17.0 14.8660687473 23.769728648 8.60232526704 9.21954445729 31.7804971641 30.0166620396 31.7647603485 29.1547594742 31.2569992162 50.2095608425 52.3450093132 
1614 113.159179919 19.0262975904 19.2353840617 31.064449134 24.0208242989 40.1123422403 27.4590604355 29.0688837075 22.360679775 23.769728648 59.2114853723 29.4278779391 30.0665927567 35.8468966579 35.4682957019 13.152946438 11.401754251 17.691806013 17.0293863659 20.8806130178 20.591260282 38.8329756779 39.3573373083 18.6815416923 19.6977156036 29.4108823397 30.886890423 16.1554944214 15.6204993518 16.4924225025 16.1245154966 16.2788205961 23.769728648 10.295630141 10.0 29.9666481275 28.0713376952 30.2324329157 32.3882694814 30.8058436015 53.0754180389 51.0881590978 
1661 119.016805536 19.0262975904 19.1049731745 33.0151480384 19.0 39.0128184063 26.4196896272 29.0688837075 22.803508502 24.7386337537 59.1354377679 32.0156211872 32.5576411922 37.5898922584 37.1618083521 10.1980390272 9.21954445729 17.4928556845 18.0277563773 23.7065391823 21.9317121995 41.1825205639 41.5932686862 20.1246117975 21.0237960416 32.7566787083 32.7566787083 18.0277563773 14.4222051019 16.7630546142 15.6524758425 16.9705627485 24.7386337537 13.0 12.6491106407 31.304951685 30.0 31.304951685 34.7131099154 30.083217913 57.2800139665 54.8178802947 
