Leaf
800 127.0 22.0907220344 22.0907220344 33.0 25.0 39.0128184063 26.83281573 27.2946881279 24.1660919472 23.769728648 58.0 33.0605505096 33.5410196625 37.6961536499 39.8246155035 12.1655250606 13.152946438 19.2093727123 19.8494332413 24.7386337537 24.3515913238 36.6196668472 35.8468966579 16.1245154966 17.0 32.3109888428 32.6955654485 15.2970585408 13.0384048104 18.2482875909 15.6204993518 18.8679622641 23.769728648 11.7046999107 12.0830459736 25.5538646784 24.0831891576 27.6586333719 35.3411940941 42.7200187266 57.3846669416 60.1082357086 
241 110.072703247 20.2237484162 20.2237484162 33.0151480384 21.0237960416 43.0464865001 26.0 25.495097568 23.2594066992 21.9317121995 54.0 33.7342555869 33.3766385366 38.0131556175 38.4837628098 10.0498756211 11.1803398875 19.4164878389 19.7230829233 26.0 25.9422435421 42.7200187266 42.9418211072 20.1246117975 18.8679622641 32.6496554346 32.6955654485 18.0277563773 14.4222051019 16.7630546142 12.5299640861 14.4222051019 21.9317121995 13.6014705087 14.7648230602 26.4196896272 25.0199920064 26.6270539114 29.4108823397 32.3109888428 56.7274184147 59.2030404625 
25 111.162043882 20.0 18.0277563773 33.0151480384 23.0 40.0124980475 24.6981780705 24.5967477525 22.1359436212 22.1359436212 57.0350769264 35.6931365951 36.1247837364 42.0594816896 40.162171256 13.152946438 10.1980390272 20.6155281281 18.8679622641 25.2982212813 24.6981780705 41.3400532172 40.249223595 17.4928556845 18.6010752377 32.6496554346 32.2024843762 18.6815416923 13.4536240471 15.5241746963 11.7046999107 15.2643375225 22.1359436212 13.9283882772 14.3178210633 26.9258240357 26.0192236625 27.4590604355 32.3109888428 29.6816441593 57.4891294072 56.9385633819 
39 117.153745139 21.0237960416 21.3775583264 32.0156211872 23.0217288664 44.0454310911 27.2029410175 27.7848879789 21.5870331449 21.1896201004 62.0725382114 35.3553390593 35.2278299076 40.718546143 40.8533964316 12.1655250606 11.401754251 20.0 20.2484567313 23.769728648 24.1867732449 40.2243707222 40.8166632639 15.8113883008 18.7882942281 29.5296461205 31.7804971641 15.5241746963 14.8660687473 17.2626765016 16.6433169771 16.9705627485 21.1896201004 13.416407865 13.416407865 26.6270539114 24.0208242989 26.4007575649 33.6154726279 33.1209903234 58.137767415 59.4053869611 
40 111.018016556 20.0997512422 19.1049731745 32.0 21.0237960416 39.0128184063 25.9422435421 25.495097568 22.4722050542 22.4722050542 55.0 34.5253530033 33.3766385366 39.8120584748 39.0 11.1803398875 10.4403065089 19.4164878389 19.7230829233 24.3515913238 25.079872408 41.5932686862 42.9418211072 19.2353840617 18.8679622641 32.6496554346 32.2024843762 16.4924225025 14.7648230602 16.4924225025 13.416407865 16.2788205961 22.4722050542 13.0 12.5299640861 27.8028775489 25.0199920064 25.8069758011 36.4005494464 31.7647603485 59.816385715 58.5234995536 
50 118.004237212 20.2237484162 21.0950231097 33.0151480384 23.0217288664 38.0131556175 25.0599281723 27.2946881279 20.6155281281 23.4093998214 58.0086200491 34.3656805549 34.3656805549 40.3112887415 39.8120584748 11.401754251 12.1655250606 18.6010752377 18.4390889146 22.4722050542 22.1359436212 42.9418211072 41.1460812229 17.4928556845 18.7882942281 31.384709653 32.6496554346 17.2626765016 14.4222051019 16.4924225025 15.2643375225 18.4390889146 23.4093998214 10.8166538264 11.6619037897 26.6270539114 26.0192236625 28.6006992922 34.9284983931 36.7695526217 60.0 60.0 
76 116.068945028 20.2237484162 20.0997512422 32.0624390838 22.0227155455 40.049968789 25.0599281723 25.5538646784 20.6155281281 21.1896201004 57.0350769264 36.3455636908 35.3553390593 41.2310562562 39.3954312072 11.1803398875 11.0453610172 16.2788205961 15.5563491861 21.0237960416 21.9317121995 41.5932686862 40.8166632639 20.1246117975 20.6155281281 32.6496554346 32.7566787083 17.2626765016 17.0 15.8113883008 15.6524758425 16.2788205961 21.1896201004 9.43398113206 10.0 28.8444102037 27.0 29.6816441593 36.6878726557 33.8378486314 58.8982172905 57.4891294072 
88 123.004064973 21.2132034356 21.0950231097 33.0151480384 24.0831891576 41.0487515035 25.495097568 27.2946881279 22.360679775 23.4093998214 57.0 32.3882694814 33.2415402772 40.249223595 38.0788655293 13.6014705087 11.1803398875 19.2093727123 17.691806013 23.769728648 23.4093998214 41.3400532172 38.0788655293 17.4928556845 18.3847763109 32.3109888428 31.7647603485 18.2482875909 15.0 15.5241746963 15.2643375225 19.4164878389 23.4093998214 11.401754251 11.1803398875 31.9061122671 29.0172362571 31.6227766017 39.6232255123 35.4682957019 58.7281874401 55.4436651025 
137 112.071405809 20.2237484162 20.0 34.0147027034 22.0227155455 45.0111097397 26.4196896272 26.6270539114 21.1896201004 22.5610283454 62.0322496771 33.3766385366 33.7342555869 38.4837628098 38.4707681233 11.1803398875 11.0453610172 17.8044938148 17.0293863659 24.1867732449 23.7065391823 40.8166632639 41.6173040934 16.5529453572 17.0880074906 29.5465734054 30.5286750449 17.4642491966 14.8660687473 17.7200451467 15.5563491861 17.0293863659 22.5610283454 11.6619037897 11.6619037897 27.8028775489 25.0199920064 28.3019433962 32.6955654485 30.6757233004 57.008771255 56.7274184147 
233 107.29864864 21.0950231097 18.0 32.14031736 24.0208242989 41.1096095822 26.0 25.5538646784 24.5967477525 22.5610283454 55.2268050859 37.2155881319 35.2278299076 43.0813184571 40.3112887415 12.3693168769 12.1655250606 18.6010752377 19.1049731745 24.1867732449 23.5372045919 44.283179651 43.0464865001 17.8044938148 17.0880074906 34.1760149813 28.8444102037 19.1049731745 14.4222051019 13.9283882772 13.0384048104 17.2046505341 22.5610283454 11.6619037897 12.0830459736 27.2029410175 26.1725046566 25.079872408 33.2415402772 25.079872408 58.8982172905 54.4058820349 
269 116.038786619 20.0249843945 20.0249843945 34.0147027034 24.0208242989 42.0119030752 24.1867732449 25.5538646784 21.5406592285 22.1359436212 59.0 33.1360830516 33.7342555869 38.0788655293 38.9486841883 12.1655250606 12.0415945788 17.8044938148 18.3847763109 24.1660919472 23.4093998214 42.4852915725 43.5660418216 18.8679622641 19.2353840617 33.5410196625 33.1209903234 17.4642491966 13.8924439894 17.7200451467 14.4222051019 14.1421356237 22.1359436212 12.2065556157 12.0830459736 30.2324329157 28.0178514522 30.0166620396 31.9530906173 33.9558536927 56.6127194189 58.7281874401 
280 117.017092769 21.0237960416 20.0249843945 33.0151480384 23.0217288664 38.1182371051 24.6981780705 26.6270539114 21.5406592285 23.5372045919 61.0 38.2099463491 38.4707681233 44.0113621693 43.4626276242 12.3693168769 11.1803398875 17.8044938148 17.691806013 24.6981780705 25.7099202644 42.0475920833 40.3112887415 18.3575597507 19.6977156036 33.5410196625 33.8378486314 17.2626765016 15.2643375225 16.4924225025 16.1245154966 17.691806013 23.5372045919 10.8166538264 11.1803398875 31.064449134 28.0178514522 30.5286750449 37.1079506306 34.1760149813 58.8982172905 57.008771255 
370 121.016527797 22.2036033112 22.0907220344 31.064449134 24.0208242989 42.0119030752 25.0 25.6124969497 18.3847763109 18.973665961 62.0322496771 36.0555127546 35.3553390593 40.4969134626 39.8120584748 12.1655250606 12.0415945788 18.4390889146 17.691806013 21.5406592285 22.360679775 41.3400532172 39.4461658466 15.2315462117 17.88854382 30.083217913 33.1058907145 14.1421356237 14.4222051019 17.4642491966 15.0 15.6204993518 18.973665961 11.6619037897 11.6619037897 26.4196896272 26.0768096208 29.4108823397 30.8706980809 39.2937654088 57.008771255 60.1082357086 
409 119.067207912 21.0237960416 21.0950231097 30.0 22.0 38.0131556175 27.2029410175 25.5538646784 21.5870331449 21.5406592285 59.0 34.2344855372 34.2344855372 38.0788655293 38.0788655293 11.0453610172 11.0453610172 19.4164878389 19.4164878389 25.2982212813 24.3515913238 39.9624824054 38.9101529167 18.973665961 18.3847763109 31.9061122671 31.7647603485 14.3178210633 17.0 16.2788205961 16.6433169771 17.691806013 21.5406592285 14.3178210633 13.9283882772 28.6530975638 27.0739727414 30.0 35.4400902933 38.0788655293 57.3149195236 59.2030404625 
431 118.038129433 19.1049731745 21.3775583264 31.0161248385 23.0 39.0 25.0599281723 27.3130005675 21.1896201004 23.2594066992 54.1479454827 37.1214223865 38.3275357935 40.4969134626 42.5440947724 11.0453610172 12.0415945788 16.4012194669 18.3847763109 22.1359436212 22.8473193176 41.3400532172 38.9101529167 17.4642491966 20.2484567313 29.5296461205 34.5398320783 14.5602197786 13.8924439894 17.2626765016 15.2315462117 16.4012194669 23.2594066992 11.6619037897 10.7703296143 24.6981780705 26.4764045897 30.61045573 27.7848879789 43.0116263352 56.0357029045 63.6553218514 
447 118.067777145 22.360679775 21.0 30.0166620396 24.0208242989 39.0512483795 32.2024843762 30.2324329157 26.2488094968 25.3179778023 61.2045749924 37.2155881319 37.0540146273 43.0813184571 41.4366987102 12.3693168769 12.1655250606 19.2093727123 18.4390889146 23.7065391823 22.360679775 40.249223595 39.9624824054 23.769728648 22.0907220344 33.8378486314 31.8276609257 17.4642491966 21.9544984001 13.9283882772 20.2484567313 17.2046505341 25.3179778023 11.1803398875 11.7046999107 30.8058436015 27.1661554144 28.6356421266 40.2616442784 34.1760149813 60.827625303 58.8982172905 
459 120.004166594 21.0237960416 20.0997512422 34.0 23.0 40.0124980475 25.2388589282 25.5538646784 21.1896201004 21.1896201004 61.0081961707 33.7342555869 33.2415402772 39.3573373083 38.4837628098 11.1803398875 12.1655250606 17.691806013 17.0293863659 24.3515913238 23.769728648 41.6773319683 41.5932686862 19.3132079158 20.6155281281 32.7566787083 32.7566787083 17.2626765016 18.0277563773 17.2626765016 18.3575597507 15.6204993518 21.1896201004 9.8488578018 10.295630141 30.886890423 29.0172362571 30.5286750449 35.6931365951 35.6931365951 57.2800139665 56.5862174032 
500 113.070774296 20.0997512422 20.0249843945 33.0605505096 24.0208242989 42.0475920833 25.9422435421 24.6981780705 22.4722050542 21.1896201004 58.137767415 38.1182371051 37.483329628 42.7200187266 42.0475920833 12.1655250606 12.0415945788 19.8494332413 17.8044938148 23.769728648 24.6981780705 42.7200187266 38.9486841883 20.1246117975 21.5406592285 33.1209903234 33.8378486314 17.2626765016 17.0 16.7630546142 17.0 16.2788205961 21.1896201004 12.0830459736 13.8924439894 29.0688837075 28.0713376952 31.064449134 30.3644529014 34.1760149813 56.7274184147 56.8506816142 
549 113.534135836 20.0 20.2237484162 31.064449134 23.0217288664 39.1152144312 26.4007575649 26.4007575649 21.3775583264 22.8473193176 58.2151183113 37.483329628 38.0525951809 42.0475920833 42.0594816896 12.0415945788 11.1803398875 17.691806013 16.4012194669 21.5870331449 21.9544984001 43.2666153056 41.7851648316 16.7630546142 20.8086520467 29.6816441593 34.9284983931 15.5241746963 15.6204993518 16.1245154966 15.5241746963 15.8113883008 22.8473193176 9.8488578018 10.8166538264 27.8567765544 27.2946881279 29.206163733 26.9258240357 36.4005494464 55.3172667438 59.4053869611 
550 109.114618636 19.0262975904 18.0277563773 34.0147027034 23.0217288664 41.0121933088 23.8537208838 24.5967477525 21.8403296678 22.1359436212 58.0775343829 35.3553390593 35.5105618091 39.3954312072 41.1460812229 11.0453610172 12.1655250606 17.691806013 17.8044938148 23.0867927612 24.5967477525 43.2666153056 40.718546143 17.0880074906 17.4928556845 30.2324329157 30.4138126515 15.5241746963 15.0 19.2353840617 15.6204993518 17.2046505341 22.1359436212 12.0830459736 12.2065556157 26.5706605112 25.495097568 28.319604517 26.0 36.2491379208 57.2013985843 60.0 
564 117.004273426 21.2132034356 21.0950231097 32.0 24.0208242989 41.0 26.0768096208 26.4196896272 20.2484567313 22.4722050542 59.0084739677 36.3455636908 35.1283361405 41.629316593 40.8533964316 12.1655250606 12.3693168769 18.4390889146 19.2093727123 21.5406592285 22.8473193176 40.3112887415 40.8166632639 18.3847763109 19.3132079158 31.304951685 32.2490309932 16.4924225025 15.8113883008 16.4924225025 16.6433169771 16.2788205961 22.4722050542 10.7703296143 11.1803398875 29.1547594742 27.0185121722 27.7848879789 36.0555127546 33.2415402772 60.207972894 57.4891294072 
614 125.483066587 21.0237960416 21.3775583264 33.1360830516 21.0237960416 41.1946598481 26.0768096208 26.9258240357 22.1359436212 23.7065391823 57.3149195236 32.9848450049 34.2344855372 37.2155881319 37.6961536499 11.0 10.0498756211 16.2788205961 15.0 25.2982212813 24.1867732449 40.2243707222 41.1460812229 18.973665961 20.591260282 31.9061122671 34.0147027034 16.7630546142 16.4012194669 17.1172427686 17.4642491966 17.0293863659 23.7065391823 10.7703296143 11.6619037897 31.7647603485 29.0688837075 31.6227766017 38.2099463491 38.3275357935 56.8506816142 58.7962583844 
642 117.153745139 21.0950231097 22.2036033112 32.14031736 21.0 45.0 26.9258240357 26.0 22.1359436212 24.1867732449 56.1426753905 33.5410196625 36.3455636908 38.9101529167 40.8533964316 11.1803398875 10.1980390272 18.0277563773 18.6010752377 23.7065391823 24.6981780705 45.8039299624 41.1460812229 18.0277563773 18.3575597507 30.886890423 33.6154726279 17.0880074906 14.8660687473 16.2788205961 14.7648230602 16.2788205961 24.1867732449 12.5299640861 12.0830459736 27.8567765544 27.4590604355 32.0156211872 28.1602556807 33.5261092285 55.8659108939 57.008771255 
645 126.194294641 22.0227155455 21.3775583264 31.0161248385 25.0199920064 41.0487515035 24.2074368738 25.495097568 19.3132079158 21.4709105536 57.2188780037 33.2415402772 33.0605505096 38.9101529167 38.6264158317 13.152946438 12.3693168769 20.6155281281 20.8086520467 24.0416305603 23.769728648 41.0487515035 40.249223595 16.6433169771 18.4390889146 33.6154726279 34.4818792991 15.5241746963 11.6619037897 16.2788205961 11.7046999107 15.2643375225 21.4709105536 13.0 13.0 30.886890423 28.0713376952 31.4006369362 38.6393581727 40.5215991787 59.4642749893 59.4642749893 
667 121.334249081 22.0227155455 22.360679775 31.064449134 25.0199920064 44.0454310911 25.8069758011 27.3130005675 21.1896201004 23.7065391823 57.3149195236 34.1320963318 35.1283361405 38.4837628098 39.9249295554 13.0384048104 12.1655250606 17.691806013 19.1049731745 21.1896201004 22.4722050542 40.8044115262 40.3112887415 16.4924225025 19.2353840617 30.0166620396 33.6154726279 15.5241746963 16.2788205961 16.1245154966 16.5529453572 17.0293863659 23.7065391823 12.5299640861 12.5299640861 28.6356421266 27.1661554144 30.61045573 32.3882694814 37.3630833845 55.2268050859 58.0 
679 115.108644332 21.0950231097 20.0997512422 29.0172362571 22.0 40.0124980475 27.4590604355 27.7308492477 21.8403296678 24.3515913238 56.0802995712 35.2278299076 36.1247837364 39.9249295554 40.4969134626 11.1803398875 11.1803398875 18.6010752377 18.6010752377 25.632011236 24.6981780705 41.3400532172 40.249223595 18.6815416923 19.6977156036 30.5286750449 32.2490309932 14.5602197786 16.6433169771 15.2970585408 16.5529453572 15.5563491861 24.3515913238 13.416407865 12.0830459736 29.5465734054 29.0688837075 31.9061122671 31.6227766017 36.0555127546 57.3846669416 59.0338885726 
761 115.108644332 19.1049731745 19.0262975904 32.0624390838 21.0237960416 42.0119030752 25.495097568 26.0768096208 22.4722050542 23.5372045919 57.0788927713 37.3363094052 36.4965751818 41.7851648316 40.718546143 10.1980390272 11.0453610172 17.8044938148 16.4012194669 26.4007575649 26.0 43.4165866922 42.5440947724 18.7882942281 18.973665961 30.886890423 31.4006369362 17.1172427686 17.4928556845 15.5241746963 16.6433169771 17.2046505341 23.5372045919 11.1803398875 13.0384048104 31.7647603485 29.0 31.7647603485 33.3766385366 30.4138126515 57.3149195236 54.5618914628 
791 118.016947935 22.0907220344 22.2036033112 35.0142828 23.0217288664 47.0956473573 27.2946881279 26.83281573 23.769728648 23.2594066992 60.0083327547 35.6931365951 35.3553390593 40.7062648741 40.3112887415 12.0415945788 11.1803398875 18.4390889146 18.6010752377 25.495097568 24.6981780705 40.8044115262 42.7200187266 19.6977156036 20.1246117975 34.0 34.4383507154 18.6815416923 16.4012194669 17.4642491966 16.1245154966 17.2046505341 23.2594066992 13.0 13.416407865 28.3019433962 25.0 26.9258240357 33.2415402772 31.7804971641 59.4642749893 60.440052945 
881 118.0 20.0 21.0237960416 33.0151480384 24.0 42.0 26.0768096208 27.2946881279 22.803508502 24.3515913238 60.0749531835 33.2415402772 34.3656805549 39.3954312072 40.718546143 12.3693168769 12.3693168769 17.691806013 17.691806013 23.4093998214 24.1660919472 42.5440947724 42.5440947724 18.973665961 20.1246117975 31.6227766017 34.4818792991 16.4924225025 17.2046505341 17.2626765016 17.0 16.2788205961 24.3515913238 10.295630141 9.8488578018 30.4138126515 29.0172362571 31.9061122671 32.2800247831 34.5253530033 57.4891294072 56.5862174032 
961 117.038455219 19.0262975904 20.0 32.0624390838 24.0208242989 43.0 25.9422435421 25.9422435421 23.0867927612 24.3515913238 56.0357029045 36.0138862107 35.6931365951 41.7612260356 42.9418211072 11.7046999107 13.3416640641 19.2093727123 18.4390889146 23.769728648 23.2594066992 41.6773319683 42.1900462195 17.0 18.8679622641 30.4138126515 34.0 14.1421356237 14.3178210633 18.4390889146 14.4222051019 18.0277563773 24.3515913238 10.295630141 10.8166538264 29.1547594742 28.0178514522 31.064449134 31.304951685 39.8120584748 57.4282160614 61.554853586 
1075 126.194294641 22.2036033112 21.0237960416 36.0555127546 24.0831891576 43.1856457634 25.9422435421 25.5538646784 22.360679775 22.4722050542 61.0737259384 32.0624390838 33.5261092285 38.275318418 41.0487515035 11.7046999107 13.152946438 16.4012194669 17.8044938148 22.360679775 23.769728648 40.7062648741 40.0 17.88854382 19.2353840617 32.6955654485 34.0 17.1172427686 16.6433169771 19.4164878389 16.4012194669 18.8679622641 22.4722050542 9.21954445729 10.295630141 28.6006992922 26.0 30.0 33.5410196625 40.5215991787 57.6888204074 60.8769250209 
1093 119.03780912 20.0997512422 21.0237960416 33.0 20.0249843945 36.0 26.83281573 26.4196896272 23.4093998214 23.4093998214 58.0086200491 35.5105618091 36.6742416418 40.3112887415 40.718546143 10.1980390272 10.0498756211 18.0277563773 17.2046505341 24.3515913238 23.4093998214 41.5932686862 40.718546143 18.7882942281 18.7882942281 31.7647603485 33.1209903234 17.7200451467 15.0 16.7630546142 14.4222051019 18.0277563773 23.4093998214 12.0830459736 12.0830459736 30.5286750449 29.0 30.0166620396 36.7695526217 37.3363094052 60.605280298 59.816385715 
1101 122.004098292 18.0 19.0 34.0147027034 22.0 38.0131556175 26.4196896272 23.7065391823 23.5372045919 22.4722050542 58.0086200491 35.2278299076 36.8781778292 39.5600808897 42.9418211072 10.1980390272 12.1655250606 18.6010752377 18.6010752377 23.769728648 24.1660919472 43.4165866922 42.5440947724 20.2484567313 22.4722050542 31.4006369362 36.3593179254 15.8113883008 16.1245154966 19.4164878389 16.5529453572 14.8660687473 22.4722050542 12.0830459736 13.0384048104 30.4630924235 31.2569992162 35.2278299076 30.6757233004 43.4165866922 56.4003546088 61.5223536611 
1192 117.0 20.0249843945 21.0950231097 28.0 23.0 40.0124980475 26.4007575649 26.9258240357 20.3960780544 22.1359436212 58.0344725142 37.1214223865 37.0540146273 41.4366987102 41.4366987102 11.1803398875 12.1655250606 16.4012194669 18.3847763109 21.0237960416 21.5406592285 45.6508488421 42.9534631898 19.9248588452 21.5406592285 31.6227766017 34.1320963318 13.3416640641 17.4642491966 15.2970585408 18.3847763109 15.2643375225 22.1359436212 10.8166538264 10.295630141 35.4682957019 35.0570962859 38.4707681233 32.5576411922 34.5253530033 58.7962583844 56.8506816142 
1209 122.262013725 22.0 23.1948270095 33.0605505096 25.0199920064 45.0444225182 27.8028775489 26.0768096208 22.5610283454 21.0237960416 64.0312423743 35.2278299076 36.2215405525 40.718546143 42.1544778167 13.152946438 12.3693168769 18.3847763109 18.4390889146 21.5406592285 22.4722050542 43.0116263352 42.0594816896 17.4642491966 17.88854382 31.064449134 33.6154726279 15.5241746963 17.0293863659 18.1107702763 17.2046505341 17.691806013 21.0237960416 10.295630141 10.295630141 27.2946881279 26.1725046566 30.61045573 30.083217913 36.8781778292 55.9016994375 58.7281874401 
1267 115.01738999 20.0997512422 19.2353840617 32.0 22.0 40.049968789 23.3238075794 25.0599281723 19.6977156036 20.2484567313 56.0357029045 33.5410196625 33.2415402772 38.9101529167 38.0788655293 11.1803398875 11.1803398875 17.691806013 16.4012194669 22.8473193176 21.0237960416 39.6610640301 39.3573373083 17.4642491966 19.3132079158 30.4138126515 30.0166620396 16.2788205961 15.8113883008 16.2788205961 17.4928556845 14.2126704036 20.2484567313 10.295630141 10.8166538264 28.3019433962 25.0199920064 27.4590604355 36.0555127546 34.1760149813 59.4642749893 57.6281181369 
1275 119.016805536 20.0249843945 20.2237484162 30.0166620396 21.0237960416 39.0512483795 24.4131112315 26.6270539114 19.9248588452 19.6468827044 59.076221951 36.3455636908 36.2215405525 39.9249295554 40.8533964316 10.0498756211 11.1803398875 16.4012194669 17.8044938148 21.9317121995 21.0237960416 40.4969134626 39.8120584748 18.3575597507 18.3575597507 32.6496554346 31.7804971641 14.5602197786 13.0 16.2788205961 14.7648230602 15.2643375225 19.6468827044 11.7046999107 12.0830459736 29.5465734054 29.1547594742 32.4499614792 32.3109888428 37.3630833845 57.4891294072 58.137767415 
1360 116.430236623 20.0249843945 19.1049731745 33.1360830516 25.079872408 40.1995024845 25.2388589282 27.7308492477 22.803508502 24.0416305603 59.4138031101 35.3553390593 36.1247837364 40.718546143 43.0813184571 12.1655250606 13.6014705087 19.1049731745 18.6010752377 23.5372045919 23.2594066992 42.7200187266 43.4626276242 18.0277563773 19.7230829233 31.6227766017 32.6496554346 16.1554944214 14.2126704036 18.2482875909 16.1245154966 15.5563491861 24.0416305603 10.4403065089 11.401754251 29.9666481275 28.1602556807 31.2409987036 29.4278779391 34.9284983931 53.8144961883 55.6057550978 
1389 123.146254511 20.0 19.0262975904 32.0624390838 23.0867927612 37.0540146273 24.4131112315 23.7065391823 20.8806130178 21.5406592285 57.0788927713 35.5105618091 35.1283361405 39.3573373083 39.5600808897 12.0 11.1803398875 17.691806013 18.6010752377 20.8806130178 21.5406592285 39.9624824054 39.3954312072 15.6524758425 16.4012194669 30.4138126515 31.384709653 15.5241746963 12.8062484749 17.1172427686 13.0384048104 17.0293863659 21.5406592285 12.0830459736 12.0830459736 29.9666481275 28.1602556807 31.6227766017 36.8781778292 38.3275357935 57.9827560573 58.137767415 
1400 114.437756007 18.0 18.1107702763 31.1448230048 20.0249843945 30.0166620396 25.5538646784 25.632011236 22.5610283454 23.769728648 53.2353266168 31.7804971641 33.2415402772 37.1214223865 38.6264158317 10.1980390272 10.4403065089 18.0277563773 18.8679622641 26.4764045897 26.4764045897 39.3954312072 39.5600808897 16.5529453572 17.2046505341 29.1547594742 30.4630924235 15.8113883008 12.8062484749 16.1245154966 13.416407865 17.691806013 23.769728648 12.6491106407 12.6491106407 31.7647603485 30.0 31.304951685 36.1386219992 37.6430604494 56.0802995712 58.412327466 
1405 119.03780912 21.0 20.2237484162 35.0142828 24.0 41.0487515035 26.0768096208 27.7308492477 23.0867927612 23.4093998214 61.1310068623 32.5576411922 33.3766385366 38.4707681233 38.9101529167 12.1655250606 12.1655250606 20.0 20.0 26.2488094968 24.6981780705 39.9624824054 41.1825205639 18.3847763109 19.6977156036 32.7566787083 31.7647603485 17.7200451467 15.6204993518 18.4390889146 17.2046505341 16.2788205961 23.4093998214 13.0 13.0 29.1547594742 27.0185121722 30.8058436015 33.2415402772 33.9558536927 55.2268050859 55.3172667438 
1410 118.207444774 20.0997512422 20.0 32.0624390838 23.0867927612 39.0512483795 24.1867732449 24.4131112315 20.6155281281 20.8806130178 58.0775343829 32.0624390838 32.7566787083 37.3363094052 38.0788655293 11.401754251 12.0415945788 19.7230829233 19.8494332413 26.0 24.7386337537 42.9534631898 42.5440947724 18.3575597507 18.7882942281 32.2024843762 32.7566787083 16.2788205961 14.7648230602 16.7630546142 14.4222051019 14.8660687473 20.8806130178 13.416407865 12.6491106407 31.7647603485 31.0161248385 33.5410196625 30.6757233004 37.2155881319 56.6127194189 58.0 
1441 117.017092769 20.0249843945 21.0950231097 34.0147027034 24.0 41.0121933088 25.2388589282 25.0599281723 20.8806130178 21.9317121995 60.0333240792 33.3766385366 34.3656805549 38.0131556175 38.9101529167 12.0415945788 12.0415945788 17.8044938148 19.1049731745 23.769728648 22.4722050542 43.0464865001 42.4852915725 16.5529453572 16.6433169771 30.4138126515 32.3109888428 16.4924225025 14.2126704036 18.2482875909 14.2126704036 15.6204993518 21.9317121995 13.0384048104 11.7046999107 30.8706980809 30.0665927567 33.2866339542 30.3644529014 37.8549864615 56.8506816142 59.4642749893 
1470 120.016665509 21.0237960416 20.0997512422 29.0688837075 22.0227155455 38.0131556175 28.3019433962 25.5538646784 23.769728648 21.1896201004 57.0 34.1320963318 35.2278299076 37.6961536499 39.9249295554 11.0453610172 11.1803398875 15.5563491861 16.2788205961 22.4722050542 22.4722050542 39.9624824054 38.9101529167 18.6815416923 17.88854382 31.064449134 31.304951685 13.6014705087 16.1245154966 16.1245154966 16.1245154966 17.8044938148 21.1896201004 10.295630141 9.8488578018 27.7308492477 27.0739727414 30.2324329157 31.6227766017 38.3275357935 55.9732078766 58.0517010948 
1489 118.067777145 19.0262975904 19.1049731745 35.0142828 24.0208242989 39.0512483795 26.4196896272 28.6356421266 22.803508502 25.0 60.1331855135 32.5576411922 32.3882694814 37.5898922584 38.0131556175 12.0415945788 12.1655250606 16.2788205961 16.9705627485 21.8403296678 21.9317121995 40.4969134626 39.8120584748 18.3847763109 20.1246117975 30.5286750449 32.2490309932 17.7200451467 15.6204993518 18.4390889146 16.6433169771 17.0293863659 25.0 9.8488578018 10.0 27.3130005675 27.1661554144 30.8058436015 31.7804971641 38.3275357935 55.1543289326 55.8659108939 
1509 119.03780912 19.0 20.0249843945 30.0166620396 22.0 40.0 29.4108823397 28.3019433962 24.0831891576 23.5372045919 62.0080639917 34.0587727319 35.5105618091 37.3363094052 39.8120584748 11.0453610172 11.0453610172 15.5563491861 15.5563491861 21.5406592285 22.360679775 41.1825205639 41.1825205639 19.2353840617 20.6155281281 29.0688837075 33.2866339542 13.6014705087 18.0277563773 17.2626765016 18.3575597507 17.691806013 23.5372045919 10.8166538264 10.295630141 31.304951685 30.0166620396 32.2490309932 30.4138126515 36.2215405525 52.4022900263 55.9016994375 
1533 128.097619025 20.0 20.0997512422 35.0 23.0 37.0 24.2074368738 24.6981780705 19.6468827044 20.2484567313 63.0317380373 34.7131099154 34.3656805549 40.7062648741 39.3954312072 12.1655250606 11.1803398875 16.9705627485 16.2788205961 21.8403296678 22.4722050542 40.718546143 42.0594816896 17.88854382 20.591260282 32.2490309932 34.0 18.4390889146 15.6204993518 17.4642491966 15.6524758425 17.2046505341 20.2484567313 9.8488578018 10.295630141 31.6227766017 29.0688837075 30.886890423 41.0 37.947331922 59.4138031101 61.0737259384 
1537 123.065023463 23.0217288664 23.0217288664 33.0 25.0199920064 43.0464865001 27.4590604355 28.8444102037 23.4093998214 24.0416305603 64.0078120232 32.0156211872 33.7342555869 36.4005494464 39.4461658466 12.1655250606 13.0384048104 17.0293863659 18.4390889146 25.632011236 26.5706605112 42.1900462195 39.9624824054 17.4642491966 18.7882942281 33.5410196625 34.885527085 16.7630546142 14.2126704036 17.7200451467 15.0 17.8044938148 24.0416305603 10.8166538264 10.295630141 29.0688837075 28.0713376952 31.6227766017 28.1602556807 38.1182371051 54.0370243444 55.4436651025 
