Leaf
654 122.262013725 21.0 23.1948270095 34.0147027034 24.0208242989 42.0475920833 28.6530975638 31.384709653 25.9615099715 28.231188427 60.207972894 33.3766385366 33.3766385366 37.5765884561 39.3573373083 11.0453610172 13.152946438 15.6204993518 16.2788205961 21.1896201004 21.9544984001 42.0119030752 38.4837628098 22.360679775 24.5967477525 33.3016516107 38.9486841883 14.8660687473 19.7230829233 20.3960780544 20.1246117975 17.0 28.231188427 8.94427191 10.0 29.1204395571 29.6141857899 33.6005952328 26.0768096208 39.3192065027 50.9901951359 55.9016994375 
102 115.212846506 20.0 22.0907220344 33.0151480384 22.0227155455 41.0121933088 29.6816441593 29.5296461205 25.3179778023 25.2982212813 63.0317380373 33.7342555869 33.2415402772 38.4707681233 38.0788655293 11.0453610172 11.1803398875 20.8086520467 20.591260282 26.5706605112 26.9258240357 41.6173040934 38.9101529167 20.3960780544 21.1896201004 31.2409987036 34.1320963318 16.7630546142 19.2093727123 17.4642491966 18.8679622641 17.0293863659 25.2982212813 14.8660687473 15.2315462117 29.5296461205 28.1602556807 31.4006369362 31.3209195267 34.0147027034 55.2268050859 56.0357029045 
105 116.017240098 22.0907220344 22.0907220344 34.0147027034 25.0 43.0 27.7848879789 29.9666481275 23.4093998214 26.5706605112 61.1310068623 32.2490309932 33.3766385366 38.0131556175 38.9101529167 13.152946438 12.1655250606 19.1049731745 18.4390889146 23.4093998214 24.1660919472 40.8166632639 41.3400532172 19.9248588452 22.8473193176 32.7566787083 36.3593179254 17.0880074906 16.4012194669 18.6815416923 18.3575597507 15.8113883008 26.5706605112 12.0830459736 11.1803398875 27.2029410175 25.0 27.4590604355 33.2415402772 33.9558536927 55.2268050859 57.2800139665 
165 118.422970745 22.0 23.1948270095 30.0665927567 24.0208242989 40.0124980475 28.4253408071 29.5296461205 22.360679775 24.6981780705 62.2896460096 33.1360830516 34.1320963318 37.6961536499 40.3112887415 11.1803398875 13.3416640641 17.8044938148 19.8494332413 23.769728648 25.079872408 41.0487515035 38.9101529167 18.4390889146 21.4709105536 31.6227766017 36.6742416418 13.6014705087 16.6433169771 17.1172427686 18.3847763109 15.0 24.6981780705 12.0830459736 12.0830459736 26.5706605112 27.4590604355 31.2409987036 28.1602556807 41.4849370254 53.8144961883 60.1082357086 
211 121.148668998 22.2036033112 21.0 32.0624390838 21.0237960416 39.0512483795 29.9666481275 28.8444102037 25.632011236 24.5153013443 61.2045749924 35.3553390593 34.5253530033 40.8533964316 39.8120584748 10.4403065089 11.1803398875 17.0293863659 15.6204993518 23.2594066992 23.4093998214 42.4852915725 41.1825205639 22.4722050542 22.803508502 34.9857113691 34.8281495345 17.2626765016 20.1246117975 15.8113883008 19.2353840617 18.0277563773 24.5153013443 8.94427191 10.295630141 30.2324329157 28.0178514522 29.5296461205 37.1079506306 31.0483493925 58.7962583844 54.6717477313 
240 118.949569146 19.4164878389 19.0262975904 33.1360830516 24.1867732449 45.5411901469 28.231188427 27.2029410175 23.4093998214 23.1948270095 60.4069532422 31.0 32.2800247831 34.7850542619 37.2021504755 11.1803398875 13.0384048104 15.0 17.4928556845 22.803508502 23.0867927612 44.72135955 41.400483089 21.0237960416 21.5870331449 31.7647603485 32.5576411922 17.4642491966 17.0 17.4642491966 17.8044938148 15.5563491861 23.1948270095 12.0415945788 10.4403065089 32.2024843762 31.0 34.4383507154 28.1602556807 34.1320963318 53.2634959423 53.2541078228 
310 116.211014968 19.0 20.0249843945 35.0142828 24.0 42.0475920833 29.1547594742 30.4138126515 25.3179778023 26.6833281283 64.0702739186 35.5105618091 36.3455636908 41.1460812229 41.629316593 12.1655250606 12.1655250606 19.8494332413 18.6010752377 23.0867927612 22.825424421 41.8807831827 41.5932686862 22.1359436212 23.2594066992 33.4215499341 36.0555127546 16.7630546142 18.3575597507 19.4164878389 19.2353840617 14.8660687473 26.6833281283 12.0830459736 12.5299640861 29.9666481275 28.0713376952 31.064449134 27.6586333719 34.9284983931 53.1507290637 57.3846669416 
318 124.036285014 20.0997512422 20.0 33.0151480384 26.0 41.0487515035 30.886890423 30.0166620396 25.495097568 26.4764045897 63.0317380373 34.3656805549 33.0605505096 41.1460812229 39.0 13.3416640641 13.3416640641 18.4390889146 19.7989898732 23.769728648 24.7386337537 43.4165866922 41.1825205639 21.5406592285 23.0867927612 33.2866339542 34.8281495345 18.2482875909 19.7230829233 15.5241746963 19.6977156036 19.7989898732 26.4764045897 11.1803398875 10.7703296143 31.064449134 29.0 30.886890423 39.4588393139 34.9284983931 59.4138031101 57.3149195236 
340 118.511602807 20.2237484162 20.0 35.0570962859 25.0199920064 48.0416485979 29.1547594742 27.7308492477 25.632011236 26.2488094968 58.137767415 35.0570962859 34.9284983931 40.4969134626 41.6773319683 12.3693168769 13.152946438 18.4390889146 18.3847763109 26.83281573 27.3130005675 43.9089968002 44.4072066223 20.591260282 21.4709105536 33.5410196625 35.5105618091 17.4642491966 15.6524758425 18.973665961 15.2643375225 18.8679622641 26.2488094968 10.8166538264 12.2065556157 31.384709653 29.0172362571 32.2490309932 29.1204395571 31.1448230048 56.2227711875 55.1724568965 
487 116.155068766 20.2237484162 19.0262975904 33.1360830516 24.0831891576 43.1045241245 31.7804971641 30.5286750449 26.9258240357 27.1661554144 62.2896460096 34.2344855372 33.3766385366 40.3112887415 38.0131556175 12.3693168769 12.0415945788 20.0 18.4390889146 24.5967477525 24.3515913238 45.2769256907 41.1825205639 23.0867927612 23.1948270095 33.0151480384 32.5576411922 17.7200451467 19.7230829233 17.88854382 19.8494332413 18.8679622641 27.1661554144 12.5299640861 13.0 30.0166620396 29.0172362571 31.384709653 32.0156211872 31.3209195267 58.137767415 55.4436651025 
560 118.342722632 20.0249843945 21.2132034356 32.0624390838 25.079872408 43.2897216438 30.5286750449 29.9666481275 25.3179778023 25.2982212813 61.0737259384 34.5253530033 34.0147027034 39.8246155035 39.2173431023 13.0384048104 12.3693168769 19.4164878389 15.8113883008 20.6155281281 21.400934559 38.0131556175 41.6773319683 23.5372045919 23.4093998214 33.3016516107 34.6698716467 17.0880074906 20.2484567313 16.4924225025 19.6977156036 18.4390889146 25.2982212813 9.48683298051 11.313708499 31.384709653 27.0 28.8444102037 36.4965751818 30.3644529014 55.9732078766 54.0370243444 
579 126.003968191 22.0907220344 21.0950231097 34.0147027034 23.0 38.0 30.0166620396 30.886890423 25.0 25.7099202644 64.0 35.5105618091 34.3656805549 41.1460812229 39.3954312072 12.1655250606 11.1803398875 16.9705627485 16.2788205961 22.4722050542 22.1359436212 41.5932686862 41.5932686862 20.8806130178 21.3775583264 33.2866339542 31.4006369362 18.4390889146 20.0 16.7630546142 20.0 21.0950231097 25.7099202644 9.43398113206 10.0 34.6698716467 31.0161248385 33.5410196625 42.4499705536 35.4400902933 62.2896460096 59.0338885726 
596 119.004201606 20.0 20.0 33.0151480384 24.0 42.0119030752 28.1780056072 29.0688837075 25.9615099715 26.9258240357 59.0 35.1283361405 34.5253530033 39.3954312072 38.9101529167 13.0384048104 11.0453610172 17.691806013 17.691806013 23.769728648 24.6981780705 42.9418211072 43.0464865001 21.9317121995 23.769728648 35.2278299076 36.4005494464 17.4642491966 17.88854382 16.7630546142 18.3847763109 16.4012194669 26.9258240357 11.6619037897 11.1803398875 32.7566787083 31.0161248385 32.6496554346 33.2415402772 33.2415402772 53.7587202229 55.1543289326 
606 118.004237212 21.0950231097 21.0950231097 34.0147027034 25.0199920064 46.0 29.9666481275 29.0688837075 26.2488094968 25.2982212813 60.0333240792 32.2490309932 32.3882694814 38.4837628098 38.4707681233 12.3693168769 13.152946438 17.691806013 16.2788205961 22.825424421 21.4709105536 44.418464629 44.418464629 21.1896201004 20.8806130178 33.2866339542 32.4499614792 17.4642491966 18.8679622641 17.7200451467 18.6010752377 18.3575597507 25.2982212813 8.60232526704 9.89949493661 32.2490309932 30.0 32.2490309932 33.2415402772 34.2344855372 56.5685424949 57.2800139665 
615 116.520384483 21.0237960416 21.5870331449 32.0624390838 21.0950231097 39.0512483795 30.5286750449 31.9530906173 25.495097568 26.9258240357 59.3043000127 36.1386219992 35.0570962859 41.1825205639 39.8497176903 11.0453610172 10.4403065089 17.0293863659 18.0277563773 23.769728648 23.769728648 40.4969134626 39.8120584748 21.3775583264 22.1359436212 32.0156211872 32.2490309932 17.0880074906 19.2093727123 16.4924225025 19.2353840617 18.6010752377 26.9258240357 12.0830459736 12.0830459736 28.6530975638 26.0768096208 29.206163733 34.205262753 35.3411940941 57.3149195236 58.2494635168 
616 124.064499354 23.0867927612 22.360679775 33.0605505096 23.0217288664 43.0464865001 28.8444102037 29.5465734054 23.0867927612 25.079872408 61.2045749924 34.5253530033 35.2278299076 39.3573373083 39.9249295554 12.0415945788 11.1803398875 15.5563491861 16.9705627485 24.6981780705 24.5967477525 43.0116263352 41.1460812229 20.8806130178 22.360679775 34.1320963318 35.77708764 17.0880074906 17.2046505341 17.4642491966 17.4642491966 15.6204993518 25.079872408 10.6301458127 9.43398113206 29.0688837075 28.2842712475 32.0156211872 32.0156211872 37.8549864615 56.5862174032 57.3149195236 
629 125.015998976 21.2132034356 21.0 34.0147027034 22.0227155455 41.0487515035 30.4138126515 30.5286750449 25.0 26.4764045897 64.0312423743 34.3656805549 34.7131099154 39.3954312072 39.3573373083 11.1803398875 11.0453610172 17.8044938148 17.0293863659 21.9317121995 23.2594066992 42.0594816896 40.8166632639 21.5406592285 21.1896201004 33.6154726279 34.4093010682 17.4642491966 18.3575597507 17.7200451467 18.0277563773 18.4390889146 26.4764045897 11.1803398875 12.5299640861 31.384709653 29.0 31.384709653 36.1386219992 35.902646142 58.7962583844 57.2800139665 
662 120.004166594 22.0227155455 21.0950231097 31.0161248385 25.0 41.0487515035 30.886890423 30.886890423 26.9258240357 25.7099202644 61.0081961707 35.2278299076 36.0555127546 40.718546143 40.4969134626 13.152946438 12.1655250606 19.1049731745 18.4390889146 25.9615099715 24.6981780705 39.6610640301 39.8246155035 22.4722050542 22.4722050542 36.0555127546 34.6698716467 16.7630546142 17.88854382 15.5241746963 18.3847763109 17.8044938148 25.7099202644 11.1803398875 11.6619037897 30.5286750449 27.0185121722 29.4108823397 36.6742416418 34.205262753 56.5862174032 54.5618914628 
678 117.106788872 22.0227155455 21.0237960416 30.0166620396 23.0 39.0 32.2024843762 30.2324329157 29.1204395571 26.3058928759 61.2045749924 36.1247837364 35.2278299076 40.8533964316 39.9249295554 12.1655250606 11.1803398875 18.4390889146 17.8044938148 25.2982212813 25.2982212813 42.9534631898 44.2944691807 23.4093998214 22.5610283454 36.6196668472 34.7131099154 16.7630546142 18.7882942281 15.2315462117 18.3575597507 18.6010752377 26.3058928759 11.6619037897 11.1803398875 33.1209903234 31.0161248385 32.2024843762 33.3766385366 28.4429253067 55.3172667438 54.0370243444 
702 120.337026721 23.0 23.1948270095 34.0587727319 25.0199920064 45.0998891351 29.206163733 29.5296461205 23.5372045919 24.6981780705 66.1891229735 34.5253530033 35.1283361405 39.8246155035 39.9249295554 13.0384048104 12.1655250606 18.4390889146 17.0293863659 25.2982212813 25.0599281723 42.8018691181 41.5932686862 19.6468827044 19.3132079158 33.8378486314 33.5410196625 16.7630546142 17.8044938148 18.2482875909 18.6010752377 15.8113883008 24.6981780705 11.6619037897 11.401754251 28.6356421266 27.1661554144 30.0 30.5941170816 32.8937684068 56.5862174032 57.008771255 
730 122.036879672 22.0227155455 22.0907220344 32.0156211872 22.0 40.0 28.3019433962 29.0688837075 24.0416305603 25.632011236 60.0749531835 35.5105618091 36.2215405525 40.718546143 40.8533964316 11.1803398875 11.1803398875 15.6204993518 16.9705627485 24.1660919472 23.4093998214 40.8166632639 39.8246155035 19.3132079158 19.3132079158 33.6154726279 33.1209903234 17.4642491966 17.2046505341 15.2970585408 17.0 16.2788205961 25.632011236 10.6301458127 8.94427191 32.2490309932 29.0172362571 31.9061122671 35.1710107901 36.6878726557 57.3846669416 58.137767415 
806 119.03780912 22.0907220344 21.2132034356 32.0156211872 23.0217288664 38.0131556175 31.384709653 30.886890423 25.7099202644 24.7386337537 63.0079360081 34.3656805549 34.2344855372 39.3954312072 40.3112887415 11.1803398875 12.3693168769 18.3847763109 17.2046505341 21.8403296678 22.8473193176 35.5105618091 36.3593179254 22.803508502 22.4722050542 34.4093010682 34.1320963318 15.8113883008 19.2353840617 17.4642491966 19.2353840617 16.2788205961 24.7386337537 10.7703296143 12.2065556157 25.2388589282 23.0 25.8069758011 35.4682957019 37.3363094052 55.9016994375 57.3149195236 
818 118.004237212 19.1049731745 20.0249843945 34.0 23.0 43.0116263352 29.0688837075 27.7308492477 24.7386337537 25.2982212813 59.0084739677 34.2344855372 34.7131099154 39.0 40.7062648741 11.1803398875 12.1655250606 19.4164878389 20.0 25.495097568 25.632011236 41.8807831827 39.4461658466 21.8403296678 22.4722050542 31.4006369362 34.4093010682 16.7630546142 18.8679622641 18.6815416923 18.8679622641 18.6010752377 25.2982212813 13.416407865 13.0 27.2946881279 26.0768096208 30.8058436015 28.4604989415 37.0 54.6717477313 59.5482997238 
822 125.015998976 22.0227155455 22.360679775 31.0161248385 22.0227155455 39.0128184063 28.3019433962 30.4138126515 24.0416305603 24.3515913238 60.1331855135 35.5105618091 35.1283361405 41.629316593 41.4366987102 11.401754251 11.7046999107 19.2093727123 18.8679622641 25.2982212813 25.632011236 40.4969134626 38.9101529167 20.2484567313 21.8403296678 34.1320963318 32.7566787083 16.7630546142 16.6433169771 15.5241746963 19.2353840617 19.2093727123 24.3515913238 11.1803398875 11.6619037897 30.5286750449 28.0178514522 31.064449134 37.6430604494 37.0 59.4138031101 57.6281181369 
850 121.103261723 22.0227155455 22.0 31.0161248385 23.0867927612 43.1045241245 29.6816441593 29.1547594742 24.7386337537 25.9615099715 62.0080639917 34.0147027034 35.6931365951 39.2173431023 40.249223595 12.3693168769 11.0453610172 19.4164878389 18.4390889146 23.2594066992 24.1660919472 42.0475920833 43.0116263352 21.5406592285 22.8473193176 35.5105618091 37.4432904537 15.8113883008 16.5529453572 17.0880074906 16.5529453572 15.5563491861 25.9615099715 12.5299640861 12.6491106407 30.2324329157 29.0688837075 31.304951685 31.0483493925 35.1283361405 53.4134814443 57.4891294072 
944 118.004237212 20.0249843945 19.1049731745 33.0 22.0 35.0142828 29.0688837075 29.0688837075 25.9615099715 24.7386337537 59.0 33.5410196625 33.3766385366 38.9101529167 38.4837628098 11.1803398875 11.1803398875 17.8044938148 17.8044938148 21.1896201004 21.8403296678 35.77708764 36.3593179254 21.0237960416 21.0237960416 34.1320963318 32.7566787083 17.4642491966 17.0 16.4924225025 16.5529453572 18.4390889146 24.7386337537 10.7703296143 11.7046999107 25.6124969497 23.0867927612 23.3238075794 37.1079506306 34.4818792991 53.7401153702 53.7401153702 
951 121.103261723 21.0237960416 21.0950231097 31.064449134 21.0 39.0128184063 30.5286750449 29.5296461205 25.495097568 25.0 61.0327780787 34.9284983931 36.0555127546 41.5932686862 40.8044115262 11.401754251 10.4403065089 17.0293863659 16.4012194669 25.9615099715 26.4007575649 41.6773319683 41.1460812229 22.5610283454 20.8806130178 33.4215499341 32.4499614792 17.7200451467 20.8086520467 14.3178210633 18.7882942281 19.8494332413 25.0 10.8166538264 10.8166538264 29.1547594742 27.0739727414 30.0 38.6005181312 33.5410196625 60.8769250209 58.5234995536 
986 120.415945788 21.0237960416 20.3960780544 34.1320963318 23.0217288664 43.1045241245 30.8058436015 31.7804971641 24.1867732449 25.9615099715 65.3758365147 33.9558536927 35.1283361405 39.4461658466 39.5600808897 12.0415945788 11.1803398875 17.691806013 16.4012194669 23.4093998214 23.3238075794 42.0119030752 39.8120584748 23.1948270095 24.6981780705 32.5576411922 34.6698716467 17.4642491966 20.6155281281 18.4390889146 21.0237960416 16.9705627485 25.9615099715 11.6619037897 11.401754251 26.83281573 24.3310501212 29.0 30.083217913 35.4682957019 56.5862174032 57.2013985843 
1048 119.507321951 20.2237484162 19.0262975904 32.0624390838 23.0217288664 44.1814440687 31.7804971641 30.5286750449 26.9258240357 27.1661554144 61.2045749924 34.3656805549 33.2415402772 39.8120584748 37.1618083521 12.1655250606 11.0453610172 17.8044938148 17.691806013 22.2036033112 22.4722050542 44.72135955 43.2666153056 22.4722050542 21.3775583264 33.2866339542 31.8276609257 18.2482875909 20.591260282 14.8660687473 18.8679622641 19.2093727123 27.1661554144 12.5299640861 12.6491106407 34.9857113691 33.1360830516 33.2415402772 35.3553390593 26.1725046566 58.0 50.931326313 
1158 120.066648158 21.0237960416 22.2036033112 30.0166620396 23.0 47.0106370942 31.064449134 32.6496554346 25.3179778023 26.9258240357 62.128898268 34.2344855372 35.1283361405 39.0 39.9249295554 11.1803398875 12.1655250606 18.6010752377 19.2093727123 24.1867732449 23.3238075794 43.8292140016 43.0464865001 21.5870331449 21.8403296678 32.8024389337 33.2866339542 16.1554944214 18.0277563773 15.8113883008 18.3575597507 17.691806013 26.9258240357 13.416407865 13.0 29.5296461205 28.0713376952 31.6227766017 29.1204395571 33.2415402772 55.9732078766 58.137767415 
1249 118.016947935 20.2237484162 20.0997512422 32.0156211872 22.0 42.0 28.1780056072 27.7848879789 23.0867927612 22.803508502 59.0338885726 32.2490309932 31.5753068077 37.1618083521 37.1214223865 11.1803398875 11.1803398875 15.5563491861 15.5563491861 23.2594066992 23.2594066992 43.4165866922 43.4165866922 19.3132079158 19.3132079158 30.886890423 31.384709653 16.4924225025 16.6433169771 16.7630546142 15.8113883008 16.4012194669 22.803508502 9.21954445729 9.21954445729 30.5286750449 29.0 31.384709653 32.0156211872 35.3553390593 56.0802995712 57.2800139665 
1346 118.038129433 22.0907220344 22.0227155455 33.0151480384 23.0 40.0124980475 28.3019433962 28.0178514522 23.0867927612 22.803508502 64.0312423743 34.3656805549 33.3766385366 39.3954312072 38.9101529167 11.1803398875 12.1655250606 17.0293863659 17.691806013 22.8473193176 23.4093998214 40.3112887415 39.4461658466 18.973665961 19.6468827044 32.2490309932 32.4499614792 17.4642491966 17.8044938148 16.7630546142 17.8044938148 17.0293863659 22.803508502 11.1803398875 11.1803398875 29.5296461205 28.0 30.4138126515 34.7131099154 32.7566787083 56.5685424949 55.1724568965 
1545 130.552671363 21.0950231097 23.1948270095 34.2344855372 23.0867927612 48.2597140481 27.6586333719 28.1780056072 23.1948270095 24.1660919472 65.4904573201 32.7566787083 34.2344855372 38.0788655293 39.9249295554 12.0415945788 11.401754251 15.0 15.5563491861 26.0 25.8069758011 49.9299509313 51.4781507049 19.1049731745 19.7230829233 31.1448230048 35.8468966579 16.1554944214 18.3847763109 19.1049731745 17.4928556845 17.0293863659 24.1660919472 10.0 9.21954445729 31.304951685 30.1496268634 33.4215499341 29.2745623366 41.1946598481 58.7962583844 64.3816744113 
1600 119.004201606 22.2036033112 21.0950231097 33.0151480384 23.0217288664 40.049968789 31.064449134 30.2324329157 23.5372045919 23.3452350599 67.0298440995 34.5253530033 34.2344855372 40.249223595 38.0788655293 12.1655250606 11.0453610172 19.4164878389 19.2093727123 26.0 25.9615099715 42.0594816896 40.3112887415 19.3132079158 18.973665961 32.6496554346 31.384709653 18.2482875909 18.6010752377 15.5241746963 16.6433169771 18.4390889146 23.3452350599 12.5299640861 13.0 30.5286750449 28.0 31.384709653 34.7850542619 33.6154726279 59.0338885726 58.6003412959 
