Leaf
302 1.0 0.173116687505 0.168599821248 0.279142271039 0.202878470542 0.33997280629 0.215244878759 0.206460618979 0.170043144088 0.177156008309 0.497285094495 0.312738988439 0.320979451842 0.34478150026 0.343772764229 0.106511197035 0.0963672735076 0.147086891143 0.13991629589 0.190924163263 0.190587019854 0.326383793682 0.327131704219 0.152580930979 0.15484027252 0.261095212034 0.272426204389 0.135336819991 0.135051399315 0.148479460816 0.12960822456 0.122779194218 0.177156008309 0.0952935099272 0.0999060603709 0.224659854022 0.213565127163 0.236431770269 0.287316673349 0.305161861959 0.484816936842 0.496223486512 
324 1.0 0.193404770896 0.184244256209 0.274502006097 0.209452310253 0.330666811973 0.229688390557 0.226751441487 0.177063128153 0.183185034205 0.502383508078 0.296611494009 0.293533919952 0.347282889595 0.342865508263 0.108553138065 0.106034160737 0.16453045393 0.162746694241 0.163277247219 0.158165154874 0.323828449746 0.332882578112 0.149738510817 0.154009476718 0.275445584953 0.275445584953 0.14682219436 0.132990550365 0.131519189844 0.128945829816 0.134847260943 0.183185034205 0.0985297321021 0.0977586658908 0.216907004609 0.204648677203 0.21150682054 0.308334672507 0.301706856115 0.50703163716 0.505472751692 
343 1.0 0.17382722857 0.177150299155 0.291836786565 0.19297919001 0.333477962186 0.212064256251 0.21811724578 0.18632888941 0.186110407151 0.500406691497 0.304926814783 0.30745148979 0.352189019347 0.347068818354 0.101122054754 0.0943218113753 0.151392222646 0.14013431459 0.179885199609 0.181909393516 0.352073478084 0.337921837846 0.151839468 0.160776163409 0.27081864088 0.28229364819 0.153261882836 0.127144723142 0.145266344854 0.131445259083 0.137496486191 0.186110407151 0.0911036808 0.093164444705 0.221571806226 0.218985995005 0.234072770399 0.268100823249 0.309692964106 0.490608335645 0.509058658936 
373 1.0 0.171366505193 0.164787423306 0.254023362628 0.206417028605 0.333375322794 0.236916541558 0.233344730912 0.187513705256 0.18366724823 0.497607725695 0.296485200553 0.298602138826 0.338127943041 0.341136514705 0.107915756901 0.101774518845 0.149839177339 0.149652228823 0.185788887472 0.185788887472 0.348484101589 0.336135030143 0.143930904854 0.148996061802 0.239034010541 0.242291071785 0.128735714927 0.143930904854 0.129710589123 0.143930904854 0.161960083228 0.18366724823 0.0880598781857 0.0875817214669 0.22051498396 0.211904596767 0.231900603183 0.274572079266 0.32327133059 0.498422808511 0.517653960154 
386 1.0 0.166895018435 0.169639622098 0.263309312235 0.193486070754 0.327901086501 0.222425781914 0.223913163796 0.169639622098 0.1698946555 0.510843594126 0.310028653372 0.306987936739 0.355725492976 0.346601753158 0.103342884457 0.0938273902443 0.176232439434 0.16861563112 0.173425748129 0.182666385047 0.319157861427 0.302774966007 0.139686059154 0.149275442531 0.249981959228 0.260388155701 0.130719557943 0.1311604346 0.135277119186 0.127364347483 0.144660086501 0.1698946555 0.113842097184 0.110757764677 0.230769230769 0.221906094798 0.238579526581 0.306281945916 0.300574328774 0.48680081396 0.473271745604 
388 1.0 0.171018388612 0.17451357255 0.292780270334 0.205978026529 0.31969983822 0.220565673461 0.217448827897 0.173381580674 0.17668152614 0.528655856263 0.298771847872 0.302483441709 0.347292744318 0.343912223732 0.100668562464 0.107723721717 0.15286047964 0.145106677694 0.18310308573 0.197784998725 0.330362106682 0.324063568711 0.148945905531 0.153545956082 0.259098905642 0.272772219566 0.144290191001 0.140697340247 0.15286047964 0.131235742985 0.141348935782 0.17668152614 0.0852786072951 0.0894849777234 0.221693590329 0.215264576707 0.240877564548 0.292106953375 0.298156094845 0.475501865618 0.496489289552 
449 1.0 0.171014222628 0.172875000358 0.263291952991 0.180191762941 0.326500895138 0.215197355657 0.224257688032 0.160579129181 0.183515051402 0.498492774962 0.296125299356 0.303750395854 0.333218763392 0.339035769322 0.0930081664755 0.0888375898067 0.152089614664 0.147179644163 0.173968291889 0.18117552874 0.329463562176 0.320049410794 0.150994867988 0.158947335874 0.257236361301 0.267931815827 0.131082179573 0.12962768596 0.13769546729 0.137178137468 0.121998494843 0.183515051402 0.100361955738 0.0958937966209 0.228601432561 0.21558247203 0.239536690783 0.278854569752 0.31912242799 0.471720033011 0.494291247659 
465 1.0 0.157442310614 0.155058551456 0.259274412864 0.187593627621 0.324723993136 0.220045998507 0.22254165471 0.163446064429 0.167175351811 0.508443982994 0.297476327504 0.310199922276 0.335577682805 0.344678081269 0.0968287288094 0.0924868344086 0.150689825737 0.144955417117 0.179619142128 0.183649673758 0.332037897187 0.335462844149 0.149061625164 0.154394486086 0.24179311318 0.240301206656 0.136466735111 0.13693650151 0.127615206358 0.142813100987 0.139169309058 0.167175351811 0.0978841139757 0.0998328940281 0.22231068251 0.218875532767 0.233359630581 0.284048020021 0.304516899364 0.480281619586 0.495393628503 
477 1.0 0.170890567971 0.166697248107 0.261324038767 0.184322349904 0.327724175675 0.223060977904 0.224408436645 0.17165586767 0.179786482705 0.481721689013 0.300517737765 0.308736115121 0.341550954434 0.34517747026 0.0934324236243 0.0934324236243 0.137576449293 0.130536563743 0.172113414109 0.171732210066 0.312617617985 0.316989522317 0.1540280394 0.158059989262 0.254204924536 0.25646365565 0.129528544305 0.122132607979 0.141614008284 0.133514967425 0.137766866615 0.179786482705 0.0781544044963 0.0809553401903 0.217828542305 0.209922676279 0.216015790603 0.2804842604 0.309329920534 0.471157297929 0.500458553426 
485 1.0 0.182905210211 0.175598348125 0.264100535082 0.196946871173 0.331503049364 0.234138619555 0.232243825011 0.179508912263 0.181345592075 0.505734825209 0.304197140467 0.312235370043 0.341260739348 0.34685630255 0.0969797982507 0.101277931972 0.162044691155 0.163305758354 0.191997054314 0.186747279271 0.322772039511 0.315052891001 0.153441401998 0.165989365993 0.264100535082 0.273954897926 0.131150936299 0.135878604306 0.13772423866 0.140783891657 0.143228624964 0.181345592075 0.108062250103 0.110659577329 0.202555863944 0.191090819863 0.208997547238 0.278921252072 0.324575930223 0.484345434826 0.509031575662 
490 1.0 0.174395197562 0.168607785801 0.30697061382 0.1881839387 0.331720110252 0.226698082017 0.225179513179 0.181623131959 0.183702725894 0.549504950495 0.292246973132 0.303921692637 0.345436733157 0.354228590495 0.0972617955663 0.0961212269255 0.147687464259 0.143905364889 0.182027488226 0.183969348278 0.331128544717 0.319297336566 0.157329193882 0.159418239486 0.267921962925 0.272637026 0.157329193882 0.140719508946 0.156313400038 0.141587620258 0.123762376238 0.183702725894 0.086598295468 0.0961212269255 0.210614330556 0.203211641107 0.223869684249 0.269336049678 0.301370915945 0.465899187314 0.469070835045 
499 1.0 0.180001179322 0.165193759777 0.270001768983 0.195617020369 0.301986792043 0.224286540535 0.220265391368 0.182237304554 0.177186043863 0.507801820827 0.299758761916 0.307667866746 0.338117172244 0.346440799942 0.09571572158 0.101659324106 0.164600906638 0.152443186793 0.188638819473 0.182543585955 0.333668341793 0.340750395153 0.157134840264 0.156064669989 0.270105198126 0.264726054262 0.135877355426 0.140724421976 0.138322121619 0.137105187806 0.142205252884 0.177186043863 0.0974508910341 0.107013429984 0.222975094697 0.206183392957 0.219948143052 0.299199161997 0.305344092466 0.490254730863 0.503187982125 
559 1.0 0.166577950135 0.18143247684 0.283672027289 0.19152247266 0.321130074673 0.225772203856 0.234363517153 0.182581125576 0.193496983337 0.518804077346 0.312187200909 0.305168094268 0.350557235771 0.356204375241 0.0932983202135 0.101681170144 0.135216167265 0.139777620468 0.177942047752 0.187511086287 0.334181173031 0.344652231108 0.155971795051 0.168280665084 0.258208704024 0.284207510592 0.140591076146 0.140591076146 0.151144837985 0.135356651633 0.139505414523 0.193496983337 0.0772513201109 0.0838575070946 0.231671938047 0.228865690599 0.244523410623 0.282866901652 0.302352541662 0.475690003227 0.493572800888 
569 1.0 0.185400021433 0.185400021433 0.266629637344 0.205602063066 0.349995481826 0.236323261672 0.223575747719 0.189840385007 0.191297603375 0.483298140678 0.323896789394 0.317838514403 0.366194692576 0.36212761939 0.106848405761 0.10242515813 0.15730928921 0.157896631474 0.171480063205 0.181616807465 0.34314001634 0.346807197429 0.161948394697 0.161471373353 0.273259247212 0.280887587872 0.136177206392 0.141946201498 0.136177206392 0.131684707184 0.142271891108 0.191297603375 0.0993669989862 0.0993669989862 0.232638708994 0.216921254026 0.23150858142 0.274048526648 0.293353613194 0.476579759158 0.499590995664 
571 1.0 0.185853806818 0.180582991821 0.243372617463 0.179961896286 0.306906732538 0.227562001794 0.235005173923 0.177376890354 0.194104860812 0.49757986724 0.302728437131 0.298585421653 0.336324346101 0.343896089893 0.0861265038626 0.0975558550603 0.148234300948 0.158721272258 0.169054506512 0.182740203036 0.323036676233 0.30286710197 0.143922846915 0.160649486531 0.258000059672 0.26585484077 0.119363837414 0.133531459981 0.129703327305 0.149737348774 0.14294708755 0.194104860812 0.0972685028748 0.0994033987814 0.227254277513 0.218526140079 0.242335267936 0.289010279951 0.343081169103 0.492490848473 0.493824706903 
609 1.0 0.176658267806 0.188896154804 0.269585110489 0.175974573815 0.310715841752 0.23175450954 0.241268635578 0.196404869483 0.21296070904 0.477542822233 0.299521897805 0.313291590504 0.335824249572 0.346000066583 0.0885941029736 0.0885941029736 0.135856560717 0.135856560717 0.19338096103 0.194486004088 0.326768099481 0.331003555677 0.164487042474 0.162438556044 0.277999435329 0.290256082838 0.135856560717 0.125184032757 0.142120484044 0.127305947147 0.148029290258 0.21296070904 0.0903901120404 0.0925861433795 0.236276137332 0.223097066539 0.252710990851 0.291407440324 0.322435481453 0.477795186269 0.503004634108 
618 1.0 0.153444907033 0.160659822049 0.238950723526 0.184533051901 0.326228347196 0.243827771641 0.228112253688 0.185725395031 0.183573601455 0.466684465483 0.299610758856 0.305013971282 0.329549508295 0.343541866758 0.0874770560528 0.0989987250652 0.153636593438 0.144454342707 0.187067530115 0.184453288313 0.329549508295 0.332395104623 0.169572243771 0.172412270769 0.227142521706 0.259782272924 0.108094286269 0.158167389853 0.137352478208 0.15044253916 0.157701505513 0.183573601455 0.0961329587162 0.102360520099 0.233531352507 0.217613336122 0.247422478133 0.301959148217 0.355126350285 0.483594959163 0.52261452155 
644 1.0 0.169805160317 0.176175052773 0.266666666667 0.194034067801 0.321269291653 0.212034614358 0.214274782178 0.185913474548 0.190210361533 0.478826235518 0.305204322715 0.29918775872 0.345507704575 0.350154104864 0.0927094457017 0.105843934525 0.132919467876 0.145706851881 0.197412090605 0.199356172162 0.336186139354 0.344389639883 0.160004591302 0.163186812337 0.274405610247 0.290023905794 0.132365634351 0.12479551686 0.144058961503 0.116578085222 0.129702633691 0.190210361533 0.0790206352146 0.0739791249438 0.245435839167 0.224242424242 0.248780312143 0.291413703762 0.330733664234 0.473348465206 0.501567789968 
724 1.0 0.173024124366 0.178121912803 0.261166175768 0.172309145587 0.283383421163 0.228788250255 0.231537160081 0.193247319266 0.198525473972 0.488912908632 0.30801560839 0.309614661879 0.339429659048 0.340700255798 0.0840695134767 0.0890609564014 0.143369875303 0.142289453913 0.193247319266 0.190026305034 0.31816889143 0.320584787103 0.159084445715 0.165175992644 0.270911049089 0.27441996594 0.136194016836 0.134368888894 0.132052010221 0.141963724098 0.149482404825 0.198525473972 0.0970221094044 0.10213607001 0.251534594383 0.233594128976 0.250981837922 0.302352330198 0.314510254367 0.482399074429 0.488123192548 
752 1.0 0.167545021454 0.173262272464 0.275843847619 0.189642645238 0.32761497523 0.221752953809 0.218829599596 0.179993394859 0.183626322067 0.49996697381 0.28939877549 0.291955100509 0.335090042908 0.34442147999 0.0947777766593 0.100362618628 0.150845262646 0.147188535537 0.176285615493 0.179901631715 0.315600536773 0.311492762489 0.152694858941 0.167051515164 0.252333887968 0.280238622608 0.135262355767 0.140295969468 0.146513871012 0.138995262362 0.142746229826 0.183626322067 0.0875318398382 0.0926635082413 0.216858804486 0.201464256789 0.226468494197 0.301087855885 0.308937754779 0.488710053623 0.479775927444 
771 1.0 0.172693868858 0.173170792905 0.287185631998 0.201029942399 0.339073691981 0.213755643957 0.22348873713 0.183529370465 0.198386870091 0.494259738765 0.324913452552 0.324151042149 0.365076086532 0.36052950707 0.104023060155 0.0983165236515 0.134088321696 0.138326917975 0.187793932538 0.194354878893 0.3221091255 0.31543390501 0.156772845204 0.161846366975 0.277427860893 0.277427860893 0.146436514158 0.129073888218 0.146436514158 0.133965248406 0.150765618891 0.198386870091 0.0861556895994 0.0770599914371 0.240551183738 0.218261080319 0.242327501751 0.281617692407 0.298230905952 0.442713209069 0.471124506201 
924 1.0 0.171159998296 0.170467195819 0.276966914352 0.189741094808 0.323072674943 0.206721839431 0.233259813149 0.167667361718 0.179118149327 0.507789220227 0.315495101049 0.311130499914 0.360942215037 0.356211828665 0.0995704232402 0.0945581869707 0.165138774083 0.162165952791 0.16868377378 0.176604604544 0.312311585234 0.320169970112 0.158392227137 0.159054959015 0.270773440223 0.259516196378 0.145859237493 0.131043736774 0.13683578087 0.140813842958 0.123501910195 0.179118149327 0.105719266948 0.105719266948 0.226161919199 0.210253645598 0.23048112377 0.30960534122 0.312437865279 0.496556278371 0.505089023212 
935 1.0 0.169514898753 0.172130112564 0.274271416258 0.177894067594 0.322294345866 0.23530111106 0.223426272078 0.186746719113 0.177082132422 0.511821290073 0.296490112657 0.303408505543 0.346346922775 0.350565273619 0.0917385182449 0.0926762446744 0.156519970829 0.152604020549 0.182532084097 0.166512879629 0.326558624036 0.327791922392 0.161504484176 0.157894989664 0.25454141198 0.260639411694 0.135921860393 0.149165691447 0.144553728743 0.145051333411 0.137503013152 0.177082132422 0.0960362701447 0.0967836453865 0.238464556503 0.225736312183 0.240090675362 0.294098827539 0.300880653461 0.488040035098 0.489720243131 
968 1.0 0.181071492085 0.176628352283 0.27673311458 0.206153675173 0.363521963452 0.200141222178 0.219699672197 0.157701505513 0.199183074201 0.463171107117 0.316938960397 0.321731563189 0.371846750935 0.370816373219 0.111841233927 0.101349170467 0.169485439443 0.162752901452 0.174701592207 0.181963275591 0.338710299056 0.337055281905 0.136060733415 0.155161559779 0.252893314268 0.281373779961 0.138313370067 0.127114079582 0.142712013028 0.114056126844 0.130428170978 0.199183074201 0.0970470803154 0.0970470803154 0.233342232741 0.211648312982 0.23023128705 0.296797913374 0.303272125986 0.487565004763 0.509208259145 
1050 1.0 0.172076042611 0.162688783039 0.281255973066 0.197853734587 0.364675716326 0.20981523091 0.215672849454 0.184608056081 0.20252249367 0.459092425169 0.299585677286 0.304740892599 0.349928686072 0.363596956808 0.0972350948404 0.108680986856 0.154752067935 0.152014440097 0.177042285793 0.177653304989 0.345016889084 0.347325505308 0.121843006819 0.156146258872 0.23743589148 0.275465289811 0.133816928839 0.121509037236 0.152370446299 0.118803487684 0.154489256422 0.20252249367 0.0861560163617 0.0968162769791 0.210781384435 0.193212374322 0.213970391332 0.274677400346 0.311988752283 0.500778252719 0.52679920823 
1055 1.0 0.158354138425 0.169627037182 0.28945734864 0.196653376629 0.317131652382 0.21746181642 0.240323494388 0.198764746407 0.228167371581 0.482040754919 0.308167005395 0.310624478016 0.352867503439 0.368815411393 0.095363314992 0.107281558048 0.151029622677 0.155216219067 0.189550503887 0.192980149714 0.31372865092 0.322492528925 0.154156052416 0.177192610068 0.260505890951 0.300376450949 0.129794306919 0.127359360484 0.166074244781 0.136839425335 0.156173761889 0.228167371581 0.0882168758599 0.0939457797322 0.20144685076 0.191817841512 0.220930542771 0.283787793882 0.340701167399 0.480553927304 0.518315045137 
1060 1.0 0.170349799942 0.177332226116 0.308340883134 0.180722302051 0.345390045742 0.207821648741 0.216340253193 0.174766706076 0.190085966512 0.511049399825 0.293904194204 0.299092959542 0.335060217468 0.344530814303 0.090945011188 0.0917177099605 0.124034734589 0.12773472865 0.173713641017 0.185881333512 0.34807667939 0.344735587465 0.143058633991 0.157700483462 0.254417568622 0.28119113514 0.141770237646 0.131973778966 0.171341174751 0.140268922078 0.143551092019 0.190085966512 0.075512831496 0.0722654871647 0.220987710295 0.224158427693 0.250785639219 0.250616741025 0.335060217468 0.46467296002 0.514709529529 
1119 1.0 0.162504937291 0.159702917965 0.297641483239 0.180907940969 0.339944962585 0.22883245611 0.2280914964 0.195306627973 0.198459249738 0.489132547385 0.310991874944 0.316922910044 0.343248684165 0.351853556758 0.0856476221437 0.0956095207271 0.136044364333 0.135212280904 0.185527610616 0.180595761373 0.351853556758 0.351853556758 0.156850850712 0.152102223302 0.256723163213 0.256942866431 0.150235867671 0.138510626108 0.152102223302 0.136044364333 0.180595761373 0.198459249738 0.0950175056187 0.0950175056187 0.209523833951 0.212731017836 0.242248057641 0.274154731974 0.33273090052 0.51574903373 0.518803411732 
1468 1.0 0.170734803912 0.171542610807 0.289375533915 0.194931226434 0.345723054228 0.219879422731 0.216439351346 0.178869539392 0.185695338177 0.496859831644 0.30075414421 0.304019757249 0.351332956255 0.352455428623 0.10230970117 0.0975668762191 0.169806890499 0.16388844536 0.180955231996 0.19114579373 0.322492269633 0.32444604605 0.151879900081 0.149916699494 0.261406830112 0.270758977369 0.141792340206 0.13077894434 0.152009878624 0.127258209224 0.151358869729 0.185695338177 0.107395307273 0.112426546002 0.207494757373 0.188649767671 0.214974431965 0.2954540966 0.312097590177 0.490136547273 0.508567044971 
1507 1.0 0.180914084209 0.184088257648 0.265026333177 0.192547613943 0.331815273631 0.218778122223 0.234126784445 0.186627525982 0.19122684059 0.482720986751 0.292805352847 0.301816849384 0.347172295067 0.344450154248 0.105084359753 0.0934107123811 0.140470915866 0.131965589178 0.182706342339 0.172408923999 0.323863802378 0.322912165261 0.158970256214 0.156097409199 0.287942588211 0.272635646075 0.14466120624 0.11353065981 0.12989161638 0.121092061973 0.136417385672 0.19122684059 0.0734482236959 0.0724556345066 0.231561147018 0.21794910021 0.240684517428 0.274422571974 0.293052550319 0.468021549601 0.46995154356 
