Leaf
533 119.004201606 22.2036033112 22.0227155455 37.0135110466 24.0208242989 42.0119030752 25.5538646784 26.0768096208 21.0237960416 22.4722050542 64.0078120232 47.3814309619 47.5184174821 53.1413210223 52.5547333739 12.3693168769 12.1655250606 22.4722050542 21.6333076528 23.769728648 23.769728648 41.8807831827 38.9486841883 18.3575597507 18.8679622641 33.6154726279 35.3411940941 19.1049731745 17.2046505341 18.2482875909 15.2643375225 15.5563491861 22.4722050542 14.3178210633 14.7648230602 24.6981780705 22.0907220344 27.6586333719 31.4006369362 41.1825205639 62.4339651152 65.8027355054 
57 118.152443902 21.3775583264 20.0997512422 36.0138862107 28.0178514522 43.0116263352 29.5296461205 27.4590604355 23.0867927612 21.5870331449 65.1229606207 40.049968789 40.4474968323 46.8187996429 47.4236228055 14.5602197786 14.3178210633 22.0227155455 21.2602916255 23.0867927612 23.4093998214 40.3112887415 41.0487515035 18.973665961 18.0277563773 30.4138126515 30.0166620396 17.1172427686 19.4164878389 19.2353840617 19.1049731745 19.8494332413 21.5870331449 12.5299640861 12.5299640861 24.8394846967 22.0227155455 25.0 36.6196668472 34.9857113691 63.5137780328 62.2012861603 
77 123.004064973 22.2036033112 23.0867927612 37.0 26.0 48.0416485979 26.6270539114 27.4590604355 20.2484567313 22.4722050542 67.007462271 40.3112887415 40.4474968323 45.6946386352 46.0977222865 13.152946438 13.152946438 20.6155281281 20.6155281281 25.495097568 27.3130005675 46.1410879802 45.4862616622 17.4642491966 18.7882942281 31.7804971641 34.4383507154 18.2482875909 17.0293863659 19.2353840617 17.8044938148 15.6204993518 22.4722050542 13.0384048104 13.416407865 27.0185121722 24.0 27.8028775489 32.6496554346 33.5410196625 62.6817357769 63.6003144646 
187 119.067207912 23.3452350599 22.0227155455 32.0156211872 28.0178514522 45.0111097397 25.2388589282 25.6124969497 19.2353840617 19.9248588452 62.0322496771 38.0525951809 38.0525951809 44.9444101085 44.0113621693 14.5602197786 14.3178210633 21.400934559 21.9317121995 22.825424421 20.8806130178 45.6508488421 45.2769256907 17.0 15.8113883008 32.8937684068 30.4138126515 17.2626765016 15.0 15.5241746963 14.8660687473 16.2788205961 19.9248588452 13.0384048104 12.5299640861 30.8058436015 27.0739727414 27.2946881279 35.1140997322 32.6955654485 63.41135545 62.0080639917 
354 124.402572321 22.360679775 21.0 33.0605505096 21.0237960416 41.1946598481 28.1780056072 26.2488094968 22.8473193176 20.3960780544 63.387695967 39.3192065027 38.6393581727 44.0113621693 42.5440947724 11.1803398875 10.0498756211 18.0277563773 17.8044938148 23.8537208838 24.0416305603 42.4852915725 40.4969134626 20.2484567313 17.7200451467 35.4682957019 31.064449134 18.1107702763 16.5529453572 15.5241746963 16.4012194669 18.3847763109 20.3960780544 13.0384048104 12.6491106407 31.4006369362 28.1602556807 29.0688837075 39.5600808897 33.5261092285 61.619802012 56.639209034 
366 125.035994817 22.0907220344 21.2132034356 36.0 27.0185121722 52.038447325 26.4007575649 26.0768096208 19.9248588452 20.2484567313 66.0075753228 39.3192065027 38.2099463491 45.1884941108 44.3846820423 14.1421356237 13.3416640641 19.7989898732 19.8494332413 21.9544984001 22.803508502 51.0392006207 49.6487663492 16.1554944214 16.6433169771 30.8706980809 31.9530906173 17.2626765016 16.2788205961 19.2353840617 14.8660687473 17.0293863659 20.2484567313 11.6619037897 11.6619037897 33.1058907145 32.14031736 34.6698716467 30.083217913 33.2415402772 63.1268564083 63.41135545 
384 133.06013678 23.0867927612 22.360679775 36.0 26.0 44.0454310911 28.0178514522 28.3019433962 22.1359436212 21.1896201004 67.007462271 40.4474968323 40.1995024845 47.0106370942 46.2385120868 13.3416640641 13.3416640641 22.0227155455 20.8086520467 23.4093998214 22.360679775 43.0464865001 44.7772263545 19.2353840617 19.2353840617 35.3411940941 33.6154726279 18.4390889146 15.8113883008 18.4390889146 15.8113883008 19.2093727123 21.1896201004 13.416407865 13.0384048104 29.4108823397 26.0192236625 27.4590604355 40.4969134626 38.0131556175 65.8559033041 66.4003012041 
391 127.19276709 23.0867927612 22.0907220344 34.0587727319 28.0 42.0 28.6006992922 27.7848879789 21.8403296678 23.4093998214 65.06919394 43.1856457634 45.0444225182 49.3963561409 50.5964425627 14.3178210633 14.3178210633 20.5182845287 19.1049731745 20.6155281281 21.9317121995 42.1900462195 41.1825205639 19.3132079158 20.591260282 34.0 35.77708764 16.7630546142 15.8113883008 18.2482875909 17.0 17.8044938148 23.4093998214 10.295630141 10.8166538264 27.2946881279 26.0768096208 29.206163733 36.4005494464 39.8246155035 62.3698645181 65.0 
392 119.016805536 20.3960780544 21.0950231097 34.0147027034 25.0199920064 39.1152144312 27.2946881279 26.0768096208 21.1896201004 21.1896201004 61.0737259384 38.1182371051 38.4707681233 44.598206242 45.1884941108 12.6491106407 13.3416640641 21.0950231097 22.0227155455 25.2982212813 26.6833281283 45.6179789118 42.4852915725 21.5406592285 21.0237960416 32.2490309932 34.4818792991 16.4924225025 17.88854382 18.6815416923 16.6433169771 16.2788205961 21.1896201004 13.0384048104 13.0 29.9666481275 30.0665927567 33.2866339542 30.4630924235 41.4849370254 59.908263203 63.7024332345 
397 118.608600025 23.5372045919 22.0 33.1360830516 25.079872408 40.1123422403 29.9666481275 27.8028775489 24.1660919472 22.5610283454 63.5059052372 43.0116263352 42.5793377121 50.0 48.8466989673 13.9283882772 12.3693168769 21.0950231097 21.2602916255 21.4709105536 20.6155281281 42.0475920833 41.3400532172 19.2353840617 19.6468827044 34.1760149813 33.0151480384 18.0277563773 18.3575597507 15.5241746963 18.0277563773 18.4390889146 22.5610283454 12.8062484749 11.7046999107 27.2029410175 25.079872408 25.495097568 36.235341864 34.0147027034 63.2455532034 61.7170964968 
433 120.066648158 21.2132034356 21.2132034356 33.0151480384 22.0227155455 42.0119030752 29.1547594742 27.4590604355 22.803508502 20.8806130178 63.0079360081 42.4264068712 44.283179651 48.1040538832 48.7031826475 11.401754251 11.1803398875 18.8679622641 19.2093727123 22.825424421 21.9317121995 45.1774279923 44.2944691807 20.8806130178 20.2484567313 31.9061122671 32.2490309932 16.4924225025 18.8679622641 17.2626765016 18.8679622641 16.2788205961 20.8806130178 12.2065556157 12.0830459736 29.1547594742 28.0 29.1547594742 35.8468966579 38.0131556175 64.2028036771 66.4003012041 
448 123.101584068 23.0867927612 22.360679775 31.064449134 26.0 40.0124980475 28.4253408071 29.4108823397 20.6155281281 20.6155281281 66.1211010193 40.1995024845 42.0119030752 45.3100430368 46.1735855225 13.152946438 13.152946438 21.400934559 21.400934559 25.0 24.0416305603 42.1900462195 41.1460812229 17.7200451467 17.7200451467 31.7647603485 29.9666481275 16.2788205961 17.8044938148 15.0332963784 18.8679622641 16.6433169771 20.6155281281 14.3178210633 14.3178210633 28.6530975638 27.0739727414 29.4108823397 37.6961536499 38.4707681233 63.1268564083 63.8200595424 
453 126.253712817 23.0217288664 23.3452350599 38.1182371051 27.0185121722 45.0444225182 25.6124969497 25.8069758011 20.2484567313 18.7882942281 69.1158447825 37.6563407675 39.2045915678 43.8292140016 45.6946386352 13.152946438 14.3178210633 19.8494332413 21.2602916255 22.4722050542 22.360679775 41.400483089 40.3112887415 17.0880074906 15.6524758425 32.6496554346 31.6227766017 18.4390889146 16.9705627485 20.0249843945 18.3847763109 16.2788205961 18.7882942281 13.0 12.0830459736 25.5538646784 24.1867732449 26.9072480941 32.5729949498 38.4837628098 57.2800139665 61.7170964968 
499 129.247823966 23.0217288664 22.0907220344 34.0587727319 25.0199920064 39.1152144312 28.0178514522 28.3019433962 23.0867927612 23.0867927612 65.06919394 39.4588393139 40.1123422403 44.283179651 44.598206242 13.0384048104 12.1655250606 21.2132034356 18.8679622641 24.5153013443 23.769728648 43.9089968002 44.3846820423 20.2484567313 20.1246117975 34.9857113691 34.885527085 17.4642491966 18.0277563773 17.1172427686 17.88854382 17.691806013 23.0867927612 12.3693168769 13.8924439894 29.1547594742 27.0185121722 28.0178514522 38.3275357935 40.3112887415 62.9682459657 65.8027355054 
514 127.0 21.2132034356 20.2237484162 36.0 26.0192236625 43.0 26.83281573 25.9422435421 22.8473193176 21.5406592285 60.0083327547 37.3363094052 38.3275357935 42.9534631898 42.9534631898 13.152946438 13.0384048104 20.6155281281 19.8494332413 25.2982212813 24.6981780705 43.8292140016 45.2769256907 18.0277563773 18.8679622641 33.2415402772 32.6955654485 18.2482875909 14.4222051019 18.2482875909 15.2643375225 18.3847763109 21.5406592285 13.416407865 13.416407865 30.5286750449 28.0178514522 30.0166620396 37.3630833845 37.3630833845 62.3698645181 63.7024332345 
519 115.004347744 20.0997512422 21.0950231097 37.0 23.0217288664 40.0 24.1660919472 25.0599281723 22.360679775 21.9317121995 59.0 40.4474968323 41.7731971484 45.3100430368 46.5188133985 11.1803398875 12.0415945788 20.2484567313 20.0 24.3515913238 23.769728648 40.7062648741 41.6773319683 18.6010752377 18.0277563773 33.6154726279 33.6154726279 18.2482875909 13.8924439894 19.2353840617 15.0 16.4012194669 21.9317121995 13.9283882772 14.3178210633 28.0178514522 26.0 29.6816441593 33.2866339542 38.0131556175 59.6824932455 65.0 
527 130.552671363 21.0237960416 22.2036033112 37.0540146273 26.0 45.0111097397 25.0 26.9258240357 19.9248588452 21.5406592285 66.1891229735 40.6078810085 42.1900462195 48.3321838944 49.040799341 13.6014705087 13.6014705087 20.6155281281 20.6155281281 21.5406592285 21.9544984001 51.8652099196 46.8187996429 14.3178210633 16.6433169771 29.5465734054 32.8937684068 18.1107702763 16.2788205961 19.0 17.2046505341 18.3847763109 21.5406592285 12.2065556157 12.2065556157 31.3209195267 32.7566787083 37.8021163429 33.2415402772 42.9534631898 68.8839603972 71.5611626513 
711 123.490890352 23.0 23.5372045919 34.1320963318 27.1661554144 48.2597140481 25.6124969497 26.4196896272 21.1896201004 20.591260282 63.2850693292 38.3275357935 38.0525951809 43.8634243989 45.8802789878 13.152946438 14.8660687473 19.8494332413 20.0 22.1359436212 23.6008474424 44.2040722106 45.1774279923 14.8660687473 16.4012194669 31.304951685 33.9558536927 15.5241746963 14.1421356237 19.0262975904 15.0 16.2788205961 20.591260282 11.1803398875 12.0415945788 28.6356421266 27.1661554144 30.0 31.6227766017 33.2415402772 60.827625303 61.400325732 
808 117.0683561 21.0237960416 21.0 35.0142828 27.0 46.0434577329 26.0768096208 26.6270539114 22.1359436212 22.803508502 64.0078120232 37.1214223865 36.3455636908 44.0113621693 44.283179651 13.6014705087 14.5602197786 20.8086520467 22.6715680975 23.3238075794 23.0867927612 44.7772263545 44.1021541424 17.4928556845 18.3575597507 33.1058907145 34.0 18.2482875909 15.0 17.4642491966 14.4222051019 16.2788205961 22.803508502 13.0384048104 13.0 28.0178514522 26.0 28.8444102037 31.384709653 34.7850542619 59.4053869611 61.619802012 
842 120.066648158 23.0867927612 23.0867927612 32.0156211872 23.0217288664 38.0 27.7848879789 28.1780056072 23.769728648 25.079872408 59.0338885726 41.1946598481 43.2897216438 46.4865571967 48.1040538832 11.401754251 12.1655250606 20.0 18.6010752377 24.7386337537 24.6981780705 41.1460812229 42.0594816896 18.7882942281 19.7230829233 34.4383507154 36.2491379208 15.2970585408 15.6524758425 17.1172427686 16.5529453572 14.1421356237 25.079872408 11.7046999107 13.0384048104 28.6530975638 28.0 29.1547594742 36.6742416418 40.3112887415 62.2012861603 65.2993108693 
853 124.197423484 20.3960780544 20.0249843945 33.0605505096 25.0199920064 39.0512483795 28.1780056072 27.4590604355 22.1359436212 22.5610283454 61.1310068623 40.3112887415 39.1152144312 46.6154480832 43.6577599059 13.3416640641 12.1655250606 21.6333076528 21.400934559 23.4093998214 23.769728648 39.8120584748 40.4969134626 20.1246117975 19.9248588452 32.2024843762 31.6227766017 18.0277563773 19.2353840617 15.2970585408 18.3575597507 18.3847763109 22.5610283454 13.9283882772 13.9283882772 27.8028775489 26.1725046566 25.495097568 42.4852915725 38.0131556175 65.4369925959 63.7808748764 
941 121.498971189 22.360679775 21.0237960416 35.2278299076 24.1867732449 43.1856457634 25.495097568 26.4007575649 21.9544984001 20.6155281281 62.2896460096 40.1123422403 39.8120584748 47.4341649025 45.6179789118 13.0 12.1655250606 19.4164878389 18.3847763109 23.3238075794 22.1359436212 41.2310562562 43.4165866922 18.0277563773 17.7200451467 33.8378486314 30.5286750449 19.0262975904 16.6433169771 16.7630546142 16.2788205961 17.8044938148 20.6155281281 10.6301458127 10.295630141 31.1448230048 26.4764045897 27.3130005675 39.8246155035 30.5286750449 64.3506021728 61.400325732 
1072 130.003846097 22.2036033112 23.3452350599 36.0 28.0 49.0102030194 27.7848879789 28.6530975638 22.4722050542 22.8473193176 64.0078120232 40.1995024845 40.1995024845 47.539457296 47.539457296 14.5602197786 14.5602197786 21.2602916255 21.2602916255 24.1660919472 25.495097568 45.4862616622 44.1021541424 18.7882942281 19.2353840617 33.1058907145 34.5398320783 18.4390889146 16.4012194669 18.4390889146 15.8113883008 17.691806013 22.8473193176 11.6619037897 13.0384048104 27.2029410175 25.0199920064 28.6006992922 35.3411940941 37.5765884561 64.0312423743 66.0681466366 
1086 125.035994817 22.5610283454 23.3452350599 35.0142828 26.0192236625 50.0 31.7647603485 31.384709653 24.0416305603 24.0416305603 66.0302960769 38.1182371051 38.4707681233 43.6577599059 44.72135955 12.3693168769 14.1421356237 20.6155281281 19.8494332413 20.1246117975 22.6715680975 44.1021541424 45.2216762184 18.6815416923 19.3132079158 29.9666481275 33.1058907145 16.2788205961 18.6010752377 19.4164878389 18.4390889146 19.4164878389 24.0416305603 11.7046999107 13.6014705087 25.5538646784 25.079872408 29.206163733 33.0151480384 34.5398320783 64.0702739186 63.7808748764 
1463 126.14277625 21.0950231097 21.2132034356 37.0540146273 24.0208242989 43.0116263352 27.7848879789 27.7308492477 23.0867927612 23.769728648 63.0713881249 37.8549864615 38.3275357935 43.8292140016 44.3846820423 12.1655250606 12.3693168769 20.0 20.8086520467 23.769728648 24.1660919472 41.0487515035 40.3112887415 19.2353840617 18.6010752377 33.5410196625 34.1760149813 18.4390889146 15.8113883008 19.1049731745 15.2643375225 19.2093727123 23.769728648 14.3178210633 14.3178210633 26.6270539114 24.0208242989 27.0185121722 37.1618083521 40.718546143 62.3698645181 63.8905313799 
