Leaf
187 1.0 0.196259998521 0.177406896725 0.274362495679 0.239927040648 0.376964646882 0.209132356619 0.211381573301 0.160922619587 0.160821250998 0.525684831364 0.32027066926 0.314568064836 0.379680224008 0.369051595668 0.124728595479 0.12328203675 0.178415158971 0.181765545897 0.186459899057 0.17340926719 0.383313610373 0.383951227021 0.138128970665 0.133689445404 0.278140470377 0.250305576268 0.150231114692 0.125770188473 0.130229242448 0.12141603878 0.141856560124 0.160821250998 0.102955256023 0.0970858112216 0.250305576268 0.223018948714 0.227435594279 0.296198587013 0.266217564272 0.532465755546 0.520916969791 
177 1.0 0.173055834985 0.179328316686 0.295926308902 0.200941064743 0.357482916012 0.2478347803 0.2570226523 0.211213564703 0.220727214185 0.54193430987 0.284502040188 0.287224609783 0.324622073636 0.326963185961 0.100586660939 0.101049840646 0.138143020737 0.142032003767 0.210031114182 0.212096076478 0.362111979381 0.354333996091 0.188799767201 0.19271651477 0.291260750626 0.298701087761 0.155428112045 0.148566820382 0.1571213872 0.155027006571 0.146030642789 0.220727214185 0.0976021589581 0.0899674445958 0.254527523087 0.240956213126 0.264661012836 0.265131103815 0.269325001931 0.46554934568 0.460100989718 
218 1.0 0.185880547387 0.185073536858 0.300720518481 0.195368603175 0.385401562627 0.2480307875 0.250831223847 0.219823372462 0.218457289594 0.551252443604 0.293159295364 0.286052651615 0.332850675467 0.315339012458 0.100392146162 0.0950305715533 0.134393523131 0.134949253371 0.200908501611 0.19019235551 0.359652792248 0.367610979307 0.189864154479 0.19019235551 0.30854125312 0.301217851542 0.167527195129 0.161074104552 0.145619159123 0.157946154278 0.142851796974 0.218457289594 0.0900431617984 0.0938418171227 0.256729315378 0.231109282724 0.243513838718 0.290895483143 0.250532674377 0.489225305484 0.456270327711 
267 1.0 0.19050115009 0.19050115009 0.299983376697 0.214299746096 0.390521480752 0.253455581151 0.251570459462 0.230357651809 0.224375903778 0.542758692159 0.282871562037 0.295107750899 0.31727972655 0.332489790089 0.104851055152 0.109503946664 0.154861966505 0.148128837527 0.217554055301 0.22381957813 0.3608982256 0.363152296112 0.185680605212 0.185252839551 0.310381909769 0.315991130279 0.156608585269 0.141315529518 0.159619185948 0.138807009846 0.139051747638 0.224375903778 0.102223888873 0.104526270515 0.252335181443 0.238099663616 0.262203292672 0.258722178512 0.274039176589 0.461820992451 0.474793024374 
340 1.0 0.175342559463 0.168620841444 0.298226715882 0.208532363464 0.401836794122 0.252541987196 0.237328599429 0.231186355297 0.222788575209 0.488070037961 0.293655602548 0.289946829577 0.34076056946 0.344493469885 0.102241402934 0.110117360983 0.151161151688 0.150835372965 0.228457292154 0.222069811336 0.371693141086 0.371395243691 0.182962210107 0.182086304237 0.301711509493 0.302810051427 0.147954213759 0.127120332427 0.163134556089 0.122489046129 0.157535312301 0.222788575209 0.0922508517163 0.0962948387439 0.264529109834 0.243062990367 0.266382226079 0.237328599429 0.262896918166 0.457237454153 0.453049343724 
361 1.0 0.179116976318 0.178855427904 0.296137463294 0.217945305169 0.391214932008 0.240479412151 0.248143974832 0.203351851558 0.21272777275 0.547477490197 0.264696601071 0.266342155294 0.309887415603 0.307663798116 0.112287360854 0.106290506659 0.154515093681 0.162008645058 0.217371763898 0.215786665253 0.378070621273 0.350661674925 0.182653939922 0.187793005981 0.296084765106 0.302136453531 0.157317409218 0.145678227383 0.153705048291 0.142756792846 0.12665482858 0.21272777275 0.110183101406 0.102706644821 0.282491611411 0.268675464477 0.290337066199 0.252383927457 0.276517889904 0.462196782822 0.458229646126 
379 1.0 0.176856481036 0.176034100797 0.261458667083 0.188163889804 0.369278442073 0.233855741162 0.237820838976 0.197527604779 0.20387387193 0.505675259506 0.290493870888 0.299673066623 0.329011276352 0.327636297837 0.0980264430746 0.0908563100887 0.157879178996 0.141051495253 0.213379385803 0.20825539193 0.381138227564 0.374007133965 0.185401701154 0.196135105858 0.300049439153 0.308944855551 0.136520865077 0.132930730573 0.140249082837 0.14241654153 0.136756856377 0.20387387193 0.106689692901 0.106689692901 0.257105900026 0.238497813983 0.264889386735 0.255028115333 0.274690121248 0.476251431795 0.474079855104 
416 1.0 0.177600948679 0.171993185541 0.278149973336 0.195252599996 0.379410581412 0.259798357225 0.25407582484 0.223978319073 0.219558298216 0.526623584536 0.280343866267 0.287921260411 0.334073511596 0.34672330299 0.0991827271908 0.104844996573 0.16818550601 0.157545500195 0.211435708049 0.213331291197 0.365978327952 0.367886465641 0.183705180135 0.198453675624 0.28283033505 0.308579689579 0.135181772718 0.146132832831 0.160952877612 0.145532695458 0.142494099976 0.219558298216 0.0901211818119 0.0970418407273 0.232867346617 0.220195161912 0.252278259016 0.249697874503 0.295896434259 0.473228684372 0.48596618885 
418 1.0 0.181444976501 0.177397367484 0.288966843992 0.202861650817 0.352378397649 0.251727718356 0.253699873881 0.218801295193 0.227980376294 0.519409394506 0.270224699259 0.286044660106 0.312682037658 0.331772802178 0.101955923786 0.102651876737 0.150942321525 0.14760353183 0.234629145403 0.232984741771 0.370039649779 0.353346915456 0.178916002975 0.19593452927 0.29034335257 0.310488392067 0.1431964594 0.130283423345 0.165693147822 0.1431964594 0.139672632129 0.227980376294 0.0933526702537 0.0933526702537 0.265010186592 0.251727718356 0.281225029903 0.256379876498 0.30188464305 0.449196081445 0.468468651029 
434 1.0 0.180426079063 0.175275314771 0.288609973935 0.201030245242 0.365857889669 0.237761705288 0.224492677776 0.210262195636 0.203850249429 0.526002654351 0.260159083509 0.26274880544 0.301919370943 0.302314869888 0.103572571442 0.0980411420373 0.172218841245 0.158740294782 0.224965294462 0.22395979186 0.345860905286 0.337585615346 0.177458342485 0.179762610131 0.300464754227 0.305894751944 0.148364959211 0.124632701652 0.159823858861 0.122916506807 0.138459473239 0.203850249429 0.114064924212 0.119854048591 0.247447874508 0.221635814679 0.250169215985 0.264611759843 0.264059281427 0.444587510791 0.433612080727 
521 1.0 0.166791227462 0.160197742673 0.290451490556 0.189530178685 0.37449180829 0.237201521226 0.250880842086 0.220170738009 0.220328623105 0.528822890528 0.276403310146 0.286958478064 0.308732769689 0.332381481086 0.0943513663849 0.0959955603986 0.158670976459 0.15878051805 0.244635030796 0.237714073344 0.376344363787 0.38560890935 0.201707079894 0.213759730819 0.308563770806 0.304365428637 0.150690128051 0.140664447422 0.166059912576 0.163527719846 0.142750296608 0.220328623105 0.117496103567 0.116306238946 0.301207131958 0.279406422033 0.320829331836 0.248793031791 0.296963337771 0.454678209156 0.474293078446 
536 1.0 0.189924766118 0.183921903064 0.30452621123 0.212555938665 0.390685585299 0.252246433262 0.247291522818 0.216250163461 0.21464176379 0.557241244609 0.286201831003 0.290039025334 0.339281170248 0.336644609466 0.110502570671 0.104831943187 0.158476126542 0.15457555069 0.221079792632 0.213485488021 0.374644370054 0.354875242503 0.183562680255 0.176224517847 0.299609770073 0.289982127045 0.167289793633 0.159720722568 0.149142516788 0.15296590373 0.134603914952 0.21464176379 0.100492171891 0.097660836684 0.259533259821 0.241894440543 0.267794333071 0.274909191424 0.254979128483 0.491537575182 0.470158282146 
544 1.0 0.181220230699 0.175728708556 0.269140615084 0.19777105356 0.346140185105 0.268411311399 0.262963073082 0.234790669799 0.235879894199 0.532705953874 0.284395110737 0.280927723814 0.324325411055 0.313064929657 0.104483334505 0.0939997176805 0.155517735269 0.152680117682 0.230970574996 0.227550548474 0.384249617301 0.371358475073 0.201472265046 0.205033169813 0.308748592882 0.313064929657 0.152976105264 0.160104007209 0.13563059175 0.152976105264 0.171032485151 0.235879894199 0.110514751293 0.110514751293 0.272702597853 0.258626790272 0.268411311399 0.276545988864 0.267792656951 0.489331293293 0.478865768883 
567 1.0 0.177533365877 0.178827672436 0.266689471468 0.199935415912 0.371901371407 0.244555738011 0.245559562602 0.204497267104 0.212244706077 0.505709841059 0.286263950924 0.289202808607 0.319944723248 0.330580145158 0.0944315358644 0.106664257939 0.145132053442 0.14555517986 0.18640487924 0.194003141799 0.341649788475 0.34047774458 0.191209286802 0.201009108259 0.292795527832 0.306244271701 0.131808154157 0.148793617486 0.147964677234 0.161669284832 0.137292967321 0.212244706077 0.0895856208838 0.0922906997501 0.243042227416 0.22796144783 0.25223090587 0.25174279529 0.269841600016 0.439438269898 0.450938499776 
601 1.0 0.18209082161 0.176430230192 0.288753512229 0.213854824475 0.36371041381 0.253487888786 0.25673714793 0.223270991593 0.223334993598 0.539983431799 0.295262967699 0.3032386757 0.335588578701 0.353871581891 0.102839492055 0.113413647432 0.151407101329 0.158779106404 0.216511508008 0.226575124363 0.349482559176 0.351440003054 0.192766133787 0.189475857226 0.299587635224 0.293076704212 0.15216037514 0.155872149249 0.150555163394 0.166082057924 0.141148234376 0.223334993598 0.0963830668936 0.0963830668936 0.247670294004 0.22461120395 0.239395647063 0.272455158943 0.286567459704 0.47438307575 0.491459138871 
646 1.0 0.184663825112 0.189611053374 0.277816179161 0.205617924853 0.377917813609 0.250970219558 0.240996368179 0.210805498394 0.216653293419 0.500092572593 0.318396566073 0.319025952434 0.348697472273 0.348033075088 0.10014802031 0.105549040384 0.153247365291 0.145393828997 0.211536195554 0.218849997864 0.370703798216 0.36685439939 0.175671248662 0.179494414011 0.279145980996 0.296306940081 0.137428371216 0.154350961229 0.149578678343 0.149578678343 0.147918946768 0.216653293419 0.0993746649507 0.104815542683 0.26338973279 0.255539781982 0.273280328615 0.245248640047 0.259375490326 0.465180650819 0.475449617959 
659 1.0 0.176946342536 0.178320525815 0.291456877553 0.194053166446 0.33167474534 0.229479192425 0.2398806321 0.188177849848 0.20766437214 0.526838676494 0.279718561336 0.288030827389 0.329212389494 0.337125164782 0.0984832078552 0.0996331758577 0.175746692483 0.174165451673 0.217239130239 0.212007338252 0.332654584241 0.347020328249 0.182291712678 0.196718399139 0.291177570466 0.311431248102 0.151585061663 0.143987161529 0.152227828059 0.146230087209 0.107641329506 0.20766437214 0.120886338832 0.11994031605 0.257799412377 0.251278261793 0.26124817751 0.27413596788 0.270610917206 0.45586316877 0.466868103295 
670 1.0 0.187468259302 0.187065534327 0.274841269848 0.219765972954 0.378977891253 0.245629080235 0.2407290304 0.217281101933 0.217281101933 0.49459353401 0.281457058821 0.275991352916 0.326834390133 0.316899593243 0.111077587362 0.110396541167 0.163301779278 0.15928056299 0.229502226863 0.222426592266 0.344756842953 0.359534191051 0.179578209377 0.189150341049 0.29770811979 0.312731256253 0.144169832913 0.137639981648 0.147888290048 0.12775073772 0.141743090851 0.217281101933 0.100827670766 0.105649062161 0.266651834233 0.24740348201 0.26783708476 0.279682982708 0.277082232081 0.479606111075 0.485606890093 
754 1.0 0.188990494834 0.190831354794 0.297647978339 0.210572693937 0.394351967339 0.260483051747 0.265523161254 0.214886612829 0.221890178409 0.563001010997 0.290164079459 0.304613709503 0.337938568869 0.355130947403 0.103823481775 0.110088357548 0.148897379816 0.156528248244 0.208487076071 0.212911697927 0.363882919791 0.380477715591 0.192654625709 0.204821703147 0.291666233135 0.303895562234 0.155407506514 0.172805141409 0.154561617221 0.183515877251 0.133636460477 0.221890178409 0.0898327328064 0.0961002147478 0.270361630983 0.253913290738 0.283254419698 0.241384692049 0.27330887686 0.454963722012 0.488766749256 
760 1.0 0.176510353761 0.181186934553 0.285714285714 0.194435814728 0.369120010024 0.270217933681 0.269520595915 0.239273043112 0.243517493187 0.519323813388 0.30421649332 0.301177015247 0.339493650075 0.348249938126 0.0925910436905 0.1036713158 0.177573323011 0.166889557661 0.225876975726 0.229367758017 0.347046998648 0.360870476537 0.211436957869 0.202547344006 0.308516345157 0.312154794278 0.141237895735 0.16359952409 0.162187497079 0.157875659897 0.156411968578 0.243517493187 0.122699643067 0.127381955536 0.249539555909 0.240058262137 0.251625694496 0.262046658034 0.279947660357 0.463677317107 0.476970477493 
796 1.0 0.177384028063 0.178764469335 0.289100595599 0.211298951262 0.417550684634 0.244469304627 0.253296845688 0.209839686901 0.224484551067 0.52344844947 0.281616785306 0.284061185537 0.317662616397 0.327568137882 0.105321766663 0.106626559569 0.152917385038 0.157568795357 0.200938065569 0.201777377641 0.371439173998 0.38228341533 0.185843634383 0.200861590565 0.292692045049 0.312837821336 0.144124522802 0.144550297799 0.158734548331 0.156492560006 0.133268789688 0.224484551067 0.107057956717 0.107630463241 0.265266419573 0.25 0.264454318416 0.237002337881 0.258816989438 0.462521093622 0.470948017724 
836 1.0 0.19787869789 0.198961983527 0.287358751294 0.221538518184 0.430986178989 0.255693917649 0.248949933432 0.212121057038 0.214555932212 0.53881376133 0.308985123043 0.305780098759 0.356014656272 0.346788457138 0.114349796259 0.109222240149 0.169502515239 0.170135383086 0.222184404447 0.224988356796 0.379538642111 0.363581808879 0.180058344377 0.192742878717 0.30589723345 0.318631630457 0.155388513174 0.151063199613 0.142269952604 0.147827039825 0.14389737851 0.214555932212 0.112931204929 0.112931204929 0.279009394159 0.257995313915 0.274086836414 0.219507874803 0.25009849747 0.469954165505 0.480507779946 
857 1.0 0.181585978315 0.169817726944 0.26679624787 0.206482322923 0.359424160785 0.243863384729 0.244986322601 0.214395040294 0.220786252008 0.520819960182 0.278540175666 0.282454281008 0.323577893633 0.32204742992 0.105650081002 0.103019375681 0.147687263855 0.158792331599 0.202906601042 0.214395040294 0.378758988612 0.350767032995 0.178742174283 0.183689941234 0.298823554838 0.292010101468 0.142388461348 0.148798174098 0.135945740212 0.146318030838 0.145691398276 0.220786252008 0.103019375681 0.0956510890297 0.265627741361 0.260128759728 0.28682570395 0.283553454849 0.276496179426 0.48031706515 0.470618910792 
875 1.0 0.181258480671 0.174829112805 0.273128819108 0.180271585057 0.365986102216 0.248744356605 0.252599249085 0.213843160316 0.226798536569 0.518730143861 0.285425307603 0.284486234405 0.3230047288 0.322036749555 0.0887646680555 0.0928573307284 0.146820331273 0.154420295965 0.227256914331 0.21899509113 0.381538089695 0.349019890824 0.169123801654 0.188021764344 0.275944654565 0.298112477543 0.141562148267 0.142190850761 0.146820331273 0.14972794683 0.180024015815 0.226798536569 0.102882662621 0.105310484848 0.242203680854 0.229275857656 0.25558315377 0.258647601478 0.287759583429 0.49307637586 0.466681957521 
896 1.0 0.182021454651 0.169587078811 0.269094390179 0.199051616229 0.3806018105 0.266799843781 0.254615487926 0.22254647246 0.224836891006 0.532638649944 0.288512396518 0.288512396518 0.326970734138 0.316351955837 0.100039272269 0.0993540637103 0.149688567866 0.148773032869 0.199480145501 0.196460812302 0.368982153165 0.358226171133 0.184814785952 0.18145762845 0.286909702357 0.282107527191 0.147851828761 0.152402176731 0.141235261115 0.142678929921 0.157905822336 0.224836891006 0.102234488127 0.104547030728 0.264614503511 0.25137528607 0.271935348117 0.270739468786 0.253742018841 0.480518443475 0.467877164678 
917 1.0 0.162679425837 0.157967215495 0.296689301396 0.191387559809 0.354066985646 0.229764731168 0.244534590224 0.200842984324 0.208449960869 0.541008489457 0.283389337703 0.28632276173 0.333832795072 0.333867081807 0.0975888902123 0.0975888902123 0.157967215495 0.163661544273 0.190488318061 0.190488318061 0.341359980512 0.341359980512 0.194825579632 0.192163498833 0.301473378029 0.282458796998 0.159050431948 0.151984499275 0.148556695658 0.164985068417 0.14072192507 0.208449960869 0.104936422007 0.107522512221 0.258948500052 0.239425760827 0.252139945 0.284276569905 0.291041269392 0.456856376924 0.457056774511 
945 1.0 0.18059748213 0.185167326543 0.273121806652 0.203684059198 0.337962076188 0.254941519567 0.254941519567 0.233532999937 0.230205885703 0.523097697485 0.287941146647 0.290718599662 0.328378474609 0.341588551724 0.0989606330833 0.108069369089 0.147336072093 0.147336072093 0.196508688981 0.203051825725 0.349924606534 0.360601186177 0.205464822832 0.200983332136 0.308318889912 0.30584155206 0.141019234557 0.163666340316 0.153881178583 0.166907572598 0.167740034484 0.230205885703 0.0873432532442 0.095433055719 0.254226040512 0.236088341343 0.260635756441 0.285549691612 0.28298662774 0.482368882249 0.480097850664 
1061 1.0 0.174758520652 0.174371458116 0.290851499213 0.209568411071 0.372174036592 0.249594265353 0.245224662575 0.217168510982 0.214350054691 0.535244324105 0.281165527855 0.282842712475 0.332882578112 0.327562661635 0.107175027345 0.105266714022 0.156395202802 0.147959088575 0.224511481678 0.224511481678 0.374887370474 0.364839838982 0.181956335719 0.172814538928 0.297057642964 0.283796653505 0.155093694437 0.145657873856 0.147042924419 0.141898326752 0.147959088575 0.214350054691 0.0937218426184 0.1 0.261234077492 0.244120041362 0.265340169227 0.262266627278 0.250944163058 0.470336279928 0.470336279928 
1161 1.0 0.178180041319 0.179563805628 0.258769175946 0.195321673368 0.396429728309 0.261307433621 0.267300929919 0.21533254901 0.218753756916 0.529297430975 0.282954703522 0.295003103031 0.324362527337 0.337183358731 0.0991698488561 0.0991698488561 0.164304013095 0.164304013095 0.20310776434 0.200984343782 0.368068032792 0.363557224723 0.185262785238 0.190964508008 0.268594180074 0.280494690462 0.13125225415 0.164304013095 0.143618877476 0.167486953151 0.150354629581 0.218753756916 0.113158552154 0.113158552154 0.246690245768 0.23581502451 0.261307433621 0.235534959061 0.270430952194 0.459472681141 0.475705961538 
1296 1.0 0.165446682944 0.17800204377 0.2822773954 0.196809834016 0.393095381748 0.241313913119 0.241546879139 0.203553124604 0.203553124604 0.545846983567 0.284065026654 0.28590706095 0.312236239883 0.334107366835 0.0979753033856 0.0996826491664 0.164765362206 0.164879111175 0.220784362554 0.231074290887 0.356688053757 0.375982221348 0.18134117733 0.180927155837 0.273095174188 0.294053454493 0.134297884782 0.149492623718 0.163394198044 0.154549053788 0.151609659223 0.203553124604 0.123990543209 0.120773439569 0.279540985319 0.25725805935 0.283668748814 0.249864037422 0.28590706095 0.46493933502 0.481110430791 
