Leaf
152 1.0 0.16445675183 0.177844497837 0.303900811121 0.196828861787 0.346642199093 0.205904028215 0.2215574163 0.181366512971 0.19931282888 0.503159910102 0.285980244353 0.301625759686 0.327242467429 0.358130915361 0.0960287098495 0.104173636454 0.161263112831 0.157380936942 0.203983495646 0.214726723015 0.32980978555 0.336727265308 0.142768756068 0.172630331661 0.25742099435 0.306846904224 0.134138720445 0.116771011335 0.175296906974 0.130419298414 0.127475901365 0.19931282888 0.102952014108 0.10457767276 0.230451824729 0.231000157672 0.263412724292 0.260028956188 0.346277034856 0.461543687898 0.494963244777 
390 1.0 0.165899205601 0.166410058868 0.27654557234 0.207345225265 0.354733059873 0.21591824762 0.214340020907 0.181008081945 0.18655042484 0.497846822714 0.286939396923 0.293158053893 0.328488217877 0.348182092059 0.0984764577556 0.112930578896 0.16403402636 0.170504011792 0.214141924727 0.21728979293 0.365777396032 0.358511511641 0.148841681507 0.164937091134 0.258335828972 0.288598552783 0.124034734589 0.124034734589 0.158306689554 0.125733919718 0.136807091817 0.18655042484 0.103005240525 0.107441921885 0.245230363199 0.240644580915 0.269944487859 0.256646398777 0.348669315795 0.480008841652 0.531191543827 
392 1.0 0.166289799348 0.171260473303 0.284244690157 0.216152109962 0.324228164944 0.226217807973 0.214353309397 0.185026055456 0.174248885903 0.506348442757 0.324228164944 0.327791218794 0.371835295306 0.37854331837 0.106117720354 0.114877996382 0.171730840773 0.176913537037 0.206767909764 0.210786197027 0.368347900129 0.350574791683 0.173041067817 0.172761141398 0.269861529723 0.284698393063 0.132609137216 0.149965578566 0.15711075509 0.140294328857 0.136564908329 0.174248885903 0.107176654698 0.104431988722 0.246425137673 0.244848841298 0.275775061159 0.254350377649 0.340299983062 0.491539152311 0.526559683864 
429 1.0 0.180243206457 0.186766666325 0.282793330841 0.207593678061 0.374866273721 0.219581437546 0.224597239064 0.180979647549 0.183261952692 0.501982900149 0.330505970881 0.342609164312 0.375929223701 0.393010797284 0.100707436814 0.111965003487 0.176514919226 0.169597589998 0.193328009051 0.209665681665 0.361959295097 0.369865451526 0.145881966784 0.1649256767 0.252740770587 0.301019670594 0.131496227851 0.131496227851 0.157394575 0.123811813699 0.131496227851 0.183261952692 0.106015648186 0.113732981299 0.22964828916 0.225557534221 0.259492097577 0.268807564502 0.351944968991 0.497157149471 0.562934769002 
430 1.0 0.173658783129 0.174123911753 0.274009962539 0.211516462311 0.341446042109 0.225323519456 0.211078992427 0.179611527694 0.176758311166 0.504778085024 0.294222163173 0.295749786351 0.341005837776 0.350529705363 0.103773020059 0.113147869272 0.177931066234 0.172121653787 0.218026178916 0.216056423336 0.360282949579 0.352600265909 0.14461581427 0.162665046244 0.255912453544 0.288471596669 0.124801971487 0.121328048938 0.157467654487 0.118728892068 0.142928103177 0.176758311166 0.109831458076 0.113961893215 0.236726768186 0.221965305953 0.244222402887 0.275859130509 0.310650275172 0.503838706433 0.517326265078 
431 1.0 0.165647289112 0.173530846878 0.264994172078 0.185030552823 0.329971888835 0.219501088173 0.22650491873 0.183402686408 0.1945118661 0.460586738783 0.311385959083 0.323817937702 0.34467735494 0.362418902674 0.0862961250087 0.100478662488 0.140061247812 0.152038658566 0.197760856232 0.190356260201 0.348140085874 0.333137520788 0.145744651355 0.176103932273 0.250549176897 0.29148930271 0.120184118381 0.116595721084 0.152940000466 0.125374289689 0.135987510304 0.1945118661 0.096157690693 0.0965467321633 0.215363523887 0.222722154122 0.259996078462 0.230659312651 0.365337667584 0.474246809146 0.537479717033 
466 1.0 0.175288691727 0.171555106724 0.291502366518 0.213501691589 0.368807570826 0.216676205169 0.221512123869 0.173398003401 0.181167391265 0.520012931436 0.3081504135 0.322596594554 0.354251949039 0.3714792025 0.103730565107 0.113278344905 0.151124372631 0.157830698186 0.17795483246 0.182333299989 0.337924370259 0.339141493104 0.167598013089 0.172308295807 0.276283627242 0.288743094935 0.145973134383 0.139962053895 0.152365661428 0.134558709627 0.118460012383 0.181167391265 0.0915532240958 0.0982518128226 0.237168342647 0.223259050216 0.246371291623 0.248748988986 0.308608516449 0.45544569152 0.504383684049 
492 1.0 0.175324086763 0.173446996832 0.279396068191 0.206889474523 0.385905304786 0.223128777506 0.212611684835 0.171276563095 0.185602690274 0.502790169873 0.307140855619 0.31431437777 0.351403068207 0.367194513786 0.104307573224 0.107399927938 0.158711650596 0.15402650334 0.164877491148 0.185854468853 0.377451562888 0.367024673577 0.134235395634 0.167596723291 0.234770896449 0.289694770641 0.118442996147 0.136309541758 0.164309272946 0.140920068007 0.138239885426 0.185602690274 0.0929272344265 0.097670596746 0.232234201577 0.229193913637 0.246242454094 0.222359003673 0.316882671194 0.48946885621 0.529281037762 
538 1.0 0.179448360007 0.182453794008 0.264151232127 0.229714218717 0.361732446095 0.244248271629 0.243910678832 0.19796259543 0.190841732617 0.493864798325 0.299417144192 0.298755935116 0.349780984304 0.350769001696 0.117095141863 0.118355018269 0.17069403483 0.174984696572 0.201918941816 0.211096269047 0.359859710452 0.344128641765 0.142026021922 0.154048849789 0.241466078037 0.265458149253 0.128374041491 0.147042924419 0.13885775671 0.13885775671 0.164198378338 0.190841732617 0.103498461069 0.105391882573 0.22360679775 0.213656986416 0.236710036537 0.267129076121 0.344080749671 0.508659359592 0.546939709186 
548 1.0 0.178634449874 0.17933786371 0.296675717965 0.215354301341 0.368900937957 0.226947335921 0.207559989246 0.169562046541 0.179847709412 0.516744902949 0.316679868964 0.320952000403 0.350051910014 0.37017082446 0.10569239544 0.1109749525 0.159043150086 0.152578839172 0.195168844531 0.211005430612 0.33316542259 0.341344351907 0.147389632568 0.172506516806 0.242124434394 0.295903123638 0.125859753607 0.154071818366 0.172837941735 0.150159199788 0.136000188515 0.179847709412 0.096285600121 0.109102700866 0.21615004602 0.207118371747 0.230946715688 0.257651591207 0.334536761676 0.486136050019 0.517718558134 
549 1.0 0.16662825041 0.173796590123 0.281618765998 0.198144917455 0.344655554914 0.231234223284 0.235302491011 0.190042514641 0.201132877801 0.517186524621 0.328833633096 0.328709926163 0.372592094889 0.367204407696 0.104662074474 0.0960147851561 0.158368762201 0.153146370853 0.193226027809 0.198281710649 0.385644349043 0.365687562694 0.145053935604 0.182249648886 0.257213387512 0.305628091211 0.140206342185 0.129342496128 0.147279957253 0.130178320633 0.140206342185 0.201132877801 0.0978331436067 0.101104231179 0.246995997106 0.244069597198 0.266022830223 0.25037592733 0.331666157877 0.509448163406 0.530258982518 
587 1.0 0.181832241314 0.184086446083 0.264398404609 0.187966265642 0.340833054068 0.224465883013 0.207187989032 0.16787664534 0.183993072278 0.499553003383 0.306872970578 0.313411168199 0.334214306456 0.357180170092 0.0881328015362 0.101202557564 0.158396210062 0.160978927231 0.194878754351 0.202150250243 0.346334750122 0.343544896568 0.135979829975 0.152875472496 0.237413428645 0.282010340731 0.111233244823 0.13291222107 0.159261769567 0.134965040942 0.120288581607 0.183993072278 0.111233244823 0.115626706826 0.238712751731 0.236325202464 0.272022840264 0.24171734573 0.344842992649 0.463286427596 0.523965128224 
768 1.0 0.180801856495 0.198231507983 0.284698590844 0.18430129653 0.351863666621 0.212568614846 0.232388387683 0.172330279255 0.204955740877 0.486463699065 0.308849431488 0.31970693966 0.351509233223 0.366992782065 0.0920660675697 0.0963658759649 0.147377617175 0.146529393629 0.188893878873 0.212568614846 0.366950323248 0.332042791041 0.144925594217 0.172420670176 0.244668930668 0.302735013875 0.125942999567 0.139558132767 0.164275987859 0.145569234368 0.122557152102 0.204955740877 0.0924039258338 0.0998596709373 0.212568614846 0.222243861694 0.272621016724 0.247769733971 0.353057252434 0.484731021589 0.521999654945 
878 1.0 0.175205738885 0.173668816743 0.278833264293 0.198182086502 0.336557242501 0.212542378679 0.208723941238 0.176349640517 0.183063006485 0.499060780064 0.301025949021 0.311745066673 0.348301123918 0.363369692616 0.0989218013797 0.104842534806 0.166979152991 0.155764997944 0.197843602759 0.197843602759 0.36776988959 0.341891913372 0.139896553126 0.160845620621 0.253923633788 0.290141871556 0.118072091397 0.119201993614 0.168577076031 0.123074989673 0.139416632146 0.183063006485 0.103556074616 0.103556074616 0.228352298254 0.220284972635 0.240920931931 0.250468729486 0.331541205653 0.508374901244 0.499463519159 
922 1.0 0.167189699096 0.183629697301 0.2707374168 0.188144173677 0.326343143672 0.222683717051 0.227496491504 0.179936583953 0.190801595127 0.491645180203 0.315067648015 0.328347412342 0.35133469737 0.373071278474 0.0911058430697 0.100045763102 0.163124811104 0.172578499296 0.213233243736 0.223709127157 0.358428741382 0.336018076442 0.142024251476 0.160579512007 0.230229880741 0.281675097485 0.118091837255 0.142560396272 0.157121653235 0.142560396272 0.158282666462 0.190801595127 0.116137617904 0.117053647109 0.212588275298 0.223436144594 0.258867748944 0.251937866218 0.373847532315 0.507045268073 0.547081473404 
932 1.0 0.157339102849 0.174660640996 0.303560310604 0.209386231306 0.36634882715 0.222634129419 0.227440830864 0.189114157682 0.201386328133 0.502805884985 0.327137049031 0.328640367361 0.368324370581 0.381580158795 0.100659163335 0.111869205646 0.144359305032 0.155412786336 0.175442824224 0.197472874911 0.360015091589 0.353761489875 0.157426102636 0.18006458542 0.254057631809 0.30234000813 0.140903395058 0.135048439065 0.170374810924 0.131139123345 0.145493034264 0.201386328133 0.0870948225758 0.0900322927098 0.213016727484 0.216143394473 0.256631519033 0.238030549713 0.309987469127 0.487682717838 0.521414781191 
971 1.0 0.187554171388 0.178964995882 0.281756642096 0.199232032271 0.364372869851 0.220742097567 0.241187408462 0.189008101452 0.204319626365 0.494840613139 0.321251999177 0.328415219281 0.371809817484 0.384834320386 0.0964749633847 0.110989378825 0.157398088381 0.159127789639 0.199917858851 0.188645669476 0.344086964351 0.355820554743 0.156088234083 0.16750859525 0.262909243255 0.272118957579 0.133392632128 0.149824242318 0.152540310739 0.162531977944 0.126547362183 0.204319626365 0.0890992734906 0.091374514738 0.23544402722 0.222594511281 0.243446824624 0.247903887136 0.332968136474 0.472194265144 0.530483305713 
1037 1.0 0.168822270945 0.168253159815 0.303627470756 0.214697043526 0.377062247664 0.225346479671 0.22017955253 0.180511134457 0.188749036974 0.523495639234 0.321428027683 0.318429965911 0.37330047879 0.381721303755 0.107921390756 0.114333173405 0.170919522425 0.17171933738 0.183820780854 0.194821980986 0.354279323992 0.35195106663 0.132435085212 0.148159439497 0.23411436705 0.269485874099 0.138602823453 0.137011920556 0.169551178359 0.133465723987 0.15289299353 0.188749036974 0.0983559009703 0.104699127847 0.209201852722 0.194821980986 0.229980875443 0.253233406417 0.324736121978 0.495360774103 0.53038660233 
