Leaf
923 87.0 14.1421356237 15.1327459504 25.0 17.0 30.0 19.2353840617 20.1246117975 15.8113883008 17.0880074906 43.0116263352 28.2842712475 28.2842712475 33.6154726279 33.2415402772 9.48683298051 8.54400374532 14.4222051019 15.0 18.0277563773 18.3847763109 29.1547594742 29.1547594742 13.9283882772 14.8660687473 21.9544984001 23.3238075794 13.3416640641 12.8062484749 12.3693168769 13.0384048104 13.0384048104 17.0880074906 8.94427191 8.54400374532 17.8044938148 16.0 17.8044938148 25.9422435421 25.9422435421 44.2040722106 44.2040722106 
861 102.176318196 17.2626765016 16.1245154966 29.0688837075 18.0277563773 38.0525951809 19.7230829233 19.4164878389 15.6524758425 14.8660687473 50.0899191455 30.1496268634 30.083217913 35.1140997322 35.3553390593 9.48683298051 9.21954445729 14.2126704036 13.4536240471 16.4012194669 17.2046505341 34.0 35.6089876295 13.8924439894 14.7648230602 25.632011236 25.495097568 14.0356688476 13.0384048104 15.2970585408 12.8062484749 12.0415945788 14.8660687473 8.0622577483 8.94427191 23.8537208838 23.0217288664 25.0599281723 27.3130005675 28.8617393793 47.8016736109 50.2493781056 
865 100.019998 17.0293863659 17.0293863659 26.0192236625 19.0 31.0 24.4131112315 23.0217288664 19.2353840617 18.4390889146 53.0377224247 32.14031736 31.2569992162 36.4005494464 35.4682957019 10.1980390272 9.21954445729 15.0 15.6204993518 19.9248588452 19.9248588452 33.1209903234 32.6496554346 15.2970585408 15.5241746963 24.4131112315 25.2388589282 13.0384048104 17.2046505341 13.152946438 15.8113883008 14.1421356237 18.4390889146 9.43398113206 9.8488578018 21.0950231097 20.0249843945 22.2036033112 28.6356421266 31.6227766017 49.2036584006 49.578221025 
868 97.0206163658 17.2626765016 18.1107702763 24.0 19.0262975904 32.0 25.0599281723 23.0217288664 19.6468827044 17.7200451467 49.0917508345 30.1496268634 29.0688837075 33.6154726279 32.8937684068 10.0498756211 9.21954445729 13.4536240471 13.4536240471 15.6524758425 16.1554944214 31.384709653 31.384709653 16.7630546142 15.2970585408 25.5538646784 24.6981780705 13.3416640641 15.2643375225 11.401754251 14.4222051019 17.0293863659 17.7200451467 7.81024967591 7.21110255093 22.4722050542 21.0 22.4722050542 31.0161248385 27.8567765544 48.8364617883 46.0977222865 
930 95.0210502994 18.1107702763 16.0312195419 27.0185121722 19.0 31.0 22.360679775 22.825424421 19.6977156036 19.6468827044 48.0104155366 27.1661554144 26.4764045897 31.7804971641 31.304951685 10.1980390272 9.21954445729 14.8660687473 14.2126704036 17.4642491966 16.7630546142 31.7647603485 32.2490309932 15.2315462117 15.8113883008 26.83281573 25.2388589282 14.3178210633 13.6014705087 13.6014705087 13.6014705087 13.0384048104 19.6468827044 7.61577310586 8.54400374532 25.0599281723 24.0208242989 24.5967477525 26.9258240357 27.6586333719 44.598206242 44.5533388199 
939 98.1274681218 17.0293863659 16.0 25.0199920064 17.0293863659 30.0166620396 19.4164878389 19.8494332413 16.1554944214 15.2970585408 49.040799341 29.1547594742 29.4278779391 33.8378486314 34.0147027034 8.54400374532 9.21954445729 14.7648230602 15.6204993518 18.7882942281 17.7200451467 30.8706980809 31.9061122671 12.5299640861 12.6491106407 25.079872408 23.3238075794 14.0356688476 12.8062484749 11.1803398875 12.2065556157 12.7279220614 15.2970585408 8.94427191 8.94427191 23.6008474424 21.0950231097 22.825424421 31.3209195267 27.6586333719 46.7546789102 44.5533388199 
948 88.0227243387 16.1245154966 15.2970585408 25.0 17.0 32.0 21.4709105536 21.5406592285 18.0277563773 18.3847763109 43.0116263352 28.2842712475 28.2842712475 31.384709653 31.7804971641 8.0622577483 9.05538513814 12.8062484749 13.4536240471 16.5529453572 17.0 30.5286750449 30.5286750449 15.8113883008 16.5529453572 24.6981780705 25.0599281723 12.3693168769 13.8924439894 13.3416640641 13.416407865 12.5299640861 18.3847763109 8.94427191 8.94427191 20.591260282 19.0 20.2484567313 24.1660919472 26.0 44.821869662 44.687805943 
957 90.0055553841 16.1245154966 15.1327459504 26.0 19.0 29.0172362571 21.4709105536 21.4709105536 18.0277563773 17.7200451467 46.0 29.1547594742 29.2745623366 33.6154726279 33.6154726279 10.1980390272 9.21954445729 14.2126704036 14.8660687473 19.4164878389 18.973665961 31.304951685 32.6496554346 14.8660687473 16.1554944214 24.1867732449 24.6981780705 13.3416640641 13.6014705087 13.3416640641 13.8924439894 11.401754251 17.7200451467 8.94427191 8.94427191 23.3238075794 22.0 22.4722050542 27.7308492477 26.9258240357 46.6154480832 45.607017004 
958 99.0050503762 17.1172427686 17.2626765016 28.0178514522 22.0 39.0 20.2484567313 20.8086520467 16.1554944214 14.8660687473 51.0098029794 29.1547594742 30.1496268634 34.9284983931 35.8468966579 11.401754251 11.401754251 14.2126704036 14.2126704036 16.1245154966 16.6433169771 35.5105618091 36.0555127546 14.3178210633 13.9283882772 25.495097568 24.1660919472 14.1421356237 13.6014705087 14.0356688476 15.0 12.7279220614 14.8660687473 7.07106781187 7.81024967591 24.6981780705 23.0 24.6981780705 26.5706605112 26.5706605112 48.2700735446 48.9182992345 
968 88.4590300648 16.0312195419 16.4924225025 25.079872408 18.0277563773 33.0605505096 19.7230829233 21.0237960416 17.0880074906 16.5529453572 44.1814440687 28.4429253067 29.0688837075 33.1058907145 33.8378486314 9.21954445729 9.48683298051 14.1421356237 13.6014705087 17.0880074906 17.4928556845 30.8058436015 30.886890423 14.3178210633 14.3178210633 23.0217288664 23.769728648 12.3693168769 14.2126704036 13.0384048104 13.8924439894 12.5299640861 16.5529453572 7.61577310586 7.81024967591 20.1246117975 19.1049731745 21.400934559 21.1896201004 27.8567765544 41.1096095822 46.0977222865 
972 100.019998 17.1172427686 16.2788205961 27.0185121722 20.0 40.049968789 20.2484567313 20.1246117975 16.1554944214 16.5529453572 47.0425339454 30.4138126515 31.064449134 35.3411940941 35.1140997322 10.1980390272 10.1980390272 16.2788205961 15.0 18.3575597507 17.8044938148 35.6089876295 34.9857113691 13.0 13.8924439894 24.1660919472 24.6981780705 14.3178210633 12.7279220614 13.152946438 11.6619037897 14.8660687473 16.5529453572 9.8488578018 10.295630141 21.6333076528 19.0262975904 21.2602916255 27.7308492477 27.2946881279 51.7397332811 49.4064773081 
975 94.0212741883 17.0293863659 16.0312195419 25.0199920064 19.0262975904 31.0161248385 20.1246117975 20.591260282 18.7882942281 18.0277563773 44.0113621693 26.1725046566 26.1725046566 30.4630924235 29.9666481275 9.21954445729 10.0498756211 14.2126704036 14.1421356237 19.6977156036 18.4390889146 32.6496554346 32.2490309932 14.4222051019 14.7648230602 27.3130005675 25.9422435421 13.3416640641 10.295630141 12.6491106407 10.295630141 13.6014705087 18.0277563773 8.94427191 8.54400374532 23.8537208838 22.0227155455 22.825424421 25.9615099715 25.7099202644 44.0454310911 43.1856457634 
980 94.0212741883 15.0332963784 15.1327459504 26.0192236625 19.0262975904 33.0151480384 21.9544984001 22.360679775 18.4390889146 18.6815416923 47.0425339454 25.3179778023 25.179356624 30.4138126515 30.4630924235 10.1980390272 9.48683298051 14.2126704036 15.6204993518 17.4642491966 17.4642491966 31.064449134 31.384709653 17.4642491966 16.1554944214 26.6270539114 24.6981780705 13.6014705087 13.416407865 13.3416640641 13.8924439894 14.8660687473 18.6815416923 8.60232526704 8.0622577483 21.0950231097 20.0249843945 21.400934559 26.9258240357 26.5706605112 43.8406204336 43.931765273 
992 90.0499861188 16.0312195419 16.0312195419 25.0199920064 20.0249843945 34.0147027034 22.360679775 21.9544984001 19.9248588452 18.6815416923 46.0434577329 26.0768096208 26.1725046566 31.384709653 30.8706980809 10.4403065089 10.1980390272 15.5563491861 13.4536240471 18.3847763109 18.3847763109 33.1209903234 33.2866339542 14.8660687473 15.8113883008 24.6981780705 25.2388589282 13.3416640641 13.6014705087 12.6491106407 13.0384048104 14.7648230602 18.6815416923 8.0622577483 8.60232526704 23.0217288664 21.0237960416 23.3238075794 25.632011236 24.3515913238 45.607017004 44.821869662 
1002 93.0483745156 15.0332963784 16.0312195419 25.0199920064 18.0 31.0 19.2353840617 19.7230829233 17.0880074906 17.0880074906 44.0113621693 32.14031736 31.2569992162 36.0555127546 35.4682957019 9.21954445729 9.21954445729 14.2126704036 14.2126704036 15.2315462117 15.6524758425 29.5296461205 31.064449134 15.2643375225 16.1245154966 25.9422435421 27.2946881279 13.152946438 12.0830459736 12.3693168769 11.7046999107 13.4536240471 17.0880074906 8.94427191 8.94427191 19.4164878389 18.0277563773 18.8679622641 26.83281573 26.9258240357 45.607017004 46.0108682813 
1006 99.0050503762 17.1172427686 17.1172427686 25.0 19.0 36.0138862107 18.4390889146 17.691806013 13.0 12.0830459736 49.0102030194 31.1448230048 31.1448230048 37.3363094052 37.0 10.7703296143 9.8488578018 16.4012194669 15.8113883008 19.2353840617 17.88854382 34.1320963318 34.9857113691 11.6619037897 11.1803398875 24.3515913238 23.4093998214 13.152946438 10.6301458127 12.1655250606 10.6301458127 12.8062484749 12.0830459736 8.60232526704 8.0622577483 25.2388589282 23.0217288664 24.6981780705 29.5465734054 29.5465734054 50.4479930225 50.6063237155 
1012 94.0212741883 16.0312195419 16.0 26.0192236625 19.0262975904 31.0161248385 20.591260282 19.4164878389 18.0277563773 16.7630546142 47.0956473573 27.1661554144 27.2946881279 31.7804971641 30.8706980809 10.1980390272 9.05538513814 14.2126704036 14.1421356237 17.4642491966 16.7630546142 30.886890423 30.5286750449 14.7648230602 13.6014705087 25.9422435421 23.8537208838 14.1421356237 13.0384048104 12.3693168769 12.8062484749 14.2126704036 16.7630546142 8.60232526704 8.54400374532 22.2036033112 20.0249843945 21.0950231097 29.4108823397 25.632011236 46.0108682813 43.2781700168 
1013 95.0052630121 15.0332963784 15.0332963784 28.0178514522 18.0277563773 30.0 18.3575597507 19.2353840617 16.1554944214 17.0880074906 46.0 29.4278779391 29.4278779391 34.9284983931 34.0147027034 9.48683298051 9.21954445729 14.4222051019 14.8660687473 18.0277563773 17.0880074906 33.5410196625 33.5410196625 13.0384048104 13.8924439894 24.1660919472 24.5967477525 14.1421356237 11.401754251 14.3178210633 11.401754251 14.2126704036 17.0880074906 8.60232526704 8.0622577483 23.8537208838 22.0 23.8537208838 28.231188427 28.7923600978 48.0104155366 47.8016736109 
1014 92.0 15.0332963784 15.0332963784 28.0178514522 19.0 34.0147027034 20.2484567313 20.591260282 16.4924225025 17.7200451467 49.040799341 30.2654919008 31.4006369362 34.5398320783 36.2491379208 9.21954445729 10.1980390272 15.8113883008 16.4012194669 19.3132079158 18.7882942281 33.6154726279 34.4818792991 13.9283882772 14.7648230602 23.3238075794 25.0599281723 13.152946438 13.6014705087 15.0332963784 14.4222051019 12.7279220614 17.7200451467 10.7703296143 11.1803398875 21.9544984001 21.0237960416 23.0217288664 25.0599281723 28.231188427 47.4341649025 49.8196748283 
1015 96.0208310733 16.1245154966 16.0312195419 25.0199920064 18.0 33.0151480384 23.3238075794 22.4722050542 18.4390889146 18.4390889146 49.040799341 30.2654919008 29.1547594742 34.5398320783 33.2415402772 9.21954445729 9.21954445729 12.7279220614 12.7279220614 16.1245154966 16.5529453572 32.2490309932 31.9061122671 16.4924225025 16.2788205961 24.4131112315 24.2074368738 13.152946438 16.6433169771 12.3693168769 15.8113883008 14.2126704036 18.4390889146 6.40312423743 7.21110255093 23.8537208838 22.0227155455 22.825424421 28.1602556807 26.9258240357 46.0108682813 44.5533388199 
1016 94.0053189984 15.0332963784 16.0 26.0 20.0 36.0555127546 21.6333076528 21.6333076528 17.2626765016 18.4390889146 50.0 30.1496268634 30.1496268634 34.5398320783 34.5398320783 10.1980390272 10.1980390272 16.2788205961 15.0 18.3847763109 17.4928556845 35.5105618091 36.235341864 14.8660687473 14.8660687473 23.8537208838 25.2388589282 13.3416640641 13.6014705087 13.3416640641 13.6014705087 13.6014705087 18.4390889146 9.43398113206 10.0 22.825424421 22.0227155455 23.8537208838 23.769728648 25.2982212813 47.0106370942 47.8016736109 
1040 90.0499861188 15.2970585408 16.1245154966 24.0 18.0277563773 34.0 21.0237960416 19.7230829233 17.0880074906 16.1554944214 43.0464865001 25.179356624 26.1725046566 30.4630924235 30.4630924235 9.48683298051 9.21954445729 15.0 14.2126704036 18.7882942281 17.88854382 32.7566787083 32.7566787083 14.3178210633 13.6014705087 23.2594066992 22.825424421 13.6014705087 11.401754251 11.7046999107 11.401754251 14.2126704036 16.1554944214 8.94427191 8.94427191 24.5967477525 23.0 24.1867732449 25.632011236 25.0 46.8614980554 43.931765273 
1041 95.0052630121 17.1172427686 17.2626765016 24.0 17.0 31.064449134 15.5563491861 16.2788205961 10.8166538264 9.43398113206 47.0 28.2842712475 28.1602556807 32.6955654485 31.9530906173 9.21954445729 8.24621125124 14.4222051019 15.0 14.7648230602 16.5529453572 29.1547594742 28.0178514522 9.21954445729 8.94427191 23.5372045919 21.5870331449 13.0384048104 9.21954445729 11.0453610172 9.89949493661 11.1803398875 9.43398113206 8.94427191 9.48683298051 18.6010752377 18.0 20.0 28.6530975638 26.9258240357 46.2276973253 44.2040722106 
1090 98.0204060387 18.0277563773 17.2626765016 26.0192236625 18.0277563773 34.0587727319 21.6333076528 22.360679775 18.0277563773 18.3847763109 48.0936586256 29.4278779391 29.1547594742 34.0147027034 34.1760149813 9.21954445729 9.48683298051 14.8660687473 14.4222051019 16.5529453572 16.6433169771 31.064449134 32.7566787083 13.6014705087 14.8660687473 25.0599281723 24.5967477525 13.6014705087 12.7279220614 13.3416640641 13.6014705087 14.4222051019 18.3847763109 8.54400374532 9.43398113206 20.0 18.0 20.0 29.1547594742 25.495097568 47.4236228055 46.4004310325 
1111 95.4253635047 17.0 17.2626765016 27.1661554144 19.0262975904 35.0570962859 20.6155281281 19.6977156036 16.4924225025 17.4928556845 48.2597140481 30.4138126515 32.14031736 34.0147027034 36.4005494464 9.05538513814 10.1980390272 14.8660687473 15.0 17.0880074906 18.0277563773 34.4093010682 33.5410196625 13.6014705087 16.4012194669 24.6981780705 28.7923600978 13.0 11.313708499 15.1327459504 12.0830459736 12.0415945788 17.4928556845 9.8488578018 10.0 21.9317121995 21.2132034356 24.8394846967 22.8473193176 29.9666481275 46.2276973253 50.219518118 
1112 93.0 16.0312195419 16.0312195419 25.0 19.0 33.0151480384 20.8086520467 20.8086520467 16.4924225025 16.4924225025 49.0 29.1547594742 29.1547594742 33.2415402772 33.6154726279 9.21954445729 10.1980390272 14.8660687473 14.2126704036 18.3847763109 17.4642491966 31.9061122671 32.2490309932 13.6014705087 13.9283882772 23.3238075794 24.1867732449 13.152946438 14.2126704036 12.1655250606 13.0384048104 14.1421356237 16.4924225025 8.94427191 9.43398113206 21.6333076528 19.0 21.0950231097 26.9258240357 25.632011236 46.8614980554 46.2276973253 
1129 88.0 16.1245154966 15.2970585408 26.0192236625 19.0262975904 39.0128184063 19.2353840617 19.6977156036 16.5529453572 16.5529453572 43.0464865001 28.1602556807 28.2842712475 32.3109888428 34.0147027034 9.21954445729 10.4403065089 13.6014705087 16.2788205961 19.4164878389 18.3575597507 32.6496554346 31.6227766017 13.0 13.416407865 23.2594066992 22.8473193176 12.3693168769 11.401754251 14.1421356237 12.8062484749 13.6014705087 16.5529453572 9.21954445729 8.60232526704 20.8086520467 18.0277563773 21.2602916255 23.3238075794 26.83281573 45.607017004 46.2276973253 
1131 91.0054943396 17.0 16.0312195419 25.0199920064 21.0950231097 41.0487515035 20.0 20.2484567313 16.7630546142 16.7630546142 48.0416485979 27.1661554144 26.0192236625 30.8706980809 31.384709653 10.0498756211 11.401754251 13.6014705087 14.1421356237 16.4012194669 16.4012194669 38.8329756779 38.9486841883 12.6491106407 13.0 24.1867732449 23.7065391823 12.1655250606 12.8062484749 13.0384048104 13.6014705087 12.7279220614 16.7630546142 7.81024967591 8.48528137424 24.1867732449 23.0217288664 24.6981780705 22.0227155455 23.1948270095 43.8406204336 46.0977222865 
1136 98.0815986819 18.0277563773 18.1107702763 26.0192236625 21.0237960416 37.0135110466 20.2484567313 21.0950231097 17.4642491966 17.4642491966 48.0416485979 30.2654919008 30.0166620396 34.0147027034 34.1760149813 10.0498756211 11.1803398875 14.2126704036 14.1421356237 15.6524758425 16.6433169771 35.5105618091 35.8468966579 15.2315462117 15.2315462117 27.2946881279 26.83281573 13.3416640641 13.0384048104 13.152946438 13.8924439894 11.401754251 17.4642491966 8.0622577483 8.48528137424 25.0599281723 23.0217288664 23.8537208838 27.2946881279 25.7099202644 46.6690475583 46.0108682813 
1152 91.0054943396 16.1245154966 16.1245154966 28.0 18.0 33.0151480384 21.9317121995 21.4709105536 19.3132079158 18.0277563773 47.0106370942 27.4590604355 27.4590604355 31.304951685 31.304951685 9.05538513814 9.05538513814 14.2126704036 14.2126704036 18.7882942281 19.3132079158 34.0 33.6154726279 17.0 16.5529453572 27.2946881279 26.4196896272 14.5602197786 12.5299640861 14.5602197786 13.0384048104 15.0 18.0277563773 9.8488578018 9.8488578018 23.0217288664 22.0227155455 22.825424421 25.2982212813 24.3515913238 44.821869662 44.821869662 
1168 86.0232526704 17.0293863659 15.0332963784 25.0199920064 18.0277563773 31.0161248385 15.6204993518 17.0293863659 13.0384048104 12.6491106407 46.0 27.1661554144 27.2946881279 32.3109888428 31.7804971641 9.48683298051 9.21954445729 14.2126704036 13.4536240471 16.5529453572 16.1554944214 32.2490309932 30.886890423 11.313708499 9.8488578018 25.9615099715 20.6155281281 13.0384048104 8.60232526704 12.1655250606 10.6301458127 10.295630141 12.6491106407 8.0622577483 8.60232526704 21.4709105536 20.0249843945 22.2036033112 24.0416305603 23.7065391823 44.0454310911 43.2666153056 
1481 89.2020179144 15.1327459504 15.0 21.0237960416 18.0277563773 33.0605505096 20.2484567313 20.8086520467 15.5241746963 17.2626765016 44.0113621693 23.0217288664 23.0867927612 27.8567765544 27.3130005675 9.48683298051 9.21954445729 14.2126704036 13.4536240471 17.0 17.4642491966 29.5296461205 30.61045573 13.416407865 13.9283882772 23.2594066992 23.8537208838 11.401754251 10.295630141 10.7703296143 10.295630141 12.2065556157 17.2626765016 7.21110255093 8.0622577483 24.2074368738 21.0950231097 22.8473193176 28.8617393793 22.2036033112 42.4499705536 40.3608721412 
