Leaf
1053 135.003703653 24.0831891576 23.0217288664 37.0135110466 25.0 44.0113621693 28.6530975638 29.1547594742 25.079872408 25.2982212813 66.0075753228 38.4707681233 37.483329628 43.8634243989 43.382023927 12.1655250606 13.152946438 17.691806013 16.9705627485 24.1660919472 24.6981780705 47.4130783645 46.5295604965 18.7882942281 19.3132079158 35.3411940941 34.4818792991 19.2353840617 17.8044938148 18.4390889146 17.8044938148 21.0950231097 25.2982212813 10.0 10.6301458127 34.9857113691 32.0 34.4818792991 42.9534631898 38.6005181312 67.2086303982 65.2993108693 
10 123.065023463 22.0907220344 23.0217288664 35.0570962859 25.0199920064 46.0108682813 29.1547594742 30.2324329157 24.0416305603 24.7386337537 67.0298440995 39.1152144312 38.6393581727 44.9444101085 44.283179651 13.3416640641 12.1655250606 20.0 19.8494332413 25.079872408 25.495097568 45.1774279923 46.3249392876 20.2484567313 20.8806130178 33.6154726279 34.6698716467 17.2626765016 18.8679622641 18.6815416923 19.2093727123 16.2788205961 24.7386337537 12.5299640861 12.5299640861 30.5286750449 29.0172362571 30.886890423 34.1760149813 33.9558536927 62.0080639917 61.554853586 
18 127.062976512 22.0227155455 22.0907220344 37.0 25.0 44.0113621693 30.2324329157 29.6816441593 24.5153013443 23.769728648 70.0 37.8549864615 37.2155881319 44.2944691807 42.1544778167 13.152946438 12.1655250606 20.6155281281 20.0 26.0 24.6981780705 43.0464865001 43.9089968002 19.6977156036 19.6977156036 34.4818792991 34.0 19.6468827044 17.0293863659 18.6815416923 16.4012194669 18.0277563773 23.769728648 13.416407865 13.416407865 30.2324329157 27.0185121722 29.1547594742 36.4005494464 34.5398320783 60.8769250209 62.0080639917 
95 124.004032193 22.0907220344 23.0217288664 32.0156211872 25.0199920064 45.0111097397 29.4108823397 29.206163733 22.5610283454 22.5610283454 67.0298440995 37.1214223865 37.2155881319 41.7851648316 41.629316593 12.1655250606 13.0384048104 20.0 19.8494332413 23.7065391823 22.8473193176 42.5440947724 43.2666153056 18.6815416923 17.4642491966 31.384709653 31.384709653 16.2788205961 18.6010752377 16.4924225025 17.691806013 17.8044938148 22.5610283454 13.416407865 13.416407865 28.8444102037 26.0192236625 28.3019433962 34.4818792991 35.4400902933 59.5482997238 60.827625303 
98 128.097619025 23.3452350599 23.0217288664 35.0142828 28.0713376952 48.0936586256 31.064449134 30.8058436015 22.803508502 24.5153013443 70.0285656 38.1182371051 39.2045915678 45.3100430368 44.7772263545 14.5602197786 14.1421356237 22.2036033112 21.9317121995 25.9422435421 25.2982212813 46.1410879802 44.6542271235 20.6155281281 20.3960780544 32.2490309932 33.0151480384 18.4390889146 20.6155281281 17.7200451467 19.8494332413 19.7989898732 24.5153013443 13.0384048104 13.0 30.4795013083 25.0199920064 30.0 39.5600808897 35.4682957019 66.2193325246 62.6258732474 
124 126.14277625 22.0227155455 21.2132034356 35.0142828 23.0217288664 42.0475920833 28.6006992922 28.6530975638 22.5610283454 23.0867927612 66.0681466366 38.8329756779 38.2099463491 43.8292140016 42.7200187266 12.0415945788 11.1803398875 16.9705627485 17.0293863659 22.8473193176 22.360679775 43.5660418216 43.382023927 21.8403296678 22.4722050542 34.4093010682 34.1320963318 17.7200451467 19.4164878389 18.4390889146 19.7230829233 16.2788205961 23.0867927612 11.1803398875 10.8166538264 33.1209903234 31.0161248385 31.9061122671 37.6430604494 37.5765884561 62.2896460096 63.0079360081 
173 128.00390619 23.0217288664 22.0 35.0 26.0192236625 46.0108682813 29.4108823397 28.6006992922 23.769728648 23.5372045919 69.0072459963 35.3553390593 36.2215405525 41.1460812229 40.718546143 13.152946438 13.0384048104 20.5182845287 18.4390889146 26.9258240357 26.9258240357 46.1410879802 45.2769256907 21.9317121995 22.4722050542 37.2155881319 36.6196668472 18.6815416923 17.4928556845 17.7200451467 18.3575597507 14.7648230602 23.5372045919 12.0830459736 13.0384048104 37.5765884561 36.0 38.0131556175 36.0555127546 32.3882694814 58.7281874401 56.639209034 
192 123.036579926 21.0237960416 21.0 35.0142828 25.0 40.0124980475 27.7848879789 27.2946881279 24.0416305603 25.2982212813 62.0080639917 36.3455636908 37.3363094052 40.718546143 42.0475920833 12.0415945788 13.0384048104 19.2093727123 19.8494332413 25.0 26.2488094968 45.1884941108 45.1774279923 21.0237960416 21.4709105536 34.9857113691 36.3593179254 17.7200451467 16.1245154966 18.4390889146 17.0 14.8660687473 25.2982212813 13.416407865 13.0 31.384709653 30.0 31.384709653 36.1386219992 36.4005494464 60.440052945 61.7170964968 
299 125.035994817 22.2036033112 21.3775583264 34.0 24.0 42.0 29.1547594742 31.384709653 23.0867927612 23.5372045919 65.0307619516 38.3275357935 38.3275357935 43.4626276242 43.4626276242 12.1655250606 12.1655250606 19.2093727123 19.2093727123 22.4722050542 23.2594066992 42.0594816896 43.0464865001 21.1896201004 22.1359436212 33.6154726279 32.7566787083 17.4642491966 18.8679622641 17.4642491966 19.7230829233 15.5563491861 23.5372045919 12.0830459736 12.0830459736 30.0166620396 28.0 29.6816441593 38.6005181312 38.275318418 62.2896460096 63.0317380373 
315 131.308796354 23.5372045919 21.0237960416 34.0587727319 27.0185121722 43.0464865001 31.7804971641 31.6227766017 26.0 25.179356624 65.192024052 40.1123422403 39.2045915678 46.2385120868 44.3846820423 14.3178210633 13.152946438 19.8494332413 19.7989898732 23.7065391823 22.5610283454 43.8634243989 45.4862616622 24.1660919472 23.3452350599 37.1214223865 33.3016516107 20.3960780544 20.591260282 15.2315462117 19.7230829233 19.2093727123 25.179356624 11.6619037897 11.1803398875 34.0587727319 30.4138126515 29.1547594742 46.8401537145 31.7804971641 67.2086303982 61.2209114601 
323 121.334249081 21.2132034356 21.0 34.0587727319 27.0185121722 42.0475920833 32.3109888428 30.0166620396 28.4604989415 26.6833281283 61.2943716829 39.0512483795 38.3275357935 45.2216762184 45.6179789118 12.6491106407 15.2970585408 19.8494332413 19.7989898732 23.4093998214 24.0416305603 44.2944691807 42.5440947724 21.9317121995 22.360679775 34.4818792991 36.8917334914 17.2626765016 18.7882942281 17.7200451467 16.5529453572 20.2484567313 26.6833281283 8.94427191 11.401754251 30.0166620396 29.0 30.886890423 33.1058907145 36.4005494464 61.611687203 60.8769250209 
381 128.140547837 24.0831891576 23.0867927612 36.0555127546 26.0768096208 47.0425339454 30.61045573 29.6816441593 22.5610283454 24.0416305603 71.0633520178 38.6393581727 38.1182371051 43.8292140016 44.0113621693 13.0384048104 13.3416640641 20.5182845287 20.8086520467 22.360679775 22.825424421 45.2216762184 44.2944691807 19.6468827044 18.3847763109 33.6154726279 33.5410196625 17.7200451467 18.4390889146 19.2353840617 18.4390889146 17.2046505341 24.0416305603 13.416407865 13.8924439894 31.7647603485 30.0665927567 31.9061122671 34.7131099154 36.1386219992 60.1082357086 60.8769250209 
455 125.015998976 22.0227155455 22.0907220344 37.0 24.0208242989 42.0119030752 28.3019433962 28.3019433962 24.0416305603 23.0867927612 67.0 35.6931365951 36.4965751818 41.1460812229 41.5932686862 11.1803398875 13.0384048104 20.2484567313 20.6155281281 26.5706605112 26.5706605112 45.6508488421 43.8292140016 21.0237960416 21.5406592285 35.8468966579 34.9857113691 20.6155281281 17.8044938148 17.7200451467 17.4928556845 17.691806013 23.0867927612 13.416407865 14.7648230602 31.304951685 30.0665927567 32.4499614792 32.7566787083 36.6878726557 58.8982172905 61.0737259384 
460 137.17871555 23.0867927612 24.1867732449 36.0 26.0192236625 42.0119030752 28.0178514522 28.6530975638 22.1359436212 24.1660919472 66.0302960769 40.3112887415 41.3037528561 45.6946386352 45.6946386352 13.152946438 13.0384048104 19.1049731745 18.3847763109 24.3515913238 24.3515913238 41.6773319683 40.8166632639 18.973665961 21.0237960416 33.1209903234 36.6742416418 18.2482875909 19.2093727123 18.2482875909 18.3575597507 17.691806013 24.1660919472 11.6619037897 11.1803398875 28.3019433962 27.0 28.8444102037 39.2173431023 46.2385120868 62.9682459657 68.5930025586 
496 117.017092769 19.6468827044 20.0997512422 32.0 23.0217288664 42.0 29.0688837075 26.9258240357 21.8403296678 21.8403296678 59.076221951 38.1182371051 39.4588393139 42.3792402008 43.8634243989 11.1803398875 12.0415945788 20.0 18.6010752377 22.8473193176 22.360679775 43.8292140016 44.7772263545 18.973665961 18.6815416923 28.1780056072 29.6816441593 16.2788205961 18.0277563773 16.2788205961 18.6010752377 19.8494332413 21.8403296678 13.0 13.8924439894 31.304951685 31.0 31.7647603485 33.5410196625 38.0788655293 62.4259561401 66.0681466366 
578 120.503111993 22.0907220344 23.3452350599 37.1214223865 25.079872408 39.1152144312 26.4007575649 29.0688837075 23.769728648 24.1660919472 66.4830805544 35.1710107901 35.1283361405 41.3400532172 40.8533964316 13.0384048104 12.3693168769 21.400934559 22.4722050542 25.7099202644 25.2982212813 38.8329756779 38.9101529167 18.0277563773 19.2353840617 33.8378486314 34.5398320783 18.973665961 16.2788205961 19.2353840617 17.2046505341 16.9705627485 24.1660919472 14.8660687473 14.8660687473 27.2946881279 25.079872408 27.8028775489 33.2415402772 36.4005494464 55.8659108939 57.6281181369 
646 122.016392341 22.0227155455 23.0217288664 35.0142828 26.0 46.0 30.4138126515 29.0688837075 27.2029410175 26.9258240357 62.0322496771 40.1995024845 39.3192065027 44.3846820423 43.8634243989 13.0384048104 13.0384048104 18.3847763109 18.3847763109 25.632011236 26.4007575649 43.4165866922 45.4862616622 22.1359436212 22.4722050542 35.2278299076 36.8917334914 17.2626765016 20.591260282 18.4390889146 19.7230829233 19.7230829233 26.9258240357 12.0830459736 13.0384048104 34.4818792991 31.0161248385 34.0 31.3209195267 32.7566787083 57.8013840665 59.4642749893 
682 124.004032193 22.2036033112 21.0950231097 32.0156211872 24.0 42.0119030752 31.384709653 30.4138126515 24.7386337537 25.9615099715 62.0080639917 40.1123422403 39.3192065027 44.598206242 44.3846820423 12.1655250606 12.1655250606 19.2093727123 19.2093727123 24.3515913238 26.0 42.9418211072 43.0464865001 21.1896201004 21.9317121995 33.6154726279 34.9857113691 16.4924225025 18.3575597507 16.7630546142 16.5529453572 17.691806013 25.9615099715 12.5299640861 12.5299640861 32.6496554346 32.0 33.5410196625 35.4400902933 36.1386219992 59.5482997238 60.827625303 
701 126.003968191 22.0907220344 21.0950231097 31.0161248385 26.0 46.0 31.384709653 31.384709653 25.7099202644 25.495097568 63.0079360081 41.1096095822 40.049968789 45.8802789878 44.598206242 13.152946438 13.152946438 22.2036033112 22.2036033112 22.8473193176 23.7065391823 43.5660418216 43.5660418216 20.8806130178 22.5610283454 33.2866339542 32.8024389337 16.2788205961 19.7230829233 15.5241746963 20.591260282 19.1049731745 25.495097568 15.2315462117 14.7648230602 30.0166620396 28.0 29.6816441593 37.0 34.5398320783 63.7024332345 61.0737259384 
748 121.004132161 21.2132034356 21.0950231097 33.0151480384 24.0208242989 44.0113621693 32.2490309932 30.886890423 25.495097568 25.7099202644 64.0 35.2278299076 37.3363094052 41.2310562562 42.5440947724 12.3693168769 12.1655250606 20.2484567313 20.6155281281 24.1660919472 24.1660919472 44.7772263545 43.9089968002 24.3310501212 22.803508502 32.6496554346 33.6005952328 17.0880074906 21.6333076528 17.7200451467 20.2484567313 18.6010752377 25.7099202644 13.8924439894 13.0 31.7647603485 30.0 32.2490309932 32.9848450049 36.4005494464 59.5482997238 61.619802012 
755 120.066648158 20.0997512422 21.0237960416 33.0151480384 26.0192236625 40.0124980475 29.5296461205 29.6816441593 24.7386337537 24.5153013443 63.0317380373 38.0525951809 38.3275357935 44.598206242 44.7772263545 13.6014705087 13.3416640641 21.400934559 20.6155281281 26.9258240357 26.9258240357 42.0594816896 41.1825205639 20.8806130178 21.5870331449 31.6227766017 32.8024389337 16.2788205961 19.7230829233 17.4642491966 20.8086520467 20.0 24.5153013443 12.5299640861 13.416407865 28.3019433962 26.0192236625 30.2324329157 34.4818792991 35.8468966579 62.128898268 61.400325732 
768 122.102416029 21.0950231097 21.0237960416 34.0147027034 25.0199920064 44.0113621693 29.9666481275 30.4138126515 26.2488094968 26.9258240357 61.0081961707 36.2215405525 36.3455636908 42.5440947724 41.629316593 13.3416640641 12.1655250606 22.4722050542 22.2036033112 26.9258240357 26.5706605112 41.1825205639 42.4381903478 20.1246117975 21.1896201004 34.0 33.8378486314 17.7200451467 15.2643375225 18.0277563773 17.2046505341 20.8086520467 26.9258240357 15.2315462117 14.8660687473 27.0185121722 24.0831891576 26.0768096208 35.8468966579 35.1140997322 60.440052945 60.8769250209 
905 122.004098292 21.2132034356 21.0237960416 32.0 22.0 45.0111097397 28.3019433962 28.3019433962 21.8403296678 23.769728648 62.0 38.2099463491 38.4707681233 42.3792402008 43.8634243989 10.1980390272 12.1655250606 17.8044938148 17.8044938148 24.1867732449 24.5967477525 42.1900462195 41.8807831827 18.973665961 18.973665961 30.886890423 31.9061122671 15.2970585408 17.4928556845 17.2626765016 18.6010752377 19.1049731745 23.769728648 12.5299640861 12.5299640861 28.8444102037 26.0 29.1547594742 34.0147027034 35.4682957019 60.605280298 62.3698645181 
909 126.0 22.2036033112 22.2036033112 35.0 22.0 45.0 29.9666481275 32.6496554346 25.632011236 26.9258240357 63.0317380373 37.6563407675 37.483329628 42.9534631898 42.5440947724 11.1803398875 11.1803398875 18.0277563773 19.2093727123 25.5538646784 24.1660919472 41.8807831827 41.3400532172 21.0237960416 22.1359436212 34.885527085 34.1320963318 19.4164878389 18.0277563773 16.4924225025 19.2353840617 20.0 26.9258240357 13.0384048104 13.0 28.8444102037 26.0 28.0178514522 36.0555127546 35.4682957019 60.8769250209 59.5482997238 
919 125.003999936 20.0997512422 22.2036033112 34.0147027034 24.0831891576 41.0487515035 28.3019433962 28.1780056072 22.5610283454 23.769728648 62.0 39.0512483795 40.7921561087 43.965895874 46.0651712251 11.401754251 13.0384048104 20.591260282 21.2602916255 27.2029410175 27.5136329844 44.418464629 40.249223595 17.7200451467 20.1246117975 29.1547594742 34.4383507154 15.1327459504 18.0277563773 19.2353840617 18.0277563773 20.8086520467 23.769728648 14.3178210633 14.8660687473 26.0 27.4590604355 32.6496554346 30.61045573 46.4865571967 62.7694193059 67.2086303982 
925 123.016259088 20.0249843945 21.2132034356 35.0 24.0 42.0119030752 28.6530975638 29.0688837075 24.7386337537 24.3515913238 62.0080639917 36.3455636908 36.4965751818 42.5440947724 42.9534631898 12.3693168769 12.3693168769 18.4390889146 18.4390889146 25.2982212813 25.079872408 39.9624824054 40.8166632639 21.1896201004 21.9317121995 33.0151480384 34.4818792991 17.4642491966 18.8679622641 18.4390889146 18.3575597507 19.2093727123 24.3515913238 10.8166538264 10.8166538264 28.3019433962 26.0192236625 29.206163733 33.6154726279 37.6430604494 57.6281181369 58.7281874401 
932 127.19276709 21.2132034356 22.0227155455 35.1283361405 22.0227155455 41.0487515035 29.5296461205 28.0178514522 24.0416305603 22.803508502 65.2763356815 39.2045915678 38.0788655293 44.598206242 43.8292140016 11.401754251 11.1803398875 18.8679622641 19.2093727123 22.825424421 22.4722050542 41.5932686862 41.3400532172 20.6155281281 20.8806130178 33.1209903234 33.8378486314 18.1107702763 19.7230829233 17.7200451467 18.6010752377 17.8044938148 22.803508502 12.5299640861 12.6491106407 30.5286750449 29.0172362571 30.4138126515 38.6264158317 38.6005181312 62.4819974073 62.2253967444 
973 129.003875911 22.2036033112 22.360679775 35.0142828 24.0 43.0 27.7848879789 28.6356421266 22.4722050542 24.1660919472 61.0737259384 37.483329628 38.3275357935 42.9534631898 43.4626276242 12.1655250606 12.1655250606 19.2093727123 19.2093727123 23.4093998214 24.5967477525 40.4969134626 39.9624824054 18.3847763109 21.9544984001 32.2024843762 36.2491379208 17.4642491966 16.4012194669 18.2482875909 17.4642491966 18.4390889146 24.1660919472 12.0830459736 12.0830459736 26.9258240357 25.079872408 28.6006992922 37.3363094052 40.5215991787 60.8769250209 62.2414652784 
1000 119.004201606 21.0950231097 20.0997512422 33.0 24.0208242989 40.1123422403 29.0688837075 28.6356421266 25.2982212813 25.2982212813 58.0 39.3192065027 38.2099463491 45.3100430368 44.9444101085 12.3693168769 12.6491106407 17.691806013 17.0293863659 18.973665961 18.8679622641 41.1825205639 43.8292140016 18.973665961 20.6155281281 31.384709653 32.7566787083 16.4924225025 17.2046505341 17.4642491966 17.4928556845 19.2353840617 25.2982212813 8.94427191 9.89949493661 28.3019433962 26.0 28.0178514522 34.4383507154 33.6154726279 60.8029604542 60.2162768693 
1052 125.099960032 20.0 21.0237960416 37.0135110466 25.0199920064 41.0487515035 27.2946881279 29.1547594742 25.0 27.8567765544 61.1310068623 39.3192065027 39.6232255123 44.3846820423 46.5188133985 12.1655250606 13.3416640641 19.1049731745 19.2093727123 23.5372045919 24.5967477525 39.9624824054 41.1825205639 19.6977156036 22.4722050542 33.2866339542 37.5898922584 16.4924225025 16.1245154966 21.2132034356 18.3575597507 19.4164878389 27.8567765544 10.7703296143 12.2065556157 24.6981780705 24.0831891576 28.319604517 34.4818792991 41.2310562562 60.0 63.8905313799 
1233 132.015150646 21.0237960416 21.0950231097 34.0147027034 24.0 36.0138862107 29.4108823397 30.886890423 23.3452350599 25.7099202644 66.0302960769 37.3363094052 36.3455636908 42.5440947724 41.629316593 12.1655250606 12.1655250606 16.2788205961 17.691806013 22.1359436212 20.6155281281 41.5932686862 41.629316593 19.6468827044 22.1359436212 31.6227766017 33.8378486314 16.2788205961 19.4164878389 18.4390889146 20.2484567313 21.2602916255 25.7099202644 10.0 8.54400374532 32.6496554346 32.0156211872 34.4818792991 39.8497176903 43.1740662898 61.619802012 62.9682459657 
1365 133.093951778 22.0227155455 23.0867927612 33.0 26.0 45.0 32.4499614792 31.7647603485 26.3058928759 27.2029410175 66.0075753228 40.1995024845 40.1123422403 46.2385120868 45.8802789878 13.3416640641 13.3416640641 19.8494332413 19.8494332413 23.4093998214 24.5967477525 44.9444101085 43.4165866922 20.6155281281 22.4722050542 33.0151480384 36.3593179254 16.4924225025 19.4164878389 17.4642491966 19.2353840617 20.5182845287 27.2029410175 11.6619037897 11.6619037897 30.886890423 29.0688837075 33.0151480384 36.6878726557 39.8497176903 63.0317380373 63.7808748764 
1484 125.015998976 21.0237960416 21.0237960416 35.0 25.0 37.0 28.3019433962 28.8444102037 23.769728648 23.5372045919 66.0 35.2278299076 35.5105618091 40.718546143 41.1460812229 13.152946438 12.1655250606 19.4164878389 21.2602916255 27.2029410175 26.3058928759 40.718546143 42.0594816896 19.3132079158 19.9248588452 32.7566787083 32.4499614792 17.4642491966 17.2046505341 18.4390889146 19.2093727123 16.9705627485 23.5372045919 14.7648230602 12.3693168769 33.2866339542 29.0688837075 31.7647603485 37.0 40.0249921924 60.0 61.554853586 
1541 123.146254511 20.0249843945 19.1049731745 35.0142828 26.0192236625 44.0454310911 30.886890423 30.8706980809 26.4764045897 26.6833281283 63.0317380373 37.483329628 37.1214223865 43.382023927 43.0813184571 13.152946438 13.3416640641 21.2602916255 20.8086520467 25.2982212813 25.079872408 43.0464865001 44.7772263545 23.769728648 23.4093998214 34.0587727319 33.6005952328 17.7200451467 21.0950231097 18.4390889146 20.591260282 17.691806013 26.6833281283 13.0 13.8924439894 31.064449134 28.0 30.2324329157 38.3275357935 33.6154726279 61.554853586 60.8029604542 
