Leaf
260 1.0 0.192809009942 0.187778342341 0.299605118036 0.209009528701 0.406721245039 0.216213682795 0.220958176575 0.179525046869 0.17728928035 0.536913600294 0.298110286311 0.307593186192 0.351187549794 0.359050093738 0.104160683343 0.109681918169 0.147846023329 0.151786434944 0.195846852243 0.187097366962 0.382669096277 0.388626681477 0.128938681098 0.128938681098 0.271735287317 0.264475006694 0.155113656221 0.123890184606 0.147846023329 0.128069561161 0.127820155742 0.17728928035 0.0893170491043 0.0847335927164 0.266458371646 0.243165563665 0.257877362196 0.259234945631 0.268545934165 0.484128067725 0.504305288601 
366 1.0 0.178168722752 0.178168722752 0.287288433103 0.210232123942 0.431251269032 0.213259276363 0.211462620285 0.157237925889 0.166203087248 0.530407419831 0.31799882476 0.305665527077 0.365805364225 0.357022052179 0.111731711422 0.103211362321 0.15626430708 0.157043685017 0.182401349012 0.184646629085 0.412327589008 0.403005920618 0.126226357064 0.133626542064 0.245215495341 0.260603236284 0.139876195619 0.128977230784 0.150797080467 0.125255370668 0.134877009093 0.166203087248 0.0966441365404 0.0950518671927 0.266853047212 0.25467966164 0.27585187246 0.239357441113 0.26409361368 0.514279343141 0.511691046673 
422 1.0 0.164277390405 0.159980092605 0.27451597723 0.198458441189 0.369342724389 0.22905663396 0.21330679014 0.182249401386 0.173619148431 0.501526179237 0.299057717291 0.288654610964 0.344029533914 0.329419172676 0.099622492331 0.101460961682 0.161219580584 0.154647422851 0.189366098889 0.184189517815 0.405598528546 0.389613479546 0.157471850698 0.151770441875 0.255579011872 0.252950736458 0.139569323955 0.138341417475 0.143586527423 0.124492428892 0.135956935663 0.173619148431 0.100616611676 0.0980399405576 0.300527996431 0.293345311252 0.30540884528 0.269022486516 0.291107115622 0.503422101252 0.505339047536 
427 1.0 0.176920188192 0.175999812088 0.260834898421 0.2010602342 0.369556060263 0.226150943453 0.223061394349 0.158242226956 0.165002270586 0.516235736459 0.289844854817 0.289283979386 0.343207269567 0.339052274298 0.106762346969 0.101516625618 0.166339064812 0.163021811513 0.170546407381 0.163112354043 0.385933074265 0.369396217669 0.130643672189 0.132328017694 0.231187179966 0.238356496823 0.133217627831 0.134541014237 0.133217627831 0.130869504116 0.142637615808 0.165002270586 0.0972074272957 0.099756088184 0.264934826191 0.255631970065 0.265602730174 0.259757180847 0.294092633185 0.504548921955 0.501643541205 
452 1.0 0.177955868943 0.158749781321 0.282973811473 0.185286509382 0.331887849595 0.221789227585 0.229222022395 0.164992022576 0.176210503266 0.51742651785 0.311832845061 0.319961125524 0.362399039573 0.367609932996 0.0957974293824 0.0957974293824 0.150208084987 0.156106913039 0.181199519786 0.167920047183 0.432423777766 0.407252199982 0.141738736679 0.14398539613 0.258057661554 0.244576948117 0.145463893049 0.121116353008 0.14348917847 0.125833801681 0.146278823196 0.176210503266 0.0987306807399 0.0937909781423 0.268310790321 0.280653796232 0.294824313951 0.302230913178 0.305478066869 0.581242339385 0.552211975732 
510 1.0 0.152935088872 0.144091745744 0.2632479208 0.215118064634 0.339459327698 0.218907128109 0.218175519524 0.178438493658 0.180917366211 0.497865524644 0.270353596057 0.277359600363 0.320599926434 0.323931108293 0.106866642145 0.112489514877 0.170183240243 0.176895768794 0.193661699114 0.195247431688 0.410818502099 0.393234393731 0.141128720431 0.14999448 0.25253109882 0.247967457604 0.143774362659 0.0980614271219 0.134584100162 0.104925411374 0.141209619676 0.180917366211 0.10739964616 0.111161857208 0.33101069088 0.321950724878 0.331458911384 0.262857183999 0.315898951056 0.483552366563 0.512804011427 
522 1.0 0.188751205046 0.18682348264 0.291306147846 0.203516700376 0.423238221543 0.214837702624 0.204330326627 0.169555247249 0.172378421476 0.527988264061 0.28896671912 0.28896671912 0.349104515891 0.341459762012 0.104211592975 0.106643762562 0.15191319638 0.147581997092 0.196656722442 0.195039388864 0.419191771423 0.396559763266 0.140030120487 0.145004397528 0.266198922086 0.277571728996 0.150817055357 0.132275307849 0.147888290048 0.124522073464 0.120958294161 0.172378421476 0.0868429941454 0.0944953939008 0.297302522708 0.285817696106 0.307281881201 0.271139348864 0.255560503158 0.512888577031 0.482584572817 
1001 1.0 0.162852880977 0.157076372887 0.269493794133 0.210888072093 0.382630182074 0.21043234369 0.201756358574 0.186551312125 0.176638750137 0.45603543583 0.29008165384 0.295938343545 0.340300796627 0.337752221403 0.110528225624 0.103925126977 0.12859495117 0.134524064275 0.157762465624 0.157990501107 0.392232270276 0.384819338699 0.164320053685 0.150282744838 0.267437583212 0.244610697591 0.145082190339 0.136120318651 0.131911697843 0.133269315405 0.144086190987 0.176638750137 0.0696289733355 0.062738803354 0.287045807863 0.27439207649 0.287087611666 0.279934161055 0.251050833619 0.481631891356 0.46777852951 
1029 1.0 0.179964222434 0.173825427084 0.277841063048 0.203793327486 0.382907826383 0.2244359582 0.22972147606 0.183528216388 0.18743132355 0.512335918095 0.297893794022 0.299424735808 0.354219590628 0.350977732401 0.10938091083 0.101803137644 0.162964534523 0.162026601355 0.174700025949 0.176867602971 0.411401611518 0.400514053379 0.135378360302 0.146723924696 0.256966194414 0.25674368071 0.144103643826 0.131233867818 0.139262953861 0.132102017535 0.144631497768 0.18743132355 0.0942225105866 0.0940200989445 0.273347753044 0.277841063048 0.287147698448 0.285950967477 0.285950967477 0.529596517121 0.533645999669 
1043 1.0 0.170687986347 0.169201560484 0.259543345898 0.207634676719 0.376561529345 0.232142625815 0.215983108754 0.192919461152 0.176508558249 0.480856146767 0.286674995506 0.286674995506 0.337406349668 0.337406349668 0.107012462957 0.107012462957 0.166188828879 0.166188828879 0.191605578933 0.19766232335 0.37834619114 0.360569139573 0.156803709032 0.151893848878 0.261160454041 0.255949746667 0.135485604176 0.122426351408 0.135485604176 0.129771672949 0.15840651432 0.176508558249 0.0988311616749 0.0988311616749 0.278631598228 0.259543345898 0.278631598228 0.270971208353 0.267531157391 0.506774583297 0.478574283221 
