Leaf
815 104.120122935 19.4164878389 19.0262975904 29.0688837075 26.0768096208 46.0108682813 24.5967477525 24.2074368738 19.6977156036 18.4390889146 55.2268050859 36.0138862107 36.0555127546 43.3243580449 41.7851648316 13.9283882772 13.3416640641 19.8494332413 18.3847763109 20.0 17.0 41.6773319683 43.0116263352 15.6524758425 15.2970585408 27.8567765544 26.0768096208 16.1245154966 15.0 13.6014705087 14.8660687473 15.6204993518 18.4390889146 10.6301458127 10.0 26.2488094968 23.1948270095 23.7065391823 29.9666481275 26.83281573 57.2013985843 57.008771255 
20 107.004672795 18.1107702763 18.0277563773 32.0 22.0 39.0 26.9258240357 26.6270539114 21.3775583264 21.2132034356 61.0081961707 33.7342555869 33.1360830516 40.249223595 38.6264158317 11.401754251 11.401754251 17.2046505341 18.4390889146 24.1660919472 23.0867927612 38.4707681233 39.9624824054 19.3132079158 18.4390889146 29.6816441593 27.8028775489 18.4390889146 17.8044938148 14.5602197786 17.2046505341 15.0 21.2132034356 10.8166538264 10.295630141 27.8028775489 24.0831891576 25.0599281723 34.1760149813 27.2946881279 56.2227711875 54.6443043693 
71 114.0 22.0907220344 21.0950231097 32.0 23.0 39.0 25.6124969497 26.0768096208 18.973665961 21.1896201004 62.0322496771 36.1247837364 36.4965751818 40.4969134626 42.0475920833 11.1803398875 12.1655250606 18.6010752377 19.2093727123 22.1359436212 22.8473193176 43.8634243989 45.1774279923 18.0277563773 19.2353840617 31.7647603485 33.5410196625 14.3178210633 16.1245154966 18.2482875909 16.6433169771 13.6014705087 21.1896201004 12.6491106407 13.0 30.0166620396 29.0 30.4138126515 31.0483493925 29.4278779391 55.8032257132 56.0802995712 
378 110.072703247 20.0997512422 20.0997512422 30.0166620396 21.0 39.0 25.8069758011 25.2388589282 19.6468827044 19.9248588452 59.0084739677 35.3553390593 36.2215405525 41.2310562562 41.4366987102 11.401754251 10.4403065089 17.2046505341 17.8044938148 21.0237960416 21.0237960416 40.4969134626 38.0131556175 17.2626765016 17.4642491966 27.4590604355 28.3019433962 14.5602197786 17.0293863659 16.2788205961 18.4390889146 16.2788205961 19.9248588452 10.8166538264 10.295630141 23.8537208838 23.0867927612 25.0 29.9666481275 35.3553390593 55.6057550978 59.4053869611 
387 108.074048689 22.2036033112 21.0950231097 30.0 24.0208242989 41.0487515035 23.8537208838 24.6981780705 19.2353840617 20.6155281281 56.0089278598 36.1247837364 37.1214223865 41.7851648316 41.7851648316 12.3693168769 12.1655250606 19.4164878389 19.8494332413 23.7065391823 22.803508502 37.7359245282 36.6196668472 16.5529453572 17.0 31.384709653 31.7804971641 15.5241746963 13.6014705087 15.5241746963 13.0384048104 13.4536240471 20.6155281281 12.5299640861 11.7046999107 27.4590604355 24.0208242989 26.4196896272 31.0161248385 34.4383507154 54.6717477313 58.137767415 
814 115.108644332 20.2237484162 20.0249843945 33.0151480384 26.0 42.0 25.5538646784 24.4131112315 20.2484567313 19.9248588452 60.0749531835 38.1182371051 37.2155881319 44.0113621693 43.4626276242 13.3416640641 13.3416640641 17.691806013 17.691806013 21.5406592285 21.5406592285 39.4461658466 40.4969134626 15.8113883008 15.8113883008 27.7308492477 28.6530975638 17.1172427686 17.691806013 16.2788205961 16.2788205961 16.4012194669 19.9248588452 9.21954445729 8.60232526704 28.0178514522 26.0 27.4590604355 33.5410196625 30.4630924235 57.2013985843 55.4436651025 
864 115.524889093 21.0950231097 21.0 32.0156211872 25.0199920064 38.0131556175 24.1867732449 22.627416998 21.0237960416 16.7630546142 60.2992537267 36.0 36.6742416418 40.8044115262 42.9418211072 12.3693168769 13.152946438 20.0 19.8494332413 23.769728648 22.1359436212 33.2866339542 35.2278299076 16.4012194669 14.7648230602 32.8937684068 30.8706980809 16.0 14.3178210633 16.0312195419 15.0 14.8660687473 16.7630546142 12.0830459736 12.0830459736 25.8069758011 22.0 25.0 34.4818792991 34.7850542619 55.0 53.7401153702 
931 113.017697729 20.3960780544 19.1049731745 33.0 24.0 44.0 26.4196896272 23.8537208838 20.2484567313 18.973665961 59.076221951 37.3363094052 37.2155881319 43.4626276242 43.0813184571 12.3693168769 12.3693168769 16.9705627485 16.9705627485 20.0 17.88854382 41.3400532172 41.3400532172 19.6977156036 17.0880074906 31.304951685 28.6530975638 17.2626765016 17.4928556845 16.2788205961 16.4012194669 15.5563491861 18.973665961 9.21954445729 9.21954445729 25.2388589282 23.0217288664 24.1867732449 31.0161248385 30.4630924235 58.137767415 58.2580466545 
1034 113.004424692 19.2353840617 18.0277563773 34.0147027034 24.0 43.0116263352 26.4196896272 23.7065391823 20.8806130178 21.1896201004 58.0086200491 34.2344855372 35.5105618091 40.8533964316 43.382023927 11.7046999107 13.6014705087 20.0 20.0 21.5406592285 21.9544984001 41.0487515035 40.3112887415 15.5241746963 16.6433169771 25.9422435421 29.9666481275 15.5241746963 15.5563491861 19.2353840617 14.8660687473 17.8044938148 21.1896201004 11.1803398875 12.2065556157 23.8537208838 22.0907220344 25.495097568 28.3019433962 36.4005494464 56.8594759033 59.5482997238 
1199 107.228727494 18.2482875909 19.0262975904 32.0156211872 22.0907220344 47.0956473573 23.7065391823 24.8394846967 19.3132079158 18.2482875909 59.076221951 33.1360830516 34.7131099154 39.5600808897 40.249223595 11.7046999107 11.1803398875 16.6433169771 17.691806013 22.803508502 21.9544984001 46.0651712251 46.0434577329 17.0880074906 15.2970585408 27.2946881279 26.0768096208 16.1245154966 17.2046505341 16.2788205961 17.691806013 14.2126704036 18.2482875909 11.313708499 9.8488578018 25.2388589282 25.0199920064 27.2946881279 25.2982212813 27.2946881279 55.2177507691 56.5862174032 
1258 111.018016556 19.0262975904 19.2353840617 31.0161248385 23.0867927612 41.0487515035 22.2036033112 25.2388589282 19.9248588452 18.6815416923 58.137767415 34.3656805549 33.1360830516 39.8120584748 39.5600808897 12.1655250606 11.7046999107 18.4390889146 19.4164878389 22.8473193176 22.8473193176 41.8807831827 41.1460812229 17.0 15.8113883008 31.384709653 26.83281573 16.4924225025 13.6014705087 15.2970585408 15.6204993518 14.8660687473 18.6815416923 11.6619037897 11.1803398875 28.3019433962 26.0192236625 28.6006992922 31.0161248385 31.0161248385 56.8506816142 54.6443043693 
