Leaf
351 1.0 0.180389620036 0.176721425848 0.29469290326 0.223776490524 0.420704727537 0.242362266614 0.244014964433 0.203865704328 0.201884597759 0.529518095253 0.308657228309 0.306770582327 0.363615049216 0.359704875043 0.11664323686 0.112485340642 0.165948117121 0.158609726881 0.195211971546 0.192215034347 0.416186818677 0.409952402532 0.155290172455 0.166217004336 0.266691723296 0.270900573613 0.146916463643 0.143222441809 0.156245813305 0.148428508248 0.159358773442 0.201884597759 0.095446976582 0.0971473803271 0.244319792739 0.229750164291 0.249921837196 0.243587563942 0.27439480038 0.514894703814 0.52599235429 
461 1.0 0.173212363448 0.167400881057 0.290782270145 0.238048565394 0.405884446626 0.241005803817 0.218717032375 0.191262496441 0.185911434767 0.538328875166 0.282488450077 0.288504217269 0.335496612593 0.342849033597 0.117547701006 0.124600313865 0.17780119886 0.171353747478 0.193230944489 0.20891463791 0.41327596944 0.380847132098 0.160354843376 0.169531994757 0.262290319764 0.283482828955 0.145307687246 0.141861164653 0.154938373525 0.139307385911 0.140486508538 0.185911434767 0.101417307782 0.113687118067 0.242450888208 0.247677406112 0.271309851809 0.216038763617 0.27672773171 0.489918547117 0.505591779221 
491 1.0 0.16780032138 0.165745546068 0.289358546215 0.198371345754 0.40135842213 0.243775676834 0.234216783891 0.201158901776 0.200305324085 0.531222859903 0.300446105387 0.300826056352 0.343381404181 0.342048202722 0.0985357415557 0.101673697156 0.159422396794 0.143788321455 0.198874553455 0.203487779137 0.391999783202 0.392763951525 0.169830237794 0.182631527794 0.267833038522 0.289654464356 0.146737124321 0.148478298127 0.152088662365 0.146737124321 0.151146927847 0.200305324085 0.0963376418137 0.112728657846 0.267833038522 0.256560501401 0.272536394971 0.250306796731 0.270907415134 0.495913968577 0.514399430073 
550 1.0 0.167759161546 0.15670347811 0.308009861776 0.200104962396 0.373250339005 0.220424613897 0.22461856158 0.206982433235 0.201774044482 0.524279974511 0.323165321314 0.323165321314 0.362468264044 0.374537345717 0.0978046519802 0.104855994902 0.153507030493 0.165307434414 0.222006629033 0.22461856158 0.418100762428 0.384337105475 0.152458538039 0.152840640238 0.272597772066 0.268121136758 0.148583481415 0.122434595205 0.171626077604 0.126072638303 0.153507030493 0.201774044482 0.111200187236 0.111200187236 0.259666847309 0.260675701368 0.287641972397 0.235767554262 0.340051101556 0.530501048847 0.5530821379 
572 1.0 0.171534972268 0.165661608609 0.281910905544 0.207443873891 0.393611453024 0.23560554561 0.247494161021 0.195145498167 0.207716467798 0.510741876206 0.316697129323 0.315443941872 0.366707602837 0.360521776508 0.108488242148 0.103277729607 0.158683222093 0.162122713478 0.202544291763 0.195072993799 0.397829732739 0.397829732739 0.152315090618 0.163166432714 0.261663827636 0.258235412682 0.158683222093 0.135610302685 0.132976842238 0.13870447196 0.150446123019 0.207716467798 0.0989404898936 0.100360081654 0.273816076999 0.260634610786 0.273816076999 0.281659894092 0.263173231827 0.50843778664 0.502617283369 
637 1.0 0.184172858805 0.189599121029 0.272274953646 0.230699731215 0.419895463872 0.243530121969 0.254552561722 0.205699126501 0.215252250834 0.520415799932 0.307725929608 0.30303104479 0.359213744322 0.357261481256 0.116180546402 0.120610863742 0.172708724934 0.179850077245 0.19585879404 0.19585879404 0.402113519696 0.418226556378 0.175819036118 0.185214193985 0.283968007252 0.293594708606 0.142168598292 0.146051048735 0.146051048735 0.149248329364 0.156119140398 0.215252250834 0.100528379924 0.10578272526 0.270793962661 0.254552561722 0.267153743835 0.250606844694 0.247023049034 0.508692836867 0.506798898592 
766 1.0 0.195157423003 0.189215404066 0.283333333333 0.233399461529 0.411261233852 0.262055031446 0.25736077382 0.212930754408 0.211549252941 0.561138613187 0.317104959841 0.323941771936 0.369350447524 0.37568866806 0.119927961916 0.118764212925 0.168965625842 0.164991582277 0.176470890825 0.186752625711 0.396356866261 0.386899674366 0.180961083054 0.177864562151 0.294444444444 0.283551114559 0.148240711824 0.164898023107 0.142832890358 0.167957960643 0.141421356237 0.211549252941 0.095581391856 0.100154202096 0.263405990914 0.250246791768 0.266782382301 0.26040092545 0.270915229783 0.495971424904 0.507505397405 
791 1.0 0.191098255533 0.191098255533 0.271733247078 0.237060740855 0.428362955039 0.237272056369 0.246932399162 0.193789301436 0.204852590976 0.537594349484 0.283762605308 0.283762605308 0.341573176956 0.333956428432 0.124778453853 0.117894435386 0.163694401247 0.171859195352 0.213243451942 0.210404285241 0.402547849494 0.383156915006 0.16450880628 0.178065485351 0.282523590197 0.28222778487 0.147368044233 0.157239806769 0.131809985847 0.163592315549 0.15128362673 0.204852590976 0.102263066228 0.0962025372104 0.287505719811 0.265891511756 0.289705312445 0.235859710153 0.254396687427 0.491321271724 0.506456806146 
879 1.0 0.177932002959 0.166510480083 0.287754318422 0.218993234411 0.384214564758 0.24674729239 0.239034526133 0.209372020426 0.203473029872 0.520828806025 0.290346752036 0.302357416799 0.336657584145 0.343270148578 0.11034874381 0.11034874381 0.174208051222 0.156056690087 0.229437221786 0.214236644456 0.394795667825 0.391938243046 0.156056690087 0.171498585143 0.265754967047 0.2754471143 0.142897280664 0.145495625862 0.153026174611 0.140917084055 0.164814234017 0.203473029872 0.11034874381 0.117740689605 0.257156832629 0.261491241802 0.284809625965 0.24674729239 0.285794561329 0.495955919674 0.50918870373 
894 1.0 0.191040179975 0.194823521115 0.308043034248 0.211010775661 0.439807522599 0.249085920157 0.256307297315 0.217819318414 0.20575657079 0.556973049709 0.31507153631 0.325329703621 0.376790131134 0.380644861976 0.116205204853 0.102878285395 0.176130343241 0.180226945335 0.196687903509 0.217819318414 0.4293094098 0.43605731894 0.176130343241 0.163224801321 0.286560269963 0.273527911278 0.163224801321 0.162102968087 0.154021517124 0.164338976722 0.164338976722 0.20575657079 0.111394609942 0.111394609942 0.282067445473 0.267456251965 0.265401500004 0.251274125471 0.273527911278 0.514036551854 0.561866025541 
931 1.0 0.171539902636 0.165006895205 0.309089652802 0.215156668557 0.403026021614 0.22088965895 0.23160601656 0.189556245973 0.199466187194 0.545087750167 0.318732278953 0.316789204799 0.359247116136 0.362418969131 0.101194599495 0.115249001686 0.153763305203 0.163724201386 0.199767951644 0.192707854249 0.385611023825 0.390847645272 0.162894278941 0.173547306375 0.282514546542 0.281125209918 0.16066019448 0.135544779337 0.158013845593 0.144054718569 0.124422647138 0.199466187194 0.102083588164 0.105564705245 0.271145104123 0.254588634012 0.265986371973 0.269138245997 0.260031553182 0.500857646468 0.497266790151 
943 1.0 0.174527046082 0.169902453336 0.269599861852 0.206232361819 0.380648278124 0.23605438164 0.231693138038 0.194948071531 0.200599910663 0.507592211613 0.303581159149 0.297208849904 0.350532041375 0.348493233626 0.102640832138 0.108979285007 0.149705126774 0.157172160022 0.189127409514 0.191549865896 0.411786661823 0.406630802759 0.148862765514 0.16103618645 0.256642915623 0.267518782011 0.132156795026 0.135394620379 0.14744813635 0.136422688447 0.142239026843 0.200599910663 0.0924719897245 0.0909484589648 0.267152926321 0.259242994656 0.280172405454 0.245740576435 0.282556049159 0.514970789531 0.529736133999 
1006 1.0 0.167455179416 0.167455179416 0.300474659872 0.206915022561 0.384288147398 0.232318971041 0.240173779818 0.201931245767 0.218601320434 0.537202962052 0.31416913245 0.323189081707 0.36569048805 0.364095030212 0.110129754223 0.09960504175 0.15323477906 0.142829417738 0.191638430523 0.200484555525 0.403080918432 0.403802424234 0.169614123467 0.178464578619 0.28557390643 0.296533438331 0.15652378984 0.142063114289 0.150680687205 0.14316868049 0.150116187062 0.218601320434 0.0887894464306 0.0887894464306 0.284680621746 0.266003825485 0.277561940268 0.265638811488 0.240173779818 0.494603994097 0.49548599122 
1010 1.0 0.159864347383 0.163744068165 0.301494519637 0.206271299245 0.380345482731 0.236221204729 0.231930250488 0.197354299116 0.206271299245 0.523591107651 0.322898056603 0.325437042231 0.36419457386 0.373498519287 0.102559184137 0.106168227017 0.160994759351 0.149586040402 0.194219230029 0.201135108158 0.389943902198 0.4104067265 0.175584033454 0.194219230029 0.263733331896 0.297910435794 0.146094746716 0.153997384603 0.165439186516 0.156780424661 0.135286917627 0.206271299245 0.0944884818917 0.0996618354554 0.249154588639 0.248481802743 0.264578294676 0.256438763136 0.266469664784 0.522817885478 0.5316814065 
1054 1.0 0.176813372228 0.176813372228 0.306023812924 0.211706110224 0.435332580523 0.242183089939 0.247270337895 0.208413435055 0.223157834294 0.529787748812 0.297776144404 0.309395458707 0.341892238792 0.35245125064 0.106504464676 0.106504464676 0.141626619398 0.141626619398 0.199944659656 0.20940667389 0.41765571736 0.421611503057 0.171249305185 0.184095820888 0.270768926052 0.300550516236 0.156917322385 0.167161620391 0.154697729354 0.157796417904 0.137160904951 0.223157834294 0.0848130261934 0.0918598654868 0.268460101021 0.259019080262 0.280554359037 0.234345242382 0.256873957777 0.50341206785 0.519904010209 
1137 1.0 0.162824306675 0.156225508822 0.306530223955 0.25007309158 0.419513130565 0.219963525592 0.240212519784 0.197157072271 0.210637607016 0.545522179317 0.308242519482 0.312762813967 0.365848840491 0.369876266569 0.132455817716 0.12267566858 0.189904671251 0.182364078644 0.199515964627 0.195966978467 0.429569099553 0.43569709921 0.160046973494 0.164847046426 0.272242446984 0.266744955823 0.154468700259 0.14630223255 0.157220585817 0.157592119819 0.132455817716 0.210637607016 0.109047245748 0.10614846117 0.315740393028 0.299973357102 0.304488367931 0.256689517439 0.244794533278 0.503641850187 0.489589066557 
1241 1.0 0.158098099242 0.171076938323 0.297255698498 0.209382630715 0.393600231129 0.245380559714 0.251646603745 0.209382630715 0.214562655558 0.556957482267 0.301258424034 0.293130234534 0.336387155858 0.339400431974 0.107420805187 0.102863765643 0.174313816 0.170140805779 0.211847155772 0.219074442825 0.39788821664 0.412666295875 0.167300982323 0.170140805779 0.255035140204 0.275288193606 0.139874169845 0.156957496857 0.167300982323 0.161842061482 0.134043493744 0.214562655558 0.125902610611 0.124627614612 0.285540260152 0.272371922863 0.292721310502 0.257760367914 0.276373861788 0.496946154161 0.50432349149 
1253 1.0 0.159455060646 0.171260473303 0.239182590969 0.210479821578 0.44397678387 0.234826026619 0.233931185801 0.190524775929 0.195869189225 0.477690191927 0.278395172313 0.284924973595 0.321780747976 0.341766494266 0.110292472682 0.107777088835 0.145487981326 0.140638891788 0.154522262415 0.178366650045 0.434834512401 0.442083173471 0.149426713804 0.154522262415 0.227214053533 0.252312485002 0.115018348293 0.137506746444 0.132609137216 0.151251021321 0.143365586091 0.195869189225 0.080732961348 0.0844444935044 0.244717024954 0.245900828275 0.26314193088 0.206455571353 0.261357897219 0.495364417414 0.506157235585 
1286 1.0 0.181648634498 0.182063642201 0.258237860224 0.208860339724 0.42860017873 0.237725067141 0.249920742153 0.193244395071 0.197264308853 0.527579020282 0.303439403668 0.308471582129 0.36528613752 0.363338814799 0.111253577428 0.109475593903 0.15196821912 0.155405737977 0.204404334777 0.192226281752 0.401431401128 0.408402317366 0.155114078531 0.161595815376 0.275379669301 0.268553076164 0.142643506026 0.129673028574 0.126848594938 0.135702226731 0.137360563949 0.197264308853 0.0894427191 0.0901152302165 0.231875047678 0.20907703735 0.216733903452 0.242564910589 0.221214486543 0.491743145102 0.491067378077 
1317 1.0 0.17529341456 0.182536822858 0.274536025559 0.233594813879 0.426470501764 0.22352289705 0.235050247361 0.188511159531 0.201708141144 0.503076952119 0.280860730885 0.287105512074 0.32140515785 0.329163606998 0.117379941261 0.117379941261 0.15284403385 0.161522832866 0.201115503142 0.199327017248 0.385608368061 0.385652586669 0.14968762235 0.161944564218 0.264411375743 0.279460831214 0.134823876453 0.124978683129 0.150142600975 0.134443911743 0.132399018252 0.201708141144 0.100472928484 0.0923364576826 0.245621919928 0.228427780872 0.254621025954 0.231394499721 0.283278861866 0.467080117354 0.491417369072 
1335 1.0 0.164459448379 0.177737984314 0.276370176203 0.236821605665 0.375025242933 0.226357386911 0.242687765589 0.187108312248 0.202652481822 0.539587415069 0.309253737777 0.304387738662 0.364195067827 0.368036582538 0.122894241663 0.122894241663 0.188146209153 0.196251879148 0.204035791271 0.208026575844 0.403056523568 0.406371276887 0.15399587926 0.174791846829 0.2609054685 0.284624147454 0.129244619677 0.133202000982 0.156366258462 0.155255294066 0.136887177484 0.202652481822 0.115074615858 0.114886431569 0.297194195471 0.289448629146 0.306089034102 0.257986504539 0.291979213006 0.507218108363 0.52811716274 
1344 1.0 0.16666324249 0.173073367201 0.288455612002 0.211534115468 0.403888727604 0.223620579229 0.226632132575 0.208796959844 0.208796959844 0.49998972747 0.283208566399 0.286669491968 0.33332648498 0.346917465432 0.10571848503 0.111948015337 0.160253117779 0.172478815917 0.197988819551 0.192410547086 0.415670763353 0.43650078281 0.146313817124 0.15290532569 0.269606522917 0.286669491968 0.138375574603 0.115560166641 0.157146138948 0.119235212035 0.15831840157 0.208796959844 0.10668573743 0.10336015524 0.301002966566 0.294935403752 0.312522341725 0.213082418768 0.301548509318 0.481826523025 0.534851832878 
1354 1.0 0.164999049185 0.166138952544 0.282381920329 0.219915311365 0.405794585983 0.254245818282 0.254987061308 0.206184460392 0.211605348773 0.558462819674 0.278935546609 0.288824922406 0.328923999508 0.332916287818 0.110759301696 0.11181922347 0.175125832704 0.171725007364 0.206641632706 0.209701477876 0.411509877588 0.405503797994 0.173909196982 0.187613008944 0.262464132727 0.283964837726 0.139086655252 0.160945821973 0.153595515961 0.162840224626 0.12960403835 0.211605348773 0.110972095939 0.116773005008 0.307574781019 0.296084988908 0.314552216815 0.240807204714 0.30503311537 0.471365595059 0.505980092043 
1360 1.0 0.175915722616 0.175026130453 0.293673121751 0.218732490588 0.412487989478 0.240324983223 0.237876787127 0.203481886292 0.207658255842 0.524892555788 0.264224590351 0.265991013969 0.321277936054 0.318594474253 0.115188075264 0.107839085181 0.141628163108 0.142452388281 0.196058726891 0.198432884765 0.397504410161 0.39335951408 0.174019903543 0.169935425325 0.277479948737 0.27379892925 0.148488317681 0.149013013018 0.156173761889 0.155171030739 0.142452388281 0.207658255842 0.0795106987739 0.0752232449803 0.268909269312 0.249878019022 0.274297328442 0.258022498546 0.238122739411 0.477799835629 0.459734812213 
1419 1.0 0.16979788844 0.169914307987 0.295574102099 0.257917919412 0.496855844959 0.221541153061 0.218032259189 0.187613257601 0.18313293138 0.540837718735 0.291735751774 0.282996480734 0.354412285375 0.341048413235 0.128267073559 0.135756764655 0.162295185113 0.161072144435 0.186979783904 0.178761586935 0.453492587583 0.455320316771 0.154684290032 0.16070341718 0.276135368155 0.284112291787 0.157220267074 0.124829327819 0.151193263104 0.113373146896 0.124034734589 0.18313293138 0.0889372135905 0.0893807934674 0.26532521338 0.245344229166 0.253510063282 0.226484512337 0.201340180544 0.493621565925 0.481576739288 
1443 1.0 0.179005997688 0.178513003092 0.267769504638 0.25 0.428964045445 0.237267415131 0.23963275625 0.191654711611 0.190825233131 0.553726543671 0.24943534654 0.250493027666 0.314226056629 0.310842332128 0.131426723476 0.126923997225 0.167930907287 0.165072750545 0.169809621013 0.172589350883 0.427564753839 0.426574255009 0.15986546092 0.144581587027 0.286960460162 0.270063496534 0.138606594107 0.124823620626 0.137072156493 0.126227755016 0.114205364148 0.190825233131 0.088263628597 0.085628297319 0.289893692711 0.274144312987 0.290015266922 0.25702208016 0.237490166626 0.482198621353 0.486999631131 
1511 1.0 0.171405696124 0.184082760958 0.266236917181 0.195137394213 0.39049850572 0.2262278482 0.251458626911 0.194958286883 0.209470115429 0.515878865982 0.280049901979 0.285913841727 0.319934491111 0.328287870267 0.101172169396 0.0962166405639 0.15514467118 0.156042766504 0.182462534289 0.193880168276 0.398468684562 0.396491160273 0.181310127807 0.177808100277 0.28725473685 0.288891874728 0.132822894854 0.140118477628 0.146218715162 0.151037171167 0.121274166997 0.209470115429 0.105730976073 0.103392245028 0.272462488905 0.27291088169 0.311469260821 0.245198431362 0.305123641629 0.491144283713 0.511594817841 
1525 1.0 0.164150189081 0.166746841682 0.25270056376 0.234573540003 0.417268834417 0.248794177494 0.251746716222 0.206523390723 0.199066421573 0.511249581102 0.293652489241 0.30485035115 0.349495885826 0.359673269996 0.120858672865 0.122412734821 0.154774619505 0.149465181657 0.146562668822 0.132653384951 0.424455205659 0.430005978563 0.166746841682 0.161298859167 0.253718563976 0.249415042898 0.119572145326 0.16592033428 0.134965040942 0.167978977959 0.170416527034 0.199066421573 0.0705939295336 0.0705939295336 0.25453003267 0.240648582887 0.256949063058 0.241503971542 0.267949268628 0.493740026368 0.513663996332 
1541 1.0 0.163953218283 0.169874002544 0.283208649562 0.232715747989 0.414963048167 0.241877987966 0.237257791934 0.207386239796 0.212098023121 0.522453124845 0.283208649562 0.279202270009 0.340967513001 0.337412939582 0.123526217182 0.115932432446 0.164554883492 0.155666702882 0.196824214756 0.194195730277 0.390624197038 0.383887031913 0.165989982319 0.177498484894 0.27064698865 0.293086188307 0.141848380181 0.138034932986 0.151157398488 0.141289919823 0.137891668876 0.212098023121 0.0855167827553 0.0893595914128 0.27064698865 0.257780075376 0.276069865972 0.280121049738 0.259689866453 0.493504473751 0.467000108645 
1555 1.0 0.166537243977 0.156670985965 0.24280006889 0.214640570288 0.460316277574 0.237559162579 0.206571840969 0.184354249535 0.17597007714 0.489087050271 0.314211160762 0.300072020335 0.347198992682 0.357734283814 0.102419027519 0.11731338476 0.146856171811 0.147710822122 0.216489695738 0.201221462037 0.446575147818 0.478155380904 0.153969559548 0.153969559548 0.24340415743 0.268173618668 0.104447323977 0.137256782447 0.145564788118 0.119440084516 0.124429634831 0.17597007714 0.091606363089 0.091606363089 0.316274202299 0.287649814841 0.301953805018 0.235786308231 0.276948322674 0.519901420154 0.515036359127 
1582 1.0 0.176001598004 0.176776695297 0.281319435873 0.20009763242 0.41268935048 0.24117226727 0.246538536541 0.194052183703 0.194052183703 0.53125 0.296990109263 0.296133943512 0.349665018267 0.341412507094 0.10307764064 0.101742628726 0.146442181423 0.150260191002 0.168170300588 0.165004734781 0.393551537286 0.376299830587 0.160200070225 0.170018381359 0.265900592327 0.263687788872 0.147107528699 0.147505296515 0.142521928137 0.152581945197 0.150260191002 0.194052183703 0.09375 0.0901387818866 0.251945554634 0.243830115039 0.271353666826 0.26279745052 0.257466624051 0.468791664815 0.472898310951 
1592 1.0 0.148206483708 0.167858933352 0.261994524114 0.228204378028 0.396057903011 0.208411149591 0.230851735413 0.164472967593 0.184222624626 0.509883413691 0.308905202724 0.305535493364 0.354816269677 0.369055561497 0.112463204087 0.123707705278 0.166647911204 0.170783061838 0.210559774942 0.195022916539 0.402147988813 0.423570728283 0.150765850345 0.174433799421 0.238240085228 0.28097785128 0.123707705278 0.132322011177 0.146526603252 0.141526347304 0.130265067121 0.184222624626 0.096758462767 0.0912521607134 0.327093476981 0.315394001597 0.333902980568 0.256350235282 0.289187919818 0.475913044482 0.498320535387 
1614 1.0 0.16507982534 0.158888447667 0.27695656418 0.235889665213 0.436165905582 0.255117764978 0.26121278802 0.223931347304 0.230551432882 0.523912888126 0.247270337895 0.248734520182 0.315866669123 0.307882787376 0.124610334683 0.119943731909 0.162227031126 0.158888447667 0.195749549913 0.199944659656 0.452357376436 0.443829210976 0.184564855587 0.197157838214 0.283802120601 0.291555897917 0.1526725081 0.150275258118 0.142114147929 0.147370553218 0.145599917609 0.230551432882 0.087423266356 0.0882108792599 0.285503004702 0.264697971107 0.286772047489 0.248108071536 0.261146582776 0.467582380562 0.482649578448 
1617 1.0 0.172952488495 0.173463427536 0.273946900539 0.214190873254 0.398810578937 0.224519184104 0.231734796621 0.186351530682 0.193801062022 0.506288117198 0.27010800582 0.28064898013 0.319296901837 0.325010857929 0.108572684847 0.108572684847 0.151455818946 0.151455818946 0.178591529289 0.171616928056 0.409323531979 0.399121127296 0.154693408461 0.154693408461 0.266413144854 0.263540862059 0.150518003 0.126493345247 0.135675094425 0.128712696042 0.122078591135 0.193801062022 0.0908189384327 0.0940737518753 0.299444303441 0.29250735173 0.311496361716 0.244012152746 0.273946900539 0.475421602396 0.479905238029 
1618 1.0 0.170187529672 0.169746818886 0.283459984912 0.233627423014 0.404345929202 0.246523898354 0.244999936304 0.212587648077 0.214923846223 0.531175409686 0.289818919745 0.285828405959 0.346554288902 0.344603483078 0.118458682357 0.121989336633 0.171065545111 0.174962096841 0.202481484488 0.210106684749 0.385569928531 0.388665889336 0.151727464457 0.163146342554 0.268625762446 0.272776449242 0.1490711985 0.143088808057 0.138837693436 0.147047513702 0.161144471125 0.214923846223 0.0961168660282 0.101179066489 0.284251651268 0.270016414168 0.282135604587 0.274873708375 0.230073537612 0.494665677336 0.474940038268 
1648 1.0 0.170546463276 0.170546463276 0.278462567835 0.215980352511 0.380675673544 0.231839505094 0.233227778011 0.184983611789 0.191668812941 0.545564097658 0.27419849478 0.286124434097 0.320249845971 0.327821338886 0.109290190799 0.10854923181 0.140672938469 0.145523201903 0.182965707906 0.180478679711 0.391379821203 0.399583344996 0.152985167172 0.160401890588 0.265038989848 0.272841214224 0.143737573519 0.125127045874 0.147506198427 0.134093559647 0.127047266183 0.191668812941 0.0852258970621 0.0852258970621 0.294793463691 0.278462567835 0.289712341455 0.251026880284 0.255740813688 0.46343527097 0.466109392297 
1672 1.0 0.182556619646 0.186209157396 0.248451041362 0.217919562969 0.398766618764 0.255476856272 0.247908317266 0.200249988079 0.212193252779 0.50309796467 0.285631808651 0.294781760492 0.335736319565 0.346787671978 0.111835663817 0.113203735037 0.146408481739 0.163777798287 0.172475886717 0.172029057245 0.394107063043 0.375095395473 0.149142891477 0.169436921898 0.249687123824 0.294716478295 0.121879956839 0.13420279658 0.137320912113 0.127738428136 0.162835184426 0.212193252779 0.0922220509256 0.0777299638317 0.240901392388 0.235734005724 0.26704001829 0.228100892847 0.292027343263 0.474883901634 0.513245754528 
1677 1.0 0.173217646223 0.168116530161 0.285253076808 0.217752624461 0.41357025786 0.223042933066 0.234526753982 0.193562846284 0.197616542179 0.532098824124 0.272315691946 0.279305062081 0.327140195738 0.330308812247 0.112769104108 0.1095524586 0.150036788391 0.153822832633 0.199495664095 0.193321746528 0.4161185583 0.423928286201 0.169314415902 0.169589649488 0.28218457183 0.279471994098 0.148159951348 0.14281716107 0.147634373418 0.139735997049 0.142162533509 0.197616542179 0.0928043558629 0.0871010497846 0.254552480567 0.234261452139 0.253634730383 0.245347226373 0.251171002918 0.481031269923 0.479055773815 
