Leaf
282 1.0 0.180794995304 0.167961424982 0.265672453796 0.187786581929 0.380238847891 0.246994685388 0.237761612893 0.201176520511 0.194596753258 0.484816245964 0.298010947598 0.306536237564 0.329810947495 0.335437995947 0.0943256491574 0.0937487284601 0.153179601235 0.151398382518 0.196538607877 0.184139893394 0.31923718928 0.330262996854 0.16552117772 0.168284117739 0.27027822467 0.266182480093 0.133904018533 0.135114019193 0.140236764783 0.140236764783 0.140719508946 0.194596753258 0.111826142404 0.10737108603 0.21252009423 0.193338119298 0.207417059159 0.281920522124 0.27027822467 0.487021299711 0.493989370777 
414 1.0 0.1800008165 0.174249102387 0.27169693852 0.196502248867 0.358514016584 0.235899003606 0.232978202719 0.193763407622 0.193763407622 0.508626892774 0.29361795547 0.295658568133 0.338630061658 0.32739607347 0.104670796706 0.0931912810875 0.159433997878 0.144486947696 0.184672181311 0.18931650093 0.338235272761 0.341967366091 0.155617205165 0.153564545422 0.268916566952 0.258788990491 0.14297638725 0.1364005764 0.136032753952 0.141095037024 0.159433997878 0.193763407622 0.100934242409 0.101099572974 0.211642555537 0.185033575358 0.210376171359 0.303408829189 0.274753243194 0.502814577984 0.489211553848 
415 1.0 0.178022798665 0.165290019006 0.26092231801 0.184859784624 0.342774221087 0.265467269533 0.265467269533 0.218269446396 0.225458284628 0.467415997903 0.284479544982 0.285929395519 0.318985084578 0.318475412391 0.0930271194533 0.0925496460553 0.142654466585 0.138558266596 0.187162185469 0.194817213409 0.329012768591 0.318057800394 0.182690087995 0.192759629905 0.27716981971 0.27886961223 0.135867558682 0.143480259107 0.137488302579 0.148438028295 0.16742059053 0.225458284628 0.0950684638491 0.0972189110876 0.215546077779 0.201083986849 0.220088670652 0.300878394263 0.304779735715 0.49243321846 0.496108255691 
511 1.0 0.178553209786 0.173555189479 0.272713360555 0.176830791293 0.3384042633 0.23054808148 0.24183250952 0.188557600159 0.194942167013 0.500076509143 0.294174202707 0.295039932074 0.334271447375 0.32167340714 0.09146387082 0.0860026145192 0.139682941763 0.132562982378 0.194352523753 0.194352523753 0.323925247245 0.32226752217 0.155904663265 0.163178487966 0.268804133357 0.264403483721 0.15066336347 0.133330357717 0.131112048693 0.133425969316 0.139317278984 0.194942167013 0.090341572233 0.0971434486856 0.225514895219 0.202009896707 0.222726790072 0.303855387161 0.279594030468 0.478575898723 0.472245392862 
617 1.0 0.178964643623 0.169300127629 0.291722230989 0.214281918225 0.369089080488 0.229683804681 0.235472500505 0.193883440005 0.207904045456 0.494934482248 0.282027330966 0.288731381134 0.33274231632 0.335499310614 0.114494305404 0.102752206513 0.147371417885 0.147371417885 0.192323907472 0.191678058993 0.322633099538 0.313668541524 0.160269922893 0.175869345175 0.274644467817 0.271726429402 0.14725116375 0.140478746158 0.151753844783 0.152103642815 0.155785958405 0.207904045456 0.0892841325939 0.0826916540805 0.214612345435 0.190844470829 0.220314615204 0.279820263709 0.280768274094 0.480478061315 0.46366659779 
652 1.0 0.182645825699 0.182645825699 0.26379349196 0.186813186813 0.351691274853 0.245721755769 0.245721755769 0.210303947352 0.210303947352 0.48354770129 0.304635522541 0.299185788793 0.342823681095 0.341986072958 0.0894440692093 0.100265316433 0.148453363584 0.148453363584 0.186893970898 0.186813186813 0.304784137327 0.315539648689 0.172443459632 0.172443459632 0.282846981895 0.282846981895 0.128623075942 0.127798937908 0.151173807607 0.134137973799 0.155505183495 0.210303947352 0.0934065934066 0.0990536064688 0.208863492404 0.186893970898 0.20270183237 0.27345861842 0.271408550225 0.45904612251 0.466483192897 
723 1.0 0.187250218817 0.176550768746 0.261285827056 0.189510217058 0.366622247054 0.241885711109 0.229499436786 0.194889705536 0.197985843827 0.495233330437 0.292737375311 0.292009301123 0.348768839203 0.332932695211 0.101383208276 0.0943933697848 0.14683540919 0.140593213812 0.206481756994 0.197062110123 0.33548045455 0.340340134823 0.162935156499 0.169879426606 0.269366076109 0.27473157051 0.143801076296 0.158008066508 0.123923413966 0.143801076296 0.163680006811 0.197985843827 0.0819792266477 0.083994659268 0.24288939057 0.218503051479 0.225286853056 0.298243244625 0.258477478675 0.48577878114 0.465348344383 
830 1.0 0.175418135301 0.169282422526 0.262489627013 0.185648313743 0.33310984465 0.244084008646 0.252836161409 0.21229696884 0.220757760182 0.508052523561 0.312294019097 0.304176077443 0.353921812537 0.346908556566 0.0953178524711 0.0942176920129 0.160521194604 0.156099309224 0.202824852428 0.201941721155 0.32293891719 0.316463177176 0.18468306467 0.189460139539 0.283074317816 0.281967215954 0.139149294159 0.165995072263 0.132908169318 0.166621977923 0.157429455195 0.220757760182 0.107507853833 0.107507853833 0.218315374221 0.196559626132 0.211945890431 0.298591670017 0.278137985099 0.475086809872 0.447746151325 
842 1.0 0.174431159797 0.176820739085 0.287533319523 0.194885422412 0.355195628388 0.235810426778 0.240491300412 0.188870673074 0.196026093947 0.52910069078 0.297310347319 0.304286319006 0.338985951641 0.349050233596 0.0978456462588 0.0994410608862 0.148522780722 0.142391747781 0.168464619042 0.16799687741 0.321635166497 0.332304422944 0.166821785738 0.174205456239 0.269887651185 0.277175448964 0.139319187715 0.143492731295 0.155003966105 0.160736012063 0.148522780722 0.196026093947 0.0923287071497 0.0923287071497 0.215406592285 0.20543436589 0.216135962066 0.275323952261 0.28056149789 0.47084159043 0.476076863886 
871 1.0 0.182057123948 0.182057123948 0.244856592991 0.18081014267 0.329712613104 0.257247877714 0.244856592991 0.208962097929 0.185747846403 0.511518898684 0.310086836473 0.299509402779 0.353553390593 0.33984958078 0.0980580675691 0.0877058019307 0.135372788459 0.128073084339 0.166478022954 0.166478022954 0.319253937991 0.324699652376 0.16511342598 0.162697843364 0.262687123565 0.253705569188 0.129391195404 0.162349826188 0.121267812518 0.153392997769 0.174441578339 0.185747846403 0.0752071046995 0.0681029298178 0.224364361064 0.212717814906 0.230089496654 0.319961818989 0.272619271088 0.504392470905 0.460301887954 
912 1.0 0.182878052126 0.178265680113 0.269804616744 0.172154003212 0.348864442149 0.243373655003 0.255853465828 0.209041506828 0.213394338254 0.493215336401 0.292872394748 0.301282968877 0.337197635652 0.337742511233 0.0903082689342 0.0848748381796 0.144484247097 0.148908255306 0.197877370209 0.189386538193 0.332839016796 0.321465568336 0.172843750661 0.172091161815 0.285087017179 0.27120413137 0.148908255306 0.141992301545 0.129731858891 0.147741473328 0.153557167119 0.213394338254 0.102112841533 0.100188028997 0.229748008587 0.209351734316 0.224461358361 0.289753482172 0.281574830926 0.487147139014 0.471692521287 
925 1.0 0.181071492085 0.188786523269 0.275493382526 0.190483017625 0.359818053327 0.233263118444 0.241280550236 0.182379995978 0.196554555481 0.509106903727 0.288731659188 0.29919977572 0.331364595852 0.34586381115 0.0965180171463 0.0975271948755 0.13095331951 0.134639899074 0.172931905575 0.183374316598 0.334515518681 0.331997172812 0.159114795176 0.170897820391 0.258520120309 0.276759792541 0.132228868963 0.143880564928 0.14959988786 0.161470886885 0.146290792313 0.196554555481 0.0762812747429 0.0762812747429 0.229454238288 0.223149683724 0.24655631905 0.251443546775 0.291335939343 0.465265271717 0.47511214506 
947 1.0 0.17476567862 0.164854094375 0.278603517217 0.184144542181 0.298503768447 0.242556634836 0.247055828402 0.215541402366 0.217314023666 0.487581537443 0.279047365702 0.281432051838 0.329295043963 0.320766185862 0.096598246499 0.0907863768932 0.152288939822 0.145302498937 0.185750484289 0.176316675111 0.298213415238 0.308012241661 0.175824660309 0.180341737872 0.287565516089 0.281607891938 0.149665898567 0.138231562793 0.140099040685 0.137962716711 0.151637433348 0.217314023666 0.0914654168475 0.0914654168475 0.216000245679 0.189640623707 0.1962471526 0.313744674861 0.291158085991 0.457327084237 0.460858411792 
1032 1.0 0.186000852902 0.179411218348 0.279745938967 0.184567483072 0.321337502275 0.26081426211 0.255533658106 0.218318321536 0.216608548899 0.517847199838 0.306330747579 0.308174741645 0.343803916709 0.340803915444 0.0959520654642 0.0894585538738 0.13491157528 0.134648845575 0.184567483072 0.181276556128 0.327720688786 0.327720688786 0.175015175384 0.175015175384 0.277585706337 0.27566556081 0.145883068546 0.16340047954 0.141446393213 0.155175127238 0.16340047954 0.216608548899 0.0878609511797 0.0906382780641 0.229622796985 0.214225001517 0.229622796985 0.279745938967 0.284204072234 0.483290187257 0.476984448705 
1067 1.0 0.193059667193 0.187050404858 0.264940085634 0.204726429808 0.35531159423 0.237519785394 0.225459740437 0.205786280358 0.184709744502 0.512134753486 0.285300917648 0.284027246477 0.336873745029 0.332104377965 0.105158629038 0.105158629038 0.153278943676 0.145013686312 0.191361991822 0.183429416258 0.329033333614 0.324260460263 0.183132684735 0.162130230131 0.31524594839 0.270626724157 0.143126225989 0.137572062193 0.131508609374 0.147000267733 0.14908200781 0.184709744502 0.0785090019773 0.0836514840961 0.248923573624 0.216769160973 0.23881376592 0.30239007797 0.273093989382 0.481295099693 0.443133235363 
1086 1.0 0.1735502997 0.170557828813 0.283860266314 0.19320414442 0.36322804396 0.253689470175 0.249081205183 0.201039901737 0.209197696328 0.522378591117 0.285668311767 0.2892504995 0.330770600828 0.335023816545 0.093556053945 0.102736405201 0.145291217584 0.144402577948 0.163624791726 0.157614472842 0.315228945683 0.331353799519 0.165190614884 0.176127009251 0.249081205183 0.267759591551 0.15136568842 0.161247549749 0.143508435741 0.154313280351 0.154313280351 0.209197696328 0.0864035200915 0.0969346104471 0.229725585792 0.215859777237 0.233614807946 0.280209178434 0.267037541899 0.466402416158 0.45790773681 
1116 1.0 0.165022765497 0.153297548043 0.270675334772 0.200221055608 0.317667055749 0.236612813357 0.231891883706 0.20834139695 0.191396364717 0.494369737803 0.294873721233 0.297673218078 0.353699981737 0.347390445533 0.111540349894 0.0969538823072 0.167103840976 0.150567996575 0.20834139695 0.20834139695 0.315483751143 0.322846751389 0.185900583156 0.185900583156 0.277484254959 0.268109633883 0.143034764572 0.173595712462 0.134054816942 0.157741875572 0.150567996575 0.191396364717 0.0918281141239 0.0895415781731 0.225851994862 0.200221055608 0.211959276426 0.312401491247 0.282666711876 0.475702120663 0.457330548183 
1152 1.0 0.156596837275 0.166991870228 0.291666666667 0.177389441312 0.322916666667 0.246943116482 0.261040918461 0.2124591464 0.222682899234 0.531352114369 0.296280471944 0.308481101978 0.340578806756 0.349385621484 0.085898033867 0.0943269285223 0.148048650037 0.133398421613 0.18778912893 0.186338998125 0.307600480422 0.323588011813 0.178000078027 0.184583803611 0.268822664595 0.275007891301 0.154854882785 0.141681984466 0.154854882785 0.15625 0.162713534915 0.222682899234 0.085898033867 0.0982706367923 0.246943116482 0.229403286933 0.24228548645 0.277951334669 0.275795881143 0.449367804378 0.456910670822 
1239 1.0 0.177967511602 0.183655957903 0.245776709267 0.177139965085 0.36003947047 0.23532484693 0.243105143954 0.198768493466 0.204197447737 0.479992163457 0.299818182131 0.292821001581 0.340654062593 0.329050171771 0.0930203132911 0.0874103359943 0.133399165271 0.12954970262 0.186566413669 0.187177965249 0.324905986332 0.326509975032 0.164525085885 0.166595905656 0.271469248347 0.281391343087 0.124799846284 0.13546372655 0.131922376247 0.130428867258 0.146354735981 0.204197447737 0.0793840981691 0.0824112551031 0.21721448577 0.194282542352 0.225185586333 0.269295527213 0.293822863095 0.456742374091 0.468703128439 
1244 1.0 0.166730122472 0.180652114838 0.265422969292 0.191299719381 0.321127108719 0.246606828062 0.248759297552 0.206980246748 0.199198699439 0.518507436706 0.284935288815 0.294206563326 0.330074191388 0.347825362594 0.0957990407424 0.101774057956 0.139632855549 0.135339689977 0.179701029533 0.179382880515 0.31850756315 0.303571028563 0.15611427845 0.17388530856 0.258444582913 0.289772345447 0.13076027029 0.128409332169 0.146682013552 0.132496102057 0.139905310161 0.199198699439 0.0719651265295 0.0743081827039 0.212517639607 0.20596585761 0.227573711935 0.279061095823 0.314234523679 0.466917750609 0.467406840566 
1268 1.0 0.176607756955 0.174944224527 0.293535693305 0.187424852057 0.337235275004 0.246302929629 0.216479619075 0.193866735876 0.183642347178 0.538291635917 0.289658258137 0.295323341209 0.336251151427 0.349330857545 0.090914407282 0.101645397408 0.142385725692 0.145768281015 0.173152174976 0.173152174976 0.302045736543 0.317218701819 0.162344705319 0.16754482933 0.268129895904 0.288106205048 0.145768281015 0.148943280294 0.153074206636 0.140317057977 0.145768281015 0.183642347178 0.0814121533376 0.0867447971396 0.213578588538 0.193967263099 0.213121735419 0.28763217877 0.292471190457 0.467135028758 0.472611399104 
1300 1.0 0.169637016448 0.181120766369 0.283191470576 0.186840735364 0.343420101605 0.224186222158 0.237623193498 0.182915072032 0.201960848905 0.518097911056 0.280293471366 0.282357325993 0.329066325183 0.331374048508 0.0935174278302 0.0980634049824 0.141146529466 0.140631394429 0.183509275239 0.177886206768 0.332685560422 0.334751612524 0.160061315682 0.177988176514 0.259311478605 0.294436811985 0.135907343311 0.143694506463 0.154876227554 0.148781505647 0.132116350977 0.201960848905 0.083687903131 0.0868791772287 0.237623193498 0.222968912407 0.25228929688 0.270610480759 0.300113077599 0.460746415217 0.468556232707 
1391 1.0 0.177508239839 0.172942844471 0.274281236261 0.18856834993 0.354464211031 0.230346460652 0.243105143954 0.198768493466 0.195455453219 0.508691518179 0.284679208376 0.282086709905 0.332210390001 0.322636885953 0.098642255251 0.0930203132911 0.149990748316 0.146354735981 0.176493635197 0.163729312969 0.325759088699 0.30972820572 0.192085278956 0.169895154765 0.314695886447 0.26655344905 0.146911431548 0.139149678609 0.135824803316 0.146019699901 0.165711580241 0.195455453219 0.0976441629119 0.094586714924 0.213958166569 0.188654908736 0.209251822798 0.30376724309 0.274875820172 0.49354217953 0.458027366117 
1411 1.0 0.173444479739 0.173444479739 0.281324146791 0.195288662507 0.32036865511 0.241147893555 0.258608204749 0.207557950126 0.219975146709 0.492189422013 0.292802772374 0.283915060849 0.345920117023 0.332335174626 0.104219029228 0.0966234939601 0.138200365344 0.132566340045 0.172915952924 0.185678340633 0.32490775244 0.329569507892 0.167721016192 0.175542674745 0.279474383744 0.273292511205 0.150258097048 0.143400931624 0.136422794691 0.150258097048 0.1610391566 0.219975146709 0.0736939822957 0.0720189002395 0.245287535565 0.219280559731 0.234476551305 0.329662070598 0.291654317067 0.48058472643 0.482105969147 
1537 1.0 0.167184289221 0.160540324767 0.25997689197 0.199982224592 0.339969781807 0.226646521205 0.220786977519 0.196055122584 0.187718352537 0.473338206725 0.282817574252 0.280688427979 0.337081955285 0.329279772927 0.103485299691 0.103485299691 0.141408787126 0.141408787126 0.182070487126 0.179489539654 0.329279772927 0.325820357074 0.177121993264 0.185695338177 0.273634021414 0.277424035137 0.149801385275 0.138712017569 0.13130643286 0.13130643286 0.132317793883 0.187718352537 0.0760049393122 0.0802701623835 0.238958071279 0.220081424999 0.242373909446 0.278463229802 0.276541666447 0.452508118803 0.462319996966 
