Leaf
879 101.004950374 19.0 19.0262975904 29.0 21.0 43.0 20.8086520467 21.6333076528 18.3847763109 18.3847763109 53.0094331228 25.179356624 25.495097568 29.5296461205 30.0166620396 11.0453610172 10.0498756211 15.5563491861 14.8660687473 21.4709105536 22.4722050542 39.1152144312 39.6610640301 14.7648230602 15.6524758425 29.0688837075 29.0688837075 14.5602197786 11.401754251 15.5241746963 12.8062484749 12.0415945788 18.3847763109 10.295630141 10.295630141 28.3019433962 26.0 27.7848879789 24.1867732449 25.079872408 45.343136195 46.6690475583 
263 109.293183685 19.1049731745 18.0 30.1496268634 20.0997512422 36.2215405525 21.9544984001 22.803508502 18.7882942281 18.4390889146 55.1452627158 31.2569992162 30.5941170816 35.8468966579 34.0 10.1980390272 10.0 16.6433169771 16.2788205961 21.4709105536 21.8403296678 41.2310562562 39.4461658466 14.4222051019 15.2315462117 28.7923600978 27.7848879789 16.1245154966 12.8062484749 14.8660687473 12.0415945788 16.2788205961 18.4390889146 11.1803398875 11.7046999107 28.8444102037 28.0713376952 28.6356421266 33.2415402772 32.0156211872 54.8178802947 54.4885309033 
368 101.019800039 20.0249843945 17.0293863659 28.0 19.0262975904 36.0138862107 23.8537208838 21.9544984001 20.2484567313 18.973665961 52.0096144958 30.5941170816 29.1547594742 34.0 32.3109888428 10.0 9.05538513814 15.5563491861 14.4222051019 21.5406592285 21.9317121995 35.8468966579 36.7151195014 15.2315462117 15.6524758425 29.0688837075 27.2946881279 14.3178210633 13.6014705087 14.3178210633 13.0384048104 14.8660687473 18.973665961 10.7703296143 11.1803398875 28.6530975638 26.0192236625 26.83281573 29.2745623366 25.0 48.0832611207 47.0106370942 
539 107.004672795 19.1049731745 18.1107702763 33.0151480384 22.0227155455 37.0540146273 25.5538646784 25.5538646784 20.8806130178 20.6155281281 59.0084739677 30.4138126515 30.5941170816 34.885527085 36.235341864 11.0453610172 11.1803398875 16.2788205961 15.6204993518 20.8806130178 21.0237960416 35.0 34.0 17.4642491966 18.7882942281 29.5296461205 30.0166620396 16.7630546142 14.2126704036 17.4642491966 15.8113883008 14.2126704036 20.6155281281 9.8488578018 10.8166538264 27.3130005675 25.179356624 27.2029410175 30.083217913 33.5261092285 50.9116882454 50.931326313 
569 105.019045892 20.0997512422 20.0997512422 28.0 21.0 37.0 24.1867732449 23.7065391823 20.6155281281 21.0237960416 51.0 34.2344855372 34.1320963318 39.0 38.275318418 11.1803398875 10.1980390272 17.0293863659 16.4012194669 19.6977156036 19.6977156036 35.8468966579 36.3593179254 16.5529453572 16.1554944214 29.9666481275 29.0688837075 15.2970585408 14.4222051019 13.3416640641 13.8924439894 15.0 21.0237960416 11.1803398875 11.1803398875 25.2388589282 23.0217288664 23.8537208838 29.7321374946 31.9530906173 51.0881590978 52.4022900263 
602 106.042444332 18.0277563773 18.1107702763 28.0178514522 20.0 36.0 21.6333076528 21.4709105536 18.0277563773 18.7882942281 50.0399840128 29.4278779391 30.1496268634 35.3411940941 35.4682957019 10.4403065089 10.4403065089 16.4012194669 16.4012194669 19.3132079158 20.1246117975 36.235341864 37.2155881319 14.7648230602 14.4222051019 27.7308492477 27.8567765544 15.2970585408 12.8062484749 13.152946438 11.1803398875 15.5563491861 18.7882942281 9.43398113206 10.0 25.2388589282 23.0 25.2388589282 32.7566787083 31.3209195267 50.931326313 52.4022900263 
613 108.115678789 19.2353840617 19.0262975904 30.0166620396 21.0237960416 36.0138862107 21.9544984001 22.0227155455 17.88854382 16.7630546142 55.0817574157 32.2490309932 32.3882694814 36.7695526217 36.6742416418 10.1980390272 11.0453610172 15.6204993518 15.5563491861 21.0237960416 19.9248588452 36.6742416418 37.7359245282 17.2046505341 14.7648230602 31.0161248385 28.6356421266 16.1245154966 13.416407865 14.3178210633 12.2065556157 14.2126704036 16.7630546142 9.43398113206 9.43398113206 28.0178514522 25.179356624 25.079872408 36.1386219992 30.083217913 55.1724568965 52.3450093132 
630 116.211014968 19.1049731745 20.0 28.0713376952 23.0217288664 41.0487515035 22.360679775 22.803508502 20.1246117975 18.973665961 52.1536192416 32.0624390838 31.1448230048 37.6961536499 35.8468966579 12.3693168769 11.1803398875 18.6010752377 18.4390889146 23.2594066992 23.4093998214 47.0106370942 46.5295604965 14.2126704036 14.3178210633 29.4108823397 29.0688837075 15.1327459504 10.8166538264 13.6014705087 11.401754251 17.0293863659 18.973665961 12.2065556157 12.0830459736 32.7566787083 31.0161248385 32.6496554346 35.6931365951 30.4138126515 60.440052945 56.8506816142 
831 106.004716876 19.4164878389 21.2132034356 31.0161248385 21.0237960416 41.0 25.2388589282 25.0599281723 17.7200451467 21.0237960416 57.0 33.1360830516 33.7342555869 36.4005494464 37.5898922584 10.0498756211 11.0 16.2788205961 14.8660687473 19.6977156036 20.8086520467 36.3593179254 38.0131556175 15.5241746963 17.4928556845 25.495097568 32.3109888428 13.3416640641 15.0 18.4390889146 14.2126704036 14.1421356237 21.0237960416 9.8488578018 10.8166538264 25.0599281723 25.0 27.7308492477 26.9258240357 30.8058436015 51.6139516023 55.1724568965 
1004 115.212846506 22.0907220344 22.0227155455 33.0151480384 21.0 40.0124980475 22.4722050542 24.2074368738 19.7230829233 19.3132079158 60.0083327547 32.14031736 32.2800247831 37.3363094052 39.4461658466 10.4403065089 11.401754251 17.2046505341 17.8044938148 21.0237960416 22.360679775 36.235341864 38.6005181312 13.6014705087 14.7648230602 31.3209195267 31.384709653 16.1245154966 12.0415945788 17.2626765016 14.1421356237 17.0293863659 19.3132079158 9.8488578018 10.295630141 26.4007575649 23.0867927612 25.0599281723 30.8706980809 31.3209195267 53.0094331228 55.1543289326 
1009 118.067777145 21.0950231097 21.2132034356 29.0688837075 23.0 38.0525951809 25.8069758011 25.5538646784 19.9248588452 20.6155281281 57.0788927713 28.1602556807 30.1496268634 33.5410196625 34.9284983931 12.1655250606 11.1803398875 18.3847763109 16.4012194669 20.6155281281 20.591260282 36.0555127546 36.7151195014 16.4924225025 16.5529453572 28.6530975638 30.4630924235 14.8660687473 14.8660687473 15.2970585408 14.4222051019 15.5563491861 20.6155281281 10.7703296143 10.295630141 25.0599281723 24.0831891576 26.4007575649 33.7342555869 34.9284983931 52.4022900263 53.0377224247 
1057 110.113577728 18.0277563773 20.2237484162 33.0151480384 20.0 39.0128184063 23.0217288664 25.0599281723 18.6815416923 20.6155281281 58.137767415 31.7804971641 32.5576411922 37.1214223865 37.5765884561 10.1980390272 10.1980390272 14.1421356237 14.1421356237 19.6977156036 20.2484567313 37.7359245282 38.0788655293 14.8660687473 17.0 26.4196896272 30.4630924235 16.4924225025 14.8660687473 17.2626765016 15.0 16.2788205961 20.6155281281 7.81024967591 7.81024967591 24.5967477525 24.0831891576 28.0178514522 27.5136329844 35.902646142 51.0881590978 56.5685424949 
1132 99.0807751282 17.4642491966 17.0293863659 28.0178514522 21.0 38.0131556175 25.079872408 24.1867732449 20.2484567313 20.6155281281 50.0899191455 32.14031736 31.2569992162 37.6961536499 36.7695526217 11.401754251 10.4403065089 17.0293863659 16.4012194669 19.2353840617 19.6977156036 36.7151195014 36.8917334914 18.0277563773 16.2788205961 26.4196896272 25.0 15.1327459504 17.4928556845 13.3416640641 16.4012194669 16.6433169771 20.6155281281 9.43398113206 8.94427191 23.6008474424 22.0907220344 22.825424421 29.1547594742 26.4196896272 53.8237865632 51.6139516023 
1150 96.0468635615 18.0277563773 17.1172427686 26.0192236625 22.0 33.0 23.0217288664 23.3238075794 18.6815416923 18.6815416923 51.0392006207 33.1360830516 34.0147027034 38.6264158317 38.8973006776 11.401754251 11.401754251 16.2788205961 16.2788205961 18.973665961 18.6815416923 37.5765884561 38.0131556175 15.8113883008 15.8113883008 26.9258240357 25.5538646784 14.3178210633 15.0 12.1655250606 14.7648230602 13.4536240471 18.6815416923 9.43398113206 9.43398113206 28.6530975638 27.0185121722 27.3130005675 29.1204395571 26.0 50.6063237155 51.0392006207 
1213 115.108644332 20.0249843945 20.0249843945 32.0156211872 24.0 39.0128184063 22.0227155455 24.2074368738 18.973665961 20.6155281281 61.0737259384 30.0665927567 31.5753068077 34.9284983931 37.5898922584 12.1655250606 12.1655250606 16.9705627485 16.9705627485 23.0867927612 22.4722050542 46.2385120868 49.193495505 17.0 16.1245154966 32.2490309932 31.7647603485 16.1554944214 11.401754251 17.7200451467 12.7279220614 12.2065556157 20.6155281281 10.8166538264 10.8166538264 38.4707681233 38.0525951809 39.0 30.2654919008 36.3455636908 53.0094331228 55.2268050859 
1225 102.122475489 17.0293863659 18.0277563773 29.0 20.0 35.0570962859 23.8537208838 25.0599281723 21.3775583264 21.8403296678 54.0370243444 28.2842712475 28.4429253067 33.1058907145 33.5410196625 10.1980390272 10.1980390272 15.6204993518 15.6204993518 23.769728648 22.8473193176 39.3573373083 40.718546143 14.5602197786 17.4642491966 25.8069758011 29.1547594742 14.3178210633 12.0415945788 17.0880074906 13.4536240471 15.5563491861 21.8403296678 10.295630141 9.43398113206 29.9666481275 29.0172362571 30.886890423 24.3310501212 32.0624390838 46.4004310325 50.931326313 
1306 106.018866246 19.0262975904 18.1107702763 30.0 22.0227155455 38.0525951809 23.0217288664 24.1867732449 18.973665961 19.9248588452 55.0363516233 30.2654919008 31.2569992162 36.2491379208 36.2491379208 11.401754251 11.1803398875 16.4012194669 16.9705627485 21.9317121995 22.1359436212 40.3112887415 37.5898922584 14.3178210633 17.4928556845 27.7308492477 29.9666481275 15.5241746963 12.7279220614 15.5241746963 12.5299640861 14.2126704036 19.9248588452 10.0 8.94427191 27.7308492477 27.0739727414 29.6816441593 27.6586333719 29.1204395571 51.0881590978 50.4479930225 
1335 112.0 19.0 18.0277563773 31.0161248385 25.0199920064 39.0 24.4131112315 25.2388589282 20.6155281281 20.3960780544 59.0 33.1360830516 31.1448230048 38.4837628098 37.1618083521 13.152946438 12.3693168769 19.1049731745 17.8044938148 18.3847763109 19.3132079158 38.9486841883 39.4461658466 14.3178210633 16.1554944214 28.1780056072 27.7848879789 16.2788205961 14.1421356237 15.5241746963 14.2126704036 14.4222051019 20.3960780544 9.8488578018 10.295630141 28.3019433962 26.0192236625 27.7848879789 31.1448230048 31.2569992162 50.2095608425 50.9116882454 
1359 102.122475489 15.0332963784 17.0293863659 28.0178514522 19.0262975904 37.0135110466 21.5406592285 22.825424421 20.2484567313 19.9248588452 47.0106370942 28.1602556807 28.6356421266 32.3109888428 33.1209903234 9.21954445729 10.0498756211 17.4928556845 17.2046505341 24.1660919472 23.4093998214 39.8120584748 40.3112887415 15.2643375225 16.1245154966 25.9422435421 28.1780056072 15.5241746963 11.401754251 13.9283882772 10.295630141 17.4928556845 19.9248588452 13.0 12.6491106407 29.1547594742 28.0178514522 29.9666481275 28.4604989415 30.0665927567 51.6139516023 50.9116882454 
1393 112.11155159 17.2626765016 17.0293863659 29.0172362571 21.0950231097 36.0555127546 23.3238075794 23.6008474424 17.7200451467 18.2482875909 55.0363516233 31.064449134 32.5576411922 36.4005494464 36.6742416418 11.401754251 10.0498756211 15.6204993518 14.8660687473 19.6977156036 19.3132079158 38.0131556175 37.2155881319 15.6524758425 15.8113883008 26.4007575649 26.0768096208 15.1327459504 14.4222051019 14.3178210633 15.0 16.2788205961 18.2482875909 9.21954445729 8.94427191 28.1780056072 28.0178514522 30.5286750449 30.3644529014 32.9848450049 51.2249938995 52.3450093132 
1422 108.018516931 18.1107702763 18.0277563773 29.0 22.0 36.0138862107 24.6981780705 23.6008474424 19.6468827044 18.4390889146 56.0357029045 32.14031736 32.2490309932 38.0788655293 37.6961536499 12.3693168769 10.4403065089 18.6010752377 18.6010752377 19.6977156036 19.9248588452 37.5898922584 36.7151195014 14.3178210633 13.6014705087 26.4007575649 25.0599281723 16.1245154966 14.8660687473 13.152946438 14.2126704036 17.691806013 18.4390889146 11.1803398875 10.7703296143 29.6816441593 27.0185121722 28.1780056072 32.5729949498 31.6227766017 53.2634959423 52.4976189936 
1460 108.115678789 18.0277563773 19.0262975904 27.0185121722 25.0 38.0525951809 25.5538646784 25.495097568 21.5870331449 20.0997512422 57.1401785086 33.0 32.0624390838 38.275318418 37.6961536499 13.3416640641 12.3693168769 18.4390889146 19.1049731745 21.5406592285 22.5610283454 42.5440947724 42.5440947724 15.8113883008 15.0332963784 26.9258240357 25.6124969497 15.1327459504 16.4012194669 12.3693168769 16.2788205961 17.0293863659 20.0997512422 10.8166538264 9.8488578018 32.2490309932 31.064449134 32.3109888428 32.5576411922 28.2842712475 54.6717477313 53.1507290637 
1468 127.098387087 18.1107702763 19.0262975904 32.0156211872 23.0217288664 42.0119030752 21.6333076528 22.2036033112 17.0880074906 19.9248588452 57.008771255 28.1602556807 28.6356421266 33.1058907145 34.1320963318 11.1803398875 12.0415945788 16.4012194669 17.691806013 25.0599281723 21.1896201004 42.0594816896 43.9089968002 14.2126704036 14.8660687473 28.4604989415 31.384709653 15.2970585408 10.0 17.4642491966 9.89949493661 15.0 19.9248588452 11.6619037897 11.1803398875 38.9101529167 36.0138862107 38.6264158317 35.0570962859 41.1946598481 54.4518135602 58.8217646794 
1528 98.005101908 17.0 16.0312195419 24.0 20.0249843945 29.0172362571 20.591260282 23.3238075794 19.3132079158 19.4164878389 46.0434577329 30.2654919008 29.0 37.1618083521 35.1710107901 11.7046999107 10.295630141 16.6433169771 18.6010752377 21.1896201004 22.0907220344 38.0788655293 36.7695526217 13.8924439894 13.9283882772 26.83281573 24.1867732449 13.3416640641 10.8166538264 11.401754251 11.6619037897 14.2126704036 19.4164878389 10.8166538264 9.21954445729 30.5286750449 28.0713376952 28.231188427 33.2415402772 29.7321374946 53.4134814443 51.0392006207 
1530 106.0 16.0312195419 16.1245154966 31.0 23.0217288664 41.0487515035 21.9544984001 23.7065391823 18.6815416923 19.6468827044 53.0377224247 31.2569992162 30.2654919008 36.6742416418 36.2491379208 12.1655250606 11.401754251 16.2788205961 16.2788205961 19.2353840617 18.3575597507 37.7359245282 39.9624824054 16.1554944214 17.0880074906 26.0768096208 26.0768096208 16.2788205961 15.6204993518 15.2970585408 15.8113883008 14.1421356237 19.6468827044 10.0 8.94427191 28.8444102037 26.0192236625 27.7848879789 30.5941170816 30.2654919008 50.2095608425 50.9116882454 
1540 115.351636313 19.0262975904 19.1049731745 32.14031736 24.0208242989 47.0956473573 23.3452350599 23.3238075794 18.2482875909 19.3132079158 60.2992537267 28.4429253067 30.1496268634 34.9857113691 35.8468966579 13.152946438 11.401754251 18.3847763109 17.8044938148 22.360679775 22.2036033112 42.0119030752 41.6773319683 14.3178210633 15.8113883008 28.6530975638 30.083217913 16.7630546142 12.8062484749 16.1245154966 13.0384048104 16.1245154966 19.3132079158 11.6619037897 10.8166538264 30.0166620396 27.0739727414 30.0 29.0688837075 30.5941170816 50.9901951359 52.4022900263 
1551 107.168092266 17.0293863659 17.0 31.0161248385 24.0208242989 37.0540146273 24.1867732449 23.8537208838 20.6155281281 20.3960780544 56.0357029045 30.0166620396 30.5941170816 35.4682957019 36.7151195014 12.3693168769 12.1655250606 16.9705627485 16.2788205961 19.9248588452 21.1896201004 40.249223595 38.9486841883 16.6433169771 17.4928556845 29.0688837075 30.0166620396 15.5241746963 11.6619037897 16.7630546142 12.2065556157 13.8924439894 20.3960780544 8.60232526704 9.43398113206 30.4138126515 30.0 32.2024843762 29.8328677804 29.1547594742 51.8555686499 49.5176736126 
1618 113.159179919 17.0293863659 19.0262975904 32.0156211872 24.0831891576 40.1123422403 23.7065391823 24.4131112315 20.8806130178 21.5870331449 57.0350769264 28.0 30.083217913 32.8937684068 36.6196668472 11.401754251 13.0384048104 17.0293863659 17.0293863659 22.8473193176 23.0867927612 39.8120584748 40.2243707222 17.4928556845 18.3575597507 29.5296461205 32.7566787083 15.8113883008 11.6619037897 18.0277563773 12.8062484749 13.4536240471 21.5870331449 9.43398113206 9.43398113206 31.384709653 29.0688837075 31.7804971641 28.0178514522 38.1182371051 46.7546789102 54.918120871 
1653 109.073369802 19.0262975904 19.2353840617 26.0192236625 22.0 41.0121933088 23.8537208838 24.6981780705 19.9248588452 18.973665961 52.038447325 29.2745623366 30.0 34.4383507154 33.8378486314 11.1803398875 11.1803398875 15.5563491861 15.5563491861 21.4709105536 20.1246117975 39.4081209905 37.5898922584 16.7630546142 16.4924225025 28.3019433962 26.4196896272 15.8113883008 14.8660687473 11.7046999107 13.8924439894 15.6204993518 18.973665961 9.43398113206 9.43398113206 27.2946881279 26.0768096208 28.3019433962 30.1496268634 28.6356421266 50.3289181286 49.578221025 
1671 115.06954419 19.1049731745 19.0 28.0178514522 21.0 36.0 24.2074368738 23.4307490277 17.4642491966 18.4390889146 58.0344725142 31.064449134 30.4138126515 35.4682957019 35.3411940941 11.1803398875 10.1980390272 15.5563491861 14.8660687473 19.3132079158 19.6977156036 36.7151195014 36.7151195014 13.9283882772 14.3178210633 26.4007575649 28.1780056072 13.152946438 13.6014705087 15.2970585408 13.4536240471 15.2643375225 18.4390889146 8.60232526704 8.60232526704 28.1780056072 27.0 29.0688837075 32.5576411922 33.0605505096 51.6236379966 50.3289181286 
1675 106.117859006 20.0249843945 20.0997512422 31.0161248385 21.0 37.0135110466 20.591260282 22.4722050542 19.7230829233 18.7882942281 53.0377224247 31.5753068077 32.2490309932 38.0131556175 37.6961536499 11.401754251 10.4403065089 14.8660687473 15.5563491861 21.0237960416 19.3132079158 36.7151195014 38.0788655293 20.0 17.0 35.3411940941 30.8706980809 16.7630546142 11.7046999107 15.5241746963 13.0384048104 12.8062484749 18.7882942281 8.60232526704 8.0622577483 28.3019433962 25.0199920064 27.2946881279 31.0483493925 31.6227766017 51.7397332811 54.6717477313 
1680 111.162043882 18.1107702763 18.0277563773 27.0739727414 20.0249843945 37.0135110466 25.5538646784 25.8069758011 20.6155281281 20.2237484162 55.0817574157 29.0172362571 28.6356421266 32.8937684068 33.1209903234 10.1980390272 10.0498756211 14.2126704036 14.8660687473 19.2353840617 18.7882942281 38.9101529167 39.4461658466 16.7630546142 17.7200451467 26.9258240357 28.0178514522 13.6014705087 14.4222051019 15.2315462117 14.2126704036 15.5563491861 20.2237484162 8.60232526704 7.61577310586 26.4196896272 26.0192236625 27.7308492477 29.1547594742 33.1360830516 48.795491595 50.0 
