Leaf
182 1.0 0.160229145282 0.158044651804 0.269140343863 0.187825355903 0.355251800832 0.222585295636 0.225401851694 0.184714877392 0.182188263118 0.477435424578 0.307876716086 0.301495815963 0.340597404807 0.325164712778 0.096549098299 0.0913411430217 0.160470031129 0.159342781631 0.204559955018 0.189463398738 0.361289285731 0.35687899964 0.160470031129 0.154585204552 0.268565666317 0.252402576895 0.149332000426 0.120299021444 0.126862698641 0.122735973011 0.154335133957 0.182188263118 0.122631025601 0.12061967689 0.243629235115 0.223508890041 0.234143317577 0.329061396846 0.29875020781 0.535619061228 0.515231262493 
592 1.0 0.17528857034 0.169779796158 0.245685740995 0.173142098725 0.312660055615 0.239780204745 0.242365510795 0.203199708497 0.190944904024 0.463333000785 0.292206870376 0.303967737049 0.328646809599 0.337949751115 0.0853931570709 0.0900122909789 0.140891521007 0.146529393629 0.197286042301 0.187153648114 0.357704673186 0.367120129052 0.173142098725 0.169504253976 0.270036872937 0.255631493107 0.139558132767 0.142649985579 0.116562374552 0.142321928452 0.139558132767 0.190944904024 0.0948995302813 0.0953908167238 0.27574652914 0.257332481884 0.267136285352 0.316227766017 0.306011240646 0.519186265526 0.510439474829 
611 1.0 0.190917501292 0.173024124366 0.261166175768 0.177861817391 0.355723634782 0.223603347108 0.221244449668 0.193805493003 0.189863819921 0.466791719537 0.298654947957 0.296320657254 0.343002463247 0.327065753384 0.0959022783804 0.0840695134767 0.150100529053 0.138886745591 0.203969738462 0.199146352655 0.345914441323 0.342146588671 0.149068898072 0.154757481532 0.276492780683 0.261166175768 0.148238424211 0.126684203356 0.122975566806 0.121967553355 0.155652328267 0.189863819921 0.097181031885 0.0993792653812 0.268105385092 0.239465883037 0.250981837922 0.32744299198 0.261166175768 0.510740782017 0.475568984563 
631 1.0 0.17776761806 0.174080792236 0.253257816219 0.180483320239 0.31306701226 0.241980037247 0.233106040375 0.201786486429 0.196631330364 0.483252230582 0.301098210893 0.292108171105 0.343630004083 0.330371437667 0.0931882975838 0.0908386346121 0.16989050787 0.159836504821 0.212908586726 0.216932411997 0.347799158752 0.353145483459 0.163844170108 0.155841387016 0.274295134294 0.263097389534 0.139233581434 0.139621239487 0.121547151357 0.129860114996 0.159836504821 0.196631330364 0.108216762496 0.118241170259 0.256930458112 0.241980037247 0.239660805757 0.327908191526 0.273374015867 0.516379171571 0.493544372729 
759 1.0 0.182960084065 0.177771335061 0.244847068199 0.208398427331 0.354511168234 0.228692691668 0.233214720596 0.194459944819 0.197642353761 0.473958333333 0.297285899851 0.297605096399 0.346266044554 0.339541791938 0.112432464296 0.101127540828 0.15625 0.165769067321 0.204986131814 0.199622582258 0.361219601758 0.352823740717 0.15668342663 0.153181678853 0.272680002348 0.259058960738 0.13390583471 0.135816716775 0.120243712298 0.128636344117 0.15625 0.197642353761 0.107372542334 0.0922919018056 0.251945554634 0.234432863228 0.249402497788 0.278390166977 0.287262129857 0.499484326094 0.510841659802 
841 1.0 0.185733885508 0.178901685145 0.282348056304 0.194203393276 0.347102665214 0.213145382184 0.215967554754 0.173700795531 0.173800366072 0.488226847359 0.292046514096 0.296980875176 0.350031015842 0.34525357012 0.10423375635 0.0970125716109 0.169670065755 0.16823649696 0.210860449914 0.206549954339 0.336729980892 0.352395451499 0.13681767234 0.144684248319 0.256805909417 0.261081848007 0.149968567575 0.129007839811 0.13845174932 0.12240171791 0.151803113678 0.173800366072 0.107983777377 0.105224907869 0.242531429027 0.212495051508 0.229105943254 0.323737643894 0.289368496638 0.516467012644 0.523652523133 
852 1.0 0.171456653947 0.170294222552 0.261923810736 0.177240662762 0.310355833174 0.217847477677 0.227253280052 0.187707429164 0.200308404192 0.46441649344 0.310060303033 0.32689977688 0.353661415097 0.370663616949 0.0899890661438 0.0926659042372 0.148742847444 0.144152196526 0.201752497895 0.212665805659 0.349838875375 0.344912560289 0.155669453823 0.174810215424 0.265400827647 0.285374665003 0.127623430001 0.1349552978 0.138310125251 0.143514821865 0.136866463381 0.200308404192 0.0893073209751 0.0996571558415 0.267921962925 0.256441283277 0.280841193678 0.296302025981 0.321622293452 0.496811739407 0.513626802611 
972 1.0 0.179872044069 0.175605696737 0.252181952897 0.189079658405 0.324268938956 0.200952174998 0.205922069364 0.160693802399 0.179534467211 0.491469708805 0.306079912682 0.305914705183 0.358053816822 0.35147038835 0.101452457119 0.0952855070126 0.159113065541 0.149683372238 0.209040801617 0.200549262964 0.360333809922 0.364351904447 0.143686693091 0.142910574661 0.266072343057 0.26347570812 0.135278247454 0.127823103858 0.123477933218 0.124943114875 0.125024010393 0.179534467211 0.0910532825375 0.0948601231606 0.273159847612 0.247364937227 0.254536420489 0.327279396122 0.267474628489 0.508913929521 0.489738595764 
1036 1.0 0.177165869221 0.17336580851 0.281202483137 0.192181898981 0.349964534756 0.215695577663 0.220361006344 0.185251820129 0.183742214146 0.512970539624 0.278128193174 0.281589784927 0.319882819426 0.318022467984 0.0985484379551 0.0946625982523 0.149674709853 0.140751881956 0.205636251331 0.200387128356 0.357868342474 0.363142016298 0.140061917595 0.140923845224 0.258261415209 0.255385205707 0.150963643958 0.129177587514 0.140923845224 0.126046119028 0.153745519185 0.183742214146 0.0904765243206 0.0996482065884 0.275327586211 0.251033224545 0.258261415209 0.303208003263 0.274181668441 0.501294038712 0.489190492895 
1045 1.0 0.1701896544 0.156444936328 0.265026333177 0.180914084209 0.313121214554 0.242184123946 0.2169500922 0.201730385523 0.184088257648 0.495745841308 0.303014064911 0.304682263481 0.357803258251 0.355570138087 0.0916499337415 0.0992367687808 0.156907108491 0.154113286712 0.194418868932 0.190277818153 0.339740498149 0.35085496074 0.167617370553 0.163683168286 0.264205392641 0.257543680343 0.134546735525 0.150788417973 0.137211285987 0.146896447392 0.163683168286 0.184088257648 0.0807280413153 0.0970230307766 0.274422571974 0.241884946409 0.25300511024 0.346493764788 0.297223453512 0.515087360686 0.513115457617 
1096 1.0 0.16370178151 0.167509308644 0.280703044091 0.17243185559 0.300441866309 0.229087237341 0.222481430906 0.197783223314 0.202448992125 0.482712743125 0.29955262434 0.306158989524 0.337542741146 0.343630856012 0.0850120323363 0.089188567498 0.148883086837 0.147738444258 0.197783223314 0.197783223314 0.347979011219 0.337075404468 0.16078697665 0.158584831433 0.266521318168 0.273659741593 0.148148260425 0.124291658431 0.143406947876 0.124291658431 0.151706913592 0.202448992125 0.101523535107 0.101523535107 0.253510063282 0.246427646292 0.265198623561 0.30651524162 0.310094356555 0.51019104487 0.498433302358 
1149 1.0 0.167775169926 0.172692960278 0.290678610911 0.192179039713 0.30052933968 0.224878300286 0.227293242109 0.196301646264 0.196301646264 0.512332737367 0.284263310509 0.29564500575 0.330632918307 0.341464365824 0.0956465628459 0.0996231676866 0.166686887069 0.165518165296 0.194874881307 0.194874881307 0.339325737067 0.328275959456 0.163081226793 0.165224693141 0.273739417374 0.282293102604 0.151751082919 0.13801729808 0.145880918618 0.136869708687 0.150143504921 0.196301646264 0.110699174374 0.110699174374 0.246892848462 0.236655496089 0.254300549972 0.296382787308 0.31018464024 0.494694001193 0.493908538356 
1243 1.0 0.166090959707 0.165668872723 0.284065407891 0.195342227083 0.319504254538 0.204020502603 0.20195092582 0.177994742841 0.181500446398 0.491232424206 0.312244994853 0.2979596877 0.359950207576 0.345002581187 0.102138862722 0.0975814658737 0.150848002645 0.151542624903 0.211435708049 0.215372785475 0.338704609037 0.344240704848 0.153493651555 0.148273216101 0.267303341715 0.270104452376 0.149800030077 0.136213709623 0.139263648279 0.119804964324 0.142494099976 0.181500446398 0.095404653769 0.0926117152914 0.284127020603 0.260605604196 0.277835145874 0.322014488804 0.284619442152 0.509149612097 0.489912240254 
1264 1.0 0.181178526554 0.174015262529 0.257689484213 0.197638812386 0.335713890866 0.225898829815 0.219216568625 0.177985703329 0.174323891673 0.503419591113 0.300271632387 0.295519913629 0.34684437623 0.338001122785 0.104546357521 0.0974500179708 0.167723460763 0.166436560977 0.190247813193 0.194991948248 0.3507485532 0.340851721539 0.158043040278 0.151442919586 0.273083227283 0.257689484213 0.135057242305 0.131426367838 0.132512554638 0.128112564731 0.139751744464 0.174323891673 0.107086315402 0.104546357521 0.25573514789 0.239527097849 0.25178097039 0.295701753404 0.295701753404 0.499309682932 0.501279495305 
1272 1.0 0.160753297672 0.161631737532 0.279638084526 0.19048482944 0.357430741196 0.206276946767 0.21559109768 0.17325923273 0.182512776705 0.494151429108 0.296414434908 0.287810337917 0.337933029902 0.330465437787 0.0959367793058 0.0968548555283 0.143041606782 0.139407016534 0.196971656722 0.186256526071 0.348199985423 0.351387816078 0.14921888256 0.162505428965 0.256115681499 0.26124739912 0.138898230105 0.13697345027 0.144763579795 0.146947898019 0.134627394619 0.182512776705 0.0931282630357 0.0940737518753 0.245962836082 0.226090366212 0.240946368295 0.308584850115 0.293895796038 0.513542743692 0.499920344818 
1312 1.0 0.166099682132 0.166625814847 0.272248892416 0.189438229136 0.313659793748 0.220206725671 0.225314786529 0.185327640384 0.185327640384 0.497032718946 0.286228992106 0.28793638087 0.328649727693 0.328169985721 0.0963226959775 0.0954096640352 0.16746418902 0.16923194444 0.192736241001 0.194634275567 0.336076289851 0.339083975913 0.161612558746 0.164830111808 0.267906112876 0.262826550547 0.139270961842 0.13800827973 0.140646819744 0.141143806522 0.146499428283 0.185327640384 0.114277336214 0.117896509124 0.24288776868 0.224848134761 0.24964087363 0.327582680305 0.30321665573 0.494844225354 0.494844225354 
1429 1.0 0.163093262055 0.163648569286 0.253079161419 0.186840735364 0.307459485219 0.219028061496 0.224186222158 0.181220916095 0.181220916095 0.48206954272 0.280293471366 0.290153640761 0.331538271223 0.327851034955 0.0993501401071 0.0921492830435 0.15203856015 0.158122489329 0.211526883185 0.210408823117 0.350221159889 0.336751115278 0.148781505647 0.144826471928 0.251063709393 0.237623193498 0.135907343311 0.133754219522 0.122865710725 0.138682597299 0.136307267697 0.181220916095 0.105376736672 0.095247598874 0.251063709393 0.24103477136 0.262441273151 0.318588624657 0.297196929945 0.499264618702 0.479805938683 
1519 1.0 0.165392383717 0.167214609666 0.28667950536 0.165758431491 0.306171783904 0.206269662392 0.204696562882 0.172916737153 0.176272409933 0.490484838484 0.29350450549 0.287804846312 0.336896920934 0.32368489303 0.0892183701511 0.0786261277334 0.144112858204 0.139554771918 0.213110244716 0.205386276481 0.346999863704 0.358905677561 0.156350350619 0.148258848263 0.27043348175 0.262087092445 0.157252255467 0.131043546222 0.134842696615 0.122270597422 0.131043546222 0.176272409933 0.0968200192414 0.0938532722099 0.275759816696 0.25426182712 0.255846028286 0.32293504285 0.263394268097 0.507927378497 0.479613903198 
1615 1.0 0.164729925681 0.164729925681 0.237814245285 0.180303642632 0.295156130416 0.225044028172 0.229623667071 0.176919123166 0.175202347129 0.491805499271 0.287898498443 0.280572838455 0.331897318758 0.327209555939 0.0934444465387 0.0934444465387 0.154634651149 0.163912402393 0.199576391799 0.202748444525 0.348675239089 0.348193310401 0.153981722189 0.163296574033 0.260331909008 0.254592424329 0.125368880748 0.128281745937 0.119330030164 0.139325542034 0.151119768096 0.175202347129 0.102690825763 0.0959272740828 0.254592424329 0.237814245285 0.253137220584 0.329153898795 0.318787500033 0.513257866797 0.512078715067 
