Leaf
115 1.0 0.170016516928 0.159486121079 0.290940139958 0.211592829061 0.344001072433 0.201082778466 0.199616275704 0.157277677163 0.162269076915 0.513139876865 0.290507014045 0.286872201442 0.347883643412 0.332038975236 0.113083451117 0.102709739807 0.153404801069 0.145926203012 0.187620925738 0.195723366881 0.362227209582 0.350408202191 0.13486449554 0.132668028882 0.250862462843 0.236567974666 0.154857186608 0.138447857597 0.139153457365 0.131396420985 0.138851496523 0.162269076915 0.0867595106759 0.0867595106759 0.247945358277 0.227523792469 0.237747872133 0.300217715816 0.272053170865 0.498170815317 0.490129794535 
874 1.0 0.178484698056 0.166549855641 0.27807486631 0.203278907045 0.321033818605 0.210942063351 0.209172269686 0.169949182696 0.169105757228 0.497354952881 0.291921798159 0.295862592377 0.342120632122 0.337746153468 0.10383148577 0.102863016373 0.147519938226 0.143690148049 0.202926908674 0.204960084457 0.327646495873 0.333871471204 0.148293311485 0.148966719542 0.263338443898 0.251393781252 0.146839895377 0.133689839572 0.13633742015 0.138005218188 0.124840829197 0.169105757228 0.0816274733822 0.0816274733822 0.243242040974 0.225171157983 0.2248534336 0.320365043866 0.264151637117 0.487922128099 0.473888524575 
885 1.0 0.166082057924 0.17108385958 0.262026709104 0.208576985813 0.331647396662 0.191426947211 0.182874011554 0.153934627873 0.155872149249 0.486784034849 0.305492571136 0.306426801363 0.355443188062 0.352455199585 0.110218253732 0.103807739968 0.163654840931 0.162954710059 0.201253752128 0.207959385223 0.344332832196 0.350258688777 0.133979663516 0.139416288608 0.253544263276 0.272612480768 0.131067886648 0.111250765775 0.137454762135 0.103807739968 0.132369917485 0.155872149249 0.0956387849684 0.0933703486629 0.255061664633 0.235483198372 0.251336288605 0.298871203026 0.285017218639 0.511606045736 0.502672577211 
907 1.0 0.164860016524 0.16632200213 0.278449084815 0.204532249119 0.352433209566 0.164762089568 0.170443540932 0.1246039562 0.12968153872 0.494808425214 0.297395624583 0.30373189904 0.351378361234 0.358832120412 0.106138270537 0.106138270537 0.169493987355 0.162493482017 0.185061886601 0.188175295663 0.358337024118 0.389749219995 0.102423821067 0.112773589572 0.235420588424 0.2466692257 0.138235677909 0.101155365677 0.143055290047 0.0964174268822 0.107197409949 0.12968153872 0.0970846834728 0.107197409949 0.235214831133 0.2222311884 0.22411147277 0.285941300571 0.28661781879 0.490878713034 0.51060414349 
920 1.0 0.179351002692 0.167358232569 0.263523138347 0.220381030417 0.355020423412 0.177408515787 0.190590624966 0.140125014309 0.135941231714 0.489111044886 0.29061909686 0.286062636204 0.34528972505 0.341548117628 0.112202997239 0.115998980408 0.155832921053 0.155832921053 0.170689496264 0.169926539643 0.341252093698 0.354817031574 0.126820310216 0.108806074457 0.263523138347 0.22155710119 0.141356004406 0.103222505564 0.12772780165 0.110778550595 0.114243218843 0.135941231714 0.0849632698215 0.0849632698215 0.256864635517 0.232619440529 0.237957835811 0.316355575391 0.265433740235 0.504369908291 0.491349281493 
937 1.0 0.170180070146 0.171686117823 0.272524370944 0.19320414442 0.318478814538 0.201998000421 0.198462360497 0.165190614884 0.162440519526 0.499710303513 0.291687735603 0.283860266314 0.350422211918 0.333676401309 0.104598848164 0.0969346104471 0.15263591227 0.154313280351 0.193869220894 0.179385544676 0.317871995032 0.314615858013 0.13279377679 0.126844735087 0.249081205183 0.2443860599 0.149224623163 0.144402577948 0.12531335418 0.122718593795 0.15263591227 0.162440519526 0.0914690392761 0.0818123958632 0.242800836297 0.204216084175 0.220286617495 0.337321149629 0.292788863473 0.505472688374 0.498162410367 
942 1.0 0.173131848156 0.161057721262 0.268429535436 0.182847610839 0.30083275397 0.197108449425 0.197983842848 0.168063472753 0.153733042259 0.494376958765 0.291687939099 0.305396849061 0.333025759258 0.34576391684 0.0885410662112 0.0972293130331 0.149165691447 0.159619677104 0.187516811943 0.177082132422 0.326558624036 0.317065167589 0.139995717844 0.125675486378 0.265188818623 0.235729432251 0.151846675822 0.12242270387 0.120045337681 0.12242270387 0.13666200824 0.153733042259 0.105748972973 0.101861846789 0.250431953326 0.225480809767 0.241288142518 0.323008968353 0.286503734935 0.494027039911 0.440617086719 
982 1.0 0.166587746722 0.167272289804 0.274327316969 0.200068550725 0.35499909296 0.191990863561 0.190196916264 0.146459071272 0.150851620587 0.491529345004 0.305467283873 0.304771762401 0.348126893621 0.35338597611 0.0986374243062 0.105359341984 0.157625297572 0.150851620587 0.171892877069 0.169598319749 0.302891266408 0.321709008495 0.128404215002 0.135457092296 0.235105110829 0.248341654437 0.133392632128 0.129543358002 0.143872642394 0.130297253938 0.121479447624 0.150851620587 0.0923110826974 0.101733321064 0.231395823002 0.205780197222 0.223500915534 0.291857347159 0.28569562865 0.477034709781 0.46465739405 
999 1.0 0.180114693186 0.181162896176 0.269645900935 0.168528688084 0.33724457828 0.202546275425 0.208987653785 0.171130166704 0.156488866899 0.505586064253 0.299793752212 0.29405452491 0.341706663053 0.323489244942 0.0905814480879 0.0794451854459 0.146489683827 0.15281586539 0.190999179829 0.1758594146 0.32407404068 0.321924596132 0.135755992399 0.131505181358 0.261325153109 0.246408178961 0.147776587176 0.135290275787 0.125613867572 0.128101512385 0.135290275787 0.156488866899 0.110654338964 0.106586901085 0.246664187528 0.224704917446 0.231347872088 0.294911828551 0.277490103219 0.48468074585 0.470406743593 
1007 1.0 0.186465861562 0.186465861562 0.287378783742 0.203559971817 0.353287155819 0.154507860787 0.179611739839 0.144187450182 0.14786942447 0.485284197911 0.313392606488 0.314989812497 0.365798954602 0.375088108272 0.100361380143 0.111847473541 0.153343504625 0.161095254816 0.187902076837 0.195750246508 0.319340940785 0.330591876188 0.116247638744 0.101955923786 0.28543891567 0.258485638741 0.144187450182 0.0720937250911 0.144187450182 0.101955923786 0.1103958947 0.14786942447 0.0883978519421 0.0883978519421 0.227586967241 0.209547029812 0.234185057272 0.281455410647 0.292448019563 0.476751800224 0.500197107897 
1009 1.0 0.168346828509 0.168346828509 0.249982286463 0.190462694448 0.345418812685 0.176964469342 0.176964469342 0.117239999635 0.117239999635 0.488060654524 0.311555359835 0.310416213937 0.369213419256 0.365161307121 0.101707123419 0.101707123419 0.161910795097 0.161910795097 0.197044910862 0.181315083256 0.330749039338 0.347055877841 0.0959724583798 0.0959724583798 0.222383547947 0.222383547947 0.13148307628 0.109748704933 0.119632899354 0.101008097106 0.135725552255 0.117239999635 0.0959724583798 0.0959724583798 0.24770449604 0.226487494028 0.241035976717 0.31427246383 0.303491561126 0.507559406318 0.509509957478 
1044 1.0 0.179161283296 0.16996731712 0.266898047766 0.189215404066 0.32241373619 0.157134840264 0.180875784401 0.111111111111 0.094933374948 0.511111111111 0.292287698621 0.290805607296 0.353116635157 0.334257976811 0.105409255339 0.0916245694582 0.166666666667 0.151127450097 0.169239402353 0.169239402353 0.305100671505 0.28974232912 0.102439382859 0.0895806416478 0.250678092726 0.215738753766 0.14487116456 0.102439382859 0.12422599875 0.095581391856 0.12422599875 0.094933374948 0.094933374948 0.094933374948 0.191162783712 0.178124661576 0.212277479717 0.303274312532 0.299175822619 0.48939367879 0.468909952134 
1181 1.0 0.167474668263 0.167474668263 0.266629637344 0.199972228008 0.350347944636 0.217276571634 0.203414343565 0.173980946139 0.158091927321 0.500208232118 0.304095893907 0.300420884063 0.36547777938 0.353111295177 0.105394618214 0.105394618214 0.164968671552 0.143352179142 0.195051243276 0.186313123099 0.33742741719 0.34314001634 0.149050498479 0.126911926332 0.260838372339 0.238597214854 0.150902128462 0.143352179142 0.117834765394 0.120168353625 0.153637737195 0.158091927321 0.0745252492396 0.0942678123156 0.24033670725 0.216636580342 0.23150858142 0.28476057751 0.253823852664 0.484414120058 0.476612130003 
1200 1.0 0.166307304885 0.165379646119 0.240014244592 0.181352940116 0.315957370272 0.204563324783 0.214117149818 0.157436732646 0.157436732646 0.467910430467 0.3054490879 0.299629400723 0.355181427096 0.342190030676 0.0980144765167 0.0907706794032 0.146176336551 0.145237794992 0.177831188558 0.171967001406 0.334715084862 0.329983164554 0.133589497514 0.137623293596 0.235702260396 0.222649162524 0.136500837479 0.128767995174 0.110940039245 0.125132408504 0.144766242464 0.157436732646 0.0892513975566 0.0814400308968 0.23519404609 0.216656804509 0.222649162524 0.309452231791 0.290357869374 0.503152455189 0.491291686646 
1499 1.0 0.162804751175 0.154685346264 0.252163616574 0.187168527369 0.309370692527 0.196808429868 0.187168527369 0.151882452783 0.154257446837 0.479743690795 0.278329150709 0.278329150709 0.320288058595 0.324592923214 0.0989067078097 0.0926971890325 0.132348134928 0.132348134928 0.157017950535 0.152750359578 0.323777361817 0.338156655985 0.120862347539 0.113238929083 0.229089476481 0.218152973415 0.123030454881 0.12699592969 0.130335118227 0.132348134928 0.12699592969 0.154257446837 0.076699033594 0.0699376037971 0.244037902761 0.227642276423 0.237030564831 0.314141123355 0.29549238773 0.471544715447 0.454194397511 
