Leaf
52 1.0 0.161509132462 0.165905266525 0.281451898793 0.191219071261 0.317220383962 0.1910208825 0.201005025126 0.149407726104 0.162211179815 0.51256281407 0.271030885631 0.274318473647 0.316901809556 0.307888918232 0.0966602214154 0.0956095356304 0.146764641874 0.145728643216 0.192338283508 0.20024983764 0.359744247821 0.348513384611 0.131039244326 0.141598018127 0.250097831922 0.26072606575 0.147878783614 0.113927477877 0.138988107396 0.118597223329 0.132762259433 0.162211179815 0.0966602214154 0.0989834954954 0.263088243472 0.256281407035 0.271960987492 0.308503426697 0.278203226848 0.491178718926 0.481914525679 
471 1.0 0.187998371375 0.178825343489 0.260813951517 0.206645974469 0.354284407955 0.204763056171 0.203398942421 0.162885691604 0.162885691604 0.487193469352 0.273455468838 0.275923051272 0.319051403322 0.313386412594 0.104371978466 0.104371978466 0.167574006676 0.161392665677 0.208511890204 0.207406027302 0.363724656369 0.363225148708 0.141918601299 0.148747870487 0.283325014747 0.278716396015 0.132478884434 0.0970403735769 0.13608441061 0.105639934145 0.129895482708 0.162885691604 0.103440067145 0.110566445522 0.259977262295 0.241287708776 0.266097377435 0.296231791179 0.283325014747 0.490856629722 0.498903394518 
501 1.0 0.17399325817 0.168493934821 0.263143316564 0.194726054257 0.321207352854 0.214748163589 0.203149367243 0.169885455604 0.164837812842 0.510606535311 0.272553476844 0.26923046486 0.315464829959 0.302007831578 0.10054692008 0.0953145631204 0.164417200233 0.154785542439 0.218329678326 0.211368138894 0.334885410883 0.336576657933 0.148297076993 0.157973680025 0.270666918084 0.280170408086 0.140430789212 0.121160281739 0.130196122664 0.115423669722 0.131887052242 0.164837812842 0.101642831689 0.108369050456 0.277737767018 0.252672399478 0.270922626141 0.316866513418 0.283853465222 0.469841636412 0.454560562165 
590 1.0 0.168515557993 0.173643869385 0.246006601508 0.16168317882 0.317668317984 0.191586693318 0.203285458453 0.1400856625 0.148040014915 0.502990163666 0.278440470823 0.266614438335 0.308053640878 0.289227662928 0.0839917291405 0.0777941180204 0.122784757554 0.114327272147 0.192704913086 0.198922792885 0.383453654906 0.374667862462 0.133809950879 0.13246509312 0.249116612934 0.246442912702 0.126236055188 0.126236055188 0.123366679096 0.123366679096 0.128066679141 0.148040014915 0.0780239386629 0.0802859705276 0.311003804091 0.299447417079 0.308053640878 0.327602178119 0.297106306841 0.50045637185 0.487516498814 
630 1.0 0.171202642584 0.164526488801 0.247260856252 0.205862357766 0.358637267521 0.194493152082 0.197309489084 0.170698362718 0.159741169957 0.458971864512 0.270376493571 0.26587526243 0.321687361612 0.310061173052 0.109701790134 0.101369926847 0.164526488801 0.16629844381 0.207530637539 0.204264871995 0.404841390824 0.402106522171 0.121058549528 0.126081528085 0.258176630263 0.246911962532 0.130384048104 0.0928476690885 0.122615181599 0.0963112769564 0.141421356237 0.159741169957 0.105862630572 0.102553602469 0.285089217735 0.270376493571 0.278419182851 0.303371855581 0.263726608703 0.523812285408 0.492495405195 
1125 1.0 0.191098255533 0.190835817887 0.271671762012 0.202391317104 0.38154030413 0.227788801427 0.231210010223 0.182787562534 0.186586621503 0.543343524024 0.286107790687 0.290453980637 0.333505913671 0.32636666824 0.105479669011 0.098941946888 0.143112272777 0.134941300921 0.193875487476 0.196528508689 0.390755177941 0.385720738106 0.152602985662 0.148159439497 0.284350714965 0.276788899503 0.148609773179 0.131809985847 0.131809985847 0.128342383714 0.135435593056 0.186586621503 0.0833639547259 0.0867037538336 0.290453980637 0.265954333142 0.274059458334 0.290281382436 0.228667167673 0.508464930321 0.477806828316 
1142 1.0 0.169505626482 0.169892891384 0.271786072296 0.215583325996 0.374841694371 0.211955684687 0.223368609974 0.178347375467 0.181705828099 0.502693776663 0.27988664069 0.272172681413 0.327895677465 0.321826756644 0.108762778678 0.110679450908 0.152956888646 0.145198196382 0.171969052635 0.165344863219 0.358349102895 0.362542595593 0.162942630981 0.147622074074 0.273473452147 0.252481701922 0.147977790431 0.136520275224 0.131818014946 0.132315630966 0.126941689691 0.181705828099 0.0802522245631 0.094539542447 0.266462641999 0.235847821587 0.248017294828 0.295110563579 0.242497368194 0.489768076598 0.455622441104 
1143 1.0 0.186699050882 0.170406153566 0.262872629097 0.195865880504 0.376303967394 0.221697633265 0.217523985754 0.169546497687 0.170015939742 0.520616408953 0.286473297278 0.284659126463 0.33913216744 0.333085277876 0.101267210001 0.101267210001 0.153250297096 0.146514589627 0.180329135852 0.173266424864 0.377537465327 0.368996398613 0.147598559445 0.14551385734 0.272158296127 0.258336047202 0.137535619964 0.125834092821 0.13251832027 0.125834092821 0.12885913191 0.170015939742 0.0806785779726 0.0857857351112 0.259003649669 0.242255167992 0.251931961194 0.290296488111 0.264132932751 0.514533723072 0.480573736105 
1158 1.0 0.171696617061 0.166099682132 0.254433415651 0.201266906771 0.361134376587 0.213342494493 0.212108101329 0.17966817363 0.181509978067 0.479318074059 0.297975335337 0.290478647561 0.341860449053 0.335189612287 0.102144226642 0.103336943601 0.17281451155 0.170673995595 0.202221400582 0.203773655858 0.348101978946 0.355220551124 0.156214765651 0.15350171242 0.27301940969 0.267317379405 0.127731687833 0.127044583937 0.133494872151 0.121839643863 0.130309645074 0.181509978067 0.112268247393 0.113816848097 0.262826550547 0.236682247117 0.251735798807 0.288543714135 0.264155308008 0.485991709827 0.47428813315 
1217 1.0 0.169101375653 0.17469562538 0.277168876162 0.210839547873 0.34357856663 0.187616011455 0.206052060963 0.1563918007 0.169637016448 0.53096585372 0.266148448338 0.274339541148 0.304613674797 0.32068891985 0.103114049319 0.109099046191 0.144826471928 0.149146913088 0.201960848905 0.194640979398 0.412895869288 0.431251845644 0.129340487815 0.137500061855 0.261540957382 0.269400892222 0.13907454136 0.102230450772 0.149025210161 0.115088111607 0.121976441781 0.169637016448 0.0971338730563 0.095247598874 0.339541325172 0.331374048508 0.342520748335 0.26014977221 0.314172728595 0.47348691747 0.4941138454 
1235 1.0 0.166560475725 0.166984834312 0.262008141287 0.196393527264 0.357361170763 0.216531886872 0.216286617524 0.17616260262 0.18062563287 0.506189573119 0.276785204698 0.280594354524 0.319234753787 0.320341290047 0.101823432094 0.0968360036686 0.1346011907 0.143013765119 0.186220273042 0.172918824968 0.37645683049 0.375185728953 0.139252884667 0.149189838549 0.250971220327 0.258267404778 0.129919132123 0.122633291869 0.13887119491 0.136946789714 0.147759870994 0.18062563287 0.089228826281 0.077560103854 0.258267404778 0.244182127798 0.270579049335 0.278632795918 0.313078904697 0.501977688183 0.515643463233 
1262 1.0 0.163639679732 0.177105023598 0.270434903045 0.188675513752 0.333386067606 0.198881454053 0.204083771778 0.16508358724 0.163518778585 0.496885322914 0.278505055708 0.281260849627 0.321241263986 0.329087213538 0.0962060126361 0.0962060126361 0.138504905659 0.146822473953 0.192925261781 0.19415149401 0.362924597006 0.365639104515 0.126567382332 0.144787884045 0.244713103058 0.276795545608 0.128274683515 0.11197573392 0.146822473953 0.11337987321 0.120811275512 0.163518778585 0.0907038985679 0.084378254888 0.261814423178 0.264445034612 0.290189782659 0.252587276505 0.323755551043 0.475488914795 0.502544746479 
1297 1.0 0.17678586239 0.184629789124 0.276601176589 0.22351014471 0.399870333348 0.210526770686 0.229990041496 0.167342335399 0.174819328888 0.524490945532 0.266219734951 0.271491924684 0.326104267199 0.334322933228 0.115519943689 0.11715439067 0.146051458473 0.149906337799 0.181513849173 0.19260305753 0.410619617385 0.415765374963 0.134337903917 0.144624211283 0.255078072005 0.266414458665 0.138394298472 0.125006482114 0.142213638942 0.135363398982 0.125833435886 0.174819328888 0.0791047575185 0.0752983119478 0.273521799112 0.264656787579 0.284427277884 0.250358429314 0.277910464804 0.50064780852 0.507846811303 
1325 1.0 0.170403909953 0.176557645747 0.261469336679 0.1895060577 0.346585161589 0.207572914049 0.219666748118 0.184482111137 0.194290350469 0.470497798427 0.282884982332 0.277243486501 0.325228130317 0.324505181169 0.0935625456742 0.0999615606367 0.134716119412 0.1478631928 0.192967131778 0.194290350469 0.37132921688 0.356724740915 0.143465877261 0.146120147298 0.26608314327 0.271799185364 0.133282080849 0.114310417886 0.134716119412 0.117805828974 0.154224260592 0.194290350469 0.0836848849101 0.0818794516235 0.248833644418 0.241871881382 0.270144500355 0.262447404945 0.321796243942 0.484889972138 0.508615666944 
1328 1.0 0.175546840538 0.174772650038 0.275202680906 0.215747784428 0.448938659422 0.192847667174 0.218247480106 0.171936989541 0.164685767984 0.519804741401 0.262272103492 0.248942571637 0.313552360683 0.305557567395 0.108773671904 0.111998430822 0.170053506493 0.164891496694 0.20993398614 0.219718219259 0.393612766476 0.410105590363 0.156668021529 0.134423339492 0.296491559415 0.253664200595 0.148445745201 0.096379874691 0.140707581846 0.11184697919 0.127697858473 0.164685767984 0.106887280192 0.109859109629 0.243782223551 0.216688549578 0.247713892272 0.255992359278 0.205114785245 0.493817078805 0.465692508157 
1332 1.0 0.175828027817 0.176313607388 0.280762663957 0.198830409357 0.362761694018 0.201223982855 0.199602902525 0.162905126049 0.167459895477 0.503059957137 0.266322749397 0.272102692962 0.313834102105 0.319075388671 0.100951324571 0.100951324571 0.160579300792 0.17446121509 0.206673649673 0.212868710213 0.366139785789 0.373170903709 0.133482014158 0.139495443765 0.26185512488 0.270400655478 0.150350410903 0.11578356651 0.137644471298 0.105425475891 0.124329190792 0.167459895477 0.117687788289 0.110957110883 0.269830923861 0.263222863975 0.274604839342 0.268369448084 0.272102692962 0.460505429769 0.479674775542 
1336 1.0 0.14547198941 0.160984918368 0.248136002496 0.207565714693 0.357903731309 0.200445196148 0.212672162407 0.163528281482 0.174751627736 0.472415035393 0.276336453602 0.276097408182 0.309420698568 0.32222608018 0.100346050305 0.109321265039 0.139091045424 0.15169342334 0.178490053618 0.174468016577 0.358502810915 0.373476878188 0.123367517622 0.13657606232 0.218793474197 0.250321681454 0.117191747062 0.103583848808 0.139919327792 0.11376099891 0.134137007857 0.174751627736 0.0897522359023 0.0822673094333 0.271028755545 0.260849109968 0.279838655585 0.234383494124 0.319344409324 0.432158891338 0.487851759981 
1339 1.0 0.159967325276 0.169280566083 0.260922596936 0.218846291607 0.419029706252 0.230068030862 0.233219794583 0.174379237772 0.183756682098 0.514837879246 0.284225462106 0.289127909062 0.326988109303 0.335746056305 0.107062430485 0.114954654252 0.150077247638 0.151047062238 0.177697095009 0.18962272769 0.376201198501 0.365171697553 0.143613907299 0.158592222469 0.235090571571 0.261411805395 0.129160695321 0.130705902697 0.141436842871 0.133058659426 0.124556598409 0.183756682098 0.0854451215892 0.0906282373425 0.27053873984 0.259800947049 0.294630836934 0.234624275763 0.296052241986 0.451041804278 0.479749819205 
1355 1.0 0.164218778403 0.156762285939 0.255728239371 0.191949906382 0.336948762023 0.215527371505 0.21261417353 0.180079949284 0.177629767778 0.476977109853 0.28019641085 0.280857323212 0.32782115797 0.317159141098 0.101397615788 0.0936191077375 0.153283078015 0.148024806482 0.210462878659 0.200202156386 0.374341379038 0.379528391693 0.148024806482 0.13800729626 0.251876490351 0.233543122403 0.141266334678 0.133664401607 0.121233060314 0.127864119686 0.144218311208 0.177629767778 0.0936191077375 0.0961065760456 0.302804465642 0.273868971809 0.27826483135 0.335042530714 0.26441263229 0.509673819872 0.473002822738 
1375 1.0 0.177611208331 0.182861930987 0.286583784181 0.201128750231 0.384569704811 0.194372488579 0.20793321508 0.1634658941 0.185581591219 0.499545163322 0.281290138061 0.280827978151 0.319177361605 0.321898248043 0.104278485786 0.0976624168817 0.152300354671 0.159443269674 0.207128482353 0.218379802994 0.36271793124 0.358343024923 0.138115514488 0.142740455486 0.281290138061 0.293050578702 0.14221950318 0.0929905607399 0.150708107791 0.0913802128028 0.130374796946 0.185581591219 0.109825347608 0.108977262734 0.260749593891 0.231816949689 0.257022360113 0.275491093076 0.290442806016 0.477669856042 0.478329809021 
1390 1.0 0.183594568472 0.171299371802 0.278679259551 0.202565609769 0.36746159312 0.219359282447 0.218169838573 0.188117810556 0.188117810556 0.506522706502 0.282955917487 0.285841502045 0.328277646163 0.329008506391 0.10202120692 0.102997508656 0.161309691753 0.158177166534 0.208121723329 0.206577199399 0.371201067059 0.387814801492 0.148248379639 0.156651306108 0.298448080921 0.296226602722 0.144279774475 0.0878986970595 0.141477958744 0.0940589052782 0.128113740498 0.188117810556 0.0963713128683 0.10202120692 0.263164215507 0.253162542684 0.260565376542 0.282955917487 0.239511779907 0.487842589688 0.472333016825 
1404 1.0 0.176388750515 0.174084350606 0.286345408192 0.211215418298 0.390891210919 0.208466293495 0.222304465633 0.186148276055 0.190235443287 0.47815923995 0.280784773846 0.270174730586 0.338763048525 0.321761554033 0.109890828345 0.107054457509 0.14477543355 0.145305748269 0.189323523794 0.180270630421 0.382738463753 0.393880581091 0.161715288313 0.164777903728 0.280990151009 0.270174730586 0.159440024624 0.120411314673 0.144243169125 0.119126890584 0.125570768273 0.190235443287 0.0834326255117 0.0834326255117 0.271806792391 0.248756618798 0.260758067245 0.269247884868 0.256145149605 0.486254409246 0.486768232379 
1437 1.0 0.159872153395 0.155111134485 0.268599685822 0.222752260308 0.354738598364 0.207836936599 0.214627750759 0.169088701903 0.178833673252 0.497925539477 0.270534692816 0.2743043505 0.326853405359 0.325504107963 0.116455889978 0.112178194481 0.16558187316 0.165975179826 0.193204633106 0.179197896997 0.353172822534 0.349833928875 0.140440536776 0.150849024027 0.255665414299 0.255346430501 0.139975500609 0.122193339022 0.132435962202 0.127673215251 0.144106811647 0.178833673252 0.099879303833 0.0920664648179 0.270715390616 0.251810941147 0.275549443111 0.292313116941 0.301968072316 0.484485787666 0.482496658396 
1446 1.0 0.168933774048 0.175214511277 0.284822721307 0.197590948983 0.354549040503 0.212815138935 0.216278334586 0.169233390791 0.180250162959 0.517517122848 0.281902607911 0.288533731141 0.322315577586 0.33008083673 0.0994768306654 0.0994768306654 0.148846987592 0.156371431925 0.202986916002 0.195356268737 0.380730778324 0.366539277449 0.142943962656 0.146675590791 0.25989811392 0.276275484743 0.138137742371 0.11622996999 0.153867585545 0.11622996999 0.137156289498 0.180250162959 0.106684930946 0.101493458001 0.273202246933 0.26833772298 0.290167834917 0.256563014412 0.314573359318 0.482214319017 0.498062713197 
1459 1.0 0.17062223723 0.169542338803 0.279885575455 0.196978741197 0.353407250531 0.218212880125 0.218212880125 0.191302287862 0.187422497528 0.504366096536 0.305233380643 0.292559333055 0.355738287347 0.348830090176 0.100736565527 0.10365707076 0.173160006683 0.17355731506 0.200100993878 0.199296217875 0.369726364652 0.35914255905 0.137209105043 0.152277834541 0.261743204315 0.285006601628 0.137041674712 0.11277968774 0.152277834541 0.0963089588615 0.13903753232 0.187422497528 0.109264146394 0.109474068098 0.258032853055 0.250813718428 0.26977744456 0.246660122245 0.274083349425 0.477426905011 0.479154979088 
1465 1.0 0.165721059206 0.177615866489 0.238799294461 0.214324070146 0.331046231429 0.236196284689 0.230414941649 0.194529916331 0.174100482177 0.508967909311 0.294065188278 0.296096750868 0.337158025127 0.350560221773 0.108465228909 0.112866529597 0.16160027748 0.168856600456 0.184140790289 0.190048405421 0.381326980448 0.401010338856 0.138097114519 0.12984701492 0.230983367039 0.230983367039 0.117740689605 0.144461896068 0.124845352069 0.147159950243 0.14342071568 0.174100482177 0.0986989169562 0.0909959052764 0.292019492567 0.283953251842 0.290346752036 0.296918102657 0.282166323992 0.490982758292 0.506421854576 
1474 1.0 0.171775885866 0.164297069549 0.28220168486 0.211971289499 0.400084345879 0.217819318414 0.216471560829 0.184157708022 0.187859740744 0.499621120739 0.276345601761 0.280795101446 0.323631950591 0.323152850476 0.108196009779 0.105782412262 0.145751948028 0.150287792595 0.184251165378 0.175836873984 0.393839420387 0.380816684143 0.153012264425 0.149598922082 0.273527911278 0.265673793185 0.149598922082 0.11881293228 0.142889110477 0.112715844447 0.137485835807 0.187859740744 0.0962382962655 0.0872304118178 0.302061046665 0.287579740503 0.320155674157 0.267224431604 0.281652119227 0.478608654664 0.469310165456 
1492 1.0 0.1699469828 0.166287408437 0.268995821067 0.198861991174 0.356675508066 0.196527950849 0.207607312951 0.172739725847 0.155341485773 0.479543595893 0.306027451447 0.306027451447 0.343146613544 0.348532928883 0.100073459705 0.100923716783 0.149053364122 0.153459830827 0.175195631354 0.177809913431 0.372013750338 0.368691308447 0.171946427851 0.146509209811 0.298106728243 0.254097904261 0.138966246738 0.110926766751 0.137606828806 0.118379644794 0.112304791845 0.155341485773 0.094269624707 0.094269624707 0.261456896615 0.251461191098 0.267722159456 0.287899543079 0.309194199072 0.504618583917 0.5098409484 
1505 1.0 0.14461321328 0.14965485732 0.256610185781 0.192364964587 0.331554932589 0.194210057315 0.201067053634 0.160686828259 0.161660428526 0.486537740464 0.262219213321 0.260855609625 0.299547923763 0.303521885455 0.0974716023607 0.0967370658766 0.148506593368 0.151266644431 0.162452670601 0.167638630434 0.368982871535 0.378336323596 0.131923117713 0.129081027091 0.236534658757 0.237257271414 0.124696493161 0.105349090234 0.137327248502 0.117146286738 0.133535272659 0.161660428526 0.102744090215 0.0962936545313 0.29498905901 0.273248540018 0.291779918234 0.293340249778 0.304881820373 0.475505587223 0.491235596065 
1509 1.0 0.179257008292 0.1800008165 0.254362695352 0.185033575358 0.370292732663 0.211642555537 0.215086669436 0.177289665122 0.181387236084 0.485785660482 0.281241533301 0.278376519374 0.328262134775 0.319966011289 0.0997692574717 0.0897216246948 0.151263412456 0.141095037024 0.191334764004 0.192379365565 0.383584954514 0.387699164293 0.129233054764 0.139786921631 0.261165903403 0.269412952362 0.138948072692 0.106254408529 0.126225702816 0.101099572974 0.131029826956 0.181387236084 0.0931912810875 0.0994338976742 0.289493581108 0.27169693852 0.281834745378 0.274631644054 0.245202481222 0.490677334007 0.460330970983 
1516 1.0 0.158860294158 0.164484383045 0.249846863471 0.219312510727 0.34729824326 0.235154904075 0.224744963807 0.177611208331 0.193607239589 0.5117654524 0.280232652595 0.275827673645 0.321725261959 0.332391816853 0.106392453868 0.118285519374 0.159908119843 0.168055695069 0.196839002422 0.196650368931 0.389746100223 0.392403275091 0.14221950318 0.160833789629 0.223087529951 0.273801984001 0.113808217022 0.138919297304 0.144805524141 0.131790417129 0.135264666371 0.193607239589 0.0927907956096 0.0953551048919 0.29425122222 0.286389468111 0.299996907264 0.28188323026 0.292480132566 0.479105060435 0.478329809021 
1520 1.0 0.165136915292 0.168778166885 0.265818261777 0.201174208889 0.373606398666 0.227511038943 0.242514560443 0.179258684846 0.191984882102 0.509651174977 0.286813895753 0.283463506974 0.337401928182 0.337401928182 0.107555210907 0.100716532468 0.162592933946 0.153696435602 0.186384305373 0.189801096764 0.370150033144 0.366850527308 0.145809241425 0.155605781302 0.241940900123 0.253167250328 0.136073308371 0.137596564502 0.137596564502 0.137470271162 0.141946058021 0.191984882102 0.0952203104621 0.0966686112386 0.259402495542 0.243443875354 0.253510063282 0.259937622455 0.278767622725 0.476283931766 0.473173920846 
1535 1.0 0.147037705385 0.154043382092 0.286671707127 0.210174030143 0.376251141002 0.208624338734 0.21409391992 0.169943715465 0.171488150076 0.503305102743 0.28913729123 0.295451531579 0.336288097954 0.344745751105 0.103678343353 0.109944433073 0.148683701126 0.153118981396 0.182488999729 0.159604427244 0.353287978931 0.359434558214 0.151387262587 0.149092360718 0.24033670725 0.23702273157 0.149906337799 0.140260693361 0.142413157123 0.145233493432 0.13129844334 0.171488150076 0.0918537263577 0.0830404268375 0.254517453989 0.229280760156 0.249121280512 0.292276767532 0.28913729123 0.486461331895 0.468363943094 
1545 1.0 0.166349105248 0.167930907287 0.273693893673 0.213823595926 0.404823219062 0.197363473484 0.202650931128 0.151370874239 0.15986546092 0.51872033311 0.252804350202 0.261845698397 0.305638864713 0.311069058877 0.108344721515 0.109477557469 0.155392812298 0.151370874239 0.191194334507 0.18290212325 0.364549339725 0.369686457293 0.119484935227 0.136685855613 0.24694980777 0.259207216865 0.142741271194 0.105709805069 0.138606594107 0.107035371649 0.135520346227 0.15986546092 0.0929327273988 0.093876231054 0.252245974368 0.23815717106 0.255370957631 0.24943534654 0.257775310197 0.442435001966 0.449391705176 
1552 1.0 0.17714705231 0.172886379368 0.279594459862 0.195808176558 0.396112850978 0.184029095781 0.195092820569 0.130008783059 0.170988953762 0.501945879546 0.296266447095 0.296266447095 0.336713225428 0.339470202878 0.0919300921149 0.106054116054 0.173155742885 0.162797510305 0.216888328037 0.22198561619 0.36517673381 0.360294357762 0.111481611754 0.132962562522 0.244879199991 0.271761439399 0.128687643362 0.0992436833464 0.15417145136 0.110361165108 0.09590010856 0.170988953762 0.112866529597 0.122249131226 0.274491635419 0.256649943939 0.290708476592 0.264401857776 0.291189030927 0.480568510101 0.469845730105 
1603 1.0 0.14920679264 0.159726927427 0.274177066506 0.199856947768 0.377337472134 0.212162290703 0.212085683988 0.170074151296 0.18000761934 0.508180024058 0.29080170949 0.293139291941 0.324500831672 0.33731788179 0.0984127666416 0.10277440936 0.142522462598 0.153395490404 0.169212040781 0.181087674748 0.377638808365 0.35897557922 0.130250248516 0.145344963582 0.224372185379 0.261061316835 0.132231354597 0.130000487503 0.146569645971 0.125549266106 0.125030465266 0.18000761934 0.101501612151 0.0921008339768 0.25245391262 0.256793680943 0.285728214051 0.230868793372 0.303006911801 0.47320891734 0.489115829081 
1609 1.0 0.19114579373 0.183985793496 0.264262177692 0.188649767671 0.377927147977 0.214514593082 0.221401097792 0.168639819002 0.166992216712 0.502943895002 0.277673085299 0.274885204076 0.33029782685 0.328859658218 0.0993719663289 0.0975668762191 0.13840913309 0.142209581932 0.156112062391 0.16388844536 0.351613910283 0.350714065148 0.137837192076 0.147124214938 0.262612865719 0.258596330698 0.135670941096 0.120727737631 0.13912075286 0.124750412435 0.133617424565 0.166992216712 0.0756794348644 0.0767161877603 0.230148563281 0.220328065153 0.233302014048 0.256756855083 0.262462414337 0.470187990967 0.484421773576 
1630 1.0 0.161855086927 0.157766685319 0.26826136123 0.195942158282 0.347445083335 0.210856222573 0.214585891763 0.176123734969 0.176388516479 0.497965744509 0.304493789859 0.302494734866 0.349454098313 0.356461946522 0.101787025757 0.10055692588 0.162143170964 0.165561084211 0.192336290124 0.192336290124 0.382645199314 0.392598204182 0.141110813184 0.154981178057 0.24907657465 0.25947704046 0.127195568114 0.127195568114 0.145987473747 0.134911273125 0.142863809753 0.176388516479 0.102548345458 0.102396534352 0.279785772341 0.274226002485 0.295628416542 0.280507658038 0.303470278426 0.514921555513 0.527811505095 
1633 1.0 0.161529495228 0.165715407143 0.246166923056 0.211381573301 0.382632314814 0.199800951143 0.195343863672 0.159088102929 0.1553540939 0.46954821121 0.26326086845 0.251864318326 0.322452685904 0.304452033555 0.113789475556 0.106688978239 0.157543021614 0.141395985661 0.177406896725 0.160922619587 0.368343921775 0.377137645811 0.130229242448 0.112492276387 0.25283365219 0.23254076965 0.131847059043 0.104838740026 0.117733839534 0.101036666985 0.153665412292 0.1553540939 0.081167566809 0.0848990790594 0.236435263862 0.206858685191 0.214673246097 0.292375079497 0.236917574387 0.504925028204 0.474557327814 
1668 1.0 0.164398987305 0.173024940219 0.261134578697 0.203676428774 0.362658062067 0.221721453645 0.216465952048 0.166429278139 0.195012168138 0.472157804303 0.273576451553 0.289316128422 0.318771430169 0.335013623035 0.103203137423 0.104282213755 0.140479633495 0.135967371746 0.150270293281 0.164398987305 0.359201987032 0.361686615373 0.144187450182 0.185514098034 0.232151094801 0.304557839122 0.121823135649 0.12821898747 0.148772900689 0.128965176044 0.122347108543 0.195012168138 0.0758764556794 0.0803797161515 0.259475784443 0.261685173477 0.282378692347 0.247359314394 0.295063061292 0.459907026531 0.488472588151 
1678 1.0 0.171799339701 0.169402022097 0.275376928739 0.181822829304 0.404340648727 0.210491333987 0.216084108102 0.155118963748 0.167174283495 0.526228334968 0.258524282302 0.259116851153 0.308971981946 0.306368783604 0.092306556234 0.0941345862939 0.157192401022 0.153240004217 0.186175710868 0.186267220193 0.409907631528 0.399933534575 0.125346729503 0.138767181753 0.241906585739 0.253465130622 0.143119819656 0.115586091325 0.144187450182 0.111534436264 0.137781256785 0.167174283495 0.104432946978 0.107329941944 0.271638606983 0.274447122161 0.28216228491 0.241906585739 0.268610492613 0.473200537308 0.488231007883 
