Leaf
1202 120.004166594 19.0262975904 19.0 28.0 21.0 38.0131556175 25.8069758011 24.2074368738 20.3960780544 19.4164878389 58.0344725142 29.1547594742 29.2745623366 33.6154726279 34.4383507154 10.1980390272 11.1803398875 17.2046505341 17.8044938148 21.0237960416 21.5406592285 41.1460812229 41.1825205639 17.0880074906 17.0880074906 29.1547594742 29.6816441593 14.5602197786 14.4222051019 14.5602197786 14.4222051019 17.2046505341 19.4164878389 11.1803398875 11.7046999107 35.3553390593 33.0151480384 35.3411940941 35.3553390593 36.1247837364 54.4885309033 55.1724568965 
321 114.039466852 19.2353840617 19.1049731745 28.0178514522 23.0 36.0 28.1780056072 26.4196896272 22.803508502 21.8403296678 54.0092584656 33.1360830516 34.0587727319 38.6264158317 39.5600808897 11.401754251 12.3693168769 16.2788205961 16.9705627485 20.8806130178 21.1896201004 40.249223595 40.249223595 18.6815416923 18.0277563773 28.3019433962 29.1547594742 14.8660687473 15.8113883008 14.5602197786 15.2643375225 15.6204993518 21.8403296678 8.94427191 9.43398113206 34.0147027034 33.0151480384 34.4383507154 34.5253530033 35.1283361405 54.4885309033 53.7587202229 
15 104.004807581 19.1049731745 19.1049731745 31.0 20.0 37.0 25.5538646784 26.4196896272 20.8806130178 21.8403296678 57.008771255 31.5753068077 31.4006369362 36.6742416418 36.2491379208 10.1980390272 10.1980390272 18.0277563773 18.0277563773 22.4722050542 22.8473193176 38.4707681233 38.9486841883 15.8113883008 16.1554944214 27.2946881279 28.1780056072 16.2788205961 16.2788205961 15.2970585408 15.0 16.2788205961 21.8403296678 11.7046999107 12.0830459736 25.5538646784 24.0 24.6981780705 29.7321374946 27.8567765544 53.4134814443 52.0096144958 
31 113.0 19.0262975904 19.0 30.0 23.0 37.0135110466 26.4196896272 25.2388589282 22.803508502 21.5870331449 57.0350769264 30.2654919008 30.1496268634 34.885527085 34.0147027034 12.0415945788 11.0453610172 16.9705627485 16.2788205961 23.4093998214 21.8403296678 39.8246155035 40.249223595 17.0880074906 15.8113883008 29.1547594742 28.3019433962 16.4924225025 15.6204993518 14.5602197786 14.2126704036 18.4390889146 21.5870331449 11.6619037897 11.1803398875 29.1547594742 28.0 28.6530975638 33.2415402772 31.3209195267 54.5618914628 54.0370243444 
33 111.04053314 19.0 18.1107702763 32.0 21.0237960416 34.0587727319 22.2036033112 23.7065391823 18.973665961 20.2484567313 56.0802995712 33.5410196625 32.3882694814 38.9101529167 38.0788655293 11.1803398875 10.4403065089 17.0293863659 17.2046505341 21.8403296678 21.1896201004 38.4707681233 39.3954312072 14.7648230602 17.0 29.0688837075 29.0688837075 16.2788205961 13.4536240471 16.2788205961 14.4222051019 14.8660687473 20.2484567313 11.1803398875 10.7703296143 28.6530975638 27.0185121722 28.3019433962 34.7850542619 31.384709653 56.0802995712 54.6443043693 
123 106.004716876 18.1107702763 19.1049731745 30.0 20.0249843945 36.0 25.0599281723 25.5538646784 20.8806130178 20.8806130178 55.0 30.4138126515 31.4006369362 35.8468966579 36.6742416418 9.48683298051 11.1803398875 16.4012194669 15.6204993518 23.4093998214 22.4722050542 35.5105618091 34.4818792991 18.3847763109 19.3132079158 29.1547594742 30.5286750449 15.5241746963 15.2643375225 15.5241746963 16.1245154966 17.0293863659 20.8806130178 8.94427191 10.0 23.0217288664 21.0237960416 23.6008474424 29.5465734054 32.3109888428 51.2249938995 52.4976189936 
134 109.073369802 18.0277563773 18.0 29.0172362571 24.0 36.0 23.3238075794 23.0217288664 19.9248588452 19.6468827044 54.0370243444 32.0156211872 31.2569992162 36.4005494464 36.6742416418 12.1655250606 12.1655250606 16.9705627485 16.9705627485 21.8403296678 21.8403296678 41.2310562562 42.9418211072 16.5529453572 16.1554944214 28.6530975638 28.3019433962 15.2970585408 14.4222051019 14.5602197786 13.6014705087 13.4536240471 19.6468827044 8.94427191 10.295630141 35.8468966579 33.0605505096 34.5398320783 35.3553390593 32.0156211872 53.9073278878 53.0377224247 
147 112.040171367 19.0262975904 19.1049731745 30.0166620396 24.0208242989 40.049968789 23.8537208838 23.3238075794 19.9248588452 19.3132079158 55.0090901579 31.2569992162 31.064449134 34.885527085 34.9284983931 12.0 12.0415945788 18.3847763109 17.8044938148 22.1359436212 21.9317121995 38.8329756779 38.4707681233 16.5529453572 17.4928556845 29.5296461205 30.8706980809 15.5241746963 13.6014705087 15.2970585408 13.416407865 18.4390889146 19.3132079158 11.7046999107 13.0384048104 25.5538646784 24.0831891576 26.4007575649 32.2800247831 32.9848450049 54.4518135602 53.0754180389 
191 112.11155159 19.1049731745 19.0262975904 31.064449134 20.0249843945 34.0587727319 24.1660919472 25.5538646784 21.9317121995 21.8403296678 54.0370243444 35.2278299076 34.7131099154 38.6264158317 38.0131556175 10.0498756211 10.0 18.0277563773 17.2046505341 23.0867927612 24.0416305603 36.2491379208 36.3593179254 17.88854382 19.3132079158 30.4138126515 31.064449134 16.1245154966 16.1245154966 15.5241746963 16.1245154966 15.8113883008 21.8403296678 13.0 12.6491106407 25.6124969497 23.0217288664 25.2388589282 35.4682957019 35.4400902933 54.2033209315 54.4518135602 
234 113.216606556 21.3775583264 19.0 33.0605505096 21.0237960416 40.0124980475 24.5967477525 23.4307490277 20.591260282 18.4390889146 59.3043000127 35.5105618091 34.5253530033 40.718546143 38.4837628098 11.1803398875 10.0498756211 18.6010752377 17.2046505341 21.9544984001 20.6155281281 40.3112887415 39.4461658466 15.0 14.5602197786 31.0483493925 26.9258240357 19.0262975904 14.8660687473 14.3178210633 14.8660687473 17.0293863659 18.4390889146 12.0830459736 13.0 26.9258240357 26.0192236625 26.4196896272 33.5261092285 27.8567765544 57.3149195236 52.0096144958 
276 109.01834708 21.0950231097 20.2237484162 25.0199920064 22.0227155455 36.0138862107 26.4007575649 25.2388589282 19.6468827044 18.973665961 55.0090901579 33.0605505096 33.0151480384 36.7695526217 36.6878726557 12.0415945788 10.1980390272 17.691806013 17.2046505341 21.5870331449 22.8473193176 36.235341864 38.0788655293 17.4642491966 18.0277563773 29.1547594742 29.5296461205 13.3416640641 16.6433169771 12.1655250606 16.1554944214 13.0384048104 18.973665961 11.1803398875 11.1803398875 26.4196896272 24.0 25.5538646784 31.9530906173 31.384709653 54.0370243444 55.4436651025 
401 114.004385881 18.1107702763 18.0 31.0161248385 23.0217288664 38.0525951809 25.0599281723 23.8537208838 20.8806130178 20.6155281281 56.0802995712 31.1448230048 31.4006369362 36.7695526217 37.1214223865 11.401754251 12.1655250606 17.8044938148 17.691806013 22.4722050542 23.0867927612 40.3112887415 37.5898922584 16.1245154966 15.2315462117 28.6356421266 27.7848879789 15.5241746963 12.2065556157 16.7630546142 13.4536240471 16.9705627485 20.6155281281 10.295630141 11.1803398875 29.5296461205 28.0713376952 31.064449134 32.7566787083 35.7351367704 53.8144961883 55.9732078766 
577 115.108644332 18.0277563773 17.0293863659 30.0665927567 19.0262975904 36.0555127546 23.7065391823 23.8537208838 21.1896201004 21.3775583264 54.083269132 30.5941170816 29.4278779391 34.885527085 32.2024843762 10.0498756211 9.0 15.0 14.8660687473 24.1660919472 24.0416305603 38.9101529167 38.0788655293 18.0277563773 17.0880074906 31.304951685 28.6006992922 17.4642491966 13.0384048104 14.3178210633 12.2065556157 15.5563491861 21.3775583264 11.1803398875 10.4403065089 34.0 31.064449134 32.3109888428 38.0525951809 31.0 52.0096144958 48.1663783152 
588 111.36426716 19.0262975904 19.2353840617 30.0665927567 20.0249843945 34.0587727319 23.0217288664 22.4722050542 18.973665961 21.0950231097 51.1566222497 30.8058436015 31.1448230048 35.3553390593 35.4682957019 10.0498756211 10.1980390272 16.2788205961 15.8113883008 23.5372045919 23.769728648 37.2155881319 37.1618083521 17.0880074906 18.6010752377 29.1547594742 32.3109888428 14.8660687473 13.6014705087 16.2788205961 13.0 13.4536240471 21.0950231097 10.7703296143 11.1803398875 29.5465734054 29.0688837075 30.5286750449 33.7342555869 34.4818792991 53.0377224247 53.2634959423 
969 115.277925033 21.0 20.0997512422 28.0178514522 22.0227155455 37.0540146273 23.4307490277 24.1867732449 18.973665961 20.6155281281 55.1452627158 34.5253530033 34.0 40.718546143 39.5600808897 11.401754251 11.7046999107 17.691806013 17.2046505341 23.4093998214 22.1359436212 41.1825205639 41.629316593 16.1554944214 16.5529453572 30.886890423 29.9666481275 15.5241746963 14.2126704036 13.3416640641 13.416407865 14.4222051019 20.6155281281 8.54400374532 10.0 31.384709653 29.0172362571 28.6530975638 36.4965751818 29.9666481275 57.2800139665 55.2268050859 
985 114.01754251 17.1172427686 16.0 34.0 23.0867927612 38.1182371051 22.825424421 23.8537208838 18.973665961 20.2237484162 58.0 29.6141857899 31.4006369362 35.8468966579 34.885527085 12.1655250606 11.0 17.2046505341 17.691806013 23.7065391823 22.360679775 38.9101529167 38.275318418 18.0277563773 16.1554944214 29.9666481275 26.6270539114 19.2353840617 15.0 15.2970585408 15.0 17.0293863659 20.2237484162 12.2065556157 11.401754251 30.8058436015 28.1602556807 28.6356421266 37.8549864615 31.6227766017 55.8659108939 53.8144961883 
1010 116.0 19.1049731745 18.0277563773 31.0 21.0 37.0540146273 24.6981780705 23.3238075794 19.9248588452 19.9248588452 56.0089278598 32.5576411922 32.2490309932 38.0131556175 36.7695526217 11.1803398875 10.1980390272 18.4390889146 16.6433169771 23.4093998214 21.5406592285 37.2155881319 38.4707681233 17.4642491966 16.5529453572 29.5296461205 28.6530975638 16.2788205961 15.8113883008 15.2970585408 14.4222051019 16.2788205961 19.9248588452 11.7046999107 11.1803398875 29.1547594742 26.0192236625 27.7848879789 36.8781778292 33.2415402772 56.5862174032 53.9073278878 
1019 108.041658632 18.0 19.0262975904 32.0624390838 21.0 37.0540146273 22.4722050542 23.2594066992 19.9248588452 21.9317121995 54.1479454827 30.1496268634 32.9848450049 34.5398320783 38.9486841883 10.1980390272 11.1803398875 18.4390889146 16.6433169771 23.5372045919 23.7065391823 34.4093010682 34.4818792991 16.1554944214 17.2046505341 28.3019433962 31.7804971641 13.9283882772 12.2065556157 19.2353840617 14.2126704036 15.6204993518 21.9317121995 10.7703296143 11.6619037897 23.2594066992 22.2036033112 26.2488094968 26.4007575649 34.4818792991 49.040799341 52.3450093132 
1031 106.0 17.0 17.0 32.0156211872 22.0 37.0135110466 25.0599281723 25.9422435421 22.5610283454 23.5372045919 56.0 34.3656805549 33.3766385366 38.4837628098 37.5765884561 11.0453610172 11.0453610172 18.6010752377 18.6010752377 22.4722050542 23.0867927612 38.4707681233 38.0788655293 17.4642491966 19.3132079158 28.8444102037 30.0 16.4924225025 15.0 16.7630546142 15.8113883008 16.2788205961 23.5372045919 13.0 13.9283882772 28.6530975638 28.0 30.0166620396 30.886890423 30.4138126515 55.4707129934 54.6443043693 
1126 113.017697729 20.0249843945 18.0277563773 31.0 23.0 40.0 24.6981780705 23.8537208838 21.1896201004 19.6468827044 57.008771255 30.2654919008 30.2654919008 34.4383507154 34.885527085 11.0453610172 12.0415945788 16.2788205961 16.9705627485 21.5406592285 21.9317121995 37.7359245282 37.7359245282 15.2315462117 15.2315462117 29.0688837075 27.2946881279 15.5241746963 13.4536240471 16.4924225025 14.1421356237 17.8044938148 19.6468827044 11.1803398875 11.1803398875 28.6530975638 26.0192236625 28.3019433962 32.7566787083 31.4006369362 53.0377224247 50.931326313 
1135 110.3675677 19.1049731745 19.1049731745 28.0178514522 21.0237960416 36.2215405525 21.2602916255 25.5538646784 18.6815416923 20.8806130178 55.4436651025 30.5941170816 30.0166620396 36.235341864 34.7850542619 11.1803398875 10.4403065089 16.2788205961 16.4012194669 23.4093998214 20.2484567313 39.4461658466 41.2310562562 15.2643375225 16.1245154966 30.886890423 29.5465734054 14.8660687473 10.0 14.5602197786 11.6619037897 12.5299640861 20.8806130178 9.8488578018 9.8488578018 32.3109888428 31.0161248385 31.304951685 31.0161248385 29.0688837075 50.9901951359 48.9182992345 
1173 113.159179919 18.1107702763 18.2482875909 28.0178514522 21.0237960416 38.0525951809 27.4590604355 26.4196896272 21.2132034356 20.6155281281 56.0089278598 30.5941170816 30.0166620396 35.3553390593 33.8378486314 11.0453610172 10.1980390272 16.2788205961 16.4012194669 21.5406592285 21.0237960416 36.0555127546 36.7151195014 17.2626765016 16.7630546142 25.8069758011 26.4196896272 14.5602197786 17.0293863659 14.3178210633 15.8113883008 17.691806013 20.6155281281 10.7703296143 10.295630141 25.5538646784 24.0208242989 26.4007575649 34.9284983931 36.6878726557 53.8144961883 55.1724568965 
1218 111.004504413 18.0277563773 18.0 30.0166620396 20.0249843945 39.0512483795 24.1867732449 24.6981780705 22.803508502 21.5870331449 55.0090901579 31.2569992162 29.6141857899 35.8468966579 35.77708764 10.1980390272 10.4403065089 16.6433169771 18.6010752377 26.9258240357 25.632011236 39.8246155035 42.0594816896 16.7630546142 18.0277563773 28.6006992922 29.4108823397 14.8660687473 14.2126704036 17.0880074906 14.8660687473 17.4928556845 21.5870331449 12.5299640861 11.1803398875 30.2324329157 27.0185121722 29.1547594742 29.7321374946 34.3656805549 53.0094331228 55.1724568965 
1253 108.074048689 19.1049731745 20.2237484162 27.0185121722 20.0 36.0 24.5967477525 25.9422435421 21.5406592285 21.5406592285 50.0399840128 33.2415402772 34.1320963318 37.6961536499 38.275318418 10.1980390272 10.1980390272 17.2046505341 17.2046505341 23.0867927612 23.769728648 36.8917334914 34.885527085 18.0277563773 16.7630546142 29.1547594742 28.1780056072 14.8660687473 14.4222051019 13.6014705087 14.4222051019 16.1245154966 21.5406592285 11.7046999107 12.0830459736 26.83281573 25.079872408 28.8444102037 30.3644529014 33.8378486314 52.4022900263 53.2634959423 
1286 115.03912378 20.0 20.0997512422 28.0 26.0192236625 40.049968789 23.6008474424 24.4131112315 19.9248588452 18.973665961 56.0089278598 32.0624390838 31.0 37.1618083521 36.4005494464 13.152946438 13.3416640641 19.7989898732 19.2093727123 22.803508502 22.4722050542 39.9624824054 40.7062648741 15.2315462117 15.2315462117 29.5296461205 28.6356421266 14.3178210633 13.6014705087 14.3178210633 13.6014705087 15.6204993518 18.973665961 12.0830459736 11.6619037897 26.0768096208 24.0208242989 27.2029410175 34.7131099154 32.0156211872 55.8659108939 54.6717477313 
1330 105.0 18.0 19.0 28.0 25.0 38.0 23.6008474424 25.0 19.4164878389 20.3960780544 57.008771255 32.0156211872 32.0624390838 38.275318418 39.0 12.6491106407 13.6014705087 18.6010752377 20.5182845287 21.1896201004 20.8806130178 41.1460812229 42.0594816896 15.8113883008 16.7630546142 27.4590604355 28.8444102037 14.3178210633 15.0 14.3178210633 15.8113883008 13.6014705087 20.3960780544 11.6619037897 11.1803398875 30.4138126515 29.0 31.7647603485 27.2029410175 29.6141857899 52.4309069157 54.0370243444 
1340 113.282831886 18.0277563773 18.1107702763 31.0161248385 22.0227155455 41.0487515035 22.803508502 25.5538646784 19.4164878389 20.6155281281 58.2151183113 30.8058436015 30.0665927567 36.3593179254 34.1760149813 12.0415945788 10.1980390272 16.2788205961 17.0293863659 23.769728648 23.2594066992 41.0487515035 40.249223595 17.0 17.0 30.5286750449 29.0688837075 16.7630546142 12.8062484749 15.5241746963 13.0384048104 12.5299640861 20.6155281281 11.6619037897 10.7703296143 28.1780056072 26.0768096208 28.6006992922 31.2569992162 33.7342555869 53.7587202229 53.8144961883 
1367 107.004672795 19.1049731745 20.0249843945 28.0 21.0 39.0128184063 25.9422435421 26.0768096208 22.1359436212 21.8403296678 54.0092584656 30.1496268634 30.2654919008 34.5398320783 35.3411940941 10.1980390272 11.1803398875 17.2046505341 17.8044938148 23.4093998214 25.079872408 39.3573373083 39.9624824054 17.0880074906 17.0880074906 28.6530975638 30.0166620396 14.5602197786 14.4222051019 14.5602197786 14.4222051019 16.4012194669 21.8403296678 11.7046999107 12.0830459736 28.3019433962 27.0 28.6530975638 29.4108823397 32.0156211872 51.4003891036 55.1724568965 
1423 117.273185341 21.0237960416 19.0262975904 32.0156211872 23.0217288664 38.0131556175 24.1660919472 25.6124969497 23.7065391823 21.2132034356 58.0775343829 32.2490309932 32.3882694814 39.3954312072 38.4837628098 12.6491106407 11.401754251 18.0277563773 19.1049731745 24.6981780705 23.769728648 41.1460812229 41.1825205639 19.4164878389 16.7630546142 35.3411940941 29.4108823397 18.4390889146 13.8924439894 14.8660687473 14.2126704036 15.0 21.2132034356 11.401754251 9.8488578018 31.7647603485 30.0 31.7647603485 35.2278299076 31.0161248385 54.4518135602 50.2095608425 
1424 111.0 19.0262975904 19.1049731745 28.0 22.0227155455 35.0142828 23.8537208838 25.5538646784 19.9248588452 20.8806130178 54.0370243444 32.2490309932 33.0605505096 38.0788655293 37.3363094052 11.401754251 11.1803398875 18.0277563773 18.4390889146 24.3515913238 23.5372045919 39.3573373083 38.0131556175 16.1554944214 15.8113883008 28.6530975638 27.2946881279 15.2970585408 15.0 13.3416640641 14.4222051019 14.8660687473 20.8806130178 11.6619037897 11.7046999107 29.1547594742 27.0 29.1547594742 34.4818792991 33.5261092285 56.0802995712 54.0370243444 
1464 112.01785572 19.0262975904 18.2482875909 30.0 22.0 40.0124980475 24.1867732449 25.495097568 21.1896201004 21.1896201004 53.0377224247 31.1448230048 31.4006369362 35.8468966579 36.6742416418 11.1803398875 11.1803398875 15.5563491861 15.5563491861 20.1246117975 21.0237960416 38.9486841883 39.1152144312 16.5529453572 18.8679622641 29.5296461205 30.8706980809 15.5241746963 13.6014705087 15.5241746963 13.0 16.2788205961 21.1896201004 8.60232526704 9.43398113206 27.7848879789 27.0 28.6530975638 30.5941170816 34.5253530033 50.931326313 55.2268050859 
1478 114.01754251 19.1049731745 19.0262975904 32.0156211872 24.0208242989 43.0116263352 25.495097568 25.0599281723 22.4722050542 22.1359436212 55.0363516233 29.2745623366 29.2745623366 35.77708764 34.885527085 12.3693168769 12.1655250606 17.0293863659 17.691806013 23.7065391823 22.4722050542 40.3112887415 41.0487515035 18.7882942281 19.3132079158 30.886890423 31.064449134 16.7630546142 14.4222051019 17.0880074906 15.0 15.8113883008 22.1359436212 10.8166538264 9.8488578018 29.4108823397 26.0192236625 29.6816441593 32.9848450049 34.5253530033 54.5618914628 55.8659108939 
1569 123.101584068 19.1049731745 20.0249843945 32.0156211872 26.0768096208 39.0512483795 25.5538646784 25.0 20.8806130178 21.5870331449 60.0749531835 29.0172362571 30.4138126515 34.5398320783 36.3593179254 12.3693168769 14.0356688476 17.8044938148 19.2093727123 22.4722050542 21.5870331449 38.0788655293 36.8917334914 16.5529453572 15.2315462117 29.0688837075 30.0166620396 16.2788205961 15.0 16.4924225025 14.1421356237 15.6204993518 21.5870331449 10.295630141 10.7703296143 26.4196896272 27.0185121722 29.6816441593 33.5410196625 39.2045915678 51.6623654124 55.0 
1583 114.01754251 20.0 20.0249843945 29.0 22.0 33.0151480384 22.6715680975 23.6008474424 17.7200451467 18.973665961 58.0344725142 32.2490309932 32.14031736 38.0788655293 37.6961536499 11.401754251 11.401754251 18.6010752377 18.6010752377 23.5372045919 24.7386337537 40.3112887415 39.8120584748 16.1245154966 16.1245154966 31.304951685 30.8706980809 15.2970585408 13.0384048104 14.3178210633 12.5299640861 14.4222051019 18.973665961 10.7703296143 10.7703296143 29.5296461205 29.0 29.5296461205 35.1710107901 34.4818792991 56.0802995712 56.0802995712 
1624 112.160599142 18.1107702763 18.0277563773 31.064449134 21.0237960416 35.0570962859 25.9422435421 26.6270539114 21.8403296678 23.1948270095 58.0775343829 34.2344855372 33.5410196625 39.0 37.5765884561 11.1803398875 10.0498756211 17.0293863659 15.6204993518 22.4722050542 22.803508502 39.3954312072 38.9486841883 18.7882942281 18.973665961 30.0166620396 30.61045573 16.2788205961 16.1245154966 15.8113883008 15.8113883008 15.6204993518 23.1948270095 10.295630141 11.1803398875 30.2324329157 27.0739727414 29.0688837075 35.1710107901 32.5576411922 55.4436651025 53.0754180389 
