Leaf
438 1.0 0.183109034983 0.177742326404 0.295743522334 0.220492476298 0.403363320567 0.226824927309 0.231429378401 0.193844041249 0.197243776529 0.532358972566 0.255471670619 0.266111609325 0.300782765445 0.308093370568 0.108061616968 0.113029527962 0.144460587919 0.152822204289 0.19272246554 0.192347153664 0.389250597175 0.371585193037 0.146841966849 0.146743514295 0.271700993012 0.274136872119 0.149958323931 0.129477640333 0.153952840203 0.125969948394 0.144460587919 0.197243776529 0.0924967843474 0.09404625201 0.271860519981 0.263930329836 0.28213875603 0.226378483887 0.254735194596 0.44884580265 0.456254685779 
507 1.0 0.173074345447 0.166691514137 0.296957015958 0.224124466336 0.411351836879 0.242259328531 0.238424441529 0.200976228953 0.212387141481 0.536680762544 0.282357332961 0.285032859849 0.330934649767 0.333261036554 0.111303714682 0.115016850142 0.154802400633 0.144006560072 0.170549880637 0.171895618824 0.420573414927 0.403063709648 0.167664430069 0.170231690284 0.277173356952 0.284509295667 0.151617553623 0.131407839481 0.159715244452 0.13335321131 0.147447951396 0.212387141481 0.0794748138432 0.0895771858045 0.306524955461 0.302384641768 0.321334270014 0.234353411157 0.260536587865 0.478834461918 0.475282966147 
525 1.0 0.170535238992 0.164970052594 0.276631232413 0.212820393962 0.388421596241 0.242809924632 0.230926223935 0.208997564326 0.2038583359 0.505542439674 0.273804457308 0.272561768032 0.316370871699 0.306884161246 0.106907521066 0.10650984757 0.157961725604 0.146726955146 0.204689283648 0.211754286348 0.392659245709 0.391324095761 0.173902741871 0.176085199578 0.28189894234 0.284744713531 0.14634083091 0.13136585426 0.14816595939 0.124055786565 0.150627670959 0.2038583359 0.0999320805899 0.109521782923 0.297570411541 0.276631232413 0.297332640499 0.262570143449 0.228462940435 0.475375291729 0.470229479369 
565 1.0 0.173621113611 0.176843223567 0.287604653365 0.219572414409 0.426240900071 0.240894402018 0.253767100962 0.198883331815 0.2163342365 0.525927513122 0.288312704904 0.298154086796 0.323193754986 0.346382995285 0.112013621685 0.108745556162 0.139118032083 0.158411182957 0.197934757257 0.217491112324 0.399222896329 0.406387210204 0.173891903139 0.180616537868 0.275573998879 0.290642432964 0.140352665687 0.127715178721 0.165859610179 0.143119046533 0.130749216407 0.2163342365 0.10417869023 0.0918579996264 0.298574614631 0.274947240291 0.298732159949 0.241089642684 0.269764523926 0.475299548947 0.491330102641 
580 1.0 0.174959872054 0.174236894283 0.275320840587 0.213543574872 0.387656687869 0.256449255509 0.251541573786 0.21391270838 0.219375188582 0.522559728192 0.275778945463 0.278908048595 0.315037977137 0.326837531546 0.102511998916 0.112912823589 0.143001333803 0.147455914276 0.193461668862 0.195973737092 0.393073069248 0.379761282464 0.174417919677 0.179851687896 0.266467252713 0.276407599973 0.140440573404 0.15739372494 0.147455914276 0.160667944333 0.140440573404 0.219375188582 0.0857492925713 0.0921358666577 0.28918484011 0.275778945463 0.299635813619 0.253042581084 0.271104876528 0.464907088958 0.468995822524 
627 1.0 0.180343343181 0.196723777602 0.262708838145 0.208218673068 0.36254325006 0.233802742977 0.230460695658 0.194971701314 0.205913066523 0.52510524042 0.297439892994 0.295426740298 0.337258817787 0.343960414126 0.104359814764 0.107319964335 0.140969117811 0.135243718966 0.190794909209 0.196951160198 0.388909017364 0.413200457851 0.169599818943 0.168717858629 0.280771662783 0.312697988841 0.127053168433 0.13029957541 0.152362000345 0.127404954528 0.135243718966 0.205913066523 0.075886674538 0.0772506006982 0.289096891356 0.278798691514 0.293145418587 0.240409529054 0.282889126131 0.448120074446 0.452064548522 
689 1.0 0.189334477291 0.189553318987 0.268120421255 0.21561189307 0.368008421331 0.218793119706 0.221117763694 0.184604062984 0.20231926855 0.499688966579 0.286267513527 0.289579294152 0.338593869663 0.328021204353 0.11238744988 0.106321567543 0.163736530666 0.156309671174 0.219549755232 0.223665502202 0.378559454666 0.388646535021 0.159893416865 0.172210480278 0.296278381707 0.310356687694 0.143013019706 0.118142295798 0.13799689921 0.113244914245 0.130587707856 0.20231926855 0.0965105226191 0.0991938429506 0.279872121533 0.268120421255 0.282134347333 0.259529949096 0.243542396792 0.458468314416 0.486062340413 
718 1.0 0.185480950569 0.18143255464 0.273158167763 0.226611529155 0.386303985523 0.240081772099 0.244189777048 0.196116135138 0.206845705512 0.526234811584 0.274175881129 0.284012552493 0.315556012171 0.322662991115 0.113773006826 0.113773006826 0.171512231702 0.171512231702 0.208569715587 0.209711181964 0.399269890705 0.396269072372 0.169411526326 0.179890918908 0.287170408471 0.290659179488 0.143469698462 0.132912687481 0.145032695481 0.140574795783 0.12155054837 0.206845705512 0.112954064511 0.115163359926 0.294962120483 0.288598552783 0.306646099337 0.247266220003 0.273158167763 0.447954383809 0.4663760621 
889 1.0 0.161269347183 0.161358916391 0.284959889141 0.225777086056 0.435427237393 0.229647651056 0.224042537295 0.197147700266 0.194268399263 0.521465264664 0.265373979936 0.270122813447 0.324548300689 0.327031898653 0.116044224763 0.116044224763 0.159648508586 0.159648508586 0.188070761107 0.19685432555 0.431460391743 0.428739276755 0.173525950794 0.175759749855 0.267812881214 0.278808951507 0.147903521001 0.14945839707 0.151379535004 0.140179668805 0.136841578788 0.194268399263 0.0924860920046 0.0957106364808 0.290980833386 0.285111962383 0.29819085574 0.226798707047 0.226798707047 0.48455408369 0.48455408369 
1046 1.0 0.178284637545 0.173219403965 0.28679427452 0.221571030878 0.427110247317 0.229275072249 0.232561431613 0.195241246197 0.196656326196 0.53553562021 0.272762649471 0.282229073717 0.323838583486 0.33132304898 0.114605705627 0.110191132826 0.168088368252 0.16117400058 0.203009953123 0.20979766647 0.427212741479 0.427758962244 0.164045923629 0.171696194482 0.275742587371 0.283518857758 0.150498039732 0.137738916033 0.150691855704 0.140881653078 0.118979147236 0.196656326196 0.101935388287 0.104898833235 0.277851548017 0.270614032712 0.284700298464 0.236296597187 0.254322544817 0.4987360341 0.504641195361 
