Leaf
58 1.0 0.159697447321 0.154705663739 0.280235574442 0.197775331224 0.313336978625 0.204453479707 0.213974692113 0.173727919906 0.17733868315 0.489222264342 0.28992269932 0.293029102634 0.341542197903 0.33977024199 0.101299914376 0.101299914376 0.16923988672 0.16923988672 0.189435141656 0.180710442829 0.303353026328 0.292462065401 0.147923993531 0.147923993531 0.262898047643 0.255563159112 0.145454991315 0.118848182958 0.139090873494 0.120612727581 0.159319016819 0.17733868315 0.106102113682 0.108214506329 0.194854275844 0.16517862059 0.19423371925 0.321889285938 0.320338456209 0.498753463804 0.487924999914 
68 1.0 0.181163684744 0.186170212766 0.271328739252 0.223404255319 0.393617021277 0.25730609835 0.250056580288 0.219314129022 0.227234142163 0.521385138504 0.272109692818 0.267283926094 0.319193259334 0.321137422301 0.108489776885 0.118939786037 0.150636194239 0.150636194239 0.224225945834 0.224225945834 0.402466647618 0.402466647618 0.18178731373 0.18178731373 0.292117664207 0.302444020762 0.141333300591 0.140530263975 0.148174343374 0.138706434153 0.139215450301 0.227234142163 0.0841031292598 0.0915140985856 0.278329264935 0.271328739252 0.287873598462 0.235548827931 0.25022624439 0.467903736622 0.470526755664 
100 1.0 0.195424059034 0.194022194568 0.280618803322 0.203951602928 0.362050000389 0.251861650344 0.234765925224 0.198329170569 0.193485479308 0.546427605011 0.307453236323 0.299269008461 0.352222705862 0.348997189224 0.103995320316 0.103995320316 0.148216135687 0.155073646036 0.231026397653 0.220901806727 0.380910674089 0.387809830095 0.171398238141 0.161237899424 0.291880681975 0.283338622024 0.141025565275 0.146096129425 0.148479008141 0.144934845535 0.140656387769 0.193485479308 0.0919197452588 0.0912099296534 0.291880681975 0.280433454026 0.291880681975 0.2870759183 0.301001405036 0.520101580935 0.512422060539 
111 1.0 0.187124815809 0.192609778895 0.296685383624 0.236249472145 0.401225182342 0.236504877054 0.246932399162 0.20328442952 0.206817515374 0.549444847263 0.331294578225 0.330793065467 0.388846242913 0.384631406053 0.123954210177 0.118602911294 0.190719858 0.180222299608 0.222497079745 0.216445344828 0.398659005488 0.41092600149 0.179635118109 0.177522187409 0.300577002869 0.300577002869 0.157329193882 0.15549579507 0.14660284152 0.152655002758 0.140074496342 0.206817515374 0.108362044877 0.108362044877 0.275367200125 0.263720340999 0.278039936395 0.267583748657 0.246932399162 0.520904466687 0.516715286472 
130 1.0 0.186748516766 0.181757796909 0.280183559087 0.210173119776 0.368401462574 0.247664659428 0.255782522057 0.209523934844 0.219680803296 0.53769432105 0.326236232958 0.321186157309 0.378434030232 0.361731111711 0.112255607592 0.101919457309 0.177875051909 0.168332838204 0.225268422107 0.219292879979 0.394516601103 0.407218097057 0.160566567209 0.170144002765 0.283326354773 0.282302751803 0.14437197376 0.145897278724 0.143068630129 0.149129572698 0.160990226434 0.219680803296 0.114953724145 0.115101765062 0.31318678364 0.297687657717 0.305535515942 0.300080592222 0.269842923428 0.521586342337 0.522825498883 
141 1.0 0.19172123499 0.187288551172 0.242384321056 0.212142533751 0.405165828213 0.273471779725 0.264769886474 0.21840944463 0.217825929174 0.545265528552 0.28917071459 0.287581852485 0.322780651311 0.320723694838 0.106071266876 0.107026883178 0.175137902719 0.170721950763 0.236214686534 0.225914345687 0.393565401605 0.392626451096 0.173385018875 0.173971275895 0.276572413411 0.281317650922 0.12460961057 0.155424588952 0.130983493525 0.151442934645 0.139545982847 0.217825929174 0.121297134268 0.126434746788 0.288818389495 0.268161142545 0.291057155095 0.269722845981 0.267162578212 0.488769119975 0.47834618151 
156 1.0 0.182156917226 0.175249723228 0.288567834661 0.211302023982 0.371278518599 0.249229008639 0.231561495653 0.19887664984 0.197470196885 0.536445162728 0.295880256783 0.296552356362 0.341134728446 0.336472967988 0.109294150335 0.10355744905 0.153185195013 0.153011810469 0.2219625202 0.229777792519 0.403386071631 0.384898902315 0.161288609996 0.166152672426 0.278884560354 0.292768726623 0.148700751032 0.130035034566 0.15003361979 0.120168353625 0.149767994997 0.197470196885 0.100037155977 0.101616787707 0.281254055444 0.273259662348 0.307494688813 0.264121248629 0.292405827535 0.5145215518 0.510169463723 
167 1.0 0.203668784066 0.166638096054 0.314760848102 0.222184128072 0.426255229576 0.241410550354 0.251835905457 0.216716545334 0.204508658904 0.592491008193 0.37764040155 0.370769474779 0.430655916412 0.409854611044 0.112624440755 0.112624440755 0.207007839121 0.226008576354 0.237112095939 0.175651976162 0.416080607153 0.422620585239 0.174673406006 0.152681438063 0.331212542594 0.251835905457 0.188820200775 0.144609459522 0.134793739002 0.144609459522 0.144609459522 0.204508658904 0.158195168533 0.152681438063 0.314760848102 0.296823544654 0.282017317854 0.269587478003 0.257223379549 0.538220381715 0.549565852274 
210 1.0 0.173163573916 0.173163573916 0.28840821347 0.205090285134 0.378135213216 0.257960148235 0.249624898306 0.231615009068 0.230102622948 0.525700151231 0.302315293801 0.30669934729 0.33682703915 0.355515760763 0.0969868494324 0.109705631254 0.169204340523 0.169204340523 0.241597340642 0.23929107318 0.4012713417 0.410230638083 0.186854935425 0.186854935425 0.295095808594 0.302519033211 0.144025966943 0.137608598985 0.162138106749 0.147547904297 0.160226785261 0.230102622948 0.114648954771 0.117654911364 0.290183049997 0.275664584662 0.295234971916 0.247642405783 0.276259973227 0.471709397401 0.494496306192 
220 1.0 0.171440164341 0.175871248551 0.286346112991 0.216215747434 0.402956002405 0.242764976088 0.256706105446 0.217611452604 0.220662363805 0.517377220833 0.293438947181 0.298426210635 0.339255777295 0.332571389087 0.111525215552 0.105599228756 0.160180663449 0.156274202152 0.207644600804 0.209880326603 0.417832924748 0.401450557532 0.193297902257 0.195375038081 0.298172482764 0.297367582926 0.160809441778 0.155140004254 0.138196661424 0.157239860377 0.12262322715 0.220662363805 0.103426669502 0.103548563086 0.301077443886 0.286478242251 0.294811367166 0.281458543347 0.26739269265 0.497439009864 0.497236097757 
233 1.0 0.186795009248 0.169146554879 0.301336252171 0.235192959851 0.377908205688 0.235066341828 0.237711157544 0.219613467989 0.206549694999 0.514750131382 0.340442416615 0.328515199719 0.405534958442 0.369825589549 0.12969573262 0.11034765714 0.182359355809 0.173662554692 0.226947035627 0.221570424953 0.427200448604 0.405424823567 0.170461525862 0.155290172455 0.314201839832 0.263321431313 0.181377161831 0.130154022856 0.12969573262 0.121150419548 0.159358773442 0.206549694999 0.1091268096 0.105379438149 0.275423615278 0.257375065691 0.261506182227 0.301829841776 0.230009183724 0.547078067428 0.511500999801 
251 1.0 0.178981412731 0.167545021454 0.258603607143 0.201218218525 0.373582746781 0.23950907518 0.240678257801 0.198158630396 0.187100521164 0.511492751537 0.288770454107 0.294489236088 0.326757012642 0.32447498494 0.104078011591 0.097863572037 0.169016894718 0.167840428715 0.192751748266 0.192751748266 0.400956584057 0.398560819138 0.151718469724 0.156328414934 0.269852447573 0.250363012534 0.142166664989 0.127598486841 0.125510845184 0.137081294763 0.1462882914 0.187100521164 0.118472220824 0.121771382044 0.293027742024 0.281649228614 0.290424005616 0.312234034772 0.269362474499 0.520199636508 0.501154545492 
287 1.0 0.164913402938 0.160092000534 0.273186437627 0.247370104407 0.37105515661 0.274882511627 0.276808156967 0.238459324102 0.253834923283 0.546275647231 0.268182419749 0.263285067707 0.318186991974 0.315757088664 0.125391133517 0.125391133517 0.197992688893 0.197992688893 0.240013544715 0.240013544715 0.386240834668 0.371090943383 0.210287323739 0.22374928298 0.303009095318 0.313477833792 0.143561119264 0.165956915048 0.150250331148 0.179784093277 0.149452771412 0.253834923283 0.132095693658 0.129250222001 0.301999428013 0.283866251725 0.307576345529 0.266044681689 0.290250224493 0.481904575147 0.463159969258 
313 1.0 0.182922079557 0.175377353816 0.27999081731 0.192522332384 0.331742617595 0.233164711303 0.233164711303 0.205940082778 0.211551772681 0.48853739799 0.324511050629 0.328923868095 0.355391089393 0.355391089393 0.0938117731686 0.0988018815219 0.145930695466 0.151187492095 0.220927723388 0.235408272234 0.38128192305 0.38001939666 0.168832729154 0.169276909687 0.300231690986 0.297063593532 0.151584310342 0.115221803655 0.140477321986 0.110293786363 0.148076099026 0.211551772681 0.103406665431 0.105846853062 0.302623219174 0.27599305847 0.284988199952 0.318909173125 0.282500559194 0.51995877926 0.517178540843 
332 1.0 0.162829151232 0.171005899953 0.302021497097 0.221434496965 0.372062401939 0.252173666737 0.256595052767 0.214771103898 0.217635234768 0.549116680935 0.327399906613 0.327361304961 0.380126818749 0.382215534448 0.114642615797 0.112416333661 0.152902744699 0.153232988593 0.221263218484 0.213057870094 0.406971970484 0.402506992717 0.200719041078 0.196326686482 0.285855970358 0.29184977673 0.153809209224 0.173135752746 0.157463144033 0.180006599427 0.138047990088 0.217635234768 0.0856137290556 0.0856137290556 0.288101811623 0.281535031509 0.29456511779 0.286606539492 0.29184977673 0.537086608022 0.516944038202 
368 1.0 0.190978095422 0.181302808986 0.276079232424 0.20081444206 0.366406257112 0.241006595843 0.234114720866 0.206320617667 0.195217497392 0.522050970392 0.301211210357 0.286774723558 0.341277918812 0.317812857619 0.105514078803 0.095883904176 0.159736439432 0.150563787711 0.209711089572 0.215574537106 0.392942961738 0.395052651958 0.154933641078 0.154933641078 0.287301238182 0.276079232424 0.150981441184 0.12854381845 0.138085226527 0.115541289926 0.149219441265 0.195217497392 0.105514078803 0.110185081214 0.305281255436 0.291133251816 0.298649808333 0.291781415702 0.260590885067 0.486201635566 0.50187929237 
372 1.0 0.173819097393 0.179230127624 0.283206163563 0.222866239624 0.385520440815 0.235372982418 0.232799150613 0.224900990543 0.207500785654 0.504906128289 0.295943676751 0.304026372652 0.341883962251 0.353423479367 0.114361788473 0.111762317338 0.161003466084 0.169365848373 0.228015751547 0.230642969284 0.414930745884 0.426767836401 0.18432313574 0.167446132235 0.312746596312 0.293400344137 0.158055784942 0.119021234962 0.139380385963 0.126095493478 0.126560792083 0.207500785654 0.102288293222 0.102288293222 0.320359827085 0.303639447427 0.317641936315 0.288603009827 0.280075564486 0.517865965257 0.53569157784 
408 1.0 0.177243798281 0.165807855656 0.310050999295 0.20471303465 0.359132760464 0.246624311208 0.241704407529 0.214506448015 0.211364372874 0.559190374621 0.339276539181 0.330973133552 0.380952742997 0.365012312395 0.100633598869 0.104779057705 0.162191817781 0.159925930182 0.224550047158 0.218161473599 0.382466521233 0.360485112665 0.189916733521 0.21107641038 0.301699260672 0.316458490994 0.163312972725 0.158012871741 0.160779380281 0.158012871741 0.13281125613 0.211364372874 0.106077127189 0.110980940044 0.278696384032 0.270219675135 0.286126719275 0.259893349763 0.28356433884 0.495279093739 0.484539891436 
440 1.0 0.169039713024 0.163922070301 0.302127238499 0.215042741554 0.374080252397 0.231537934088 0.217828542305 0.197836036032 0.192734926656 0.542751069875 0.277146442291 0.278184977991 0.328403397494 0.316119978524 0.11310593879 0.102912038374 0.172037240874 0.178322399028 0.225341047153 0.238014207262 0.410947041321 0.375549022242 0.167403429303 0.17632660363 0.284013671383 0.285486685717 0.160365152453 0.138336545958 0.1540280394 0.137861976649 0.143453228304 0.192734926656 0.125936954048 0.123094717789 0.281789712815 0.272135202225 0.294169918344 0.281603590131 0.286220350109 0.48887910448 0.48316165441 
445 1.0 0.185631072614 0.181339196173 0.269386164935 0.200345721952 0.357442559235 0.262930716629 0.267251675058 0.217644317728 0.219391615757 0.557942082673 0.302792949026 0.312985096584 0.345181777289 0.346044862542 0.103049783334 0.0987935818624 0.15949448839 0.160240840095 0.213269389454 0.198911247258 0.395807885964 0.369361115893 0.195523216633 0.199330702079 0.298346875118 0.297024178085 0.148813066361 0.161279930076 0.137563643871 0.168232315326 0.142672934229 0.219391615757 0.109232551869 0.107137033154 0.281302983581 0.267430199911 0.290196992123 0.283500036353 0.279814485051 0.498177085047 0.478283930772 
542 1.0 0.16940137682 0.162691740097 0.261533420259 0.209255779117 0.331244864152 0.249509985673 0.250118135491 0.209980546348 0.217793861493 0.505640033373 0.32004810577 0.32146902846 0.356477628747 0.36164901044 0.100303388528 0.111007904653 0.178994867881 0.174312578675 0.233937034529 0.235447481496 0.389991256676 0.387211154353 0.172756185207 0.178238814374 0.269167320806 0.277747766403 0.126901472784 0.142917417592 0.145260482229 0.151517197621 0.143859222957 0.217793861493 0.117652023568 0.124754992837 0.288538658989 0.28471054517 0.296274413377 0.272036856541 0.31451494223 0.517421018578 0.526925266358 
545 1.0 0.192261263603 0.17064257839 0.280367462989 0.241949435357 0.36906641422 0.251549213154 0.252924953268 0.222592396037 0.221437123169 0.555055766607 0.322417318047 0.318793743374 0.393059890154 0.356210525452 0.130571373296 0.117430753617 0.178844949587 0.17090762009 0.204136463759 0.207944215165 0.415198580435 0.393251767095 0.194213204647 0.181191656583 0.332552898492 0.28421561426 0.173448811014 0.157396592679 0.118326696061 0.147397458808 0.152726181981 0.221437123169 0.0990296920294 0.105663407017 0.302524082943 0.280367462989 0.282778694356 0.351735073399 0.206414925099 0.52553963989 0.48045693399 
589 1.0 0.179778595013 0.16752845958 0.281601223711 0.221558815899 0.359557190026 0.254034306096 0.247186528426 0.225080925343 0.218225691952 0.527404177315 0.311844593365 0.307049809103 0.356461375456 0.342444888948 0.115015038422 0.107794213298 0.169332745901 0.15649449052 0.228861415211 0.234951063299 0.398872203444 0.393820700788 0.182541545415 0.182149404156 0.310235358774 0.295418478138 0.159548881377 0.133702266366 0.136612053117 0.125708574456 0.144001747894 0.218225691952 0.101648901156 0.11234173311 0.315944990528 0.293536619303 0.310926050594 0.314584129972 0.239323322066 0.517550403087 0.486720325247 
597 1.0 0.187669636258 0.189734703592 0.256154527494 0.201128750231 0.408346761197 0.272443156834 0.25917922892 0.21006409788 0.21590153285 0.506553818662 0.317311493302 0.312835457359 0.348737882896 0.34638873386 0.0982307771614 0.103743263335 0.14221950318 0.14221950318 0.204785936147 0.21006409788 0.411830973116 0.404328041739 0.179171512461 0.183267390312 0.269842534648 0.28554590378 0.131508512171 0.158040515698 0.13485248258 0.15567450615 0.142740455486 0.21590153285 0.0913802128028 0.0963232018426 0.31069272353 0.292416680969 0.313309630359 0.258605822844 0.271419572163 0.509293843439 0.504902666404 
634 1.0 0.189485429647 0.188649767671 0.277174761196 0.194931226434 0.384660654055 0.241782429339 0.242516464377 0.208917595235 0.210706064136 0.515969258947 0.322063301103 0.312034303633 0.358290719942 0.345894388039 0.101339919083 0.0944817869942 0.142487064307 0.142209581932 0.208159958668 0.225291830161 0.396393266537 0.390469873314 0.1602324811 0.158995146126 0.286701469736 0.279162720408 0.146720949999 0.141234100478 0.13912075286 0.134501342194 0.139545982847 0.210706064136 0.0942725247506 0.0983732277514 0.304019757249 0.283445360983 0.306993442492 0.281066365004 0.237912343208 0.500582273431 0.486861791231 
679 1.0 0.174015262529 0.174529341234 0.269383815787 0.21559017975 0.353242841804 0.230996997757 0.238327205028 0.193238138884 0.210203781639 0.491205582427 0.306239246764 0.312723670179 0.354609748628 0.35687629236 0.110382047365 0.109239852062 0.174837062909 0.170162817148 0.23522454361 0.229127807242 0.380919209996 0.372163464287 0.153441088734 0.168682192705 0.262852735676 0.283829243734 0.135057242305 0.137815137068 0.14090093302 0.133857894253 0.128112564731 0.210203781639 0.107086315402 0.109893988759 0.294791432865 0.288338728515 0.317274271927 0.276409259036 0.323980351613 0.502992300394 0.523553801143 
695 1.0 0.178010471204 0.17277486911 0.277486910995 0.214659685864 0.366529541847 0.259941185074 0.255312781994 0.237456344931 0.231138639316 0.51835104909 0.285088029111 0.283931871476 0.327800541204 0.321083729978 0.110445147171 0.105234299698 0.174354196915 0.164401240504 0.223665019511 0.226829099711 0.393367617932 0.393611437261 0.197362060994 0.192083102909 0.311022968383 0.294360058573 0.153983677171 0.154605477071 0.139113405818 0.154605477071 0.159578540881 0.231138639316 0.117655523844 0.119619472867 0.328009531051 0.303845405833 0.321083729978 0.309077950642 0.242877769733 0.484993126581 0.466086225517 
713 1.0 0.19191379633 0.193612181616 0.288509697933 0.211975716464 0.378296878656 0.241401484475 0.263216688386 0.214470763274 0.224629339477 0.533422163443 0.306127738331 0.301276815832 0.343603714837 0.342171529174 0.108751151254 0.104137675346 0.153797353027 0.163846384104 0.234696964021 0.237728790645 0.401543918414 0.40926613872 0.19244615185 0.19424524766 0.30579335512 0.296346498781 0.155780211254 0.165090489926 0.144325753296 0.174607573942 0.140445704483 0.224629339477 0.105891286132 0.100130868697 0.294684729614 0.268983767441 0.290981371882 0.303981329819 0.27943070531 0.525032250411 0.514640779353 
751 1.0 0.185797134692 0.180005511022 0.279978350365 0.204934028855 0.405158531758 0.250221108075 0.238177237788 0.209980053436 0.215544566466 0.530352850194 0.300585572091 0.298755759131 0.349507481571 0.343863805875 0.107772283233 0.100966146098 0.164826628166 0.166256984247 0.237181005019 0.233740732312 0.410870218721 0.401667718032 0.185327016483 0.18819633623 0.306009368738 0.310537098106 0.150189100082 0.138445006285 0.145553813465 0.13626749169 0.141384340246 0.215544566466 0.105315945463 0.104960347558 0.29971364581 0.280289758811 0.288441198629 0.282415881002 0.267597430175 0.51286385743 0.501487033764 
777 1.0 0.179402223051 0.171493678664 0.28594510821 0.21030824722 0.386925120414 0.258792845557 0.259675723501 0.234614091253 0.232224072144 0.50686199355 0.336970675488 0.334755980724 0.382799486137 0.37821309476 0.106572907049 0.107108452668 0.169142037973 0.158849499799 0.213011549004 0.211596621901 0.394104578117 0.426895203523 0.18910654738 0.189936793647 0.299003705086 0.283685034156 0.155941253869 0.1629391878 0.1390672629 0.164772475038 0.160283835899 0.232224072144 0.105493659927 0.107641333831 0.304925145374 0.28323085521 0.29262061415 0.325351206138 0.252072714569 0.560598058925 0.545938516888 
886 1.0 0.18156506236 0.166169912096 0.279936395612 0.190741203944 0.368712627278 0.247054995673 0.247339949627 0.204981459295 0.217648411064 0.505699561628 0.310024579141 0.308430026281 0.360501886619 0.350344859813 0.0994826897036 0.0956931900947 0.167961837367 0.16034513545 0.197544179933 0.186256944435 0.390470430888 0.391910953856 0.177841260184 0.184260767474 0.283995919417 0.278106107591 0.151304218633 0.148721645054 0.141064775713 0.149783534625 0.158021971708 0.217648411064 0.114155074238 0.114616930773 0.278169421446 0.267651593325 0.273573373577 0.303131730181 0.257114455997 0.533358720442 0.510689454783 
1109 1.0 0.178257113552 0.167808684402 0.282674146686 0.204118553632 0.355937498399 0.246044698692 0.25062241044 0.212082313211 0.214586171767 0.523380906749 0.326012114096 0.322718551471 0.359612579692 0.362986449991 0.0999917818351 0.105198260306 0.14438105259 0.148034475322 0.207049910071 0.213818876682 0.376870597003 0.377197536712 0.190513525754 0.190513525754 0.297591640556 0.288999164662 0.145984811615 0.159180088432 0.147385401524 0.154552529625 0.15214098713 0.214586171767 0.0960799626802 0.0960799626802 0.294956602502 0.277441251741 0.299929683682 0.281362877359 0.285614480381 0.505624964172 0.497900044248 
1436 1.0 0.179234957052 0.172633543555 0.271427961805 0.211949629384 0.371675413451 0.253390040625 0.248852386345 0.202538996162 0.211949629384 0.529656909826 0.308034726079 0.298202824263 0.367167214167 0.349618967518 0.11561672107 0.104674460971 0.163908307585 0.160257932955 0.224013128924 0.210393062693 0.359994935514 0.376187838373 0.16603362561 0.189573511643 0.281650169046 0.297540722689 0.150963654505 0.137757317389 0.13190643477 0.140279399885 0.132403883807 0.211949629384 0.0919706769888 0.0954777984274 0.296064084678 0.271427961805 0.290157907901 0.288415656964 0.26231344734 0.486843157296 0.474673001674 
