Leaf
47 1.0 0.171739161587 0.171739161587 0.252743437666 0.197799212086 0.351685966265 0.221009689876 0.217914644879 0.165289911117 0.166835134981 0.499992452773 0.308471582129 0.309448688099 0.356291167764 0.360167675836 0.102644284091 0.102644284091 0.175907351257 0.163083495226 0.177530225968 0.181980716374 0.349619739523 0.354379606722 0.138999117684 0.140080839194 0.240816222108 0.253280365201 0.122859023367 0.13413594906 0.133685070644 0.126491106407 0.144222051019 0.166835134981 0.101013729685 0.108366951726 0.263846725088 0.24175459255 0.261028444919 0.288757912576 0.300590613595 0.496842862673 0.506560730402 
488 1.0 0.166283871762 0.160839532542 0.27470868854 0.20328442952 0.34063877379 0.242304898525 0.236313349251 0.184280190476 0.171731385248 0.544034185397 0.30943467628 0.310068115379 0.352056091994 0.352056091994 0.105682542583 0.100259263044 0.168179162984 0.164825213124 0.192922965734 0.194868979941 0.35627503492 0.366630624706 0.151164680682 0.14660284152 0.246013862566 0.22712943607 0.141254769566 0.140719508946 0.141254769566 0.151563532776 0.13735434427 0.171731385248 0.108222672414 0.110568114285 0.258284609272 0.241806071648 0.250813696323 0.274598783079 0.300978441449 0.494475639373 0.526896707204 
496 1.0 0.172648630452 0.170268151042 0.273592429526 0.194033599534 0.353159615116 0.242535625036 0.234603572847 0.187220990814 0.184559576219 0.512665489497 0.324238124915 0.327879659317 0.36334418624 0.371690278974 0.0965695681471 0.100584547888 0.171137611084 0.164203671376 0.200491653151 0.191402296133 0.364838876937 0.376320051657 0.158921437671 0.162004585054 0.251350677763 0.256754592739 0.13083461519 0.149290443999 0.146362075759 0.160161818928 0.155379787442 0.184559576219 0.113633102862 0.113524206715 0.275888350304 0.263646963696 0.271368248447 0.284713352286 0.319589171298 0.525625903483 0.55403602722 
497 1.0 0.177698738725 0.160370491779 0.283371628627 0.187784951407 0.310786078375 0.237447033887 0.213626765202 0.189451490301 0.188013076559 0.51921967645 0.301687922653 0.315576458067 0.347469398854 0.349110349653 0.0985695252395 0.0910337022065 0.15289027369 0.143837620309 0.211475654236 0.208755596907 0.376254070799 0.365779120164 0.174780130332 0.172144275197 0.282462574544 0.281702788605 0.146787434194 0.153170378243 0.142640615141 0.138679011823 0.129405285205 0.188013076559 0.0935112622915 0.0982791872738 0.265890642773 0.25681542705 0.262972835548 0.287377079985 0.312848080134 0.505838348956 0.519522292124 
532 1.0 0.17315009761 0.168097381392 0.289202110866 0.192838480873 0.304418708213 0.229406877773 0.23230523314 0.17719019797 0.188246429734 0.543017951405 0.329428810818 0.33726471927 0.372403599317 0.371157635827 0.0975799609692 0.0969183942838 0.166404824597 0.156276215053 0.198104663804 0.194168417191 0.360785596072 0.352377716481 0.146061932818 0.149888012136 0.254255054654 0.258719971147 0.145266911858 0.140310604469 0.149285877085 0.141042346613 0.137998904218 0.188246429734 0.109274484982 0.117993588826 0.242760218214 0.239290130028 0.258918833567 0.295191096962 0.335888434919 0.508636613802 0.541950581564 
607 1.0 0.170384084621 0.180819984374 0.289214122998 0.210925587276 0.337558350432 0.221171405593 0.202499172869 0.17910601219 0.185964686454 0.500571216333 0.326186524109 0.329782346153 0.360282777337 0.369089054363 0.103114049319 0.108598971536 0.149632734939 0.157662829957 0.209544717523 0.213490646115 0.374506000901 0.369236503222 0.145576225714 0.145576225714 0.253294151542 0.272148242627 0.145700809584 0.142171200119 0.146569931623 0.137368040642 0.119572729432 0.185964686454 0.102407780395 0.107760356889 0.266761302171 0.259101481423 0.272148242627 0.251569086171 0.318987038457 0.483197368193 0.519671458093 
650 1.0 0.183989907834 0.183439627022 0.26340056218 0.193553123427 0.354873394437 0.229594579408 0.217646716713 0.181858221418 0.178653420254 0.50545106347 0.296372842919 0.299523513651 0.336576655556 0.346138231051 0.093859906163 0.103378697974 0.153711672431 0.156227883967 0.194817460827 0.19972251916 0.358194961919 0.359482858072 0.142801426743 0.151725772279 0.257186363159 0.271606802285 0.131755099107 0.134360064819 0.138175462129 0.1312058883 0.129209401618 0.178653420254 0.0940136489461 0.101404025313 0.259978913677 0.247222519268 0.267319132853 0.270274212545 0.317271883806 0.478442588606 0.505565341351 
745 1.0 0.194139107488 0.18726115101 0.285708774623 0.211541091791 0.348041130695 0.231064800558 0.229136781946 0.17088883403 0.184668099359 0.54660859695 0.311545200581 0.326774974736 0.356419627696 0.361364165174 0.113341214925 0.0995708715438 0.174020565347 0.171789440183 0.186848681013 0.186848681013 0.353648851579 0.336660095735 0.153401873737 0.167237917194 0.27504549988 0.28354017572 0.1511216199 0.150353850565 0.138883530831 0.150225507519 0.120596977129 0.184668099359 0.122343699738 0.116032182282 0.236510130639 0.236754669871 0.256765564076 0.265336613092 0.320878067741 0.493847651267 0.505085624732 
795 1.0 0.174675637826 0.180660544985 0.260926171395 0.20652173913 0.337657055805 0.246070248319 0.243354491057 0.201673644731 0.199390612259 0.505464001025 0.332233732947 0.327713335471 0.372946488354 0.375432957373 0.100212439753 0.110848250295 0.173317594773 0.159841751846 0.203060235786 0.189828795615 0.340488154515 0.364778786838 0.168565895862 0.167775533048 0.273094446226 0.281980908067 0.122614284486 0.14348237807 0.145018087654 0.138879699339 0.14992515461 0.199390612259 0.0979769368333 0.113090500254 0.258195076527 0.244625596411 0.250766782501 0.296880440951 0.326539540996 0.503355939936 0.531220462317 
807 1.0 0.165237670544 0.18116690416 0.285744960055 0.209234991395 0.341818939502 0.230992697366 0.232732674237 0.179434591187 0.194269812428 0.50530759209 0.322866198275 0.324674986648 0.361902543964 0.374520342205 0.103177018453 0.109063497258 0.179724469552 0.186825308756 0.174507561785 0.193934575228 0.333493801389 0.341247367385 0.14689214917 0.159710826659 0.241890868136 0.274027550415 0.130070256913 0.135845243732 0.159466183942 0.150047710615 0.148302910469 0.194269812428 0.126004552771 0.126004552771 0.224013831654 0.219435649256 0.246210213083 0.303759199405 0.323067674861 0.517321013214 0.52409412191 
949 1.0 0.181663445228 0.175828027817 0.280701754386 0.222222222222 0.351072070639 0.217556435529 0.21896661084 0.171993463975 0.177569900008 0.532195873331 0.334613321659 0.334613321659 0.383342143078 0.383342143078 0.113546712508 0.113546712508 0.183629455767 0.183629455767 0.214548962899 0.203421369952 0.340640137525 0.33230579287 0.152046783626 0.156917051053 0.272102692962 0.27726946412 0.142286842814 0.142766732348 0.142286842814 0.136396535552 0.132582269576 0.177569900008 0.115191319319 0.115191319319 0.238693937216 0.222529796379 0.246794711649 0.277823941993 0.308780790233 0.501766654248 0.500606656352 
