Leaf
137 1.0 0.184944330888 0.183384218281 0.303579232249 0.204277690273 0.402924050406 0.229688648142 0.237939345273 0.185535208849 0.195446872815 0.54935626951 0.29591092942 0.298534753492 0.344175387299 0.344016341363 0.101567951181 0.105142112716 0.156056197363 0.151699452995 0.215426408362 0.210544317339 0.358849196641 0.370369204885 0.140362878226 0.150613285423 0.265187212671 0.269283010452 0.156056197363 0.125762145004 0.158836927435 0.136908780686 0.148140293595 0.195446872815 0.0943034752124 0.101567951181 0.253258960839 0.220262408958 0.244014403555 0.29335692306 0.258075218576 0.506517921677 0.489148911422 
469 1.0 0.17976826849 0.181623192262 0.296149620139 0.211664749948 0.375831201777 0.223037719356 0.224846247177 0.180775381516 0.182543585955 0.539718978368 0.291251889709 0.28661166901 0.338282349182 0.333793883282 0.106227519006 0.107793611127 0.146938669422 0.138322121619 0.182543585955 0.184900065408 0.37820193265 0.378165004277 0.158374232852 0.165868711556 0.283869847617 0.288699322884 0.155437001436 0.123831897602 0.152534771774 0.123266710272 0.127827498141 0.182543585955 0.0780323349947 0.0896897058662 0.246533420545 0.227501395798 0.242074530275 0.282538391326 0.249069549458 0.485876730108 0.46938564847 
710 1.0 0.186158843361 0.179320796388 0.288684753733 0.219432487251 0.363715873892 0.230685055436 0.243612159737 0.184450515502 0.18794030829 0.554193969967 0.301058888783 0.303703673602 0.35481173817 0.358873798429 0.113412429684 0.112082465951 0.16780131378 0.163476069171 0.186516497569 0.188736481671 0.371780302243 0.386113505057 0.147171487901 0.149863872475 0.27137081511 0.256407394101 0.151851836801 0.13973841416 0.14151557434 0.151522320673 0.139021189163 0.18794030829 0.098133191593 0.100813088967 0.284264661658 0.2657877329 0.263774160468 0.292298113697 0.237797849852 0.486574162071 0.461261761399 
860 1.0 0.195688372148 0.172750869179 0.287280422123 0.195350687043 0.402356717724 0.22073906806 0.201014198607 0.170829220201 0.175029001011 0.528595976705 0.292969695655 0.289341447989 0.339331568105 0.324410709133 0.104057394599 0.0926451523677 0.146259312901 0.138372574945 0.185290304735 0.20716085848 0.376414099466 0.372889545264 0.134501245247 0.165728686784 0.267278886995 0.292969695655 0.145353673773 0.122153311052 0.156297447569 0.108407923277 0.131020030966 0.175029001011 0.0926451523677 0.0988511853581 0.268018931476 0.241315554583 0.268018931476 0.266536787774 0.239943652877 0.47156011525 0.473795009833 
876 1.0 0.178250647289 0.178250647289 0.275917371708 0.201146103441 0.373601254567 0.225310023739 0.21996946165 0.17704215439 0.187198028902 0.534473932 0.305945100411 0.302361591402 0.340435831165 0.344438543088 0.0983733338446 0.104083167754 0.154423068645 0.142753301664 0.209195105264 0.213337984778 0.360737831675 0.368617308086 0.15812171618 0.172219271544 0.27108693495 0.293717731881 0.131052482284 0.137088085952 0.15474355962 0.137088085952 0.131052482284 0.187198028902 0.0899552721406 0.102322987274 0.270171613479 0.25861641871 0.275198211393 0.254431931737 0.258105065923 0.470309475847 0.468197929074 
921 1.0 0.180769436281 0.176332186349 0.28019622741 0.213525547725 0.390098080995 0.212964744267 0.225178979546 0.173770323499 0.186868605249 0.534422595111 0.263932507155 0.27344612199 0.312432724162 0.309741773927 0.109493190063 0.105175790478 0.16257024313 0.152021379682 0.201049625529 0.186628465585 0.380750966817 0.388831463131 0.159413238855 0.161463054925 0.288139542718 0.27880566683 0.150439839869 0.128115328635 0.138434372827 0.134490810257 0.132249139762 0.186868605249 0.100524812765 0.103166790924 0.286109082484 0.262967900548 0.268425298056 0.28019622741 0.242687850887 0.487404128032 0.482286073294 
985 1.0 0.167450176939 0.167450176939 0.306065537248 0.219363056418 0.352202718337 0.214760522414 0.220875923011 0.187969444073 0.195949526639 0.536800506435 0.274215205912 0.269437358322 0.335496439228 0.327916739826 0.113376544754 0.112047001836 0.167748219614 0.163424343559 0.213516424923 0.217227342981 0.37686784369 0.380079406164 0.160338647247 0.162607216722 0.281407384802 0.285052253173 0.159610067995 0.128130648632 0.15698039766 0.123498676677 0.131592530028 0.195949526639 0.0930499703363 0.0981021411807 0.272204043798 0.254173594074 0.26582893712 0.284174717218 0.239119345113 0.48846973711 0.454423132073 
1097 1.0 0.169472593414 0.172088642547 0.303834737338 0.22323542881 0.410793860238 0.240202450566 0.222834800875 0.206419814087 0.20342987004 0.51836332444 0.262934481841 0.272096034947 0.31995978813 0.334929376146 0.111846205359 0.117196421773 0.160815511682 0.146876247625 0.16818725963 0.183712599246 0.371020713264 0.366938496341 0.156959234116 0.151412378788 0.272096034947 0.279044286013 0.153671765424 0.124792398451 0.158255101178 0.125098888635 0.156959234116 0.20342987004 0.0757904478392 0.0899607039847 0.250860149085 0.232478954167 0.25569839586 0.24927774147 0.245874824678 0.468894593051 0.464683289027 
1500 1.0 0.178657947825 0.178955133416 0.291646000874 0.214353181414 0.369021470493 0.211357415111 0.216409176887 0.184606709628 0.184606709628 0.517854656063 0.282012343994 0.288716037908 0.335481482134 0.33805870785 0.109748704933 0.108613063238 0.151745780563 0.155777679917 0.197044910862 0.186800511406 0.365452233716 0.365452233716 0.154407175158 0.168452012417 0.282200708043 0.298133155161 0.145914073414 0.128760564543 0.151745780563 0.127793983634 0.1221239924 0.184606709628 0.0941087380858 0.087879624472 0.266179707477 0.261886204866 0.271516349338 0.249840532958 0.271059305743 0.463641958482 0.475598412611 
