Node
5 129.605901152 23.298875495 22.8895073532 36.3291959678 26.2539800763 43.529622432 31.1815046796 31.1851615322 25.8963484568 25.8929253181 67.3569931415 40.4574866915 40.5858423995 46.684404731 46.4401667474 13.687190558 13.1473294469 20.9700534648 20.4659209853 25.0408032351 24.8453875595 41.8281671465 42.1593932559 21.7849823874 22.1260920626 35.8588888025 35.4801475441 18.9460251893 19.5810632338 18.2801499024 19.7279789336 19.6890419852 25.8929253181 12.7224876334 12.826962434 29.8093835794 26.312210433 29.0075539361 39.1779627121 38.5030575993 63.763002192 63.8065733735 
1 125.97043082 21.9496536296 21.7226588529 33.9191457341 25.0913140219 45.7050588444 28.4175587894 28.672468797 24.3913747592 24.5891416965 63.5751034738 34.2267455771 34.2445639243 39.998977763 39.5399935365 13.0266667698 12.4247959532 18.6569596582 18.462426007 25.6630136883 25.5509460864 46.026878128 45.4354082942 19.8753261004 20.4333629154 34.4704113472 34.4980216938 17.9590153349 16.6982450297 17.2091439416 16.7379238541 17.7933941164 24.5891416965 11.7584651907 11.6029105193 34.5543036225 31.9616023862 34.5171751924 34.9707489979 34.3296759421 59.6584848911 58.711634739 
2 115.387518729 19.4676572263 19.5490938441 31.1497433815 23.3042064933 42.3785423325 26.1229136647 26.515684508 22.012570488 22.7907071067 58.624938237 31.6471414895 31.8605823769 36.9783376895 37.1462379491 11.898545586 11.8229416594 17.6448285398 17.7804679538 23.1887921354 23.025725408 44.0605222584 44.1298368704 18.1017489172 18.5374435708 30.5382530592 31.3125126046 16.0555149792 15.2554250922 16.3159345584 15.4559320575 15.4628366039 22.7907071067 11.1425713825 10.9451393639 33.348357647 31.895684123 34.054337303 31.2959998843 32.3528423466 55.1125204927 54.992426059 
6 109.673322474 19.3272640678 19.0591813726 29.2911709993 21.5055919866 37.6950126496 23.2136647409 23.4036645508 18.4768670515 18.7619696995 54.6539108189 32.68614554 32.8514566547 37.6749381834 37.7095222684 11.1692223741 10.8228348104 16.6179051258 16.594017998 20.0971265124 20.21006293 37.2871840448 37.1186419177 15.1852237105 15.6048408281 27.9096028046 28.0764153904 14.8647050833 14.0767909876 14.9647372338 14.2136485542 14.99179464 18.7619696995 10.2913283165 10.3719610883 25.0678182963 23.4703494113 25.5354400695 31.6354632913 32.8848034354 53.4660595645 54.2422236227 
7 122.31049849 22.0008346091 21.7339840809 34.3019509823 25.2918937319 44.7311281054 30.4449917034 30.1576044639 25.2164051586 25.4580392847 64.3452012443 37.4986518193 37.5017298699 43.105764721 43.2068968233 12.825842686 12.9640921793 19.3658669353 19.4019839543 23.9074546699 23.990613034 42.0636397197 41.7555991575 21.6234384154 22.0850566221 33.9368938286 34.6537540597 17.5084880919 19.423608035 17.9190546866 19.3064147808 18.4538175194 25.4580392847 11.8984858192 12.0405640941 28.1282615117 25.6094304522 28.4600193444 33.5739648116 34.4874624881 58.7529067165 59.3244573426 
8 120.473800589 21.4616044202 20.9828602902 32.8996518141 24.6022597316 43.1993677876 24.4801699761 24.4418841988 19.7440259306 19.0992541863 60.2077905465 37.8890524111 37.8552140454 43.5779483997 43.5206746434 12.6453232404 12.5893176884 18.9411842116 18.7626492041 21.2170339691 21.2042753235 42.6248973222 42.6723384877 16.6504566189 15.8835790674 31.8060777534 30.4389685615 16.812730483 14.6964794175 16.5478908747 14.9051901725 16.116621522 19.0992541863 11.3394240094 11.4884803099 29.5616483852 27.4489141306 29.1623102818 35.5564787127 34.5352333586 60.9967597338 60.87286857 
9 127.89107962 22.5754158198 22.3320336002 34.9474707425 25.5755407221 44.0796610895 29.7220575882 30.0798186995 24.8717555569 25.3502007854 65.687723976 36.9072528901 37.1186923613 42.7127416356 42.7284336256 13.0168740854 12.9952649342 20.6046627473 20.2932064215 26.3645120056 26.3889536831 44.0992708582 43.6663501838 20.9696843502 21.5348442346 35.0951658972 35.623596911 18.0484482191 17.9375708094 18.0974243727 17.9053222031 18.3582078684 25.3502007854 13.051524432 13.4351699348 32.2542035457 29.3649312492 32.4185837387 36.7472188606 37.1446721652 61.8094598867 61.5829711124 
11 119.710543914 20.3061474825 20.0628575412 32.8441682804 23.5429980125 42.0946171101 29.0304649351 29.1602027902 25.4461552813 25.6440283436 62.4788759588 30.5706199034 30.5292884768 36.0139642419 35.661505793 12.0573526522 11.7511426764 17.7572862731 17.4860982689 25.1206051059 25.1754253054 42.948828835 42.642488829 21.7679553711 22.0566797691 34.2951126231 34.3524800482 17.4758463388 17.4981107208 17.3296191523 17.6563142896 16.8760787908 25.6440283436 11.3463248263 11.296379254 33.4451442199 31.2582897854 33.7351046223 33.749814649 32.9217518453 53.7901082652 52.8770445842 
12 118.425350986 20.6123620951 20.3994983367 32.379482763 22.5812644019 39.5842509217 27.3213352484 27.5356816499 22.2319768048 22.5278192966 60.105865363 36.3408097274 36.4655749863 41.5474727727 41.2515207169 11.6404939791 11.3552295103 18.45518472 18.0407989231 22.733294898 22.6722971987 39.5949022963 39.0329487745 18.9193264052 19.1087362537 31.3347345658 31.4179898481 16.7828948529 17.1874540571 16.3376035188 16.8889249524 17.4299204136 22.5278192966 11.7186329593 11.8481097227 26.6311012615 24.5172635696 27.0491698662 35.4171063683 35.7990137752 58.8867652369 58.7877607495 
13 112.599952405 20.1693364785 19.7427032181 31.0761543911 22.7346897903 40.9576187212 27.4617384113 27.1465732814 23.4137373905 23.4291244323 58.571112492 32.5178496919 32.8152312502 37.4993612814 37.4563978777 11.5208252259 11.5256319736 17.9000521516 17.742444987 23.9444695374 23.485006059 40.4460078742 40.2995522515 19.6894686793 20.0357267194 32.1496207131 32.1957127083 16.2964499182 16.2594300046 16.1738500617 16.3908567523 16.31318871 23.4291244323 11.7247161976 11.830870256 29.5556251499 27.4867260012 29.7074107421 31.159264259 31.0852783559 53.4180460578 53.3580321418 
14 122.22711592 22.2766736238 21.5239181493 33.2984108831 23.6911046496 41.0545990567 27.7615804011 27.633870198 22.3368147155 21.8176661525 62.2594292924 38.351064511 38.4225908162 44.0570764764 43.6585205582 12.3435334227 11.908962378 18.7278476675 18.2455775945 22.1749248497 21.7455617961 39.170282559 39.3807283885 18.7895730366 18.283687845 32.6187387112 31.1896547327 17.4009996249 17.5415169459 16.4399761838 17.4253889975 17.8385498401 21.8176661525 11.3129541055 11.4183277274 26.295661026 23.6262260472 25.3821433421 37.8550466264 35.5251094843 61.0735670821 59.6064066233 
15 103.613355248 17.8244422042 17.4633226425 28.2170019887 20.2495608188 34.7374687266 24.0158747728 24.2777627339 20.2557003149 20.6517060393 52.3802294279 28.8450726385 28.9349649925 33.3833414841 33.3166354518 10.255454986 10.2813771064 15.5255547361 15.4418304329 20.6486848679 20.4856737644 34.9121444672 35.0051774768 16.7848096495 17.3325653369 27.8326827691 28.0665644797 14.8120065238 14.2362629315 14.557611706 14.4009614425 15.1823385521 20.6517060393 9.80572401986 10.1626055279 26.1002254817 24.2870669853 26.2634947061 29.762759394 29.6125547068 48.5568922476 48.3852485387 
16 112.872608019 19.5941106338 19.4133528328 31.9703687249 23.1832990885 40.765511637 26.7341064236 27.1172234744 22.9046011484 23.4106745431 57.5369115961 34.5810892371 34.6704364839 40.0293509107 39.6425863478 11.9439909273 11.6588450017 18.2273597677 18.4293685047 22.4786039659 22.4277965156 40.335416575 40.0541357694 19.3719492925 19.6245298295 31.3681980311 31.5004319101 16.6071049086 16.6594229582 16.3002283474 16.7468775276 17.1135403532 23.4106745431 11.7969564712 11.7437278442 27.3707045413 25.2172670165 27.5065994708 32.5458379457 32.0658555287 56.593718508 56.000378474 
17 111.584139715 19.6755972666 19.720410272 30.3808179343 21.9005095447 38.4338899968 24.9813242286 25.2398992814 20.4517219176 21.1502946806 56.2498731944 33.6484101263 34.0440223585 38.6083133269 38.9400626385 11.2291350341 11.0991917567 17.2767333293 17.1356661042 21.3488685332 21.4828345411 39.0354499467 38.8218702947 17.1123579533 17.8453751843 29.3753661953 30.5620963444 15.3268284999 15.3203177519 15.8037510515 15.353415041 15.6558719312 21.1502946806 10.8694460464 10.8957041416 27.4728507038 25.9345332894 28.0726341147 31.5426244549 33.4352167747 54.3451896806 55.4468636953 
18 126.074019815 22.526759347 22.3788669216 34.8997625859 25.5517969824 45.3272203662 27.8378895773 27.8466303302 22.4141477369 22.5761695598 64.3762857735 38.4237348882 38.6868864972 44.3599719968 44.4289118544 13.1301367872 12.9566442881 19.9152036843 19.6591666939 23.6553342342 23.5076210323 43.9914221087 43.6427183883 18.4666597934 18.8371713717 32.9954383403 33.2637330662 17.6613566072 17.107377072 17.8574384525 17.2173260875 17.5398780702 22.5761695598 12.2297911396 12.2670938876 30.494173414 28.278001381 30.7992937493 35.1947477966 36.89920555 61.8593214599 62.557447198 
19 119.445224298 21.0999394278 20.4746284947 32.5506688749 24.2420834388 42.9012106136 27.9812218354 28.2406546486 23.7688285292 23.8835138455 60.8299529135 35.1073254492 34.683680883 40.900902453 39.3685339387 12.7243560077 11.8897764229 18.4753075287 17.7357592826 23.7106305895 22.9678222702 42.989155567 43.0635379549 20.1343505639 19.9712915459 33.6398795864 32.3720373208 17.9195750067 17.1788663113 15.7540181909 16.6809194677 17.7522080811 23.8835138455 11.187091957 11.3931377653 32.1205875292 29.2334341716 30.8673062051 35.9512243484 30.9188756897 58.589296198 55.868958058 
20 113.955408426 20.4027376414 20.0816947377 32.4856396696 23.0423831373 39.6184400036 25.6800989738 25.7727862263 20.8428727399 21.2851171293 59.0187230665 35.4963865626 35.646770212 40.9937246996 41.0720640884 11.7861832949 11.7959108129 18.0194632586 17.5346900762 21.213639466 21.4368676225 37.9656439783 37.8642591346 17.6086411778 18.3800927548 30.2522237826 31.1062912739 16.4341955074 16.4183145256 16.6964825095 16.2822824122 16.1157160939 21.2851171293 10.6001588875 11.1259706959 25.6692183358 23.6833378904 26.0900466308 32.4975799658 33.4752684905 55.7267695756 56.2706356285 
21 129.941174751 23.0498115101 22.5783418581 35.7859825602 26.6078548097 46.9609676058 31.3105714607 31.2113578165 26.2527033592 26.4141970977 67.6171651704 37.3952577292 37.3024326224 43.326793475 42.9096222824 13.4862518013 13.511703942 20.5092020045 20.4736556515 26.2255852642 26.2246368608 46.5237732885 46.1324033214 22.0682806666 22.3330560712 36.0856826099 35.8954410959 18.9215693854 19.178289335 18.1926446573 19.0314313407 19.2178567333 26.4141970977 12.9571257677 13.2898018651 33.796626558 31.0381937962 33.7415991574 36.6708371086 35.7868434981 62.4700536114 61.9793772751 
22 121.808212269 21.1260400436 20.8379462855 33.8527378459 23.4768010595 43.2366411912 29.1228403612 29.3393473757 24.7983891573 24.9999328406 63.1045627152 35.0166010297 35.0962829508 40.3219684177 40.1672478776 12.0434243361 11.773833115 18.2576346559 17.9659372907 24.8596450812 24.6727443371 44.1681143445 44.046337658 21.3046087479 21.5692936092 34.2036402014 34.2110185719 17.4928082846 17.8249048995 17.7024701554 18.0168367458 17.8506771166 24.9999328406 11.6799218596 11.8144895404 32.1877361845 30.0255613261 32.1391279178 33.7493339667 34.1145707692 58.4292271045 58.095650101 
23 121.650334742 21.5823195545 21.1023746598 34.3880167154 24.9572896564 43.0355025538 28.9194241268 28.7672085645 24.2482225957 24.1542231585 63.9213513157 35.6481207791 35.5435225732 41.3915507862 41.1565580702 12.6900253323 12.6891912545 19.9406192621 20.0539240113 25.4611592784 25.2041200336 42.5397567231 42.3951652415 20.6956924421 20.9013243115 34.0055393575 33.7392004939 17.9683503877 17.8753253479 17.5861477355 17.8027128979 17.3724166529 24.1542231585 12.8496352775 12.8888896064 30.5081089924 28.0007633403 30.150065324 34.6818916568 34.0897602619 58.9993906488 58.5471558057 
24 116.94527046 20.1356322072 19.9173725235 32.0500144257 23.5283624744 41.8011099732 25.5232862224 25.6399623159 20.8726886696 21.1115486761 58.7860498202 34.2486447511 34.5519727596 39.7199043637 39.855340234 12.0486654238 11.9533140411 18.4158618291 18.2062702001 22.6401490195 22.7081057899 42.3538236121 42.2226635431 17.4424765853 17.5025604254 30.3949499583 30.3998988057 16.3743458817 15.4680603045 16.4141467286 15.6395388237 16.4168485156 21.1115486761 11.4906608463 11.7096560966 29.6633830053 27.7400057507 29.7735669366 33.3925698078 33.8287363785 58.1731039107 58.4000028488 
25 109.388054188 18.8366720542 18.6300514305 30.0446185999 21.8092809457 38.9547891449 25.0964456223 25.6625670777 21.1942137489 21.5068362608 55.993604472 31.8247429792 31.6982168522 36.9075153467 36.3999856812 11.178423474 11.0205842229 16.4081476411 16.2666273751 21.846264201 21.4317047809 39.036974868 39.0947334755 17.477509511 18.0261399736 29.4937990949 29.5152740497 15.9823132739 14.9285393712 15.2422458345 14.8759524758 15.6255858996 21.5068362608 9.96951649467 10.2194014407 28.4672909038 26.4926544583 28.4628140791 31.4237717667 30.0363940409 52.9381365541 51.8400111373 
26 112.698116647 20.2096181762 19.654490784 30.9786692093 22.9735304636 40.8995918095 25.465915879 25.4389014724 21.6801232199 21.3948210899 57.112794899 32.798444684 32.803325612 38.0701327995 37.4828747966 11.863995918 11.4554506037 17.8759141944 17.2704655396 22.8762118308 22.6220006933 40.7212585134 40.6392836157 18.0558529577 17.9348236251 31.5882066121 30.6413051587 16.3557740306 14.8382234465 15.6180786967 14.9945062271 15.560263789 21.3948210899 11.143709055 11.1099972656 28.5630002714 26.4918728404 28.2116537599 32.3145622233 30.2699861418 54.6394756267 53.8854400964 
27 112.539360567 19.6899101509 19.2094560894 30.3009999432 21.7479684645 38.3967919129 27.4214818632 27.6028922157 23.4180776001 23.5941221382 57.5665772777 31.1949701955 31.3432302415 35.841779346 35.7060801866 11.1824895628 10.7979864874 16.256284991 16.0421895796 22.484707572 22.576371334 38.7652623585 38.8632731742 19.724558759 20.2391034372 31.5590747868 31.7203053748 15.8574515519 16.3293161096 15.9015198096 16.4148927012 16.6375310649 23.5941221382 10.4195590024 10.4813234885 29.6450207805 27.5206826014 29.4739310452 32.414675589 31.6858644193 52.3466208261 52.2728587122 
28 118.028317658 20.5141302884 20.4287607434 32.3910626566 23.0007055728 40.5003267851 25.9896053141 26.2883540495 21.9956989432 22.5656446681 58.6027311265 34.7424868074 35.0626289279 39.7505495257 40.1363541076 11.6702489775 11.6803803804 18.1167544043 18.1443386236 23.5976182786 23.5881851469 41.6027149647 40.9077565673 18.1498423539 19.1641800352 31.6228841098 32.7683774937 16.3541103668 15.4273127409 16.9185602097 15.6699225546 16.6409474291 22.5656446681 11.6016025818 11.7714454412 29.1704789327 27.63474183 30.2999208249 33.2007131667 35.943595946 57.3521645153 58.2595569209 
29 120.036436097 21.1186786406 21.1541520055 32.720237188 23.2917839726 41.8909412317 29.6965483919 29.7600689897 24.977023338 25.4824643568 61.8061915246 34.2617161494 34.3437985959 39.5377891395 39.4997454699 11.8639924958 11.7928355077 17.8888459264 17.7018132804 23.8542837208 24.0507158872 42.0477179818 41.2544111767 21.2390569779 21.8058718429 33.3092566386 34.1368199289 16.9897676681 18.4057882753 17.0380588821 18.4061857259 17.5582399573 25.4824643568 11.2884505898 11.4434041138 30.0968948947 28.1759097297 30.8658701403 33.2236006648 34.5052689759 56.4841527477 56.7826877627 
30 123.060799011 21.3242584728 21.2945040038 33.1961544515 23.7973337076 41.7430748398 27.4727530922 27.4317671898 22.8495282965 23.2493856887 61.5788605972 35.7083450099 35.9545001967 41.1383111283 41.2170273138 12.1964960277 12.0214443984 18.9850327732 18.626627325 24.8074526627 24.5913658402 43.3186545158 43.3044674166 18.7169690463 19.3655512475 32.6573939443 33.5384727007 16.7283854466 15.8416224692 17.4855797305 16.0098428805 17.3096190424 23.2493856887 12.0537675146 12.1459539648 31.316485186 29.4108089578 31.8232002863 35.1232420358 36.4698835498 59.6774681789 60.2746094362 
31 123.411059581 22.0838190414 21.8440107974 34.8856970896 25.5094227831 43.493577031 27.3239705681 27.2263858575 21.9348839969 21.8457856094 63.8236197507 40.0227781784 40.4450038882 46.0945517526 46.2303121753 13.0590347271 13.0883503085 20.6185569141 20.4188661081 23.3109899947 23.4383813522 43.6518363751 43.1795462454 18.4165057284 18.5166857947 32.8008678023 33.0489646873 17.5756579644 16.6840964507 17.8578482559 16.6957680555 17.3488516347 21.8457856094 12.6717217375 12.8676315124 28.4706313729 26.5488009401 28.9426286803 35.3947151629 37.0333294202 62.7749835683 63.8290710516 
32 108.872785818 19.1214739279 18.904585866 29.4840033051 21.6076418769 37.8381200468 24.3866118551 24.6172081638 20.6005953903 20.9506627291 54.9025856025 29.7164989079 30.0443029889 34.6289005068 34.6882809185 10.9746485753 10.9650967388 16.4089015917 16.2395731246 22.0121296264 21.7956866521 38.0904801655 38.2534977518 17.0247143065 17.3545868575 29.6835028598 29.7654446819 15.3822003472 14.2434309684 15.088986976 14.3099971625 15.2778858336 20.9506627291 10.270774568 10.4307070648 28.6643007791 26.765948565 28.6006372088 31.5377399623 30.727790752 51.5248433217 51.3059685087 
33 112.596582265 20.0243739493 20.16193556 31.6477451221 24.1364682429 43.0049790511 26.7466500603 26.7587558137 22.0787094145 22.3181512972 59.4176686308 33.0575316591 33.2470482549 38.7109248287 38.8085430117 12.4001381309 12.2737595894 18.1372418553 18.1679493711 21.685294733 21.5264063358 41.2454325504 41.2384051104 18.2442217311 18.6311729945 30.4061868321 31.240597819 16.2655293978 16.27538645 16.352128251 16.3212401118 16.7250507182 22.3181512972 11.1144395934 11.0525119172 27.4908113321 25.7108940753 27.808053023 29.4089979799 30.9053535392 54.6063614306 55.0961189725 
35 125.43368328 21.7193770814 21.7475762858 34.4916000978 24.8127571199 42.8492060246 29.5540647537 29.5924636956 24.3201481819 24.7974794234 64.3831781725 38.0705438093 38.0929923155 43.5415348868 43.4973213111 12.5317320484 12.6911999033 19.6426806225 19.6418231055 24.4405549511 24.4734962604 43.0758991977 43.0687466985 20.4772699385 21.1897497973 33.3321695097 34.2234026017 17.5556050653 18.4780715741 17.898290211 18.6083043002 18.5213594185 24.7974794234 12.4731376786 12.6248080838 30.4642010975 28.4014255203 30.772835941 36.1042439184 37.0843107851 61.2974427913 61.8778743405 
36 114.090611837 20.6557838627 20.4389485265 31.499501626 23.164352739 41.5956573412 28.2623842434 28.1758170837 23.3756206489 23.2642430491 59.3280195496 35.4416902641 35.4359974206 40.6919806265 40.4094150108 11.9612131446 11.6674085058 18.0091578537 17.5344162913 22.3963956766 22.2289881544 41.9982294111 42.0436057508 20.093006251 20.3040328754 31.7610630761 31.8274535307 16.2370238935 17.9340647107 16.1922782984 17.9657933929 16.6765151656 23.2642430491 11.0167740241 11.2357352797 29.2997426528 27.4019122031 29.1963650546 32.1247450199 32.2012701261 57.0131626269 57.3735021699 
37 110.743086142 20.0132866842 19.6148406389 31.6511603365 23.6631946111 41.7480727817 25.0259931904 24.6843153932 20.0518723582 19.5603025662 58.9052446398 35.5039858167 35.7723915099 41.4173321187 41.6689210808 12.1760705676 12.2604738756 18.3655520036 18.6642964408 22.1394768834 21.3711708554 40.4829019464 40.6681803166 17.1210515957 16.6228875804 29.5180147103 28.9596649163 16.1351683559 15.9477108342 16.1466451912 16.0045403781 15.2419349882 19.5603025662 11.1018741142 10.7669662905 26.5308490722 24.3215727088 26.2396625729 30.8935544349 31.2519702812 56.2519975091 56.6815616541 
38 118.211146451 19.6315925371 19.590735108 31.7248406116 23.4094986835 42.5407192733 25.6239585049 25.8690268916 21.6202297904 21.7945668072 58.3684641204 32.0611417128 32.0054335134 37.4197444459 37.2953765607 11.9350064496 11.8902173124 17.8246211808 17.8329867204 23.0585981056 23.0504063105 43.1219136734 42.9708733034 17.4213514555 17.7728901766 30.7929085687 31.025286536 16.3436399268 14.367771626 16.3730640596 14.5078775872 16.9942943471 21.7945668072 11.3067695865 11.3298752868 31.8128637775 29.8056854306 32.1174089614 33.1578519581 32.9036324571 56.7148946535 56.282169048 
40 108.501899096 18.5573138748 18.6313457034 29.4944752813 21.737511808 38.0337584964 23.2812202384 23.774640736 19.4261202648 19.6570352345 54.7757691989 30.5969694564 30.7999233319 35.7102231036 35.8904767383 11.2912380621 10.9314893947 16.5986218848 16.4234860436 20.9949158175 20.9634954251 38.8171588401 39.0947169091 15.6360055856 16.0552597255 28.2826409771 28.6112640062 15.3258669016 13.3536423202 15.0879889963 13.4391945151 15.1020208169 19.6570352345 10.1278649078 9.96054138 28.8050751504 27.1092048423 28.8745557617 30.4532686931 31.3133944742 51.5930236891 52.3218280951 
41 108.706096109 19.5114504424 19.2527339714 30.8313239143 22.1833347003 38.6897506231 26.0784431023 25.9496888978 21.9518091945 22.2523290234 55.3520425121 33.9206466747 33.9428821863 38.8383803699 39.0039011598 11.4231701213 11.2140596297 17.0042517112 16.9038371136 21.0888464671 21.1942271965 36.8214423085 37.3281438585 18.350952616 19.1181111714 29.9472105866 30.8523856558 15.586283279 16.3522284669 16.0659789944 16.2783385996 16.3184461713 22.2523290234 10.4080188298 10.6715594645 25.081887925 23.1083716333 25.3373420857 30.4166968935 31.331014537 52.9260830296 53.9029257272 
42 105.801954253 18.4442727609 18.3664414248 28.6164848278 21.0675895637 37.816238603 25.5028465559 25.5118268817 21.766141045 21.9371867682 54.3544786559 29.1007016844 29.1984838658 33.6402071888 33.6936229939 10.6801009828 10.6420188544 15.5517871928 15.3084402015 21.2864232375 21.21716298 37.2692578105 37.3630666431 18.3650998933 18.8599883534 29.5697957352 30.2684161865 14.9181544037 15.2111750352 15.0528191822 15.1193957954 15.2552907949 21.9371867682 9.61000338664 9.93764088869 27.4257042586 25.582507409 27.6698570213 29.1318372025 29.4003701179 48.9256496163 48.5879904824 
43 122.748698194 21.1947972772 21.1754478575 33.5870568319 24.5355813116 44.1529274611 29.3126755047 29.4856629343 25.2030148914 25.9705619626 63.3287365141 32.510994414 32.8600158412 37.7616057682 38.1203947926 12.4076347363 12.3972252689 18.5275338211 18.6371710296 25.7472520964 25.7290963868 44.8920704853 44.5697503761 21.283592677 21.887161751 34.4265074191 35.4636683127 17.3410395211 17.1211037077 17.988255093 17.3785173244 17.3635791033 25.9705619626 12.0433686628 12.0794555932 34.3100810776 32.1327206948 34.7365259998 33.1649466519 34.9350019537 56.5026728284 57.162326367 
44 123.608542202 20.8787179166 20.8902544165 33.3977692822 25.1352857187 45.6781172187 27.1717809508 27.3343524078 22.7666162881 23.1858201349 62.429780613 33.8840870012 34.2316544008 39.3780538658 39.7849064825 12.6537302336 12.8545888836 18.9970137719 19.0627196049 24.2211782121 24.1357226393 46.6873936923 47.1902739743 18.6477914987 19.0854435432 32.5992406782 33.1385871907 17.0642831723 15.486339923 17.4966451674 15.8520136065 16.6985781701 23.1858201349 12.0590528178 12.1268428694 35.6425022752 33.3028246023 35.6215718662 33.8558052152 34.8376706045 59.2088187851 59.7056579521 
45 118.326831881 19.6855263526 19.5594071933 31.3875663417 23.0233092966 39.9409407014 25.7554566065 25.8422637276 22.4608815765 22.7183925511 58.195063839 30.4808595978 30.4394261179 35.5111737847 35.5189096963 11.6874118601 11.6158253397 17.8046411506 17.9946932225 24.805366575 24.6191247126 41.3181158758 41.3177075523 18.1983540187 18.745108966 31.8217976784 32.4279450641 16.3161403365 14.1220571081 16.4792685621 14.1342347202 16.2006847323 22.7183925511 11.9449826455 11.6918799172 33.0375499112 30.9372264759 33.1664659505 34.0141949353 34.2209827466 54.1623244735 53.8678174899 
46 115.938345479 19.3449819073 19.4523405164 30.7848937882 22.3207824649 39.2037403982 27.9739071364 27.8432586238 24.162998334 24.4453705368 58.5966728485 27.815270521 28.2114375532 32.4050472338 32.8626572687 11.2355815167 11.2224848484 16.1837595469 16.1076320025 23.7275566774 24.2433560091 41.5427945803 40.6987218279 20.4509238296 21.0894536065 31.9250908554 33.1437117906 16.2167069246 16.1187659335 16.672769811 16.3380365949 16.5834658277 24.4453705368 10.6122666143 10.6447309597 33.3946305275 31.716924197 34.3821976395 32.8834521152 34.3185640412 51.3574956049 51.1720762587 
47 112.083031348 18.9835904644 18.7863753487 29.9611508036 21.9886859981 37.4083776055 24.4530209118 24.7806130807 20.6918874024 20.8176803229 55.723281197 31.7234086765 31.6825955636 36.7770642092 36.5093154787 11.2484920848 11.1547370962 17.3626161733 17.3660757101 22.8396776659 22.5804271901 38.9192788839 38.9767798565 16.9098297489 17.0206610744 29.486981826 29.2824090216 15.7470718233 14.3889241976 15.2045986633 14.3436650229 15.7210555686 20.8176803229 11.0282870086 11.147156663 28.9513465892 27.1493195946 29.0340737847 33.0680946054 32.7808539584 53.9199813476 53.6607936327 
48 114.823248035 19.8159873154 19.7337379836 31.7710020963 22.4648223816 39.5683448831 26.3621878585 26.4900579988 22.2504963202 22.6670961348 58.8025140423 32.9966036378 33.1203787976 38.2433263234 37.916574158 11.5473146392 11.2693001528 17.4658757562 17.4225384659 23.0135398785 22.9067312266 40.4777193521 40.0911992628 18.6755188516 19.1185420187 31.3679400621 31.8370973446 16.4740491843 15.6561605817 16.4095040069 15.7942072049 16.1178387757 22.6670961348 11.1894140122 11.2300104894 29.7522720338 27.9974428686 30.3812715974 32.1203805235 33.0252771243 54.3251812442 54.5577342291 
49 118.822029493 21.001331849 20.7486936401 32.8849944981 23.566644682 42.4302216442 28.4688604278 28.750641491 24.1555324971 24.5248048017 61.253717554 34.3618402501 34.6543760578 39.7748198798 39.5308444076 12.12999146 11.7693262878 18.211811747 18.0235917108 24.2478869999 24.1389137179 43.4746276966 43.4481113908 19.8488414806 20.1831199918 32.9105833464 32.7942377105 17.3686610983 17.1081828207 16.7041257622 17.1240936609 17.730618021 24.5248048017 11.6500954961 11.595883037 31.876234047 29.8031353658 31.6386723839 33.96412999 32.6733827662 58.1365913413 57.223622009 
50 115.118834611 21.2141079473 20.6825666467 30.7382825966 22.7322089125 42.3892408058 29.7169027499 29.5070506681 24.5342251533 24.8982193228 60.1072068393 30.8165903422 30.8340103316 35.6969102488 34.7601609668 11.5087349452 11.3484536724 16.2881853827 15.5871746202 23.4128342619 22.7346056025 39.5946134937 39.4884891302 22.051541838 22.5638168019 33.5520576143 33.2043773418 16.6767859503 18.5160436796 16.025231596 18.6006013223 17.6077508126 24.8982193228 10.1925265209 10.4769916153 26.5081820705 24.0689217504 26.3219968164 31.1493124761 31.6002987116 52.4221056681 53.5566577501 
51 113.661145602 19.0919917566 19.3332236066 31.4273722594 22.1166775067 39.9302113121 26.4551885495 26.6062260198 23.5068627344 23.9640862198 57.244285155 29.5310027285 29.7588872633 34.4085606707 34.7802204078 11.1237281293 11.2570863807 16.5739981063 16.3510765841 23.859293294 23.8473182875 39.3131230597 39.4468275704 19.8437344948 20.6072439457 32.3219328128 33.5764832668 16.290164 15.060504886 16.8129491715 15.3126684781 15.8456571427 23.9640862198 10.5105788246 10.8219363911 30.4408095157 28.1091847427 30.7718189515 31.4807203304 32.6708521573 51.0061044378 51.4343515757 
52 109.974270979 19.6452578044 19.2581696694 30.6971079731 22.8981144856 42.3960266441 26.5968012467 27.0926160404 22.973846862 23.3416526522 57.5189923636 31.2128486964 31.2856167518 36.2581639028 36.0296189603 11.6909510646 11.5060997232 17.0720605808 17.2429557664 23.2336028408 23.0983188547 41.5636955902 41.1732288671 18.9482676771 19.5176932982 31.225135941 31.4584003278 16.3131917941 15.6260871922 15.9738159885 15.5267029139 15.7989256297 23.3416526522 11.2068076868 11.07681836 29.8686223465 28.1869209343 30.515497772 28.8834824979 28.8256025233 52.0469534825 51.5536863165 
57 117.818333524 20.6643070548 20.4213257256 32.192774778 23.7639526785 41.5182061997 26.4521978181 26.3781480397 20.3701862867 21.2350366791 60.4708466045 37.3400794059 37.954685801 42.845440931 43.5424695433 12.1663344261 12.2317983245 19.1059009858 18.9484922132 21.4514292836 21.7845435086 40.677249872 40.4168874168 17.5509477901 18.2862425042 29.5362966546 30.9819063274 15.8370771499 17.0069973542 16.8747892599 17.0784390765 16.5432057633 21.2350366791 11.7298677658 11.9897211734 27.0585295069 25.7229088824 27.9865809793 32.9375313336 36.4209161965 58.0848920296 59.9774961309 
58 117.155479467 20.6565747005 20.2263142795 32.2407333448 22.9902560487 38.7977495803 27.7076590941 27.8123100214 23.6750156588 23.8787169839 59.2515562685 34.0181944903 34.1822648284 39.3293976687 38.9971653496 11.9425727382 11.4268054821 17.7367111728 17.3673364974 23.224133955 23.0248950596 38.956229909 39.069946938 19.516011279 19.7112472352 32.3995528097 32.069452535 16.9082295275 16.7716260115 16.392348006 16.798112881 17.7925493139 23.8787169839 10.9951231996 11.0749868655 28.4851536495 26.0579479459 27.9231535167 35.0091556333 33.9262336858 56.1756845449 55.4955225008 
