Node
48 1.0 0.178730926888 0.166576707861 0.259966920438 0.201738374102 0.379113922822 0.2235612105 0.221459467517 0.18006775125 0.180599710316 0.495488919404 0.255077699823 0.263267055768 0.296472615436 0.29824695052 0.0998836169525 0.102841141832 0.141256765753 0.156786811397 0.196986676883 0.192055064012 0.422892192027 0.376797878186 0.151259194225 0.144030891528 0.270101626876 0.248650336721 0.140234387304 0.120951849235 0.130121765057 0.121643855654 0.138513654808 0.180599710316 0.107849581569 0.0962146595598 0.307394226359 0.299370597478 0.317752256311 0.265173168633 0.276377264192 0.499850086647 0.471404520791 
1 1.0 0.181306315976 0.180023169811 0.283889977841 0.210587672627 0.353736176382 0.248031907317 0.249710106079 0.202460512973 0.206915451287 0.533317519307 0.317039859259 0.318829885649 0.36499245547 0.365836989967 0.107608947588 0.107380969295 0.167958661558 0.166181815284 0.199694698706 0.202468134361 0.349716462974 0.34674035587 0.172945402662 0.179096645506 0.275756309865 0.28470140623 0.143770407898 0.156011271311 0.148345785141 0.156426830308 0.145989751615 0.206915451287 0.104452796949 0.105622367494 0.233066005691 0.218531871412 0.237175333527 0.286644753821 0.30074002143 0.502174928356 0.509738636178 
2 1.0 0.178314225367 0.174674633904 0.276740046899 0.199073403464 0.347840851279 0.231021533046 0.23011236139 0.187880694867 0.189192150113 0.517972571618 0.289694829874 0.290274067183 0.335805641014 0.333793567855 0.101963871415 0.100442132602 0.158449589312 0.155308111382 0.196856339191 0.194737047752 0.347079954905 0.345694649773 0.15834606554 0.158865222222 0.270392727916 0.268559423192 0.143705009153 0.137586860696 0.141462343344 0.137111827013 0.142771143173 0.189192150113 0.0993837315213 0.10138592761 0.246811232756 0.228560177312 0.244174213249 0.28741173025 0.280027636033 0.484869311704 0.480811120839 
9 1.0 0.181735618467 0.177395242449 0.27511746222 0.204114921557 0.338460791153 0.2088801724 0.210684184577 0.162835362208 0.164482950616 0.503020497843 0.318001438733 0.320444298587 0.36640455318 0.368369050952 0.105235252273 0.10451995475 0.156037763033 0.154792207039 0.172860659988 0.174880293207 0.321782225137 0.320867060108 0.136176352366 0.138544817895 0.258431628972 0.255253143017 0.137972998815 0.128373360888 0.140076135726 0.132193834751 0.135216803663 0.164482950616 0.0898812254928 0.0914787910371 0.207691060498 0.189666320373 0.207889062392 0.298723093116 0.306127246137 0.49702244784 0.505246635633 
10 1.0 0.171380284223 0.167722464405 0.267069024415 0.200746856566 0.329536483967 0.22707945848 0.228078790424 0.196900193974 0.195104892331 0.48143688461 0.306541537342 0.30244484849 0.353317696261 0.343206802029 0.103550106195 0.101069457933 0.155816010987 0.149750053649 0.183477987788 0.181406975102 0.310148671052 0.316609581572 0.156510929583 0.150989238203 0.269895292734 0.260050056989 0.14396530998 0.135301617562 0.128634292168 0.126972605527 0.159440574753 0.195104892331 0.0928033579517 0.0955554527466 0.214930079188 0.187431319517 0.200794656939 0.32343926693 0.275921268486 0.492275772508 0.468566497643 
11 1.0 0.173980118135 0.176183056853 0.273223997362 0.190909039423 0.323139103788 0.224787342705 0.219357340868 0.188350158727 0.190086381459 0.490480739158 0.271213797431 0.282760692917 0.313306504502 0.3330427609 0.0938759296397 0.10082619191 0.153835603156 0.155415933925 0.205732590596 0.210224427924 0.322731582618 0.308061884892 0.144910797069 0.153566562965 0.257206085455 0.279120056327 0.129903549458 0.119555543535 0.151982555308 0.122286638118 0.147326552747 0.190086381459 0.0946209007996 0.0961046687815 0.215019827558 0.204120299765 0.231600175368 0.26667822098 0.329686556039 0.458368032254 0.481369801141 
12 1.0 0.177122728907 0.170865572036 0.266653056769 0.182228835945 0.310411654996 0.222295557773 0.224574117581 0.179873826139 0.181276745501 0.494899531023 0.288688054763 0.289405722039 0.329650307944 0.329052704487 0.0933121804178 0.0917792175154 0.136990789453 0.133810788775 0.174202459798 0.173633773139 0.304708688939 0.303728857987 0.150964227287 0.154065108085 0.262548902988 0.258000210266 0.139014028663 0.13580725949 0.133711528601 0.135933044003 0.142905994228 0.181276745501 0.0823208336904 0.0837738126486 0.219488091182 0.200432483741 0.214178258011 0.305081636007 0.29806754467 0.470784830351 0.467791246645 
16 1.0 0.180430855446 0.172666004384 0.274670466453 0.19566572073 0.329160301948 0.233095595347 0.231249486844 0.193415940101 0.189946873525 0.506951105069 0.322396385315 0.318782027104 0.36956864136 0.360961664842 0.101621414471 0.0985563838897 0.156844440709 0.1530249073 0.192366318699 0.18833774574 0.332854020725 0.335678435577 0.16276223004 0.160799667064 0.278077425753 0.264417515478 0.147874847333 0.143979290453 0.132636433578 0.140983203079 0.151786562624 0.189946873525 0.0953191967783 0.0967372652457 0.238767004474 0.214328891247 0.22380074725 0.325083944977 0.287711427845 0.515622910772 0.496785567807 
19 1.0 0.182825460699 0.180755766205 0.285596154698 0.202985185684 0.350403512561 0.240060232909 0.239781465697 0.198940976952 0.200538499358 0.515211491811 0.335692843968 0.337504752739 0.383192756034 0.383499139002 0.104302180827 0.103539849083 0.157009541813 0.156109876213 0.187204622154 0.18601732944 0.338755112226 0.337421614541 0.167732147566 0.172479287216 0.275824186461 0.280106714492 0.145972859406 0.155029050611 0.145018764058 0.153339478302 0.147350245845 0.200538499358 0.0943924296688 0.0952367996013 0.222029070857 0.206207206769 0.225535259251 0.290657689848 0.300492969104 0.505035353572 0.510235780914 
20 1.0 0.179929653047 0.174465945959 0.279930970083 0.206906194101 0.365144282171 0.211223606413 0.2128151681 0.173028266933 0.169789845422 0.503065449708 0.33674804246 0.338416308326 0.385349699629 0.384741673586 0.109004271115 0.103742077623 0.170133350087 0.1669680311 0.194194575581 0.192982968408 0.367022051323 0.365543020761 0.139502809152 0.139936812543 0.262011585771 0.257327210799 0.140264067959 0.129844658733 0.14286883116 0.131111863253 0.138777572435 0.169789845422 0.106746518296 0.106503133024 0.238100699729 0.225372534342 0.241221309562 0.290494885964 0.300509414087 0.525275074705 0.529968875982 
27 1.0 0.181059018612 0.169961278848 0.268598775088 0.189444938168 0.346257745426 0.221840984189 0.220718920657 0.183310454783 0.175811385866 0.491910007769 0.289916510521 0.287634554047 0.336281502644 0.325407453241 0.0996997136397 0.0927470312455 0.143213448358 0.138064550734 0.190811363967 0.18138204277 0.329310028057 0.335430473447 0.150385187363 0.146384095567 0.270604302702 0.24783192071 0.145477070508 0.135483078837 0.127652266851 0.133022212687 0.150213501566 0.175811385866 0.086969447265 0.0892705272323 0.243135497239 0.213562930573 0.22377010353 0.314467059037 0.274637356208 0.493334568354 0.481901015002 
29 1.0 0.177083617802 0.174817808527 0.279798201162 0.201002822244 0.338824789003 0.245570042585 0.24631947322 0.203608557725 0.206742314967 0.522871789454 0.296984935647 0.298475913895 0.341953582217 0.343329495665 0.10226848804 0.10206383073 0.15637414766 0.155243690441 0.196059558242 0.197094069066 0.339004611199 0.337802977983 0.173884121981 0.180006730439 0.276560062507 0.282324572545 0.143767350027 0.151879278435 0.145169225292 0.15426162817 0.149169725847 0.206742314967 0.0965741395276 0.0984163271363 0.236882981622 0.220894327633 0.23966181244 0.288848625496 0.293648949941 0.48368855105 0.486204326448 
30 1.0 0.172465353709 0.172829155984 0.274423292331 0.191868718611 0.328971346358 0.222221905912 0.22509227105 0.180289716419 0.188237650973 0.496614510216 0.303683163513 0.307161477079 0.346095379717 0.34975485865 0.0972999897446 0.0979851406051 0.150512974508 0.148075684746 0.181128189127 0.183563728988 0.32977767725 0.32856403115 0.152529565235 0.15926992305 0.260572162788 0.271454331498 0.137103604973 0.133864500721 0.143194947444 0.134392350074 0.142279808969 0.188237650973 0.0925102986936 0.0945006795179 0.224550654831 0.212996126011 0.233551736118 0.286564525285 0.313793572694 0.483074528292 0.499465536626 
31 1.0 0.178004108729 0.181948041789 0.28812060038 0.205616855761 0.330825689493 0.224846108211 0.226273308801 0.188553637346 0.190601679132 0.527602147841 0.277715050909 0.281312931368 0.325300065421 0.330538952283 0.105529344806 0.103573977991 0.182211572665 0.17955412682 0.220196716166 0.216416717487 0.321108699007 0.325589667453 0.155949395934 0.159109324415 0.278929548183 0.2859173044 0.146182868877 0.12329219012 0.152070999634 0.126063587119 0.139478230901 0.190601679132 0.125216692853 0.124878185826 0.234904568487 0.213890991265 0.233627052377 0.289552828199 0.291908432445 0.474006725986 0.47689840592 
33 1.0 0.172792441957 0.177334559509 0.28263582166 0.203887812405 0.353626138593 0.221981346819 0.222107414774 0.180486820988 0.189472504288 0.501287057045 0.310839827207 0.317709827454 0.353669579517 0.368132410413 0.100120513943 0.107958070281 0.161001771708 0.161846401539 0.195621414208 0.203592465428 0.357012661765 0.348543017698 0.146998477075 0.166954841636 0.25077757187 0.289281045176 0.128464455637 0.134613194588 0.159770553242 0.135130171319 0.137435720666 0.189472504288 0.100284290545 0.104134247167 0.228326991083 0.224438142307 0.254090440965 0.251315435904 0.33721860072 0.48756488018 0.526323981122 
34 1.0 0.189045445353 0.189337916672 0.302762829665 0.2040586593 0.388698718009 0.230839092331 0.23280589938 0.188587183679 0.190560955079 0.539772005836 0.33238822429 0.335188646416 0.38033081713 0.380898927671 0.103262731159 0.104571881513 0.157171661068 0.157636649661 0.204518602152 0.197519062146 0.370573252316 0.363229118798 0.16019270882 0.161162036525 0.280479681902 0.281344297522 0.154553299405 0.141834830498 0.155943231647 0.143415216829 0.133799646083 0.190560955079 0.0994166583666 0.101803811174 0.226954369971 0.205983899936 0.225477406303 0.258248679521 0.272799942374 0.502424719483 0.509028099671 
35 1.0 0.182411126813 0.176624557685 0.270739337732 0.223370762739 0.385165600972 0.229322623053 0.221912713458 0.175887851418 0.167667287891 0.524578497679 0.319114584183 0.306293876809 0.378791764402 0.364377076824 0.117458339906 0.116208008544 0.189652806419 0.181697884094 0.186894073151 0.182411126813 0.361829110417 0.352375019717 0.159633568389 0.154990562095 0.281092773326 0.267057280327 0.148246253894 0.13768791294 0.128036879933 0.126506503673 0.133498247847 0.167667287891 0.104593415198 0.110038284052 0.23800556353 0.214549501036 0.216956863912 0.285788475539 0.264860245264 0.504805667128 0.491512114211 
37 1.0 0.183033880453 0.175693847457 0.284188217934 0.207122043817 0.376725970807 0.227876036678 0.229361745378 0.189107794884 0.185849345065 0.512774977523 0.308989734407 0.307622269456 0.360498470101 0.352765461014 0.109592646011 0.102121446431 0.15617344975 0.15232060207 0.19468006976 0.189602061925 0.355325935004 0.361520088992 0.16158410089 0.159658945056 0.278072150861 0.263690579223 0.153359924651 0.148232466345 0.135361170581 0.146027034794 0.145999689424 0.185849345065 0.0913326462321 0.0923486722221 0.247291557521 0.224171511644 0.235076277528 0.303283776079 0.256838338386 0.51206642816 0.493835098162 
39 1.0 0.176806559565 0.174169144966 0.272039403469 0.189254529352 0.343584950718 0.241547087308 0.242503286928 0.201951754955 0.20285970466 0.503216709641 0.292539377109 0.294079297541 0.337893442077 0.336004891913 0.0974063209371 0.0955245131942 0.145782114906 0.141539593134 0.185313845977 0.183486835996 0.322234512074 0.32375941385 0.169879838625 0.173863094438 0.27488909174 0.274724628038 0.141768825165 0.145032971348 0.139832546586 0.146850114826 0.152681289605 0.20285970466 0.088081422371 0.0896281170911 0.225003296795 0.205449626852 0.223796676755 0.290463770076 0.282478352097 0.475217701904 0.468433530499 
41 1.0 0.171173925461 0.161408137046 0.289614191882 0.209491317052 0.363519223165 0.227903293383 0.224060880781 0.187195468732 0.188995042608 0.522610674714 0.30241608997 0.304277850758 0.350653335087 0.353151852275 0.106493085686 0.107209462692 0.17783855939 0.178704935469 0.207738802222 0.207008389946 0.354806036522 0.357950159631 0.160818764916 0.158162994862 0.272973994159 0.265620814171 0.149629129664 0.132449897582 0.148584478018 0.132186213503 0.15084152572 0.188995042608 0.11704477086 0.117857805304 0.245244998818 0.226063982451 0.238732828446 0.297514788069 0.279475575562 0.507858835212 0.504266202339 
42 1.0 0.185293835231 0.176284158251 0.276940558256 0.205595156808 0.359587640743 0.216261363877 0.216547454895 0.174706053357 0.170347396642 0.515408941033 0.326726144246 0.32537191799 0.375522771116 0.370952058591 0.108922080676 0.101804701644 0.156168467465 0.151252369218 0.186816841453 0.186105492751 0.344835374258 0.356499613965 0.141412080691 0.145632281702 0.262999158937 0.256294115075 0.144055122079 0.137822131927 0.137430950207 0.13862434788 0.13304657355 0.170347396642 0.0909359793972 0.09169610878 0.243472658837 0.221229591171 0.232266829298 0.299221661915 0.266782446644 0.506347205303 0.49758949015 
44 1.0 0.183960685587 0.185523676168 0.306292293104 0.198893915339 0.387044764599 0.224534630772 0.237957835811 0.213999522887 0.199690798177 0.489022483269 0.311943660472 0.304780196028 0.353267426743 0.350930189855 0.0973191115404 0.103362278824 0.173041627776 0.174371458116 0.229558113986 0.235518429149 0.380612690101 0.389906433683 0.180234312728 0.177977264492 0.298074594436 0.295740532329 0.163164875579 0.135622245201 0.158040817439 0.125331622937 0.149013077295 0.199690798177 0.120755495038 0.124985561652 0.241510990076 0.225689058077 0.23698508637 0.271882463429 0.294370449696 0.507764840084 0.538777008864 
47 1.0 0.179032373789 0.17793291544 0.281961442226 0.198240073319 0.357617730007 0.213227280858 0.212861206754 0.161325315259 0.163776168257 0.529771790372 0.295125820788 0.301619673319 0.339833632653 0.346004078771 0.0994713525957 0.101810903515 0.161330313613 0.160029775914 0.17871859196 0.177879961378 0.326066655396 0.333410430681 0.131470025416 0.138249435396 0.245922137365 0.256224346776 0.139642013953 0.133998008612 0.14681401937 0.136680550827 0.129150456412 0.163776168257 0.104407324147 0.105387455258 0.226637715229 0.21302065826 0.233924058311 0.273356506472 0.292678305411 0.471823671025 0.488190066127 
50 1.0 0.183198973929 0.179761447049 0.312488169023 0.21676969674 0.366473488148 0.22787782841 0.22879892431 0.193905670558 0.200490490396 0.531985172583 0.348064262245 0.351547501242 0.395000532177 0.397549454074 0.109355616908 0.11051781646 0.180082578538 0.175058222629 0.211844904357 0.2089681374 0.376645188662 0.373667554463 0.161316985196 0.171665583866 0.285661156658 0.298650213041 0.157034077141 0.139198510297 0.160570100458 0.137879924751 0.144288579298 0.200490490396 0.114636397194 0.118751292332 0.248120848085 0.236308047191 0.253128397464 0.281103895097 0.308522266019 0.527319277149 0.541602930536 
51 1.0 0.175600941243 0.174590087065 0.276301330987 0.202703584424 0.339246371206 0.231741299261 0.225372728453 0.180762504383 0.183627466682 0.519502554429 0.317916267026 0.322120010768 0.360275880014 0.364915356866 0.102572474741 0.103313381148 0.168050519675 0.164382080506 0.196713889339 0.196220235784 0.355340475098 0.356290774896 0.152655604913 0.156333079913 0.258864764867 0.267105481545 0.137322878816 0.142418759488 0.143966222472 0.142005563501 0.136777255908 0.183627466682 0.107599380931 0.111655907787 0.253711248867 0.242998445235 0.258646064145 0.281480156277 0.316856339772 0.500850053068 0.52138272757 
66 1.0 0.173326864064 0.174423799628 0.270945750884 0.191766037117 0.343809430259 0.231226912243 0.235520506551 0.190956913059 0.197647383723 0.503096185889 0.305910227498 0.308814888549 0.349828124917 0.351593549889 0.0983569742613 0.0972921273039 0.152082166817 0.148480016684 0.190473091527 0.189232195976 0.34800115941 0.349121929704 0.159988431031 0.1676335145 0.261319610186 0.270934647151 0.137855214818 0.146893064523 0.140281879551 0.147821845571 0.142008360402 0.197647383723 0.0925616661072 0.0970511881879 0.240826084987 0.228540442637 0.2477040057 0.280809922896 0.302103386187 0.488938474324 0.497433096664 
68 1.0 0.183896106482 0.179524536388 0.279294346831 0.212392733678 0.36128093465 0.233536674972 0.239273155298 0.185989511415 0.194854524966 0.523887166463 0.302721933723 0.305503323184 0.352906727671 0.354208808045 0.107383010568 0.109885070325 0.164014031488 0.159908432272 0.179482535108 0.17934819888 0.327085486523 0.328198370471 0.14709845145 0.158968992496 0.255118561774 0.263091068287 0.142035693197 0.147882353216 0.143349006675 0.152266189748 0.146252271885 0.194854524966 0.0962391355252 0.0991126653023 0.206240155455 0.187051311075 0.20911679209 0.284226221973 0.273400672913 0.488466394403 0.482285445589 
74 1.0 0.155594974903 0.155594974903 0.293098607871 0.206893134968 0.35056892314 0.212017955456 0.207212168519 0.171450431671 0.165869326134 0.52301144509 0.28941311269 0.291969564353 0.332037202187 0.344486484983 0.0992091460933 0.110546358634 0.178528368539 0.185068692954 0.198501503888 0.196410635561 0.333228727077 0.330191844078 0.152702423648 0.149422819699 0.245513294451 0.247389515037 0.140890209717 0.143675788172 0.157808086021 0.146521129504 0.142289815695 0.165869326134 0.126042241449 0.126042241449 0.252346388925 0.229953087748 0.261410979813 0.281839019916 0.318169700399 0.481243119487 0.496045730466 
78 1.0 0.180358048774 0.18317182896 0.277086220894 0.207651393213 0.385148256332 0.211938491895 0.221158158929 0.167927814816 0.174622257087 0.515004404566 0.29844176471 0.305480927069 0.344629917706 0.356686709512 0.103330346248 0.109288225528 0.152029300375 0.157574748433 0.178144730281 0.182566087122 0.362304193986 0.359147889406 0.14177874191 0.147031211748 0.259398043424 0.268297289952 0.134301729921 0.128632638916 0.147529276623 0.136786461618 0.125444434229 0.174622257087 0.0933084117058 0.0940353741672 0.235605677321 0.227719907795 0.248607108833 0.255496019851 0.28220670718 0.481115978466 0.490703965794 
82 1.0 0.187494912493 0.191151507499 0.286627595427 0.198998129182 0.369279863105 0.216018251454 0.234425058672 0.171313157048 0.191888748262 0.51712019427 0.279033561539 0.28868968342 0.324962423801 0.339452920013 0.0977751758128 0.105083198775 0.157999754875 0.157838145022 0.165169698306 0.179922569356 0.342710903304 0.334152876302 0.160669468634 0.169117316205 0.270312563321 0.288335122428 0.13838313 0.144813051782 0.155080649769 0.147553775352 0.124717521638 0.191888748262 0.0983352446614 0.100570356862 0.206183595984 0.200186240327 0.225862568387 0.260180080794 0.31184825515 0.472886783969 0.513216725904 
88 1.0 0.179919881631 0.179212027409 0.285214859634 0.181155601574 0.33641686782 0.218891704611 0.212692427424 0.175446985635 0.173302522798 0.531605796803 0.281526942775 0.278268408648 0.325770055845 0.320499052976 0.0903959341685 0.093225601249 0.155382339706 0.148090925722 0.182779016252 0.176969601684 0.317168915957 0.324491204141 0.163225594418 0.157917204015 0.285731460263 0.275428326228 0.15274766254 0.133396926338 0.141106317755 0.133048343595 0.130817349033 0.173302522798 0.0998362026965 0.102870665541 0.2304776285 0.213758496463 0.224529230784 0.289028360346 0.272775192936 0.455787499946 0.456228878911 
102 1.0 0.175444646882 0.168277217001 0.266527076231 0.194971107431 0.324683376425 0.244756670288 0.237786608043 0.188485796202 0.183569961829 0.527666774973 0.304173949592 0.301351294553 0.351940840839 0.345906666125 0.0997338594036 0.100502008749 0.168943843739 0.163563111248 0.207058817175 0.200797072936 0.338443301706 0.33479926183 0.160126705011 0.157370528904 0.251175765453 0.244678628241 0.13944611437 0.161370506031 0.133520818923 0.151852114366 0.156388766675 0.183569961829 0.107459273978 0.109506666402 0.221459599318 0.202329725524 0.218672115479 0.305048388199 0.297968785853 0.509341792705 0.491447433453 
103 1.0 0.181531340622 0.176031546281 0.269043120397 0.208759109227 0.39072321984 0.216784020835 0.217242006727 0.173296981283 0.173591207046 0.508800700663 0.292755521544 0.289035780321 0.341302486365 0.333391901034 0.10794082244 0.104903481675 0.161057435775 0.156997389348 0.183199936072 0.181652421778 0.338925454729 0.34049629708 0.139626743627 0.148364311232 0.262425711006 0.263994146897 0.139074621746 0.129060647853 0.13554082573 0.128487012633 0.142057689776 0.173591207046 0.098319583017 0.0986084298557 0.220773040413 0.196537464176 0.214636750021 0.265867318317 0.252875540114 0.473053528225 0.469430817886 
106 1.0 0.17979339798 0.175338847932 0.287579588487 0.214995092294 0.348198093386 0.250164583091 0.247207857238 0.212187594231 0.213366740788 0.524764141321 0.32440569914 0.32951588696 0.371122604917 0.3697253984 0.109176585212 0.108725036303 0.173153735009 0.170932775151 0.210629563311 0.209873931488 0.34423760252 0.335206071326 0.18023893273 0.182222872214 0.287260740398 0.288655817789 0.151112553402 0.157303648862 0.144589621247 0.154117068821 0.147995554365 0.213366740788 0.11264870132 0.114429895179 0.223902335701 0.207878357419 0.223699346051 0.296654009734 0.293591180281 0.500238267455 0.499570990243 
115 1.0 0.1811016355 0.188091307964 0.283938362895 0.199995837799 0.335538916925 0.214748007909 0.220202490378 0.179717398883 0.182132909081 0.516118291094 0.312946592567 0.305680289721 0.360937023367 0.3498700571 0.105022463339 0.0986886464104 0.155372180401 0.151162976841 0.218304157624 0.210143981116 0.333048797786 0.332110189632 0.164860212108 0.16167359129 0.294303416489 0.29153260447 0.151849772639 0.127243048169 0.140902420314 0.11843340459 0.137160317274 0.182132909081 0.0930445481373 0.089626805637 0.227271592136 0.199995837799 0.227271592136 0.300461644308 0.288013545192 0.483645800803 0.470957940624 
117 1.0 0.174981734919 0.175231512109 0.307757384433 0.220919915154 0.335011390633 0.202539473347 0.204329490928 0.167173673229 0.169237152851 0.533867385563 0.297396188341 0.3056993891 0.361086204126 0.360388176384 0.118621952916 0.109596119169 0.160891160186 0.166421185074 0.190215748558 0.186475598258 0.325830534427 0.325846465219 0.146015530189 0.147417636943 0.27395687999 0.270598198593 0.166780662435 0.127478305213 0.147212294066 0.126614384978 0.13668811386 0.169237152851 0.0957484815621 0.0879062646519 0.232166340644 0.212414999734 0.231684863862 0.29853025282 0.287327922783 0.486873062559 0.475428363113 
119 1.0 0.176615270859 0.17261817136 0.294492142841 0.192549169225 0.341728020946 0.213995231266 0.219925052702 0.175235658282 0.181104445675 0.526609046221 0.306809837233 0.311549117543 0.356146097799 0.358932535808 0.0993778785185 0.0977165069423 0.161718565825 0.164810023261 0.204677294454 0.203520140977 0.34141145197 0.341763881966 0.147857746636 0.148877854679 0.265267042491 0.260374230278 0.149414365454 0.140012473167 0.148783646179 0.146460019705 0.141587836297 0.181104445675 0.106030548266 0.104271957349 0.233299332009 0.215342277108 0.231430961262 0.300785648629 0.287129650978 0.503550151391 0.496266454416 
134 1.0 0.174329918703 0.166410058868 0.286431274755 0.196116135138 0.342087649071 0.211163831975 0.215654667669 0.175195801109 0.18750367798 0.477197577921 0.299726651424 0.299726651424 0.352866124602 0.341645007977 0.10353158652 0.0966004759543 0.142221609218 0.13853858022 0.182043881466 0.189310822833 0.357164113941 0.344512009355 0.180023817956 0.177484169765 0.287617512581 0.281636364154 0.153644255919 0.139264868711 0.141421356237 0.134754926775 0.138902199166 0.18750367798 0.0784464540553 0.0766578023642 0.250749192679 0.236034921647 0.257693719294 0.308353639857 0.301739387982 0.498421214878 0.49133731604 
143 1.0 0.182615286457 0.189810181461 0.263786275178 0.188130386504 0.313733190898 0.264265319126 0.255536804052 0.213467163813 0.209858162262 0.526798612526 0.287647784703 0.29522149213 0.32703873676 0.34451066826 0.090024937562 0.102250855742 0.138183786922 0.136615277764 0.185694606826 0.192207511392 0.309339622276 0.317207354593 0.188006964235 0.181117120401 0.274387344717 0.291621552178 0.125593868205 0.16707912175 0.147694237231 0.162308655526 0.143405731681 0.209858162262 0.0786652645116 0.0854994351743 0.208127019863 0.199389995297 0.222050371936 0.277960376781 0.324243871692 0.457435401737 0.491119577842 
144 1.0 0.178791601019 0.172394471596 0.270736303241 0.192567258745 0.369971816054 0.21931375888 0.2150766166 0.200148814577 0.176045491728 0.46927523355 0.298187786723 0.295085381415 0.352628703172 0.347058088152 0.103661483069 0.0971929755132 0.147886266483 0.147336160672 0.18037419189 0.183866827951 0.344631899711 0.346550778593 0.168824841301 0.149795728642 0.293752330583 0.256199357347 0.148980384481 0.121009870759 0.131617049708 0.122786257438 0.138530461855 0.176045491728 0.0895092710022 0.0838897380975 0.254024315681 0.229859295461 0.242019741519 0.284626624904 0.283053168068 0.483619904685 0.496652755897 
146 1.0 0.176488349852 0.176641099911 0.268651278691 0.202342217015 0.352284119101 0.244433637917 0.250347354275 0.195120581131 0.203346707411 0.526027265918 0.29005574737 0.295830115077 0.334397417773 0.34464161028 0.101732191287 0.105238581793 0.157247924459 0.160032574554 0.199447432727 0.201945152256 0.344370712639 0.342219650288 0.171847725626 0.180539157853 0.267520615396 0.280642612033 0.13076851173 0.149627423099 0.147830564041 0.159534229878 0.142576015674 0.203346707411 0.10083167532 0.0976387235033 0.233060921731 0.219801663258 0.247291404123 0.273336872369 0.31002126998 0.477056602204 0.497536402583 
147 1.0 0.17810980269 0.175000619107 0.236565529484 0.193503646369 0.328057364062 0.235586464633 0.238753746439 0.182516152919 0.17867664596 0.494772161207 0.30272845316 0.306569315449 0.342364839193 0.339951254485 0.098086394134 0.098086394134 0.156248194257 0.149443282924 0.197201031566 0.192680700397 0.344048472849 0.35099040996 0.164885119823 0.16869599328 0.270095496978 0.266867147952 0.126514858718 0.146711713312 0.114906541295 0.142819991537 0.132755208758 0.17867664596 0.100988984505 0.0986737430608 0.243368061598 0.225754254097 0.233368551051 0.292535906245 0.28945806291 0.500346580448 0.508707264556 
163 1.0 0.182708221028 0.186326556863 0.279824067728 0.201609228986 0.35672581186 0.233523693722 0.222454293445 0.203586483513 0.19480500983 0.492675690856 0.300442545357 0.289856098121 0.3465874303 0.344423170053 0.101530549082 0.105402217498 0.157171554625 0.142933424877 0.20831942358 0.209278689238 0.355938874398 0.369811549559 0.148072585983 0.150221272678 0.273501452401 0.281963244883 0.141902078067 0.12327051652 0.147077280816 0.113808304109 0.171161623157 0.19480500983 0.0808883775961 0.0931632784316 0.234892008325 0.20831942358 0.214944399646 0.298167277655 0.284649791977 0.519045726068 0.511791785677 
188 1.0 0.172089910857 0.170492754162 0.286604473694 0.198912988839 0.333532758437 0.217080629551 0.238044262247 0.178143693216 0.201644969 0.497205101476 0.289453966864 0.290338698321 0.340232502969 0.337406435011 0.102128365954 0.10094959842 0.158000293491 0.15349918522 0.194391648453 0.197878772184 0.366366954336 0.347836680551 0.157458266873 0.162165936154 0.272600298322 0.272098040322 0.150347840085 0.11841000296 0.146196330579 0.126508407885 0.15349918522 0.201644969 0.0973276748285 0.0942937999186 0.228740032786 0.222525991378 0.250299048279 0.293326825395 0.317134854765 0.513446841306 0.513446841306 
198 1.0 0.173569235652 0.174908265996 0.275629980277 0.189320887482 0.335213958582 0.221677973591 0.222400374472 0.174323705821 0.17951623418 0.508093094949 0.302901866401 0.298244545594 0.345369708637 0.340051101556 0.0978046519802 0.0943132063799 0.137682666546 0.134142122012 0.17656777438 0.173904959826 0.347516320632 0.340608106191 0.175905849747 0.172558144123 0.272597772066 0.268610161428 0.144099537537 0.160291518964 0.136726156316 0.159470675065 0.130057854978 0.17951623418 0.0797353375326 0.0810053773154 0.253586942308 0.238167442449 0.251740130714 0.290316361043 0.30213063188 0.500954206292 0.494715283884 
202 1.0 0.197228503439 0.193908650073 0.260556919419 0.228461764196 0.355975307002 0.229939699376 0.234317580005 0.166410058868 0.176614440379 0.537565541457 0.283391099318 0.292218535599 0.332650441396 0.327734681063 0.11796917172 0.112707113515 0.185044197356 0.181734759845 0.174766706076 0.178601166996 0.346491641031 0.320989999998 0.13282660709 0.148004844568 0.259035723402 0.266501948657 0.130251371974 0.135457092296 0.133779540364 0.145891753262 0.140268922078 0.176614440379 0.119396270048 0.117609691438 0.240030579092 0.22944811207 0.255082424029 0.282343254708 0.29947024504 0.492512748403 0.488830788589 
