Leaf
1587 119.004201606 17.0293863659 19.0262975904 33.0151480384 26.0192236625 47.0425339454 25.0 26.9258240357 19.1049731745 22.5610283454 62.0322496771 37.0540146273 37.3363094052 43.3243580449 44.283179651 12.6491106407 14.3178210633 19.1049731745 18.3847763109 24.6981780705 23.3238075794 47.0106370942 49.244289009 16.4924225025 20.1246117975 25.8069758011 32.7566787083 15.1327459504 17.8044938148 18.2482875909 17.4928556845 15.8113883008 22.5610283454 9.43398113206 11.313708499 38.4837628098 38.0131556175 39.8120584748 31.2569992162 34.0147027034 55.9732078766 58.0 
406 116.107708616 21.0950231097 21.2132034356 32.0 24.0 43.0 24.8394846967 24.4131112315 17.7200451467 18.3847763109 62.0080639917 39.2045915678 39.2045915678 44.0113621693 44.0113621693 12.1655250606 12.1655250606 18.4390889146 18.4390889146 20.1246117975 20.591260282 39.2045915678 36.3593179254 15.8113883008 16.1554944214 29.0688837075 29.5465734054 15.1327459504 16.4012194669 17.1172427686 17.0293863659 15.6204993518 18.3847763109 11.6619037897 11.6619037897 21.4709105536 21.2132034356 25.6124969497 30.2324329157 38.9101529167 58.412327466 62.3698645181 
427 126.003968191 22.360679775 21.2132034356 33.0151480384 25.0199920064 47.0106370942 28.8444102037 26.6270539114 20.8806130178 19.9248588452 64.0078120232 37.2155881319 37.2155881319 43.4626276242 44.0113621693 13.3416640641 12.6491106407 20.6155281281 20.8086520467 21.0950231097 21.0950231097 48.5489443758 46.9574275275 16.7630546142 15.2315462117 29.5465734054 29.1547594742 16.4924225025 16.2788205961 17.2626765016 15.5563491861 17.691806013 19.9248588452 12.5299640861 12.5299640861 33.5410196625 32.0156211872 33.6154726279 33.2415402772 36.4005494464 63.7808748764 63.2534584035 
442 117.038455219 21.0950231097 20.0997512422 33.0151480384 20.0 34.0147027034 27.2029410175 25.5538646784 20.6155281281 21.1896201004 62.0080639917 36.4965751818 37.6563407675 40.3112887415 41.629316593 10.0498756211 10.0498756211 16.4012194669 16.4012194669 21.8403296678 21.5406592285 35.8468966579 35.77708764 17.2626765016 19.2353840617 28.3019433962 32.6496554346 15.2970585408 18.4390889146 18.1107702763 17.4928556845 16.2788205961 21.1896201004 12.0830459736 11.7046999107 24.5967477525 24.0831891576 25.8069758011 32.6955654485 40.162171256 54.6717477313 58.6941223633 
464 114.437756007 19.0262975904 18.2482875909 33.0605505096 25.0199920064 38.0131556175 24.4131112315 24.5967477525 19.6468827044 20.2484567313 58.137767415 37.3363094052 38.1182371051 42.9534631898 43.6577599059 13.152946438 12.3693168769 19.8494332413 20.0 19.6468827044 20.6155281281 40.4969134626 38.4837628098 16.1554944214 17.4928556845 28.6530975638 29.5465734054 16.4924225025 14.8660687473 17.1172427686 15.2643375225 16.9705627485 20.2484567313 12.5299640861 11.6619037897 25.495097568 25.179356624 27.8028775489 30.0166620396 39.3573373083 58.0086200491 62.2012861603 
671 111.018016556 21.2132034356 21.3775583264 28.0178514522 21.0237960416 40.0124980475 25.2388589282 25.5538646784 19.3132079158 19.6977156036 55.0363516233 38.2099463491 38.1182371051 42.3792402008 43.3243580449 10.1980390272 11.401754251 16.4012194669 17.8044938148 18.3575597507 20.591260282 38.9486841883 39.1152144312 18.973665961 18.973665961 30.886890423 30.4138126515 14.5602197786 16.1245154966 14.3178210633 17.0 13.4536240471 19.6977156036 10.295630141 10.295630141 23.0217288664 22.0227155455 23.3238075794 32.6955654485 34.0147027034 57.4891294072 59.5482997238 
805 116.0 20.2237484162 20.2237484162 33.0151480384 24.0 40.0 26.9258240357 26.83281573 20.8806130178 22.4722050542 59.0338885726 37.1214223865 38.4707681233 41.7851648316 43.8634243989 12.1655250606 12.1655250606 20.8086520467 20.8086520467 19.9248588452 21.4709105536 38.9486841883 39.9624824054 16.7630546142 18.3575597507 28.1780056072 31.7804971641 15.2970585408 16.4012194669 18.1107702763 16.6433169771 17.0293863659 22.4722050542 13.9283882772 14.8660687473 26.4196896272 26.0192236625 28.3019433962 34.0 37.0 58.6003412959 60.827625303 
812 125.015998976 23.0867927612 23.0867927612 32.0156211872 25.0 48.0 28.0178514522 27.4590604355 22.1359436212 22.4722050542 63.0079360081 35.1283361405 36.2215405525 41.2310562562 42.1544778167 13.3416640641 12.3693168769 19.8494332413 19.2093727123 23.7065391823 24.1867732449 40.0 40.0 19.3132079158 19.6977156036 34.0 34.885527085 16.7630546142 15.8113883008 16.4924225025 16.1245154966 17.691806013 22.4722050542 12.2065556157 12.2065556157 25.8069758011 23.0 25.8069758011 32.5729949498 34.4818792991 56.5685424949 58.0 
1144 117.017092769 19.2353840617 18.0277563773 34.0 22.0227155455 41.0121933088 25.9422435421 25.9422435421 21.1896201004 22.803508502 58.0 35.3553390593 36.6742416418 42.1544778167 42.9534631898 11.7046999107 11.401754251 20.0 18.0277563773 21.9317121995 22.360679775 41.1825205639 40.8166632639 18.7882942281 19.2353840617 30.4138126515 31.384709653 17.2626765016 16.6433169771 17.2626765016 16.1245154966 16.2788205961 22.803508502 11.1803398875 12.2065556157 28.3019433962 26.0 28.3019433962 31.6227766017 36.8781778292 56.2227711875 58.6941223633 
1148 114.109596441 20.0249843945 19.2353840617 36.1247837364 25.0199920064 36.0555127546 24.6981780705 26.0 21.1896201004 22.8473193176 59.3043000127 37.8549864615 39.1152144312 44.2944691807 44.598206242 13.152946438 12.3693168769 18.3847763109 18.4390889146 21.5870331449 20.8806130178 37.7359245282 37.5765884561 18.3847763109 19.2353840617 31.384709653 31.304951685 18.4390889146 17.0293863659 18.0277563773 18.3575597507 17.0293863659 22.8473193176 10.295630141 10.8166538264 26.0768096208 24.0208242989 25.0 35.8468966579 34.4818792991 58.137767415 56.8594759033 
1193 119.0 22.2036033112 22.0907220344 29.0172362571 23.0217288664 45.0444225182 28.8444102037 30.2324329157 21.8403296678 23.5372045919 62.0 38.0525951809 38.2099463491 43.965895874 44.0113621693 11.7046999107 12.3693168769 19.4164878389 19.2093727123 21.0950231097 21.9544984001 42.1900462195 41.0487515035 18.4390889146 19.4164878389 30.0166620396 31.064449134 14.1421356237 18.8679622641 15.2970585408 19.4164878389 16.9705627485 23.5372045919 12.0830459736 12.0830459736 25.2388589282 24.0208242989 28.6006992922 31.6227766017 35.1140997322 56.7274184147 60.207972894 
1314 119.067207912 21.3775583264 21.2132034356 30.0166620396 25.0199920064 39.0128184063 27.4590604355 26.4007575649 19.9248588452 18.6815416923 61.0737259384 39.0512483795 39.1152144312 44.2718872424 44.0113621693 12.3693168769 13.152946438 20.0 19.8494332413 23.4093998214 22.803508502 38.0131556175 39.6610640301 17.4642491966 16.2788205961 28.1780056072 27.2946881279 15.0332963784 19.4164878389 15.1327459504 18.4390889146 17.691806013 18.6815416923 12.5299640861 12.5299640861 26.2488094968 23.0867927612 23.8537208838 39.4461658466 36.235341864 62.4259561401 61.0737259384 
