Leaf
244 1.0 0.161681232111 0.157180870587 0.269152963402 0.210800862738 0.379128790288 0.234027703162 0.219798747777 0.208920455257 0.204290064142 0.490242493155 0.245304122866 0.252463230911 0.286582505034 0.289364723114 0.103742279412 0.107590074927 0.131588765387 0.147850441937 0.205690126653 0.221154706029 0.383363245221 0.343204241582 0.168632180791 0.168419306083 0.280253537615 0.283688717158 0.145896385444 0.126869451203 0.134554265195 0.12028936062 0.152312447303 0.204290064142 0.0865210333873 0.0874831713601 0.28432030692 0.274040248821 0.304074816958 0.288578460704 0.274040248821 0.460560678855 0.427040881726 
585 1.0 0.178147708278 0.178886913562 0.252788617194 0.206773655039 0.367597608958 0.227801754784 0.2159055393 0.190929855062 0.187793932538 0.482506049311 0.254349858699 0.259040803286 0.290270666638 0.290441096636 0.103546252175 0.103546252175 0.134579489354 0.134579489354 0.201685298473 0.210646305279 0.37267799625 0.378300989894 0.145305713342 0.154119982874 0.260057650388 0.274859305644 0.134456865648 0.122113005739 0.132603903399 0.113283720686 0.138326917975 0.187793932538 0.0828370017397 0.0897196595695 0.316112988476 0.292985650135 0.315956406453 0.293154501739 0.270015590491 0.455168842422 0.454878833573 
840 1.0 0.174854792212 0.163937384602 0.2622110995 0.169307930241 0.327738277932 0.237937947406 0.244247768482 0.213280194724 0.21989082777 0.497480602674 0.231842472684 0.231713778545 0.277304593245 0.266274879979 0.0880647853181 0.0826481901846 0.135221529511 0.124542413764 0.231456175599 0.228211605561 0.376648749351 0.362154461301 0.164300882575 0.174854792212 0.27307730684 0.26442006668 0.150266975935 0.14695517688 0.127851517159 0.147056630242 0.163846384104 0.21989082777 0.0854867189689 0.0908982435397 0.301227912109 0.284472640288 0.305553860751 0.313028077305 0.289513464685 0.466570779539 0.440527106141 
1226 1.0 0.15223496371 0.157571466717 0.255432242697 0.190250065408 0.375068880463 0.214123980173 0.216387002632 0.181351927182 0.19778234364 0.484069555857 0.251413105933 0.252818313556 0.286896971858 0.298891828239 0.0930065189379 0.0991520496816 0.154449056652 0.155401866779 0.209101481059 0.209030874445 0.39857593695 0.410723637585 0.141061834634 0.167823883664 0.236903042378 0.280496977806 0.122102700371 0.119660399641 0.146301433995 0.124021917395 0.138527583375 0.19778234364 0.104938293045 0.104515437223 0.34269831499 0.326009931138 0.347616555592 0.273029938266 0.315142933434 0.477962630194 0.503325032961 
1260 1.0 0.166558766309 0.168230665339 0.262654204355 0.190099538476 0.37431063101 0.224835469356 0.222646476639 0.194555956707 0.202485863089 0.506939770321 0.242790033105 0.232409860348 0.27899467188 0.275715235391 0.090477133006 0.100549478647 0.139591347409 0.142444241997 0.223195737504 0.21699685107 0.375942637763 0.377474924364 0.148221336038 0.146320983904 0.261920625101 0.264313858202 0.137189868418 0.129853727534 0.135134473286 0.125469208581 0.15148960089 0.202485863089 0.0902835988101 0.0925793109113 0.297208751226 0.279558361319 0.295615443553 0.26031291298 0.276158966371 0.435683182574 0.444860648997 
1293 1.0 0.159471344018 0.159798688893 0.265865661058 0.20691747297 0.361247716819 0.224365019733 0.232298782313 0.191165258534 0.20188969655 0.50294378146 0.247755997535 0.242066237637 0.299683395614 0.286063687619 0.106895185743 0.103079224862 0.162822175366 0.160559898252 0.227831809055 0.219340113411 0.376638844743 0.382967810907 0.158924270899 0.161101417153 0.266911865439 0.269444970692 0.148028911999 0.11715729485 0.138169282912 0.108351811072 0.14409348801 0.20188969655 0.103079224862 0.0982338372421 0.306294642936 0.289453472965 0.303839450083 0.301248635332 0.266193041629 0.46553391441 0.448147399048 
1448 1.0 0.169488310107 0.163845078133 0.27673485069 0.20899583805 0.400939435643 0.222516941502 0.210136861113 0.190479606446 0.194701044507 0.513860182911 0.235871283193 0.232604587208 0.289736215832 0.275290956612 0.113492728376 0.0974732588294 0.137848004605 0.128014426096 0.204679824856 0.215011334732 0.410332047988 0.38383567609 0.15940667928 0.15688665528 0.277195308331 0.280851793574 0.142845755735 0.125372074967 0.146590998262 0.114332390095 0.13133364164 0.194701044507 0.0723101526062 0.0723101526062 0.339728232268 0.323084922842 0.346695359884 0.285077060347 0.271030765326 0.46562019718 0.435657600685 
1544 1.0 0.16474702544 0.15865380282 0.274390243902 0.176829268293 0.341517852803 0.197865618775 0.202967280208 0.167766054783 0.171708876102 0.493940076856 0.23678643706 0.23678643706 0.28134809744 0.278358834403 0.0922728411611 0.086232534291 0.139045783549 0.142870420901 0.204518412576 0.202692318763 0.382011100187 0.387375126202 0.130493503409 0.135387825068 0.262690966202 0.259415212027 0.143519540194 0.0952469472672 0.137567246008 0.0964109042734 0.15243902439 0.171708876102 0.0983202164427 0.0928752817788 0.308575144607 0.287168581447 0.29784572541 0.294266549074 0.270019388116 0.479541286367 0.479541286367 
1569 1.0 0.168444953686 0.173703800709 0.263066820882 0.205259562236 0.352862736382 0.203090311784 0.198052804814 0.174894926439 0.16478989454 0.510458102148 0.195803729142 0.203294662309 0.249955013253 0.255432329082 0.107310628245 0.101203826671 0.141372413043 0.141568084296 0.174181228455 0.18377058061 0.369419258073 0.368143194647 0.154740546329 0.15176014585 0.289421329349 0.289421329349 0.143123824242 0.0965852976554 0.133102452929 0.0941176470588 0.118233830837 0.16478989454 0.0831890330808 0.0823529411765 0.320553155123 0.310463433036 0.323390344443 0.280632010397 0.298415654942 0.428629424318 0.440980348565 
1636 1.0 0.177861817391 0.177861817391 0.272274703925 0.211180938935 0.366703092839 0.222010365082 0.215735424541 0.193247319266 0.191563039909 0.511374886516 0.217799925404 0.22012563365 0.266025225678 0.26971219545 0.106861595701 0.106137101953 0.149482404825 0.137546970746 0.207420740227 0.211545988367 0.345914441323 0.352848877248 0.144121351156 0.139330474344 0.273292979798 0.268737777787 0.140543504921 0.106717090435 0.147612502664 0.113988710532 0.137546970746 0.191563039909 0.0771790533602 0.0833320473549 0.308716213441 0.277995621159 0.295695067555 0.289098023784 0.261343377762 0.436201679488 0.432399743267 
1675 1.0 0.165680287357 0.165975179826 0.251810941147 0.211568039658 0.388638609383 0.233051708944 0.240960997916 0.199431937607 0.20681484598 0.514382059032 0.229030233275 0.223847231319 0.280881073551 0.265670751183 0.110862704364 0.10340742299 0.153632846241 0.149437667114 0.201869078194 0.199431937607 0.385987191519 0.377057719669 0.161192174526 0.166269549279 0.26932694262 0.271976913748 0.148232946591 0.134754225092 0.122592882342 0.120446670374 0.14136601985 0.20681484598 0.0950286758847 0.0970652359901 0.298929868548 0.274126018473 0.293648395076 0.286398086339 0.26932694262 0.452835135172 0.437231833629 
