Leaf
556 111.018016556 19.2353840617 20.3960780544 31.0 22.0 37.0 20.8086520467 21.9544984001 15.6524758425 17.4928556845 54.0370243444 36.3455636908 36.2215405525 41.2310562562 40.8533964316 11.1803398875 11.1803398875 17.8044938148 17.8044938148 19.9248588452 21.0237960416 33.6005952328 31.9061122671 13.416407865 15.2643375225 26.5706605112 29.4108823397 16.1245154966 14.1421356237 15.1327459504 13.0384048104 13.4536240471 17.4928556845 10.7703296143 11.1803398875 19.4164878389 18.1107702763 21.9317121995 33.6154726279 35.8468966579 55.3172667438 55.4436651025 
306 102.004901843 19.4164878389 19.4164878389 28.0713376952 22.0 37.0 20.591260282 21.6333076528 16.6433169771 15.6524758425 50.0399840128 35.0570962859 33.2415402772 40.162171256 39.0 11.401754251 11.401754251 17.2046505341 18.4390889146 18.7882942281 18.3847763109 34.1320963318 34.6698716467 14.4222051019 13.8924439894 28.1602556807 27.2029410175 15.0332963784 14.7648230602 13.0384048104 12.5299640861 12.7279220614 15.6524758425 10.8166538264 10.295630141 22.803508502 21.0237960416 21.9544984001 32.4499614792 33.6154726279 54.4058820349 56.8506816142 
101 109.01834708 18.1107702763 19.1049731745 28.0178514522 21.0237960416 35.0 23.8537208838 22.4722050542 18.6815416923 18.3847763109 53.0 30.2654919008 30.1496268634 34.0147027034 34.9284983931 10.0498756211 11.1803398875 16.4012194669 17.8044938148 22.1359436212 23.0867927612 34.6698716467 33.1209903234 17.0880074906 16.1245154966 27.7848879789 29.5465734054 14.5602197786 14.4222051019 14.3178210633 12.5299640861 15.0 18.3847763109 11.1803398875 11.7046999107 23.3238075794 22.0907220344 25.6124969497 29.7321374946 36.0555127546 49.578221025 53.0754180389 
194 117.004273426 19.2353840617 20.0997512422 31.064449134 24.0208242989 42.0119030752 24.4131112315 22.4722050542 17.7200451467 18.7882942281 57.008771255 30.2654919008 31.1448230048 35.77708764 37.1618083521 12.1655250606 12.3693168769 17.691806013 18.4390889146 19.6977156036 20.591260282 36.4005494464 36.0555127546 14.3178210633 15.8113883008 26.9258240357 31.0161248385 14.5602197786 12.0415945788 17.1172427686 13.6014705087 16.4012194669 18.7882942281 10.295630141 10.295630141 22.4722050542 21.0950231097 24.0831891576 29.9666481275 36.0555127546 53.1507290637 55.8659108939 
195 111.004504413 19.2353840617 18.2482875909 29.0 22.0227155455 37.0135110466 23.3238075794 23.3238075794 18.3847763109 18.0277563773 53.0 34.1320963318 35.2278299076 39.5600808897 39.9249295554 11.401754251 11.1803398875 18.6010752377 17.8044938148 25.0 23.4093998214 37.1214223865 39.4461658466 15.6524758425 16.5529453572 28.231188427 27.7308492477 14.1421356237 13.8924439894 15.1327459504 15.2643375225 14.8660687473 18.0277563773 11.1803398875 11.1803398875 27.4590604355 25.0199920064 26.9258240357 34.0147027034 33.8378486314 56.4003546088 56.7274184147 
217 106.004716876 19.1049731745 18.1107702763 30.0166620396 22.0227155455 37.0540146273 23.0217288664 22.4722050542 18.0277563773 18.0277563773 55.0090901579 34.2344855372 34.2344855372 38.0788655293 39.0 11.0453610172 11.1803398875 16.2788205961 15.6204993518 19.3132079158 18.7882942281 37.2155881319 38.4707681233 16.1554944214 15.6524758425 28.1780056072 27.7308492477 15.2970585408 15.0 15.1327459504 14.4222051019 11.6619037897 18.0277563773 9.8488578018 10.8166538264 25.5538646784 24.0 25.0599281723 31.0483493925 29.8328677804 52.3450093132 52.4022900263 
243 106.018866246 20.3960780544 19.2353840617 29.0 20.0 35.0 22.360679775 25.0 18.8679622641 17.4642491966 54.0 36.2215405525 36.3455636908 40.8533964316 40.4969134626 11.1803398875 9.21954445729 15.6204993518 15.6204993518 18.7882942281 18.3847763109 35.77708764 37.2155881319 15.6524758425 15.1327459504 28.7923600978 24.1867732449 16.1245154966 15.0 13.152946438 17.0293863659 12.8062484749 17.4642491966 9.43398113206 9.8488578018 24.4131112315 22.0227155455 21.9544984001 33.2415402772 31.7647603485 54.0370243444 56.2227711875 
300 107.018689956 19.0262975904 20.2237484162 27.0185121722 22.0227155455 36.0138862107 21.400934559 23.3238075794 17.0880074906 18.7882942281 52.1536192416 32.0624390838 32.14031736 35.1140997322 37.1618083521 10.0498756211 12.1655250606 15.5563491861 16.2788205961 19.9248588452 20.6155281281 33.6154726279 35.5105618091 13.9283882772 16.1245154966 26.83281573 30.083217913 12.3693168769 12.2065556157 15.1327459504 13.8924439894 13.4536240471 18.7882942281 9.8488578018 10.295630141 23.0217288664 21.0 23.6008474424 29.9666481275 34.4818792991 50.6063237155 53.7401153702 
349 111.004504413 20.0997512422 19.0262975904 30.0 22.0 40.0124980475 23.6008474424 24.2074368738 18.0277563773 18.4390889146 59.0 33.2415402772 33.2415402772 38.4837628098 37.6961536499 12.1655250606 10.1980390272 18.6010752377 18.6010752377 23.7065391823 21.1896201004 36.0555127546 36.8917334914 14.7648230602 14.5602197786 29.1547594742 26.4196896272 16.2788205961 13.4536240471 14.3178210633 14.8660687473 15.0 18.4390889146 12.5299640861 11.7046999107 25.0 22.0227155455 23.3238075794 32.8937684068 29.7321374946 53.7587202229 52.4022900263 
360 108.166538264 19.2353840617 18.0277563773 29.0688837075 22.0907220344 39.0512483795 24.1867732449 23.3238075794 19.3132079158 19.9248588452 53.0848377599 30.0166620396 30.5941170816 35.1140997322 35.3553390593 11.401754251 11.0453610172 16.2788205961 14.8660687473 20.1246117975 19.6977156036 35.8468966579 35.8050275799 15.2315462117 16.5529453572 27.3130005675 28.6530975638 14.1421356237 14.4222051019 15.5241746963 13.6014705087 14.2126704036 19.9248588452 9.43398113206 9.43398113206 22.803508502 21.0237960416 23.3238075794 29.7321374946 30.5941170816 50.3289181286 50.9901951359 
395 108.074048689 18.2482875909 17.0 30.0166620396 22.0 39.0128184063 23.3238075794 23.6008474424 18.0277563773 19.2353840617 56.0357029045 33.2415402772 32.2490309932 39.3954312072 37.6961536499 12.3693168769 10.4403065089 19.7230829233 20.8086520467 22.360679775 22.1359436212 38.9486841883 38.5875627631 16.6433169771 16.1554944214 29.1547594742 27.4590604355 16.2788205961 13.0384048104 14.5602197786 13.6014705087 15.0 19.2353840617 13.8924439894 13.3416640641 27.4590604355 26.0192236625 26.83281573 32.8937684068 30.083217913 55.3172667438 54.6717477313 
396 112.040171367 20.2237484162 19.2353840617 30.0166620396 22.0 38.0131556175 23.0217288664 24.6981780705 17.4642491966 18.973665961 56.0089278598 35.3553390593 34.1320963318 41.2310562562 39.5600808897 11.401754251 11.401754251 18.6010752377 18.6010752377 18.7882942281 19.6977156036 37.2155881319 36.3593179254 15.2643375225 15.2315462117 29.7321374946 27.3130005675 16.1245154966 13.6014705087 14.3178210633 13.6014705087 15.6204993518 18.973665961 11.1803398875 11.1803398875 24.6981780705 23.0 24.6981780705 32.2800247831 31.7804971641 53.7587202229 54.6717477313 
405 109.224539367 20.2237484162 19.0 30.1496268634 21.0950231097 37.1214223865 23.3238075794 23.3452350599 18.7882942281 17.2626765016 58.3095189485 34.2344855372 33.3766385366 40.8533964316 38.0788655293 11.7046999107 10.1980390272 17.2046505341 16.2788205961 21.4709105536 20.8806130178 39.8120584748 38.5875627631 15.2643375225 14.5602197786 29.7321374946 26.9258240357 17.0293863659 15.0 13.6014705087 13.4536240471 13.4536240471 17.2626765016 10.0 9.8488578018 28.0178514522 26.0768096208 26.4007575649 32.5729949498 28.7923600978 54.8178802947 53.2634959423 
424 106.38138935 18.1107702763 19.4164878389 29.0688837075 21.0237960416 36.0555127546 22.2036033112 19.3132079158 16.7630546142 18.4390889146 49.040799341 32.5576411922 33.0605505096 37.1214223865 37.0 11.0453610172 10.1980390272 14.8660687473 14.8660687473 17.0880074906 17.4928556845 35.0 33.5410196625 15.8113883008 17.691806013 26.4196896272 32.2800247831 13.3416640641 14.4222051019 16.0312195419 12.6491106407 14.2126704036 18.4390889146 9.43398113206 8.94427191 20.1246117975 20.3960780544 24.0416305603 27.8567765544 37.1618083521 49.5176736126 55.3172667438 
429 102.176318196 18.1107702763 19.2353840617 28.0178514522 21.0 39.0128184063 22.4722050542 23.3238075794 18.0277563773 18.3847763109 52.038447325 34.1320963318 35.2278299076 38.275318418 39.9249295554 10.1980390272 11.1803398875 17.8044938148 17.2046505341 19.9248588452 21.6333076528 36.3593179254 37.7359245282 14.5602197786 16.6433169771 25.0599281723 30.083217913 12.3693168769 13.6014705087 16.1245154966 13.8924439894 14.2126704036 18.3847763109 11.7046999107 12.5299640861 24.1867732449 23.0217288664 25.8069758011 27.3130005675 34.7850542619 50.6063237155 56.5862174032 
452 104.043260233 19.2353840617 18.2482875909 28.0178514522 19.0 34.0147027034 22.4722050542 23.3238075794 17.4642491966 18.0277563773 52.038447325 32.3882694814 33.2415402772 38.0788655293 38.275318418 10.4403065089 9.48683298051 15.6204993518 15.0 17.88854382 16.5529453572 38.5875627631 36.7695526217 14.7648230602 13.9283882772 27.8567765544 25.079872408 14.3178210633 12.2065556157 14.1421356237 14.2126704036 14.2126704036 18.0277563773 9.43398113206 9.43398113206 24.1660919472 24.0831891576 25.2388589282 30.3644529014 31.7804971641 54.4885309033 53.8237865632 
458 110.004545361 18.2482875909 18.1107702763 30.0166620396 20.0 33.0605505096 23.7065391823 24.1867732449 19.3132079158 19.9248588452 53.0094331228 33.2415402772 34.5253530033 37.6961536499 39.3954312072 10.1980390272 10.1980390272 15.6204993518 15.6204993518 17.0880074906 19.3132079158 33.5410196625 33.2866339542 17.0 16.1554944214 28.6356421266 27.2946881279 16.2788205961 14.4222051019 14.1421356237 15.2643375225 14.1421356237 19.9248588452 9.43398113206 9.43398113206 23.0217288664 22.0 23.3238075794 33.8378486314 32.6955654485 50.9901951359 53.0754180389 
477 116.068945028 19.1049731745 18.2482875909 31.0161248385 20.0 39.0128184063 24.6981780705 25.9422435421 19.9248588452 20.8806130178 56.0802995712 35.5105618091 36.3455636908 40.3112887415 40.8533964316 10.1980390272 10.1980390272 14.8660687473 14.8660687473 19.2353840617 18.8679622641 37.4432904537 36.7151195014 17.0880074906 17.88854382 28.6530975638 29.0688837075 15.5241746963 15.0 16.2788205961 15.2643375225 16.2788205961 20.8806130178 8.60232526704 9.21954445729 24.5967477525 24.0831891576 25.2388589282 31.0161248385 34.1760149813 54.4885309033 55.9016994375 
538 102.122475489 17.1172427686 17.4642491966 28.0 23.0217288664 37.0135110466 25.5538646784 25.079872408 20.3960780544 20.2484567313 51.0098029794 32.14031736 31.064449134 37.1618083521 36.4005494464 12.1655250606 11.401754251 16.9705627485 17.0293863659 19.6468827044 21.0237960416 36.0555127546 35.3553390593 17.2626765016 16.5529453572 25.0 26.4007575649 13.3416640641 17.2046505341 15.2970585408 14.4222051019 16.4012194669 20.2484567313 10.8166538264 10.295630141 21.4709105536 21.0950231097 23.4307490277 27.2946881279 35.77708764 52.0096144958 56.8506816142 
548 107.004672795 19.1049731745 18.2482875909 31.0 23.0 39.0512483795 22.803508502 21.4709105536 16.7630546142 17.88854382 55.0090901579 34.0587727319 34.5253530033 37.3363094052 39.3573373083 11.0453610172 12.0415945788 16.2788205961 15.5563491861 20.3960780544 21.6333076528 36.6196668472 36.7151195014 15.2970585408 18.0277563773 25.5538646784 30.4630924235 13.152946438 16.4012194669 18.1107702763 15.2643375225 13.4536240471 17.88854382 10.295630141 11.401754251 24.1660919472 23.3452350599 27.6586333719 26.4196896272 37.3630833845 51.6139516023 56.5685424949 
571 111.04053314 20.0997512422 20.0997512422 27.0185121722 20.0 34.0 25.2388589282 26.0768096208 19.9248588452 20.8806130178 55.0363516233 32.14031736 33.2415402772 36.4005494464 37.6961536499 10.1980390272 10.1980390272 15.0 16.2788205961 19.9248588452 20.6155281281 34.4818792991 34.4818792991 16.7630546142 16.4924225025 28.6530975638 27.7848879789 14.3178210633 15.8113883008 13.152946438 16.6433169771 16.4012194669 20.8806130178 10.295630141 9.8488578018 25.0599281723 23.0867927612 25.8069758011 33.5410196625 37.6430604494 55.0 55.8659108939 
590 113.110565377 19.1049731745 19.0262975904 29.0688837075 19.0262975904 38.0525951809 21.400934559 22.0227155455 16.1554944214 16.7630546142 56.0357029045 31.4006369362 30.4138126515 34.9284983931 33.5410196625 9.05538513814 10.0 14.8660687473 13.4536240471 22.360679775 22.8473193176 42.5440947724 42.5440947724 15.6524758425 15.2315462117 28.6356421266 28.1780056072 14.1421356237 13.8924439894 15.5241746963 13.4536240471 14.2126704036 16.7630546142 8.94427191 10.295630141 34.9857113691 32.0624390838 34.0147027034 36.4965751818 31.4006369362 56.7274184147 54.5618914628 
633 109.004587059 19.1049731745 19.1049731745 33.0151480384 23.0 38.0131556175 22.4722050542 23.7065391823 18.3847763109 20.6155281281 56.0802995712 34.1320963318 35.6931365951 39.5600808897 42.4852915725 11.401754251 12.3693168769 14.8660687473 17.0293863659 17.88854382 18.3847763109 37.7359245282 35.8468966579 14.8660687473 15.6524758425 26.83281573 28.6356421266 16.4924225025 14.8660687473 17.2626765016 14.8660687473 13.6014705087 20.6155281281 8.48528137424 8.60232526704 23.8537208838 23.0867927612 27.0185121722 31.7647603485 35.3411940941 55.0 56.2227711875 
697 109.0 20.0997512422 20.2237484162 30.0166620396 22.0 39.0128184063 20.6155281281 22.2036033112 15.6524758425 16.5529453572 56.0089278598 31.1448230048 30.4138126515 35.8468966579 35.77708764 11.1803398875 11.1803398875 16.2788205961 16.2788205961 17.88854382 19.2353840617 38.9486841883 38.5875627631 13.416407865 14.3178210633 27.8567765544 27.8567765544 15.2970585408 12.7279220614 15.5241746963 12.7279220614 12.0415945788 16.5529453572 10.295630141 9.8488578018 23.8537208838 23.0217288664 25.6124969497 30.3644529014 32.2800247831 52.4976189936 53.0754180389 
745 102.0 20.0997512422 19.2353840617 30.0166620396 21.0237960416 37.0135110466 23.7065391823 23.7065391823 21.0237960416 19.6977156036 52.0096144958 32.7566787083 32.0624390838 38.4707681233 37.0 11.1803398875 10.4403065089 15.6204993518 17.0293863659 17.4928556845 18.3847763109 34.6698716467 33.2866339542 15.6524758425 15.6524758425 29.5465734054 28.231188427 16.2788205961 14.2126704036 14.1421356237 13.8924439894 17.2046505341 19.6977156036 9.43398113206 9.43398113206 22.0227155455 20.0249843945 21.6333076528 31.384709653 28.6530975638 51.6623654124 50.0 
863 112.01785572 20.0249843945 21.0237960416 31.0161248385 25.0 46.0 21.2602916255 20.6155281281 16.1554944214 17.0 58.0086200491 32.14031736 33.1360830516 38.4837628098 39.0 13.3416640641 12.3693168769 18.4390889146 19.1049731745 19.7230829233 20.2484567313 44.1021541424 43.0464865001 13.0384048104 12.2065556157 28.7923600978 29.4108823397 15.1327459504 12.0415945788 16.0312195419 12.7279220614 15.0 17.0 11.401754251 10.295630141 26.83281573 26.0768096208 29.4108823397 27.6586333719 29.6141857899 55.2268050859 54.5618914628 
871 110.0 20.0997512422 18.0277563773 31.0 23.0217288664 36.0138862107 22.825424421 22.4722050542 20.1246117975 18.973665961 54.0092584656 32.2490309932 33.2415402772 37.5765884561 37.1618083521 12.1655250606 11.0453610172 16.9705627485 15.5563491861 22.1359436212 21.8403296678 36.6742416418 37.7359245282 15.6524758425 16.1554944214 29.5465734054 27.7848879789 16.2788205961 14.2126704036 15.2970585408 15.0 15.0 18.973665961 9.43398113206 9.8488578018 27.4590604355 25.079872408 24.5967477525 35.1710107901 30.083217913 54.4885309033 53.1507290637 
875 104.479663093 18.2482875909 18.0 28.0713376952 21.0950231097 34.0587727319 21.4709105536 21.400934559 17.88854382 17.7200451467 51.1566222497 31.0 31.7804971641 36.4005494464 37.5898922584 10.7703296143 11.1803398875 17.2046505341 16.2788205961 19.9248588452 20.2484567313 36.6742416418 35.8468966579 14.7648230602 16.1245154966 26.9258240357 29.5296461205 12.1655250606 12.0830459736 16.4924225025 12.8062484749 12.8062484749 17.7200451467 9.43398113206 10.295630141 21.9544984001 22.0227155455 25.0 28.0178514522 33.9558536927 53.3385414124 52.3259018078 
959 110.113577728 19.0 18.1107702763 31.064449134 20.0249843945 38.0 23.0217288664 21.9317121995 19.9248588452 20.1246117975 53.0848377599 30.8058436015 31.2569992162 35.8468966579 35.4682957019 11.0453610172 9.21954445729 14.8660687473 15.6204993518 18.3575597507 19.2353840617 36.8917334914 35.8468966579 14.3178210633 15.2643375225 28.1780056072 28.231188427 16.4924225025 13.4536240471 15.1327459504 13.0384048104 17.0293863659 20.1246117975 10.8166538264 9.8488578018 24.6981780705 22.0227155455 24.4131112315 30.3644529014 30.4138126515 52.4022900263 53.600373133 
965 108.295890965 20.0997512422 19.2353840617 29.0172362571 22.0227155455 39.0 21.6333076528 21.9317121995 17.88854382 19.7230829233 50.0899191455 35.2278299076 35.1283361405 39.9249295554 40.4969134626 11.1803398875 11.401754251 17.0293863659 17.8044938148 18.3575597507 18.7882942281 36.8917334914 36.3593179254 14.7648230602 15.0 29.1547594742 29.4108823397 14.3178210633 12.2065556157 15.1327459504 11.6619037897 14.2126704036 19.7230829233 11.1803398875 10.7703296143 24.4131112315 22.0 24.4131112315 31.6227766017 33.5410196625 53.0754180389 56.2227711875 
1063 112.040171367 20.0997512422 20.2237484162 30.0166620396 21.0 39.0128184063 25.2388589282 25.0599281723 19.9248588452 20.6155281281 56.0357029045 33.3766385366 34.2344855372 37.5765884561 37.6961536499 11.0453610172 10.0498756211 14.8660687473 14.1421356237 20.6155281281 20.591260282 35.2278299076 35.5105618091 15.5241746963 16.1554944214 27.2946881279 28.6356421266 14.5602197786 14.8660687473 16.2788205961 15.6204993518 17.0293863659 20.6155281281 9.43398113206 9.43398113206 23.0217288664 21.0237960416 24.8394846967 32.6496554346 36.2491379208 54.6717477313 56.7274184147 
1089 109.114618636 20.2237484162 19.1049731745 28.0713376952 24.0208242989 42.0119030752 25.0599281723 25.2388589282 20.6155281281 19.6468827044 54.083269132 30.0166620396 29.1547594742 35.4682957019 34.4383507154 12.3693168769 12.1655250606 19.2093727123 18.4390889146 21.0237960416 21.0237960416 39.8246155035 41.0487515035 15.2315462117 15.8113883008 28.231188427 27.2946881279 14.3178210633 13.6014705087 14.8660687473 13.4536240471 17.0293863659 19.6468827044 11.1803398875 11.6619037897 25.0 23.0217288664 23.8537208838 30.6757233004 28.1602556807 54.0370243444 53.0754180389 
1096 103.004854255 18.0277563773 17.0293863659 29.0 21.0237960416 35.0 24.5967477525 24.5967477525 22.1359436212 21.8403296678 51.0 33.1360830516 34.3656805549 38.6264158317 39.0 11.401754251 10.1980390272 15.5563491861 14.1421356237 20.2484567313 19.3132079158 34.4818792991 34.9857113691 15.8113883008 16.1554944214 26.9258240357 26.9258240357 14.1421356237 15.8113883008 15.1327459504 15.8113883008 18.0277563773 21.8403296678 8.60232526704 8.60232526704 23.6008474424 21.0237960416 23.0217288664 31.304951685 29.9666481275 52.8015151298 51.4003891036 
1121 109.004587059 19.1049731745 18.2482875909 26.0192236625 24.0 42.0119030752 25.0 23.8537208838 18.4390889146 17.7200451467 54.0092584656 32.0 33.0605505096 36.0555127546 37.6961536499 12.1655250606 12.1655250606 17.691806013 17.691806013 17.88854382 18.0277563773 37.2021504755 36.8917334914 15.2970585408 15.2315462117 25.5538646784 26.4007575649 12.3693168769 15.0 14.1421356237 14.4222051019 14.8660687473 17.7200451467 10.295630141 10.295630141 24.1867732449 22.0907220344 25.6124969497 27.2946881279 33.8378486314 52.8015151298 55.1724568965 
1159 111.04053314 20.2237484162 21.2132034356 29.0172362571 21.0 37.0 22.803508502 21.9544984001 16.1554944214 18.8679622641 54.0370243444 29.4278779391 30.1496268634 34.885527085 34.5398320783 11.1803398875 10.1980390272 15.5563491861 14.8660687473 19.3132079158 20.1246117975 33.8378486314 33.2866339542 14.8660687473 16.6433169771 27.3130005675 31.9530906173 14.5602197786 13.4536240471 15.2970585408 12.5299640861 12.8062484749 18.8679622641 9.43398113206 8.94427191 24.6981780705 23.0217288664 27.2029410175 32.0156211872 35.4400902933 49.5176736126 52.3259018078 
1196 116.017240098 19.4164878389 19.2353840617 28.0178514522 21.0237960416 37.0540146273 24.1867732449 23.8537208838 18.3847763109 18.0277563773 53.0377224247 35.1283361405 35.2278299076 41.4366987102 40.4969134626 11.7046999107 10.4403065089 17.2046505341 17.0293863659 20.591260282 19.9248588452 39.3573373083 38.0788655293 16.1554944214 16.4924225025 27.3130005675 26.4196896272 15.2970585408 15.0 13.6014705087 15.0 16.2788205961 18.0277563773 10.0 9.8488578018 26.6270539114 25.0199920064 25.5538646784 35.4682957019 34.4383507154 58.2580466545 57.6281181369 
1246 115.108644332 18.1107702763 18.0277563773 31.0161248385 22.0227155455 36.0555127546 23.7065391823 25.2388589282 20.2484567313 20.3960780544 56.0089278598 33.1360830516 33.5410196625 37.6961536499 38.0131556175 11.1803398875 11.0453610172 17.0293863659 16.2788205961 22.1359436212 23.0867927612 35.77708764 36.0555127546 16.1245154966 18.3847763109 28.6356421266 29.6816441593 15.2970585408 13.0384048104 16.4924225025 15.8113883008 16.2788205961 20.3960780544 10.295630141 11.1803398875 26.0768096208 25.0199920064 27.7848879789 34.1760149813 34.9284983931 53.9073278878 53.7587202229 
1264 107.168092266 20.0997512422 21.0 31.0161248385 20.0249843945 34.0587727319 22.2036033112 22.0227155455 17.4642491966 18.3847763109 58.0344725142 30.2654919008 30.8058436015 36.7695526217 37.1214223865 10.7703296143 10.4403065089 18.3575597507 18.6010752377 21.5406592285 21.8403296678 34.885527085 34.1320963318 13.416407865 13.9283882772 27.8567765544 29.0688837075 16.1245154966 14.1421356237 15.2970585408 14.1421356237 12.8062484749 18.3847763109 11.1803398875 11.7046999107 25.6124969497 22.0227155455 25.2388589282 31.3209195267 31.0483493925 49.040799341 48.8364617883 
1279 110.004545361 20.0249843945 20.0 29.0 22.0 36.0138862107 25.8069758011 24.2074368738 20.6155281281 19.6468827044 59.0338885726 31.1448230048 31.2569992162 35.8468966579 36.2491379208 11.1803398875 11.1803398875 16.2788205961 16.2788205961 20.2484567313 21.1896201004 38.4707681233 37.5898922584 16.1554944214 15.2315462117 29.5296461205 29.5296461205 15.2970585408 15.0 14.3178210633 13.6014705087 17.0293863659 19.6468827044 9.8488578018 10.295630141 25.2388589282 24.0 25.5538646784 31.3209195267 31.7804971641 52.4976189936 52.3450093132 
1413 113.110565377 19.1049731745 19.0262975904 29.0172362571 19.0262975904 40.0124980475 21.6333076528 22.803508502 17.4642491966 17.7200451467 55.0090901579 30.2654919008 30.5941170816 36.4005494464 36.6742416418 9.8488578018 10.4403065089 15.8113883008 15.6204993518 18.0277563773 18.6010752377 40.3112887415 39.4461658466 13.8924439894 14.8660687473 27.8567765544 27.2946881279 14.1421356237 12.2065556157 15.2970585408 14.8660687473 15.6204993518 17.7200451467 9.43398113206 10.0 24.6981780705 24.0208242989 26.6270539114 28.8617393793 31.2569992162 51.7397332811 51.6236379966 
1474 112.004464197 19.1049731745 19.0262975904 28.0 20.0 37.0135110466 23.0217288664 24.2074368738 18.0277563773 18.4390889146 56.0 31.4006369362 31.1448230048 35.3411940941 34.5398320783 10.0498756211 10.0498756211 16.6433169771 17.8044938148 21.4709105536 21.1896201004 38.9486841883 37.5898922584 15.6524758425 14.8660687473 28.6356421266 27.2946881279 15.2970585408 13.6014705087 13.3416640641 13.6014705087 17.0293863659 18.4390889146 12.0830459736 12.6491106407 25.2388589282 23.0 25.8069758011 35.1710107901 35.1710107901 56.5862174032 54.4885309033 
1494 111.004504413 18.0 18.1107702763 28.0 21.0 34.0147027034 22.0227155455 21.6333076528 17.4642491966 17.0880074906 54.0092584656 31.1448230048 31.2569992162 35.4682957019 36.2491379208 10.1980390272 11.1803398875 14.8660687473 14.1421356237 17.0880074906 16.5529453572 36.235341864 37.1214223865 13.6014705087 13.6014705087 25.5538646784 24.5967477525 13.152946438 14.2126704036 15.1327459504 15.5563491861 14.8660687473 17.0880074906 8.0622577483 9.21954445729 26.9258240357 25.0199920064 26.4196896272 33.5410196625 33.5410196625 51.6236379966 51.6236379966 
1511 111.543713404 20.0997512422 18.0 28.0713376952 19.0262975904 38.0525951809 21.400934559 22.627416998 16.5529453572 16.1245154966 57.0788927713 30.0166620396 30.083217913 33.8378486314 34.4818792991 10.1980390272 9.05538513814 16.1245154966 17.0293863659 25.2388589282 22.5610283454 42.7200187266 44.418464629 13.0384048104 12.0415945788 28.4604989415 22.4722050542 16.2788205961 12.0415945788 13.0 13.0384048104 15.0 16.1245154966 13.0384048104 12.1655250606 35.8468966579 34.3656805549 35.4400902933 31.4006369362 32.14031736 53.4134814443 53.1507290637 
1529 113.004424692 19.0262975904 19.1049731745 31.0 20.0 35.0142828 23.3238075794 24.4131112315 20.2484567313 18.6815416923 57.0 34.7131099154 34.2344855372 40.249223595 38.275318418 11.1803398875 9.21954445729 16.6433169771 17.8044938148 22.8473193176 22.803508502 38.0131556175 37.5898922584 15.6524758425 16.1554944214 29.0688837075 28.1780056072 17.1172427686 15.6204993518 14.1421356237 15.2643375225 15.5563491861 18.6815416923 11.6619037897 10.4403065089 27.4590604355 26.0192236625 27.2946881279 34.7850542619 35.1140997322 55.3172667438 56.7274184147 
1593 109.114618636 18.1107702763 19.1049731745 29.0172362571 22.0 41.0121933088 25.0 25.2388589282 18.2482875909 19.6468827044 58.0344725142 32.2490309932 33.1360830516 37.1618083521 37.6961536499 11.1803398875 11.1803398875 17.0293863659 17.0293863659 18.3575597507 18.0277563773 38.8329756779 38.0788655293 16.4924225025 17.0880074906 26.0768096208 28.6530975638 14.5602197786 15.6204993518 15.2970585408 15.8113883008 14.4222051019 19.6468827044 11.1803398875 11.1803398875 24.5967477525 24.0831891576 25.8069758011 27.892651362 30.8058436015 51.6236379966 51.6236379966 
1628 120.149906367 20.2237484162 20.0249843945 29.0688837075 25.0 47.0 24.1867732449 24.2074368738 19.6977156036 18.6815416923 56.1426753905 32.0624390838 30.0665927567 38.0788655293 35.8468966579 13.3416640641 12.3693168769 17.691806013 16.9705627485 20.8086520467 19.7230829233 44.7772263545 46.3249392876 15.0 13.9283882772 30.3644529014 27.7308492477 15.1327459504 11.6619037897 14.5602197786 12.7279220614 17.691806013 18.6815416923 10.0 10.0 29.0688837075 25.179356624 24.5967477525 34.7131099154 26.6833281283 58.7281874401 55.9732078766 
1630 117.004273426 21.0237960416 20.0997512422 28.0 21.0 36.0 23.4307490277 24.4131112315 18.0277563773 18.973665961 57.0350769264 33.1360830516 33.2415402772 38.6264158317 38.6264158317 11.401754251 10.4403065089 17.8044938148 17.2046505341 20.2484567313 20.6155281281 37.5898922584 37.5898922584 13.6014705087 14.8660687473 27.7308492477 27.7308492477 14.1421356237 14.8660687473 14.1421356237 15.0 14.8660687473 18.973665961 10.7703296143 10.7703296143 26.6270539114 25.0 26.0768096208 36.6878726557 36.4005494464 55.9016994375 55.8659108939 
1646 120.066648158 22.2036033112 21.0237960416 29.0172362571 20.0249843945 38.0131556175 25.0 25.6124969497 18.3847763109 19.6468827044 60.0083327547 33.2415402772 33.3766385366 37.6961536499 37.1618083521 10.1980390272 10.0498756211 15.6204993518 14.8660687473 21.4709105536 20.6155281281 37.1214223865 38.275318418 13.0 14.5602197786 28.4604989415 28.1780056072 15.1327459504 14.1421356237 14.3178210633 14.8660687473 17.691806013 19.6468827044 9.43398113206 10.295630141 28.0178514522 26.0768096208 27.7308492477 39.5600808897 35.1710107901 57.9827560573 57.2800139665 
1662 100.019998 18.0 18.1107702763 28.0178514522 23.0217288664 37.0135110466 25.0599281723 25.0599281723 22.803508502 20.8806130178 52.0096144958 34.0587727319 34.1320963318 39.5600808897 38.6264158317 12.3693168769 11.1803398875 15.5563491861 15.6204993518 20.2484567313 20.2484567313 39.8246155035 38.4707681233 17.0880074906 18.0277563773 28.8444102037 28.3019433962 14.1421356237 16.1245154966 14.3178210633 16.1245154966 15.6204993518 20.8806130178 8.48528137424 8.0622577483 22.4722050542 22.0227155455 24.4131112315 26.4007575649 30.083217913 52.4309069157 54.2033209315 
