Leaf
94 1.0 0.179642015576 0.173016974304 0.302680218999 0.205357409282 0.378328563515 0.232063714011 0.220579058511 0.19671375081 0.193117765987 0.524647321048 0.305704456148 0.302100741341 0.355566284085 0.35527869215 0.10492946421 0.10492946421 0.156720128137 0.149471191935 0.193344474458 0.188526354306 0.366088266073 0.370725740726 0.159673888624 0.159673888624 0.273109763795 0.276193444605 0.153709617194 0.147008565584 0.154751086322 0.142673452016 0.150250708001 0.193117765987 0.0894544730146 0.0929763805602 0.245814232971 0.232440951401 0.244682951582 0.270693053339 0.266944940134 0.505828878646 0.500518115949 
641 1.0 0.182908096585 0.186750226276 0.28112350569 0.213557054031 0.387681157283 0.243913408383 0.231362475078 0.19010027321 0.19404400044 0.511729604856 0.299654727036 0.294073086029 0.349671153249 0.339411403753 0.109081392354 0.108063955403 0.167034480307 0.155385580741 0.178453709823 0.181174331422 0.383506700357 0.370019635957 0.167034480307 0.165991985424 0.266365608789 0.28391637682 0.143230885213 0.154264384469 0.145851179615 0.134009667886 0.143230885213 0.19404400044 0.0981137595313 0.10313235815 0.246679757304 0.236021927389 0.252496686003 0.254054360777 0.268313571601 0.49489248417 0.495720863336 
776 1.0 0.184963555189 0.185674370263 0.282203278245 0.220854739496 0.368142352726 0.219915472864 0.230608496178 0.186886620595 0.192540607627 0.503207626077 0.321128983216 0.319954833094 0.37377324119 0.369112291965 0.113121116077 0.113121116077 0.160564491608 0.160564491608 0.181263910346 0.17567548006 0.389744326218 0.395162696421 0.148382319563 0.151519713438 0.280329930893 0.283666515045 0.144397310795 0.119117315656 0.144397310795 0.115752191407 0.152386608942 0.192540607627 0.0852281138404 0.0884781208536 0.266354415103 0.257736886372 0.263441797614 0.290159781038 0.272293538613 0.517113962131 0.505893010478 
794 1.0 0.193231710488 0.190412824296 0.283192648487 0.229950488005 0.396531435226 0.256177587957 0.250504641792 0.2059228854 0.201098355771 0.528568011257 0.313978870223 0.309413653791 0.376957391727 0.369484598409 0.120356727821 0.119882880596 0.170126496013 0.163298154339 0.169539995636 0.164340493567 0.377296976054 0.398535939818 0.186333694987 0.187323825823 0.284095656566 0.286539427931 0.145120023691 0.168698600885 0.146486348604 0.169456044159 0.151641182058 0.201098355771 0.0883052983447 0.0943807989765 0.253441225715 0.240062317597 0.248851880119 0.27699467787 0.265291624382 0.50570201939 0.504885348465 
798 1.0 0.198562209902 0.194000447694 0.300524339075 0.245842918317 0.409774616749 0.244625866691 0.237003630327 0.200878536038 0.200357835384 0.524493345679 0.329425433522 0.323067302151 0.388846130541 0.377394360725 0.128587890353 0.123254867748 0.181604383802 0.17786812276 0.18814276982 0.193075162065 0.377315267282 0.363701476988 0.16434991298 0.178370812757 0.285865608977 0.300673273257 0.153844431935 0.165165100796 0.149115684087 0.151498509032 0.167230305948 0.200357835384 0.0984888053001 0.10607568964 0.252076882742 0.234980083107 0.257697494761 0.25908359617 0.278621974092 0.513654765118 0.523382521956 
818 1.0 0.187152182241 0.179520575879 0.275670710291 0.252576722574 0.448897757476 0.230921954148 0.227699788839 0.188491392041 0.178202169475 0.528989806494 0.35325868626 0.342778717047 0.423822893427 0.408216199257 0.138489618067 0.129454128267 0.19048255355 0.178466629926 0.183932483871 0.173191465611 0.39716809202 0.408216199257 0.145465442418 0.14962091174 0.271765177866 0.255054238693 0.15232825988 0.140182018357 0.129454128267 0.13928196399 0.14718444379 0.178202169475 0.0912799171055 0.0992029230112 0.254869260374 0.22047382911 0.228251454793 0.285916338823 0.24576270727 0.549542119791 0.535076802342 
911 1.0 0.188694895468 0.174386650245 0.277611638656 0.223255835324 0.381683401752 0.221658573113 0.228410032427 0.195017328663 0.187848871672 0.500367439973 0.315032134917 0.312023013744 0.365280330244 0.360043670705 0.119730632783 0.108115144788 0.168162923586 0.162380352707 0.175017852732 0.166036513747 0.366786647274 0.381297992631 0.175786244524 0.155362234904 0.312219291686 0.263528304404 0.156540726393 0.112991612473 0.133289625588 0.129086789926 0.133197669988 0.187848871672 0.0996219082482 0.100234971932 0.265335376804 0.228570903464 0.22363967224 0.317781530238 0.233502939637 0.532790679954 0.500073509593 
1052 1.0 0.175320736737 0.174921099252 0.280419355318 0.232800974226 0.396855113738 0.246184704861 0.234358990411 0.209309667536 0.205802943011 0.508039614087 0.312881534628 0.313283897274 0.370402976707 0.372400382221 0.120651795342 0.120651795342 0.192592803943 0.192592803943 0.196620572463 0.194040890527 0.365687181814 0.378625190499 0.157310694877 0.156328888041 0.26316732411 0.272367355351 0.141179654178 0.143928890243 0.146339927153 0.13654293428 0.167313936377 0.205802943011 0.113970146679 0.116039181056 0.268641790537 0.248730048057 0.265180713297 0.275128424085 0.256432830028 0.501634973131 0.504889036131 
1081 1.0 0.175214511277 0.168633624968 0.290807292005 0.232750333522 0.412780065186 0.227318009975 0.235347751822 0.182021476833 0.196046575725 0.540500604166 0.320476611528 0.32152873718 0.375550526355 0.369384623166 0.119807110783 0.117530283575 0.173373666341 0.17259269991 0.190365389162 0.181928679744 0.401666628245 0.388719314234 0.161889615147 0.170921298586 0.268148863562 0.270905606589 0.153867585545 0.153427962974 0.145287462487 0.149977201145 0.139717899927 0.196046575725 0.101659704563 0.103959245568 0.253183986675 0.238271438479 0.250164591704 0.253717006185 0.255507737901 0.513783798647 0.499281796995 
1091 1.0 0.189485429647 0.189485429647 0.283445360983 0.245108564352 0.433653613853 0.252959728504 0.261935153968 0.220686322406 0.214974431965 0.528262718898 0.377561167392 0.358731422102 0.435290048399 0.423702301435 0.119246359595 0.137262867945 0.173829946608 0.159985779674 0.177873043954 0.177873043954 0.413941198762 0.423702301435 0.168639819002 0.173829946608 0.295119683254 0.271923537485 0.150836039601 0.168639819002 0.133321483061 0.177873043954 0.177873043954 0.214974431965 0.0799928898369 0.0942725247506 0.253661421193 0.208254813974 0.230148563281 0.282817574252 0.271923537485 0.582357028374 0.575603054756 
1114 1.0 0.185695338177 0.188564620636 0.273953846367 0.207829103842 0.372032665902 0.209828880116 0.215163174137 0.172711829269 0.19107892659 0.494571413397 0.321448220338 0.327879659317 0.371551277735 0.379966024392 0.100707436814 0.114042132226 0.162385862553 0.163848827803 0.186656666456 0.19107892659 0.37586157637 0.361624092464 0.138169463415 0.163848827803 0.264198296301 0.300538434207 0.138169463415 0.123582525044 0.143672990401 0.117647058824 0.116115795386 0.19107892659 0.0977005645338 0.0939653940925 0.249567099242 0.242535625036 0.264424010393 0.23956568904 0.322559860152 0.498177085047 0.542326144547 
1117 1.0 0.182066390393 0.181651376427 0.269734894695 0.219848890371 0.368787344935 0.193559504987 0.224267380571 0.15971914125 0.192934613913 0.49478014351 0.326449467638 0.313379543552 0.371560221158 0.345979373438 0.111119496792 0.110438193639 0.167469787408 0.163363392828 0.223728275511 0.226544265144 0.371072395712 0.36578718631 0.135146965673 0.151173807607 0.263335317941 0.265788716977 0.137801496747 0.134137973799 0.134699457936 0.141796570336 0.140728005218 0.192934613913 0.100865712916 0.110574790096 0.257480758546 0.231813440766 0.238552674133 0.316399561514 0.270573016533 0.520007849234 0.501176011033 
1132 1.0 0.194257172471 0.18428853505 0.289386518915 0.229215865326 0.457956589674 0.221159367635 0.226348563036 0.188570360454 0.188570360454 0.494527379892 0.326168770368 0.327279324383 0.366998574324 0.378101590544 0.121074051637 0.111070787716 0.162080092728 0.179096263775 0.217186121382 0.210742002415 0.384194254204 0.364219745788 0.152387863552 0.156615139392 0.26938622922 0.264218320248 0.137360563949 0.137360563949 0.158457733831 0.154280953075 0.157077814372 0.188570360454 0.119262367647 0.0971285862357 0.233916611492 0.206216874017 0.247190307042 0.270729809771 0.312534468346 0.532540533151 0.539983335764 
1134 1.0 0.192718731444 0.181294532398 0.269513698214 0.231106089601 0.449413019892 0.220554317724 0.213358325022 0.178554406983 0.166652971226 0.512938591214 0.283191112581 0.282319306164 0.326833366261 0.333305942452 0.116085141451 0.118189575166 0.146164324855 0.154366731912 0.174363497948 0.172468186246 0.430741463885 0.418550929822 0.150047924418 0.154898116381 0.275245464514 0.269513698214 0.133839084632 0.128194593251 0.143325912428 0.138663653761 0.136272721866 0.166652971226 0.0924424358405 0.090647266199 0.257986642371 0.244915426518 0.266755668522 0.243569727176 0.244915426518 0.489830853035 0.482563682303 
1139 1.0 0.184490815164 0.184490815164 0.26848985349 0.219446932092 0.378132968956 0.219785323862 0.223806120444 0.169807893134 0.185695338177 0.500445699093 0.294872954767 0.305031138154 0.338080543985 0.339615786269 0.110398693749 0.110398693749 0.146805054879 0.146805054879 0.174555661477 0.169369678486 0.351656518179 0.355440140139 0.158489450956 0.158489450956 0.272610143118 0.272610143118 0.139004443936 0.131871194317 0.136305071559 0.142176056056 0.112400041469 0.185695338177 0.0879141295447 0.0879141295447 0.256311530126 0.231959035294 0.24685898385 0.272610143118 0.26626629675 0.48275862069 0.474842736342 
1168 1.0 0.161245154966 0.181107702763 0.28 0.2 0.360555127546 0.22803508502 0.22803508502 0.161245154966 0.164924225025 0.56 0.345253530033 0.340587727319 0.412310562562 0.398497176903 0.107703296143 0.107703296143 0.2 0.1788854382 0.18973665961 0.188679622641 0.360555127546 0.3577708764 0.126491106407 0.126491106407 0.22360679775 0.241660919472 0.141421356237 0.141421356237 0.141421356237 0.141421356237 0.144222051019 0.164924225025 0.126491106407 0.144222051019 0.26 0.240831891576 0.272029410175 0.31304951685 0.277848879789 0.568506816142 0.511077293567 
1171 1.0 0.205489705431 0.203700210932 0.281649314474 0.187477116007 0.359670611114 0.178130667033 0.210187219682 0.144037800479 0.153869621387 0.531185162018 0.331415850114 0.315957502325 0.385861932939 0.371356681266 0.0988091159567 0.0988091159567 0.156230930005 0.156230930005 0.195756794211 0.203100209007 0.377872207788 0.356603728507 0.132566340045 0.118981931504 0.303345595252 0.26696753022 0.157010141473 0.100036605455 0.12883132528 0.110471950038 0.104802893904 0.153869621387 0.0910975037349 0.104802893904 0.244540085776 0.234866587424 0.256237777053 0.291863463252 0.273292511205 0.520274800186 0.498472159234 
1203 1.0 0.172744718114 0.181730528288 0.298079913001 0.201107578606 0.441412424781 0.228794720893 0.239621103538 0.182765383066 0.177766717547 0.544768612877 0.312427694904 0.317418337011 0.36673270253 0.370597940083 0.102361062379 0.105387163909 0.149039956501 0.160285788353 0.211370017168 0.208776421801 0.437262688602 0.441792052823 0.168320932433 0.143743508181 0.260568724816 0.238832730013 0.157516347826 0.158047601772 0.147627223607 0.160807893281 0.134712758276 0.177766717547 0.105387163909 0.0926918842991 0.246092684548 0.240319708821 0.251899739232 0.239533634616 0.260246836212 0.522502842531 0.535613489899 
1212 1.0 0.172793656479 0.172793656479 0.258680266734 0.235698367932 0.448268459097 0.212017955456 0.213879158285 0.176294348917 0.183635419159 0.482887462955 0.258871716323 0.270354925689 0.321525741413 0.324491059863 0.125517063159 0.118478090096 0.154636803099 0.155276241263 0.180460450437 0.172410945807 0.406457763609 0.406457763609 0.161939886589 0.151725986059 0.280252506002 0.267406851106 0.138168008788 0.118338622019 0.131052482284 0.121233762872 0.146295538717 0.183635419159 0.0897715022406 0.0773184015494 0.242467525744 0.229953087748 0.256629251088 0.236956180191 0.241238451238 0.493073870391 0.493073870391 
1220 1.0 0.179496448378 0.168115686436 0.269707576681 0.216241259413 0.443227041457 0.216323652732 0.211996742572 0.18390974862 0.169908127615 0.520620486601 0.303295276597 0.298498153466 0.363138676654 0.36082488399 0.115915715335 0.112165422677 0.154066692464 0.14451750414 0.19047831192 0.194917237171 0.468936703973 0.478268194821 0.145378100882 0.133492432462 0.271551302285 0.248525482661 0.137827300174 0.126923155847 0.138472260646 0.127762788966 0.131474798493 0.169908127615 0.0803176387096 0.0812002766257 0.283054326839 0.268714662855 0.270301574266 0.244768485842 0.222896388294 0.519661195603 0.516600191018 
1252 1.0 0.177756416442 0.185643406319 0.260400573311 0.224737214984 0.408319631363 0.219942479214 0.225125697927 0.172162673129 0.180100558342 0.503396364047 0.284334060731 0.290234872165 0.333810679997 0.344731151167 0.114792032674 0.116154147962 0.167428063922 0.171857870282 0.174581939351 0.173879797135 0.382142454649 0.381318377472 0.14213629487 0.148274474601 0.251524537172 0.264727013113 0.129122004847 0.130200286656 0.13801914167 0.136106543788 0.125692767465 0.180100558342 0.10341934535 0.0983967956557 0.23832398592 0.225358466245 0.253048522424 0.241239372435 0.288301562573 0.482225123315 0.507235311918 
1263 1.0 0.16056355436 0.16764122282 0.284132275601 0.209903325225 0.364556925203 0.190101588266 0.225978451345 0.167868225257 0.170680283952 0.526307171132 0.306380486136 0.309533713145 0.364295687674 0.361146098122 0.113786855968 0.103444117538 0.161980319059 0.166730122472 0.205132171833 0.196116135138 0.378245035566 0.367210932575 0.149255578531 0.128853400349 0.27096060536 0.22907476405 0.157329193882 0.127217572445 0.130905802077 0.139905310161 0.135339689977 0.170680283952 0.107947689794 0.0965907818157 0.246606828062 0.22907476405 0.25058955618 0.286866624087 0.283125306306 0.512040851855 0.491395885435 
1342 1.0 0.162976877019 0.162976877019 0.26874475113 0.218745727664 0.437536095036 0.23493223814 0.235844922 0.200093724377 0.191209497236 0.506278690618 0.264348411777 0.263163651028 0.327030499047 0.319233584758 0.116757355182 0.110748119139 0.141694533165 0.146439321308 0.181676974828 0.165001512126 0.42664287136 0.425588694958 0.165001512126 0.158110794937 0.269035286081 0.253100765815 0.154613441196 0.138769810373 0.12452793562 0.131841319435 0.154739707809 0.191209497236 0.0850075303925 0.080037489751 0.265895399108 0.243745239397 0.251940633967 0.250073228602 0.212587739832 0.486126417502 0.451550977436 
1358 1.0 0.18279116138 0.194469119728 0.231366272522 0.224871682472 0.374693657606 0.242474153581 0.236037439928 0.180213483636 0.175833400392 0.512619035889 0.306530223955 0.300752172841 0.349944159339 0.352552612768 0.116648053113 0.115134171392 0.154594848668 0.159192080837 0.175944231415 0.170543116481 0.368767822893 0.375940216051 0.148418830495 0.160046973494 0.248665979552 0.282089085942 0.106880528198 0.148024273757 0.127353664669 0.142522569285 0.145768281015 0.175833400392 0.0887442995563 0.0814121533376 0.275375046853 0.262546305621 0.27650537504 0.27847240962 0.265866539752 0.489589066557 0.481438381845 
1374 1.0 0.18209948006 0.181833576564 0.27267643874 0.233137481723 0.43791324196 0.214322192339 0.212660169288 0.183511125062 0.181478432521 0.505605493382 0.313662116137 0.318256272925 0.371390676354 0.357629836603 0.122604131939 0.114861319871 0.165097502259 0.168864469877 0.181122592115 0.170480434638 0.404843103901 0.376480229641 0.143344774118 0.13464192315 0.282667027377 0.269343733734 0.148103937482 0.127631489466 0.126105958684 0.119809747789 0.144800088324 0.181478432521 0.105645304167 0.0940128957481 0.244483671051 0.227252052512 0.250479363652 0.248085472628 0.24606184992 0.511315146707 0.487943740507 
1384 1.0 0.181677617655 0.169458597351 0.255810846504 0.197620985864 0.383617207855 0.209568411071 0.224360954352 0.164090449678 0.166441289056 0.505677228536 0.304249186634 0.297341827132 0.359475969952 0.345629077856 0.108584255491 0.097433275852 0.161600943267 0.161600943267 0.193474629945 0.181956335719 0.362890051103 0.362890051103 0.124797132677 0.126944337664 0.253755575095 0.228759876467 0.147157756865 0.123299240479 0.114195186153 0.119825323317 0.15617903794 0.166441289056 0.1 0.0937218426184 0.256338564128 0.232785715174 0.23394386021 0.296203454549 0.237455543492 0.509901951359 0.475657439761 
1485 1.0 0.178648518207 0.18032207717 0.257431869334 0.214553295966 0.373833433748 0.198840176996 0.213764333268 0.161773113672 0.178122306406 0.466703854994 0.301250849781 0.31304747785 0.357297036414 0.358608222605 0.114472895724 0.107013821991 0.171682007862 0.178122306406 0.205981955677 0.194737971729 0.358608222605 0.354183392352 0.126174875174 0.154653470997 0.256042509518 0.281135704904 0.138244813396 0.108408197688 0.124978877801 0.110466764998 0.129985890075 0.178122306406 0.110466764998 0.107013821991 0.23866170882 0.227051943702 0.251530067906 0.277641530728 0.288062080027 0.504476264636 0.51109420543 
1513 1.0 0.170101205787 0.170101205787 0.272749525642 0.187847741231 0.357568017688 0.235312476335 0.220323088548 0.185388251249 0.183996577137 0.521125991802 0.295929646343 0.298462437649 0.355094895091 0.348940632844 0.10157748211 0.0958107605819 0.156380068137 0.159978150818 0.173520667489 0.179859026173 0.373194903993 0.357722020143 0.144035156007 0.159978150818 0.242156840446 0.271332284815 0.144035156007 0.145682774073 0.136710910146 0.133035578526 0.145682774073 0.183996577137 0.0958107605819 0.092495849193 0.238720734422 0.237564321674 0.262178579221 0.2557267994 0.285252304353 0.484654733564 0.481118864399 
