Leaf
252 1.0 0.178801803386 0.178801803386 0.254986649883 0.181420379217 0.334079253443 0.254589989052 0.213416077921 0.203807577472 0.192938957484 0.522309198981 0.220634138923 0.205863384772 0.260735021911 0.263178461455 0.0862849248886 0.0988411494968 0.152352084088 0.123397967357 0.195109317742 0.216705620524 0.341410471958 0.358966985753 0.167115238778 0.16991401394 0.259569575204 0.287408111784 0.133999257852 0.135374927919 0.153234013794 0.124214280343 0.135374927919 0.192938957484 0.0734173627265 0.0998584093953 0.280106723073 0.266359365676 0.274518603285 0.261766618509 0.280827410515 0.407986897068 0.425765320736 
9 1.0 0.168934541988 0.167632689485 0.259650449683 0.205662664348 0.362154884742 0.222578955876 0.218873458722 0.182883245473 0.184869006675 0.486902714786 0.277540420359 0.276485931667 0.326525880371 0.3122585531 0.104940191392 0.103256549696 0.15785040206 0.156736149998 0.203089993265 0.191695314321 0.365366964347 0.363362742074 0.147519459744 0.152580958066 0.261220704297 0.264167418204 0.143096886938 0.124425418925 0.124777069421 0.118657363944 0.156736149998 0.184869006675 0.0974345216443 0.0992170082305 0.254938945137 0.237806572411 0.254938945137 0.30082358568 0.277066397092 0.51002109429 0.496320515257 
142 1.0 0.183106347541 0.18355110493 0.279893842251 0.205672785765 0.354261840106 0.22505702324 0.234426549374 0.178871581203 0.184348964254 0.542808807158 0.285603607184 0.280359556121 0.340028220156 0.323512973178 0.109851933282 0.0997371059191 0.149469343899 0.145600719386 0.225924855598 0.21671455902 0.366301743762 0.365231726645 0.158368940887 0.148484181868 0.283540632774 0.268170584964 0.148264368007 0.126803225853 0.141280607441 0.130229242448 0.137537409186 0.184348964254 0.0902977329251 0.0856639510779 0.261520692552 0.239859063018 0.245835474241 0.300570758277 0.285432262139 0.505183334924 0.500383076239 
612 1.0 0.173271736553 0.169333228039 0.259845197548 0.219102287975 0.367088018615 0.213280920549 0.211877139043 0.161890638298 0.182604977857 0.495064778708 0.256528530359 0.254904915754 0.305344187413 0.298989310477 0.113105704231 0.108897810655 0.149819761796 0.133323385812 0.171238048678 0.168719143593 0.373117751558 0.371340077348 0.130966969481 0.155179745977 0.237624104938 0.259795260928 0.130966969481 0.136876738185 0.134871459585 0.137160813354 0.126532949179 0.182604977857 0.0734670693646 0.0792444273705 0.289329842104 0.27017546934 0.290046449621 0.29549734474 0.288161554074 0.472976835264 0.472537724726 
632 1.0 0.166753359347 0.17212699563 0.241995213654 0.193623044144 0.344086021505 0.21944442615 0.226828205481 0.190538119857 0.195701878744 0.47311827957 0.270157946804 0.269676047398 0.315559797652 0.30851971474 0.0991348866376 0.0981090730693 0.13311202584 0.1294795116 0.190689761838 0.190006419861 0.360656125403 0.37077289569 0.159850201584 0.168734998134 0.263934144272 0.280395802374 0.129256078281 0.132785903605 0.125856988287 0.125050573652 0.121890151062 0.195701878744 0.0731261855308 0.0731261855308 0.28132205273 0.274246252578 0.281681438654 0.276084560784 0.258568057127 0.46014093464 0.456197923346 
963 1.0 0.163004965569 0.163366797236 0.28254194032 0.195605958683 0.369637696201 0.190094822571 0.209030874445 0.175561720794 0.185695338177 0.478641598565 0.27705516675 0.273624010637 0.330506832272 0.321082545375 0.100188768455 0.100188768455 0.138314299825 0.138314299825 0.194394764631 0.184738960978 0.350450145779 0.370913412491 0.150969156945 0.165877520819 0.272326181926 0.281914301025 0.144983832761 0.117544552303 0.144983832761 0.121496727894 0.138314299825 0.185695338177 0.0783630348686 0.0848739653005 0.272326181926 0.250177074748 0.257618906878 0.2858660775 0.255778748273 0.47641592162 0.469298313383 
986 1.0 0.168369363035 0.168369363035 0.258410255015 0.202043235643 0.370412598678 0.206056709474 0.215617989859 0.19180646245 0.171703733522 0.494393411829 0.247960053195 0.238110236693 0.296338582324 0.291191934727 0.10348592185 0.10348592185 0.135162373944 0.135162373944 0.19081861144 0.185800591077 0.387046136924 0.38163722288 0.180991626895 0.15267139506 0.302232256139 0.258410255015 0.141981513436 0.120892902456 0.135627650273 0.119319391964 0.119319391964 0.171703733522 0.0876671175387 0.0809419162189 0.266096993459 0.247196705914 0.271487440342 0.259140572783 0.269624725787 0.468888439722 0.452479067236 
993 1.0 0.169448261577 0.169542373365 0.254423302981 0.220355141938 0.361666090231 0.232884360186 0.214708771214 0.182151407978 0.186307488149 0.525319977082 0.277686130111 0.28263961001 0.331520566641 0.339836598533 0.110971003989 0.117939452551 0.159956925132 0.151979547112 0.161741992583 0.159157135495 0.384622255973 0.383958111715 0.164480261977 0.161741992583 0.26660817139 0.282018112864 0.126929202675 0.13473238453 0.139730616112 0.131739288256 0.113669349466 0.186307488149 0.075779566311 0.0802770764082 0.303381274634 0.288117414608 0.295551103226 0.254172392365 0.276823123372 0.451332194421 0.45931975475 
1059 1.0 0.176813372228 0.152898857384 0.270768926052 0.200290285946 0.318429192077 0.221914605488 0.21877562692 0.185964861912 0.177983043454 0.518038160524 0.261146582776 0.261146582776 0.305118415044 0.289293432824 0.106504464676 0.0940916045439 0.141626619398 0.125025934507 0.179145077843 0.182586813299 0.363084189477 0.347311473136 0.168398344677 0.163818050214 0.284471537919 0.261146582776 0.143084221634 0.147370553218 0.134101169011 0.137160904951 0.141626619398 0.177983043454 0.0848130261934 0.0788982089521 0.274321809902 0.259019080262 0.273564362134 0.307826619759 0.268202338023 0.474119229865 0.468395246633 
1080 1.0 0.165206902773 0.168828125815 0.300468451837 0.211503604366 0.385267178729 0.218157891145 0.213315564077 0.191588954243 0.185523730936 0.512227063179 0.254325443684 0.261614669637 0.315290957899 0.32911328696 0.105387229507 0.114968677215 0.146509979437 0.153116114876 0.176969039278 0.178269161645 0.362836237519 0.37237871078 0.159448785492 0.161504505763 0.268460576987 0.27989120774 0.150142703385 0.124872100218 0.163130431039 0.126186118516 0.145682020188 0.185523730936 0.079586341746 0.0780516670165 0.228978878585 0.215928629864 0.244583271974 0.225592146145 0.285261499381 0.452644281951 0.494376656172 
1215 1.0 0.163834892924 0.168806092383 0.260891497076 0.17940630802 0.358689150091 0.229263258751 0.231187179966 0.184518159349 0.197802783694 0.494499494924 0.251439088522 0.255805182035 0.296840988692 0.301431203938 0.0949017846915 0.0884600940959 0.142637615808 0.134979259744 0.189803569383 0.202231753126 0.352586360473 0.358853761917 0.146316553693 0.16669373273 0.236740501941 0.26676753838 0.129166140779 0.139179855004 0.141076412839 0.144693018797 0.146215610905 0.197802783694 0.0876215908677 0.0904407894399 0.260211500706 0.24453271727 0.264990549155 0.269794394322 0.277988174335 0.457656294528 0.465334553695 
1219 1.0 0.181889102046 0.188238277497 0.272749525642 0.199966950343 0.351457064239 0.22057293526 0.220323088548 0.176458348208 0.190178929597 0.521442967733 0.269090111561 0.275095368911 0.308980418749 0.317074272983 0.0977081875639 0.103723722264 0.145682774073 0.141462892726 0.185882752664 0.197844000818 0.36609240215 0.36609240215 0.142626152177 0.151974109103 0.250504374813 0.279136721421 0.130808884392 0.145934602738 0.147436542163 0.143011802684 0.132897503161 0.190178929597 0.0844005250599 0.0908940683376 0.252548150671 0.236402252151 0.258866420101 0.273421820292 0.307849381728 0.477172216837 0.497109216995 
1254 1.0 0.162529127703 0.173247969226 0.276060400203 0.183880717342 0.362060764732 0.231283003348 0.231639646587 0.192650156707 0.192650156707 0.494480013487 0.267371530054 0.258070973519 0.316253869262 0.310989622262 0.0947699525146 0.0947699525146 0.130023302162 0.130023302162 0.205584891864 0.197892144801 0.365645387564 0.367806324698 0.15472311996 0.160072626739 0.249483534547 0.265139261149 0.138149758547 0.127587953264 0.152682253595 0.130277006408 0.142734445764 0.192650156707 0.0773081887697 0.0735881923757 0.253422991876 0.241343441512 0.263139125005 0.26364058163 0.297588125472 0.469403986307 0.487858189785 
1276 1.0 0.167983458281 0.16755656189 0.25759718855 0.197568024843 0.37121108865 0.215762062655 0.217826818434 0.174261454747 0.177216112648 0.508970558621 0.258429940254 0.253886531024 0.294685848538 0.291816157282 0.0964917278126 0.10190662252 0.14864352339 0.148160913273 0.192983455625 0.190179672856 0.37738201984 0.378708165563 0.163445445357 0.162786831078 0.27094450006 0.265739959456 0.136459910129 0.131379295355 0.134477336321 0.132869979728 0.135670357253 0.177216112648 0.0990555219005 0.101730769719 0.297648197404 0.281828026827 0.28680314324 0.283538202479 0.269553163196 0.474223674131 0.461401857525 
1316 1.0 0.182865648588 0.174336180871 0.249990710981 0.189648125572 0.353540253937 0.248649469471 0.248649469471 0.186088198754 0.184282448451 0.525842529996 0.259900919152 0.260899718569 0.301096556787 0.304654146156 0.0963786592238 0.0963786592238 0.140329446026 0.140329446026 0.185087179128 0.18905945951 0.36623890505 0.3710766126 0.17771346669 0.169363385374 0.267787025009 0.255866735396 0.128151003298 0.150794876885 0.136300006998 0.148310442042 0.152509902197 0.184282448451 0.0932435510517 0.0887521344465 0.273823966334 0.258754713261 0.26611681937 0.294231276871 0.269446877834 0.475450686329 0.475450686329 
1333 1.0 0.166730122472 0.172786843312 0.253084550683 0.216071692709 0.314718893175 0.236195408793 0.241929915012 0.194849913925 0.192885650927 0.530845938583 0.265422969292 0.267139083953 0.310577674669 0.31736971168 0.107771160339 0.112609428881 0.139632855549 0.149383092932 0.179701029533 0.173775774497 0.356529775164 0.369897373635 0.164661715583 0.169448727606 0.255480670876 0.263117405792 0.128853400349 0.150652300897 0.136599993644 0.158053660617 0.139905310161 0.192885650927 0.0790268303085 0.0719651265295 0.243420659907 0.234577612981 0.257189093874 0.269904499203 0.302439938207 0.455899803265 0.467080837499 
1368 1.0 0.158137937898 0.153342069069 0.257934477092 0.178903375825 0.353019953792 0.229139499503 0.230523677159 0.187731249229 0.195172590384 0.48433938082 0.262031042488 0.264866163342 0.310494025063 0.313552716611 0.0918547830554 0.0932001647685 0.130221320021 0.126667690689 0.178826045639 0.167813055543 0.338457756502 0.348405631011 0.164735181905 0.161341714557 0.252515081174 0.24652835883 0.131489739441 0.144423388078 0.134093749449 0.148856606513 0.141521081639 0.195172590384 0.0730685536147 0.074381829132 0.270753944923 0.247200710149 0.268805680661 0.27238378023 0.296082661299 0.453729157705 0.476566416705 
1395 1.0 0.176567856075 0.169843361668 0.271206333082 0.197792398536 0.356060374604 0.233526082145 0.224041629748 0.182346831523 0.180853240416 0.519975600443 0.250151527249 0.252626764389 0.300668304905 0.300721365578 0.104160683343 0.0975152399923 0.148277062213 0.147846023329 0.187012070688 0.192145864349 0.376447787045 0.379781302217 0.148277062213 0.153666861658 0.250215300743 0.253886756068 0.138484637295 0.144682592333 0.139746221123 0.144682592333 0.144019414239 0.180853240416 0.0910858752559 0.0910858752559 0.260095172986 0.243165563665 0.260646677094 0.298110286311 0.279606590686 0.484128067725 0.479591802095 
1462 1.0 0.16642481937 0.171344838652 0.262830984531 0.205816556395 0.382840925067 0.230109905497 0.239069088614 0.189753489173 0.198153685767 0.50816911553 0.252202006851 0.253490732702 0.311822924825 0.306340823358 0.108307836775 0.105256297678 0.149836714759 0.149401141992 0.194083023171 0.196585271173 0.383138706819 0.376965560311 0.159015512044 0.175106974003 0.258455371116 0.278715907813 0.137237421798 0.131415492266 0.140985207845 0.136164772441 0.137237421798 0.198153685767 0.0811305305665 0.0793025743739 0.263388289636 0.251166265281 0.273344700746 0.261961708873 0.274534195925 0.47800185843 0.472413407218 
1515 1.0 0.180010434536 0.174037092596 0.257443493769 0.185598797834 0.377232167002 0.240825640312 0.234185057272 0.19027167962 0.191679380782 0.520874045533 0.254924964255 0.253232029329 0.307911779208 0.300309301209 0.0987410899942 0.0929441342253 0.139769276202 0.127286598944 0.184921604236 0.185984658537 0.36200665837 0.351252074627 0.15392678366 0.172381529708 0.255767229648 0.277350098113 0.138221967172 0.144187450182 0.132529178226 0.136657139761 0.152405615065 0.191679380782 0.0814327927481 0.0850920819646 0.254361904563 0.240154919293 0.259039735066 0.265868521428 0.250098553949 0.465760789982 0.441014998585 
1550 1.0 0.164305111641 0.172612939466 0.262082791329 0.177659934835 0.365940961456 0.2147342165 0.219986874843 0.170897488804 0.18734648007 0.502094904246 0.25351099695 0.251468872804 0.290603683535 0.304406839387 0.0912332838395 0.0902184215268 0.112885233828 0.124520293433 0.190465886651 0.200360605963 0.37889598643 0.393767742162 0.140763554639 0.155079959226 0.236992176435 0.269359440071 0.119540467601 0.128737580998 0.153648421274 0.131287087529 0.129876873835 0.18734648007 0.0730774002213 0.0645116736728 0.236135903659 0.225852017404 0.25495964301 0.225852017404 0.310990017215 0.447032380619 0.498081173733 
1553 1.0 0.17369090348 0.184859952583 0.283125743946 0.190724334404 0.369900388411 0.214989745544 0.219597192031 0.184588963013 0.188170071935 0.520046975763 0.250079246576 0.256404694305 0.297382765575 0.311094159656 0.0952746388059 0.099724298736 0.13535647357 0.143028668688 0.186298573133 0.18861292986 0.361920088568 0.363759592609 0.13436665061 0.137314715962 0.255818327829 0.268795385847 0.140557399116 0.127222442234 0.147281953985 0.134862470194 0.13535647357 0.188170071935 0.0866531027734 0.0802548917861 0.266551229255 0.248405561284 0.2794478597 0.25503440874 0.295525336356 0.460123533351 0.47836559162 
1567 1.0 0.149403082841 0.155149355258 0.270135927237 0.195457747915 0.350569714863 0.21881153466 0.21881153466 0.193846222385 0.195119585468 0.488466955874 0.237342615754 0.240040170542 0.280156563695 0.288746615377 0.0935425377718 0.104069419688 0.147176384751 0.150394341591 0.195457747915 0.193163663145 0.365057932444 0.362789624584 0.164548200493 0.174766052733 0.264578251151 0.28209457372 0.134516788491 0.118322990989 0.152682253595 0.12121774943 0.134639466846 0.195119585468 0.095637033272 0.0926558586348 0.255240598101 0.235597169095 0.265139261149 0.255175906528 0.304769201427 0.448135572307 0.475831606088 
1632 1.0 0.161744416498 0.160926487531 0.275937424296 0.212594971248 0.367597608958 0.213214782975 0.218714061256 0.183529370465 0.190929855062 0.482608597444 0.253765518749 0.250230825084 0.292873028316 0.293548111106 0.104023060155 0.109281585962 0.154333889962 0.146211053649 0.182538043266 0.179806646687 0.349376400312 0.372766507829 0.156772845204 0.161846366975 0.264585106228 0.27287169173 0.142091603387 0.121163750876 0.145305713342 0.116301316867 0.142670862223 0.190929855062 0.0927925175131 0.100473936304 0.263084611485 0.236121784181 0.254414702514 0.289758775184 0.28237811128 0.468491230149 0.475619638623 
