Leaf
299 1.0 0.176095431654 0.176855741683 0.262103401532 0.196653376629 0.327629251914 0.225736845161 0.252956753396 0.1778644328 0.189550503887 0.519205942438 0.302108597408 0.307537450079 0.342751631505 0.342751631505 0.0996445468687 0.0988936352868 0.155216219067 0.151029622677 0.183068901435 0.185736860013 0.332148489562 0.342751631505 0.165804716481 0.171027490564 0.262217137012 0.262217137012 0.133865497331 0.154542409044 0.133865497331 0.159199200605 0.131279023921 0.189550503887 0.0976801704931 0.100389841822 0.237891828181 0.223946570219 0.235054802826 0.311295684647 0.307440480993 0.486749708565 0.506531965192 
782 1.0 0.170373301476 0.171128004179 0.261340714532 0.198739585087 0.329645623531 0.231604110321 0.231047034083 0.184795791446 0.19743849362 0.505956784757 0.30838789338 0.31346500487 0.351038591587 0.357405095182 0.103576506909 0.0991263382146 0.156578263425 0.149849580938 0.188677573665 0.187907632497 0.348505646392 0.352869313737 0.161440838482 0.161540585689 0.25090044027 0.259919198388 0.123964785489 0.154402740214 0.143703768899 0.159028137302 0.140987862313 0.19743849362 0.0939538162484 0.0944667617322 0.253836541283 0.244330032842 0.259919198388 0.29471286043 0.296293686152 0.494069207139 0.492010916818 
967 1.0 0.165888672462 0.167937360575 0.268762794521 0.205522022579 0.354553706255 0.223220508236 0.232300225519 0.182704948364 0.18588573764 0.497666017385 0.305883598145 0.314337478745 0.34717458078 0.352018678116 0.103353526356 0.104138302441 0.149795231387 0.161612728072 0.189700954555 0.178649339574 0.353311510771 0.367586958356 0.162416776458 0.153658779923 0.259578442651 0.250122096154 0.142668595508 0.142668595508 0.133225275912 0.140946175077 0.137199426631 0.18588573764 0.104761890664 0.0970146449457 0.245655270821 0.222636160354 0.237499292954 0.277936586605 0.303263905349 0.494679567682 0.515158103961 
997 1.0 0.170484604654 0.170898704377 0.292643071339 0.196738942902 0.340678863843 0.224335813357 0.230673879145 0.188444483802 0.203520153643 0.511149681603 0.301588057432 0.312092421306 0.349850422229 0.361730629892 0.0980455908415 0.103242683576 0.159518061813 0.162764018975 0.208529152037 0.195513592264 0.343818066163 0.347213983585 0.15809376489 0.166456840598 0.26265369974 0.278383267006 0.143171842096 0.140379922571 0.15647593507 0.146007203329 0.143664689826 0.203520153643 0.102693516471 0.102279706125 0.245344564151 0.234201393312 0.25367328816 0.279447640229 0.309682405152 0.483374531043 0.497214384029 
1018 1.0 0.179117062319 0.179117062319 0.266832171411 0.199950635566 0.355641322468 0.240310756365 0.243878661591 0.183203908967 0.196840793852 0.522093326201 0.323861815925 0.31281450117 0.369259283646 0.358922375272 0.102414098548 0.102414098548 0.125676844721 0.142256528987 0.169561888284 0.169197630316 0.358234124638 0.348632924565 0.161740288817 0.175638729997 0.25908945274 0.274356466807 0.133762471626 0.169561888284 0.135139137104 0.164013097495 0.125676844721 0.196840793852 0.0711282644936 0.0647723631851 0.253553228892 0.244384110137 0.253553228892 0.288390023281 0.277709216064 0.495413315733 0.479722073207 
1041 1.0 0.174793955451 0.175950267655 0.267423782129 0.186033935394 0.337186507902 0.219380079554 0.223652137238 0.183840924353 0.187841887841 0.488477478905 0.305861798486 0.304310877525 0.343541583001 0.338985915029 0.0937408460674 0.0937408460674 0.148899800089 0.148899800089 0.203058937922 0.198684330096 0.359125611092 0.353625078619 0.161947055307 0.177099030244 0.271188732023 0.281222538202 0.143819543546 0.141927098675 0.132569575857 0.140491037126 0.140009076745 0.187841887841 0.0937408460674 0.103996131416 0.241944714406 0.220915298281 0.235431255712 0.28716870397 0.308940283807 0.497662509642 0.512121555126 
1147 1.0 0.16466859531 0.163835878998 0.286589773139 0.187213050501 0.350901922684 0.224959866104 0.224959866104 0.190472323272 0.201634626199 0.497076424496 0.306815497817 0.3096443727 0.359422419972 0.361036103284 0.0980228548965 0.0964403192052 0.162578807646 0.150907665845 0.185838150251 0.190920599541 0.353281275231 0.35400645138 0.162157618317 0.17267617886 0.26694577062 0.285813186605 0.143354530646 0.13638720738 0.150340128424 0.13347288531 0.144778617234 0.201634626199 0.0915286863635 0.105418265832 0.246708542913 0.228054577697 0.246708542913 0.26828737562 0.319107148999 0.484183060888 0.512720727126 
1154 1.0 0.175855197937 0.175855197937 0.267279287302 0.185933417254 0.349399021027 0.249509985673 0.233864865151 0.20592178425 0.198576976674 0.488213544006 0.294216133171 0.292605238834 0.33277017474 0.328070083585 0.09369019587 0.09369019587 0.147909127713 0.132497945661 0.20592178425 0.203281652184 0.344925595515 0.353434007375 0.155041324456 0.177003339825 0.245141858365 0.28107058761 0.132497945661 0.148819346321 0.14374183475 0.145608690038 0.151517197621 0.198576976674 0.09369019587 0.0999662333267 0.233864865151 0.233575964651 0.248696805936 0.265505009738 0.30877335672 0.479139449168 0.502928627731 
1185 1.0 0.190437258917 0.190437258917 0.275862068966 0.172413793103 0.344827586207 0.23952489637 0.23952489637 0.201805170874 0.201805170874 0.51724137931 0.295124875321 0.301107744768 0.332986343376 0.346976065474 0.0879141295447 0.0879141295447 0.158957663057 0.139004443936 0.185695338177 0.201067306719 0.355021729 0.355021729 0.163566085871 0.163566085871 0.278008887872 0.278008887872 0.142176056056 0.14831595288 0.142176056056 0.14831595288 0.139004443936 0.201805170874 0.0928476690885 0.110398693749 0.231317376983 0.224800082938 0.258620689655 0.278543007266 0.30551801977 0.503554547121 0.501187650129 
1258 1.0 0.17651787642 0.177856842837 0.257892422114 0.188645669476 0.339620424038 0.230871609941 0.236288689531 0.198849995424 0.203177604056 0.471991314233 0.309721235904 0.316665105821 0.350337350836 0.358481927313 0.0961907949814 0.0961907949814 0.162279140905 0.162279140905 0.210818510678 0.213890878784 0.340085817095 0.326259460048 0.159079996339 0.163492913546 0.26529898381 0.270026286376 0.13324433566 0.130848736541 0.137336120392 0.132649491905 0.152091001042 0.203177604056 0.107452620436 0.109818499386 0.241911460263 0.227159467088 0.258122306952 0.282618944471 0.300322747176 0.490398116204 0.487121612538 
1370 1.0 0.168625750826 0.180770791918 0.252938626239 0.19280922003 0.337305268332 0.230507296655 0.23755854761 0.197272126491 0.207661885239 0.5 0.303277708288 0.308082994163 0.356744716006 0.352448894756 0.100952952516 0.0993231116934 0.154247376024 0.14959202704 0.18678990495 0.180469590723 0.340888318215 0.334063950977 0.152354698504 0.165696679284 0.2605666247 0.278984916762 0.130004631149 0.138644868408 0.130004631149 0.145661171374 0.149106337358 0.207661885239 0.0836651356617 0.0919271562709 0.228928460974 0.217556027892 0.250633898218 0.264777935803 0.29796933508 0.473626198298 0.477629549906 
1670 1.0 0.167064661343 0.162442484147 0.291680897386 0.190538796882 0.358323664903 0.234761179178 0.239540522871 0.196307066661 0.197834771154 0.518082337333 0.314075518698 0.313115472612 0.362060401331 0.36029519926 0.102737647736 0.0923910722182 0.143329465961 0.131066697085 0.168016002125 0.165466939 0.346667729251 0.353997667305 0.156218008449 0.163745519603 0.254245292426 0.251091197015 0.151732343052 0.156218008449 0.144804593666 0.158469104414 0.148785803474 0.197834771154 0.0775971814294 0.0841659604646 0.22895616582 0.220925626235 0.234534757799 0.271035302687 0.290220048984 0.4844114804 0.484849994202 
