Leaf
138 1.0 0.186463365368 0.176245788029 0.277039996924 0.218332068551 0.356521550129 0.274578282094 0.271469748544 0.248339512153 0.240291871107 0.575050858509 0.275452655534 0.266155067319 0.337903862111 0.305220319196 0.114818147393 0.107567043182 0.169620388389 0.158140719118 0.240997230367 0.228462940435 0.416265696698 0.399728322359 0.218655763419 0.22740796536 0.335762151977 0.323795108987 0.169953631123 0.174227794008 0.138698585881 0.166506278679 0.132117442722 0.240291871107 0.0976410693899 0.102310083443 0.33546712461 0.319175198776 0.331052891164 0.315430555657 0.250042431615 0.485881929375 0.441976744122 
17 1.0 0.170542476152 0.17029344831 0.303373777058 0.2021947759 0.356377937197 0.228967433768 0.224411964805 0.193617204844 0.193617204844 0.537463378823 0.302580031303 0.296439950925 0.354467476597 0.342574774765 0.103277729607 0.10231442527 0.166173174238 0.155349737084 0.215406066905 0.212363642353 0.383342507799 0.37585193462 0.160014852897 0.166937583368 0.267280144996 0.277408943921 0.157520036471 0.151196482402 0.154893763875 0.140427574946 0.142923816868 0.193617204844 0.0999363214992 0.104908531453 0.266591209204 0.255370938103 0.271845778552 0.282712644541 0.279947047516 0.497383164906 0.491777057139 
32 1.0 0.18071979463 0.186010942046 0.296349783863 0.206064498376 0.341507227053 0.231137895154 0.233578128255 0.197254478192 0.209761289082 0.537725517734 0.307164586437 0.302701909718 0.348157505313 0.342133880164 0.105539336194 0.101523101678 0.145925630382 0.14216425312 0.211138358144 0.212743544047 0.348157505313 0.361788032019 0.164131552033 0.171342928871 0.288420407277 0.307574522008 0.151017582307 0.136558608723 0.153582293219 0.130229914588 0.135632776972 0.209761289082 0.0853399030198 0.0893784573805 0.27033496611 0.25120043428 0.260459829177 0.272794083634 0.274635441586 0.459020768071 0.4892112579 
70 1.0 0.184233327285 0.173900523249 0.247571218831 0.188181632793 0.351515702085 0.248608429477 0.244583524293 0.187398626764 0.185558763995 0.534738580836 0.299654663796 0.287807203096 0.341292870462 0.325676884592 0.100116339628 0.0912814998597 0.158491232102 0.156546480756 0.19708698336 0.195024497407 0.354915419889 0.356774890526 0.178901877106 0.172911239592 0.27460412517 0.262419720658 0.133294525251 0.162159788738 0.125237184605 0.151130202785 0.144583197307 0.185558763995 0.104076922906 0.102055819387 0.257279747592 0.242621794426 0.252472153826 0.307405633092 0.266129017286 0.507679054424 0.482432467451 
79 1.0 0.175148037617 0.174712074184 0.28395276128 0.21836553781 0.358287421036 0.247195904218 0.249766335034 0.190228401176 0.19822857073 0.57643591174 0.30242111688 0.29950706245 0.352033450183 0.345831778014 0.115607567348 0.106240011026 0.163901432864 0.160670663046 0.207578071729 0.209952557172 0.361387011351 0.358712877526 0.171240079768 0.176935032483 0.27494691402 0.277706801652 0.147298520518 0.157434144993 0.145147109885 0.15989748861 0.139316046869 0.19822857073 0.100522941526 0.0976365119471 0.243465604299 0.227222630756 0.242209404472 0.260526708558 0.246771334469 0.467942782876 0.464158679024 
96 1.0 0.175531881852 0.174179188572 0.275401478444 0.196872324204 0.337132885873 0.252397129696 0.247348677106 0.194940578469 0.186084370257 0.568191952868 0.283526492153 0.283526492153 0.339277578053 0.32672928586 0.104911099958 0.0969430901277 0.169778160915 0.164014876997 0.211692643398 0.206030376872 0.359145460142 0.354549905689 0.161691054089 0.155324314137 0.264000569573 0.253954190299 0.148685198159 0.152765254134 0.135012085641 0.147407078187 0.140394060734 0.186084370257 0.108021347127 0.103244536078 0.264894984003 0.247348677106 0.256179732076 0.290123570694 0.266970298194 0.486079842382 0.473891828318 
102 1.0 0.183139835722 0.184562118298 0.283485434112 0.194943398621 0.354476684851 0.252247411704 0.258796838543 0.211993108445 0.216629608184 0.537843382222 0.282561524753 0.279771490726 0.332763383223 0.3279615033 0.101930326728 0.0973822346757 0.183425174512 0.185316205681 0.231565284528 0.228076056785 0.348825317137 0.340735513747 0.180648021168 0.181129878575 0.277582077046 0.28354692103 0.143787996012 0.164166685987 0.153294026769 0.157223840969 0.146668843076 0.216629608184 0.127190382841 0.11956035961 0.251208639638 0.236481660519 0.26701886186 0.270907690772 0.288423407856 0.472262497639 0.486660492803 
107 1.0 0.175275314771 0.181013787717 0.288563969316 0.195879054843 0.371153926981 0.230733824497 0.232796034731 0.205342727015 0.203850249429 0.510165898552 0.294078284 0.285697215633 0.334345224247 0.320725790657 0.103187303257 0.0933234956839 0.142149849634 0.13865111274 0.203001821466 0.202805526347 0.37743219207 0.371046600189 0.156974122631 0.16172314988 0.274849664777 0.276775080014 0.147557402785 0.140174797091 0.147557402785 0.144373971907 0.147377344874 0.203850249429 0.0921783787498 0.0945951840825 0.260414116492 0.252703709219 0.258931428604 0.252703709219 0.259341292618 0.486262790632 0.486453872658 
133 1.0 0.176698506444 0.176090771173 0.295264984894 0.212316091962 0.352067376842 0.247735164891 0.251333111135 0.217737800928 0.211176981014 0.538795849549 0.306138346438 0.306619455644 0.344176370638 0.354494933297 0.104696356916 0.10920686033 0.165741722737 0.165093658778 0.207915611379 0.209648538867 0.365805894214 0.371151718225 0.173638560648 0.178283955273 0.289629026628 0.297435415219 0.145782874614 0.129732783963 0.163708004947 0.13360017608 0.139296177549 0.211176981014 0.108838124803 0.111152792666 0.255720078516 0.243369445602 0.259465567927 0.283219579963 0.284305711559 0.494007723529 0.49074188083 
174 1.0 0.182313551604 0.17626655991 0.29930971464 0.230672279279 0.370449085522 0.229369911601 0.235567727131 0.201350646234 0.203394867641 0.534381400071 0.285553245832 0.295520527732 0.34636897859 0.332070837879 0.120507722863 0.11229673347 0.167723704598 0.170339930342 0.210427185911 0.215053985857 0.375155697587 0.351113980217 0.167638630434 0.167638630434 0.29624372123 0.285952621197 0.164546668993 0.13040045859 0.146961619297 0.13040045859 0.143722668431 0.203394867641 0.110116006784 0.103159779399 0.238516575773 0.224402837283 0.24645851057 0.288089778367 0.255328380768 0.487592121586 0.469315220331 
176 1.0 0.184851595143 0.1796662917 0.282592002383 0.211944001787 0.342414207742 0.236757980659 0.246055713321 0.204569765928 0.20828952089 0.532688131094 0.317486064361 0.316880840724 0.367499814161 0.363296907014 0.110841702657 0.105518157263 0.165282696486 0.146831066465 0.195111551233 0.204208526434 0.362157021484 0.379518456353 0.168555938929 0.178759920769 0.288026463968 0.286381172599 0.151581542311 0.147833337939 0.14108682861 0.150995906345 0.138338806981 0.20828952089 0.082775252757 0.0934980123987 0.254724988657 0.233934477223 0.243340116475 0.299339694671 0.272916041994 0.498224846467 0.489252476564 
184 1.0 0.181461312756 0.175523121863 0.276506102368 0.228668819597 0.382931479258 0.247999343532 0.241825074949 0.203766123598 0.201253842451 0.537197467675 0.28222246456 0.283571265331 0.323910532072 0.328115368038 0.11277876711 0.117444043903 0.162042502921 0.169209915424 0.190206813746 0.188565139297 0.359400921043 0.367181063367 0.166854990644 0.164895430831 0.280917498636 0.277271695256 0.143149583578 0.138635847628 0.144622859958 0.137201291758 0.15037168948 0.201253842451 0.102263804991 0.104721763849 0.264436215662 0.244787375578 0.25679020566 0.252740770587 0.263954789969 0.46832996538 0.47373048941 
258 1.0 0.178640445474 0.174255454731 0.281186225535 0.194598594904 0.378394611156 0.235406156237 0.232598774247 0.196687903509 0.186320499321 0.524244329286 0.308374594464 0.309178331834 0.348049832828 0.34024465221 0.102807310371 0.0924918619423 0.141421356237 0.145391492638 0.207874189913 0.19816678075 0.387392556331 0.391590431054 0.16759352983 0.165754193174 0.278944831424 0.264105707658 0.158919710711 0.141833664273 0.13508580674 0.140904274593 0.141421356237 0.186320499321 0.0974117605574 0.0966595349328 0.270819249119 0.25396131667 0.258744864895 0.287196364575 0.268708726248 0.512500667616 0.502983797681 
310 1.0 0.175560493789 0.185863460138 0.295987337929 0.21073229854 0.366306429169 0.242071406526 0.244604630652 0.204614030548 0.217315591184 0.547113561763 0.313571098101 0.31425238316 0.359617078747 0.370302803881 0.102307015274 0.113166436477 0.170839284533 0.168541059734 0.196714746289 0.201890673399 0.372842052855 0.358916752709 0.177767992909 0.195173875985 0.282904974429 0.317438800598 0.141252239786 0.155819715122 0.164307962541 0.159332486054 0.113720905434 0.217315591184 0.101566544635 0.110124073715 0.258944896511 0.257580993666 0.285207933319 0.228765440728 0.3139319626 0.466273519615 0.500722838933 
314 1.0 0.179610603011 0.180020954478 0.27185608118 0.206445531282 0.374900988474 0.236684596045 0.245438897995 0.197756072879 0.211320365889 0.511402984546 0.322781951277 0.33251081582 0.365250742419 0.371341345784 0.10450155479 0.10450155479 0.157550537031 0.150263191078 0.211878308421 0.209073706815 0.384807865507 0.381572834058 0.176961822312 0.184794299237 0.28177212676 0.297218096444 0.144352476993 0.144658849768 0.141043097867 0.143429432151 0.122929713781 0.211320365889 0.0904194319901 0.100175460719 0.253426097223 0.239103922249 0.25769924669 0.280670117758 0.276645205773 0.504429773523 0.500906766099 
328 1.0 0.182396739324 0.186008906606 0.274202424071 0.206937922982 0.36806197731 0.237816252341 0.23630058983 0.207964279796 0.20648728768 0.512843066709 0.289085885398 0.289361950289 0.327949134416 0.332742847673 0.100168861767 0.108460898643 0.146099674343 0.142689751404 0.200735877733 0.213770223513 0.376639329705 0.377838708709 0.166131291755 0.166691061833 0.281482552818 0.297614250569 0.136590681766 0.138429392173 0.146826542881 0.133137126193 0.141660162838 0.20648728768 0.0815703016006 0.0902449226402 0.264720450542 0.253629864073 0.272400843756 0.257947942485 0.284164519876 0.473782332919 0.486284895126 
338 1.0 0.183272436426 0.197230669383 0.265974794042 0.192123103249 0.354879921173 0.258436728447 0.251348403197 0.207828080477 0.20429733521 0.542065664432 0.302372953354 0.3029738939 0.353921894185 0.353064316249 0.0981222549285 0.101523535107 0.179055635487 0.177559512044 0.233594990913 0.247850535518 0.354914088594 0.347141683329 0.16370178151 0.168303709476 0.265198623561 0.295640996771 0.12785043646 0.146170664371 0.148148260425 0.144837266705 0.153376256581 0.20429733521 0.117056757697 0.121629013472 0.253270789927 0.251348403197 0.271211731795 0.278795836406 0.289045944169 0.485543045754 0.487561737211 
382 1.0 0.187482579466 0.180100484859 0.275470986973 0.208139062125 0.365505361191 0.235251888909 0.238382945172 0.17763082165 0.190736135136 0.539366271782 0.293440526028 0.294728022635 0.337077594018 0.32916865285 0.108048610616 0.101265148793 0.163285146097 0.151142850215 0.198517841242 0.199231793824 0.384356322443 0.377648306995 0.156476522293 0.161731863265 0.268804209699 0.274553130238 0.137706855272 0.14177120831 0.145830469146 0.140429494765 0.124721631798 0.190736135136 0.103117713636 0.105537226638 0.268980224698 0.264067200629 0.281364081537 0.275413710543 0.272476648186 0.489855438292 0.50203888086 
443 1.0 0.167536970809 0.167863872526 0.288144488605 0.204185683174 0.356170015869 0.241573065939 0.25070483395 0.214656743849 0.214656743849 0.529203097106 0.301350140604 0.3117229663 0.34447243374 0.356170015869 0.100707436814 0.105882048377 0.157065910134 0.166963352693 0.207118003663 0.199363055707 0.372753582499 0.376994540417 0.175526961974 0.177159083075 0.276443934343 0.274503603795 0.147433872936 0.153981566751 0.149922773096 0.162638865868 0.145562808885 0.214656743849 0.105363015602 0.103127987628 0.264588599154 0.25179580879 0.271541880009 0.253315280048 0.297136526993 0.482720439882 0.501437000869 
455 1.0 0.180647037201 0.175603555337 0.29386387969 0.194535107158 0.336511148326 0.22924821597 0.23409543733 0.196373636922 0.19660224426 0.530803000008 0.278924701903 0.293749216014 0.326415201504 0.334871986905 0.0966595349328 0.0999719219424 0.164304807062 0.165054905536 0.218822329023 0.217432313101 0.362721016284 0.351846018079 0.167486287119 0.168088637348 0.286315241898 0.278803894259 0.162102968087 0.138411619924 0.14256808809 0.140664980436 0.13073454638 0.19660224426 0.110229203299 0.114526096759 0.250098240103 0.237713230619 0.256307297315 0.267833867067 0.281888234907 0.474504381051 0.481178601681 
473 1.0 0.183851978392 0.177338474121 0.258872451273 0.217711469552 0.353357624581 0.26573118736 0.26573118736 0.219767635132 0.223977826984 0.50588154362 0.312629712908 0.312242143824 0.353895720535 0.34842772865 0.107335440381 0.112374418637 0.158266977613 0.158048225638 0.190051488355 0.199032395028 0.389631746485 0.363016622711 0.182435168334 0.184603164272 0.287494208657 0.290546694487 0.141411570308 0.147401141772 0.132180294387 0.13438669619 0.149729897973 0.223977826984 0.0978950900588 0.0999930803031 0.242019023757 0.235938626987 0.251276839005 0.252649946708 0.29818623218 0.488768115459 0.504100265048 
494 1.0 0.18158918682 0.168635270438 0.294583973225 0.190001536034 0.368509231792 0.270753944923 0.259804559932 0.22622350159 0.21273723278 0.542656099643 0.309557120201 0.319928344075 0.34824679552 0.343487845447 0.0952552185879 0.0948185995502 0.15901018907 0.152890397781 0.223455196757 0.214872098083 0.366288029079 0.341873322546 0.192963152645 0.191451950488 0.281572313477 0.280932990309 0.167152371656 0.180978801272 0.138057964855 0.162452366954 0.142106285024 0.21273723278 0.115351804904 0.11819457549 0.249872024563 0.231660890309 0.250921563496 0.283237566934 0.294959359135 0.512560429746 0.500352582538 
502 1.0 0.170658348443 0.159998000037 0.305037167913 0.185267757304 0.345321616503 0.252682416859 0.241864709159 0.217080219975 0.21377291112 0.540363488943 0.291243677061 0.296138156195 0.330941478125 0.32881955073 0.0905527194795 0.0949988125223 0.157001222178 0.146028993314 0.220054060188 0.224719241569 0.373425379209 0.36714660571 0.170877938945 0.172697001693 0.271888123906 0.276085302801 0.155239806477 0.149998125035 0.161398106452 0.146028993314 0.156203040992 0.21377291112 0.105117666246 0.114125695543 0.270597800103 0.259996750061 0.272943469507 0.267251219678 0.2878331614 0.492994851801 0.503828992723 
535 1.0 0.192419373891 0.175502561401 0.282537858062 0.203465036471 0.350276895622 0.246131901352 0.245287535565 0.207272808723 0.211087497723 0.531185162018 0.29723698365 0.306957309179 0.343699851984 0.344210240166 0.103096024641 0.10231910306 0.165003941378 0.160592582821 0.210936234717 0.205649539662 0.362369758238 0.351277818783 0.176861311191 0.179547965935 0.308409633046 0.291654317067 0.153686479539 0.131770821177 0.141240683719 0.138962458793 0.144701063237 0.211087497723 0.101063606395 0.108672751858 0.260251051178 0.242999660457 0.255797757649 0.291654317067 0.280951827083 0.491387685687 0.47674955401 
568 1.0 0.189955402284 0.184744661275 0.257650557072 0.232929169916 0.350131793393 0.260043984507 0.254866647922 0.218713036152 0.218970396158 0.521421853633 0.300814299309 0.306440950913 0.340343561856 0.347116145033 0.117067511774 0.117866616694 0.165558462864 0.151712090504 0.230742753517 0.220933529995 0.348896377828 0.367298000436 0.168257963592 0.174394371795 0.275741712992 0.280600971743 0.12209143798 0.154653470997 0.143050113458 0.16499050763 0.139730633257 0.218970396158 0.0959120111419 0.0968857621081 0.274376646623 0.251231338504 0.271418506844 0.277911873081 0.283860402521 0.473254965591 0.495843119095 
593 1.0 0.185443787131 0.181953072601 0.27795215055 0.219300953883 0.355754880744 0.239241506351 0.246429883061 0.19747611895 0.214482971232 0.512838081122 0.285330641997 0.29305033207 0.331280590181 0.334029261335 0.108206030795 0.113036615296 0.155107475575 0.158515173647 0.201935723398 0.201935723398 0.358547765662 0.351219790561 0.152948816983 0.174694636241 0.276924913957 0.296474639386 0.146606186315 0.131670788708 0.139551636298 0.131219086558 0.148217291682 0.214482971232 0.0937408460674 0.0980743680827 0.263747099805 0.248970711606 0.265004756596 0.283870286943 0.288187953573 0.479301293269 0.491073599186 
624 1.0 0.185099595839 0.182887881245 0.287669169175 0.200094493155 0.348763770943 0.224985085605 0.231541095374 0.193151130155 0.192538490666 0.498310306215 0.298464130151 0.303393429049 0.343912223732 0.345435651892 0.102989013264 0.0994880433838 0.152344348241 0.156844758585 0.196118709567 0.197186756727 0.355917115854 0.364409446993 0.178969955447 0.16729340359 0.296168218132 0.279897889664 0.151739976101 0.153802222112 0.138724191368 0.151393537347 0.1086942253 0.192538490666 0.0942016619271 0.0962692453328 0.293317811063 0.276690325629 0.284226104463 0.300742515356 0.294969061691 0.496700764075 0.498599998567 
660 1.0 0.17811762497 0.179277068457 0.249572305864 0.213801725606 0.346206746262 0.252666295566 0.250349388095 0.211671263803 0.214043856743 0.504460575657 0.292920366723 0.295210218026 0.34138552922 0.330006011579 0.112995802502 0.103797170907 0.172728933209 0.1567732485 0.211119955857 0.212647837679 0.363076167388 0.357324101944 0.17775374793 0.177023749988 0.278972304113 0.276735269913 0.133582160167 0.15808931145 0.125896762549 0.152502519794 0.147583174975 0.214043856743 0.103045914922 0.109267074107 0.264044046064 0.239402983397 0.26113451684 0.30133168987 0.293052959879 0.486133206709 0.501783827181 
661 1.0 0.181297409538 0.175364582261 0.283315132262 0.213062323157 0.34060827046 0.237840508402 0.240494731405 0.219004529318 0.219004529318 0.501099119214 0.31379162595 0.30215716185 0.364496180086 0.354011942566 0.105833678041 0.112676900754 0.15440344663 0.150423545281 0.210128909655 0.208714337683 0.349318584745 0.336147508208 0.175926778379 0.184765687025 0.299342845684 0.295357755254 0.150235867671 0.147296289218 0.143020285069 0.143020285069 0.152194940301 0.219004529318 0.0871173740315 0.0884033088605 0.262375663128 0.239082812756 0.264197366147 0.295644185988 0.297688874607 0.49443922791 0.481282659705 
680 1.0 0.176885903651 0.179078787843 0.279971748675 0.211320172825 0.360014382794 0.249959340999 0.258404554042 0.202517814442 0.225612344969 0.521507754118 0.315527599487 0.321197589901 0.349749703739 0.363252149138 0.108507554052 0.104070539353 0.165387882354 0.163110658268 0.200581344649 0.206651257147 0.359109822614 0.364726519742 0.168890602601 0.186463804548 0.264623069957 0.288609403897 0.137110150576 0.158560656592 0.150023307454 0.165780728234 0.145399317144 0.225612344969 0.104848938676 0.110732820911 0.268103093693 0.257206039947 0.276876106925 0.261656627021 0.303173869864 0.484992360022 0.506029475131 
685 1.0 0.180969869073 0.175134353836 0.270764955471 0.212743893585 0.367523271674 0.234400692834 0.239313816179 0.195753088994 0.203865230915 0.503014478028 0.311853837174 0.310049460386 0.360674411814 0.350861479644 0.111288757959 0.104946050805 0.165118252288 0.169220422252 0.214301051737 0.20830198703 0.370395690949 0.366333964494 0.167616401006 0.178774813375 0.283071846747 0.288669135714 0.140799902143 0.135995071261 0.140799902143 0.135535885692 0.132276961828 0.203865230915 0.109595339119 0.104150993515 0.265259925003 0.258193524185 0.2742726173 0.255442402178 0.261234023744 0.465331042033 0.481268774628 
700 1.0 0.189599507353 0.185880467067 0.272268666247 0.195912589536 0.367225777668 0.255797757649 0.265592581009 0.214481314525 0.219718939521 0.526128656234 0.309700595713 0.316076328017 0.347463564741 0.347578371803 0.0949574467499 0.101850105466 0.151858368002 0.144037800479 0.204091566165 0.195096283529 0.360924531883 0.370093715756 0.177873562255 0.184155321002 0.290832368085 0.288352463685 0.141945130401 0.145416184043 0.142506180535 0.155364752091 0.14320440216 0.219718939521 0.0939011575322 0.096416812453 0.259898209837 0.246423507735 0.25712012069 0.275183831427 0.272707927623 0.482456343976 0.492604094064 
728 1.0 0.179236055338 0.185732541731 0.271665180468 0.190788015318 0.370249449967 0.238895996991 0.250895873532 0.20324632007 0.212011964995 0.520605630083 0.315461216203 0.313975685907 0.359681126286 0.358472110676 0.0997575956647 0.0953064500385 0.159833775735 0.153872481917 0.215759152812 0.217224558002 0.360793544797 0.369888495019 0.170743808052 0.168479592783 0.29038122466 0.284573013419 0.138931831361 0.131903616456 0.142959675058 0.14272588966 0.143076424506 0.212011964995 0.100922444429 0.0994222750667 0.266640227999 0.242709699016 0.256685528116 0.305621620724 0.272585562034 0.515124399963 0.499289861374 
738 1.0 0.185285714556 0.183530996331 0.250057776306 0.222331768877 0.378511530967 0.248574474383 0.254213468679 0.198378585788 0.211389466358 0.505295694411 0.300235662008 0.299978940574 0.346371015705 0.334005506338 0.113225958699 0.111580942078 0.161371819489 0.160989421275 0.196270192212 0.198378585788 0.372603336025 0.360282794409 0.177383088498 0.183110727869 0.280933888546 0.282028724684 0.137333045902 0.151522622262 0.12475128574 0.151522622262 0.16654078063 0.211389466358 0.101909411044 0.104300572915 0.257166385052 0.244512015902 0.253241793957 0.274216923732 0.254697915938 0.502972764569 0.488330335621 
779 1.0 0.20088981605 0.20088981605 0.317016411988 0.214625742339 0.316978901911 0.247604456152 0.235898363814 0.2020701424 0.203009462476 0.565685424949 0.284059245884 0.291047556497 0.338739356972 0.331501107905 0.113111858392 0.102871957863 0.162105645152 0.151880796866 0.239102563081 0.235393767805 0.325419330687 0.323035542859 0.165876047873 0.163566085871 0.298788676172 0.301087999351 0.163566085871 0.153128298698 0.157944586077 0.147431436734 0.134880049763 0.203009462476 0.0981396515225 0.100415308818 0.276034428913 0.243878685656 0.266790498398 0.323844327776 0.311987987207 0.49774760209 0.498392183058 
780 1.0 0.190759228545 0.196042011464 0.275320285526 0.211694486544 0.386257998529 0.230495252839 0.227192682641 0.197535551007 0.210634019078 0.502867912238 0.298585421653 0.302728437131 0.345520165467 0.346813950159 0.112232887932 0.10272698842 0.15730408967 0.161258174182 0.223027078349 0.225088428312 0.361165983641 0.368455251311 0.166047368186 0.172739828313 0.291373523919 0.309992211916 0.142456701585 0.137964813315 0.140078954044 0.139678727643 0.14294708755 0.210634019078 0.104349093815 0.0998248991828 0.277648830968 0.253954035613 0.282198705113 0.276183121977 0.272715397243 0.493285921854 0.496594420221 
824 1.0 0.179566430627 0.178114387139 0.26315219985 0.197473766197 0.355803281178 0.253091681539 0.238385248095 0.206054221869 0.208040080702 0.49358577834 0.291330403537 0.297868064948 0.336034643364 0.336034643364 0.100636365156 0.0995553846654 0.15526537307 0.158438605155 0.209077693526 0.21640168794 0.377006282821 0.353362063456 0.172685799063 0.177139745694 0.26852486821 0.286612493602 0.135625539449 0.153442781835 0.135625539449 0.147106551823 0.15526537307 0.208040080702 0.106080043111 0.106283847416 0.270931772044 0.256657724648 0.27756008686 0.279270078368 0.297504589444 0.495292708317 0.495292708317 
839 1.0 0.173052084631 0.162751351739 0.284917421461 0.189881135836 0.341253166874 0.241528321727 0.242172570195 0.204727547366 0.208572886062 0.525480385362 0.29459660743 0.299214719602 0.34466055851 0.352571464503 0.0974911203218 0.0989190565284 0.15439948913 0.151855666166 0.188893878873 0.184892142596 0.355213145779 0.366992782065 0.173142098725 0.187652503681 0.284917421461 0.294966604212 0.143086225086 0.133159229843 0.155705853679 0.134902986737 0.142977289992 0.208572886062 0.0924039258338 0.0960419561376 0.259743143254 0.240299491125 0.257029559493 0.280730472171 0.294808091023 0.491751849598 0.501353729896 
846 1.0 0.164596234602 0.165565882074 0.298394331779 0.209139296326 0.329192469203 0.232257906741 0.249213417022 0.214802936974 0.218130547177 0.514894796368 0.31515663158 0.324170075647 0.356505150322 0.366522999562 0.10772699869 0.102978959274 0.15208608509 0.157133268216 0.208660387302 0.214056443189 0.348386860111 0.353631198017 0.182138949219 0.17858900687 0.288507580688 0.275596479485 0.16003521162 0.149297714367 0.147680723936 0.158527781999 0.145634240844 0.218130547177 0.102002833364 0.0990167354446 0.280204472485 0.259440968683 0.27465103423 0.30159579309 0.277910026722 0.474235126852 0.46657881022 
899 1.0 0.178694716662 0.172356287337 0.284959889141 0.209719058538 0.34404127399 0.245402753036 0.249026423906 0.202355726155 0.202427116429 0.537671992758 0.297414568434 0.298771747568 0.339517833826 0.341385195995 0.103402594348 0.108049125379 0.140694091337 0.141104279062 0.188760931357 0.185673872369 0.360609222987 0.370724677613 0.175100854378 0.177314814029 0.272943043375 0.268782245304 0.148682991595 0.162518824002 0.14474366882 0.165601276234 0.158102459833 0.202427116429 0.0820556582475 0.0849964089776 0.302949904612 0.284959889141 0.300507685823 0.29212067581 0.294288942698 0.48455408369 0.486785349905 
1000 1.0 0.173082398839 0.178000712928 0.298412959909 0.209478034661 0.361388457346 0.238996577637 0.239740849533 0.20710948829 0.210782393683 0.539262867423 0.284446766546 0.293644711623 0.327991550044 0.339690868665 0.105877695181 0.105228530906 0.148262052761 0.151824137498 0.189775658616 0.19250019355 0.365610956888 0.359144141236 0.167284497357 0.167284497357 0.273040629612 0.283142954793 0.151100299584 0.149733672478 0.156184462753 0.152903469599 0.148815615556 0.210782393683 0.0973824898102 0.0890003564641 0.253250757707 0.240881392839 0.268638500268 0.253737311004 0.279832366272 0.483834893243 0.487334444608 
1025 1.0 0.208589794338 0.198827465644 0.274679736156 0.208878500074 0.34050774217 0.268017150049 0.265532318782 0.226325724864 0.218743274144 0.56032928214 0.31225810211 0.307591466959 0.358441311175 0.347167814092 0.110331657312 0.10121594117 0.140592249243 0.139732349744 0.184031690235 0.19172969201 0.356248989012 0.338911187566 0.194537924885 0.19172969201 0.322884731502 0.292322721011 0.159848065744 0.173583907046 0.12517313549 0.171839300888 0.140592249243 0.218743274144 0.0791664420026 0.0857441249277 0.260260112237 0.242521008733 0.259099784959 0.291703611129 0.304440639021 0.506079705852 0.496462112738 
1038 1.0 0.181663445228 0.181663445228 0.280701754386 0.210526315789 0.3393828802 0.243727087534 0.2484519975 0.20725199002 0.221914221766 0.51475277391 0.306836482394 0.305496090915 0.353305437824 0.348628270428 0.10671513211 0.10671513211 0.161322973382 0.153501809923 0.217005559243 0.212868710213 0.343090997517 0.353305437824 0.164783658522 0.180625090193 0.290343662861 0.30616702018 0.147942814511 0.118412027669 0.147942814511 0.122946175682 0.140837363495 0.221914221766 0.0944765755638 0.102297401664 0.248795875862 0.233918128655 0.243727087534 0.28228113184 0.256910908029 0.471694615908 0.451657382799 
1047 1.0 0.191548486622 0.188342427789 0.27639840483 0.215839495408 0.375389289038 0.239383940247 0.247082729384 0.195014283094 0.209395067705 0.502414849338 0.292664514619 0.296643012582 0.345572357911 0.347986981663 0.109946258553 0.111595544518 0.144421046408 0.145680556122 0.202896029068 0.200024357569 0.375227028693 0.376684855577 0.160403395015 0.168096700807 0.27973819178 0.288894796419 0.139705729166 0.138281799814 0.143256768338 0.13628564664 0.154603752218 0.209395067705 0.0742376967109 0.0742376967109 0.249840092578 0.248373308321 0.27257129328 0.269029430623 0.263771764052 0.503595258756 0.489615690879 
1111 1.0 0.181320489479 0.174548339666 0.262730042582 0.196669683973 0.354928742676 0.244243453594 0.245458602655 0.20011897681 0.198251806139 0.530475582798 0.306237836681 0.297765155901 0.348584932153 0.336776818396 0.100578511093 0.098787652556 0.143177691121 0.142761476022 0.197650586237 0.191534618972 0.36611130663 0.375261487727 0.185537808784 0.186577244418 0.29565936478 0.287081778653 0.139066467191 0.153990845835 0.134719561718 0.151556439516 0.139066467191 0.198251806139 0.0938450995392 0.0927288054475 0.272349688583 0.25729464735 0.261424473094 0.282905821184 0.25268566368 0.495291726838 0.482881611165 
1227 1.0 0.182646249854 0.182321737457 0.270251597183 0.188601351529 0.326787954419 0.239257965928 0.251328880314 0.20466335873 0.197297173058 0.540503194365 0.303941731902 0.304784845122 0.348987594475 0.340745333864 0.102283443831 0.0888581777889 0.148289364054 0.151320024134 0.208863977444 0.20466335873 0.373891307508 0.373732890169 0.165881820955 0.16492709751 0.286834418121 0.277103625501 0.155438328045 0.139510168978 0.127225548959 0.132544713459 0.146683294706 0.197297173058 0.10305250311 0.095703186371 0.281345254081 0.263895324329 0.278311983582 0.29577896379 0.268639889901 0.491619462606 0.473039411717 
1242 1.0 0.183187022322 0.188543726222 0.279958866209 0.200296835281 0.331576839308 0.255832275963 0.264675050615 0.218982315619 0.227464056164 0.548490839919 0.276379657751 0.289305810622 0.322037727556 0.324511676067 0.10426061029 0.0972964836579 0.150839309284 0.153520630296 0.226024395776 0.217561551431 0.365526626521 0.365705193521 0.175264096231 0.171878848548 0.285272090869 0.286926517426 0.148329691769 0.152132241296 0.142836156229 0.155422541322 0.145664869572 0.227464056164 0.103000617055 0.0903375171815 0.27436442427 0.257168556113 0.273589970979 0.295170147888 0.286926517426 0.488090186104 0.485878133774 
1308 1.0 0.16117928859 0.16552117772 0.293121821164 0.203817820167 0.331287118769 0.25914418856 0.249015244594 0.207268427459 0.212482327651 0.548417665325 0.307955630212 0.303514845183 0.353596374937 0.347351866676 0.103634213729 0.102651876737 0.173179339795 0.168072480187 0.21988744938 0.21475898901 0.353080217436 0.353768260085 0.182300200368 0.171415157903 0.27404250547 0.27902550462 0.149842531704 0.150920549428 0.153053807872 0.141352560373 0.141352560373 0.212482327651 0.113882032338 0.117041147196 0.26662140601 0.242668288395 0.253451492547 0.293950240587 0.284206410235 0.494149938243 0.491683284212 
1482 1.0 0.171350825933 0.165039793343 0.284804422337 0.19630065595 0.35442328113 0.243480997605 0.258328137835 0.210385281694 0.211240316843 0.531672592903 0.294484991084 0.300743454252 0.336866250044 0.334180111445 0.102051851588 0.0951455397969 0.172167064496 0.163332018562 0.218602153837 0.210385281694 0.379950137452 0.367953183657 0.161358145228 0.158224679076 0.274783019838 0.251014365119 0.158224679076 0.130475412882 0.14009810302 0.139381483983 0.157208779782 0.211240316843 0.116357013267 0.120084088303 0.26888886498 0.259797021325 0.27789947709 0.283040910506 0.258173032365 0.492605038152 0.463574008337 
