Leaf
183 1.0 0.180649743385 0.175822008862 0.28813182796 0.203309353196 0.361475859487 0.230422492015 0.222399204317 0.207114211894 0.204637420729 0.497075390826 0.253536400202 0.256286875562 0.291431154897 0.292903727421 0.101615480654 0.101772173856 0.143927588539 0.139771172362 0.210774834781 0.209789723205 0.37467984081 0.373657752502 0.16670384356 0.172805342892 0.298294384468 0.30615043646 0.152004475078 0.109611985798 0.153568884817 0.0985910042431 0.147751757812 0.204637420729 0.0934464165956 0.093956591906 0.290609834837 0.265389360233 0.296257489733 0.271503346537 0.283673039377 0.455138997918 0.464152526356 
620 1.0 0.152438601132 0.156562864644 0.28682191562 0.187531631461 0.339108503294 0.231295980948 0.239870717167 0.220922930977 0.228761638396 0.516459035088 0.234959727938 0.244072906145 0.275981781284 0.286774643775 0.0938741946712 0.0943064649298 0.155345811148 0.153148447118 0.222451827635 0.216772319754 0.372779034071 0.384417185709 0.193298797623 0.19118309585 0.307401466498 0.306296894236 0.151814763257 0.125837756647 0.151636052467 0.135387288932 0.128608437328 0.228761638396 0.110338662265 0.109475182659 0.323727276022 0.296856268675 0.312128303893 0.291603391546 0.286443522427 0.456574057353 0.445664825468 
977 1.0 0.17030653522 0.16481277602 0.285728298159 0.203269090424 0.36824582274 0.231781954594 0.231064664507 0.203862145194 0.210562252404 0.51653024013 0.256506199803 0.261054743243 0.295081871006 0.299900888064 0.0990401524651 0.104525897442 0.143785438262 0.13984827786 0.209196117852 0.199144034968 0.389127272761 0.385738581767 0.184675312034 0.196550704395 0.295694922646 0.307846658397 0.151153274352 0.140386779189 0.1494464075 0.142837739217 0.13984827786 0.210562252404 0.0909378958544 0.0990401524651 0.312033915848 0.29122106094 0.309606355122 0.269250253764 0.269250253764 0.462292573687 0.451224620322 
1008 1.0 0.17030413523 0.17030413523 0.287025222172 0.212731017836 0.382585600014 0.2280914964 0.224098338805 0.201562567663 0.208714337683 0.510359888598 0.25584246366 0.260432912445 0.304204446604 0.309719175583 0.108336624861 0.1067626435 0.150235867671 0.142921616354 0.199593311825 0.199593311825 0.384938185444 0.386255217868 0.171624342082 0.171624342082 0.277021252215 0.28898446145 0.144492230725 0.138510626108 0.157926412003 0.136044364333 0.15321112418 0.208714337683 0.0913849106579 0.0856476221437 0.304389880602 0.286828562181 0.304389880602 0.270841562152 0.287025222172 0.476155275165 0.465973442692 
1214 1.0 0.178772667969 0.172660030668 0.271550341373 0.21860022586 0.364226733707 0.240742676706 0.242827852742 0.211982148753 0.215672637442 0.503603847008 0.286630334589 0.285404102936 0.325720460672 0.323424247995 0.112755142019 0.106763802038 0.159184682874 0.159459851071 0.209381042284 0.213937840006 0.371319436106 0.367283235407 0.17480495801 0.189718173965 0.297586374274 0.305509829675 0.148793187137 0.124928739004 0.140300922911 0.125628625371 0.136499739446 0.215672637442 0.103638328396 0.103638328396 0.308081987755 0.284712026766 0.299129234599 0.304647617712 0.265179250833 0.46903222908 0.435643411448 
1257 1.0 0.160313775717 0.165835380853 0.281763655543 0.204491415235 0.376050306607 0.237822262638 0.230257988406 0.213473858953 0.210377261774 0.519358476892 0.261771866523 0.257954461568 0.301442313567 0.309091431412 0.100057977211 0.106271218216 0.152807796984 0.160599116392 0.22271090344 0.210377261774 0.376212607135 0.390660767699 0.178511026089 0.18530667276 0.283975716278 0.301897626543 0.141611160486 0.133626542064 0.157237925889 0.133626542064 0.140637876372 0.210377261774 0.103801146336 0.0988302254719 0.284405331828 0.270770469836 0.284136898232 0.249595240375 0.293281920415 0.445627338757 0.465689920581 
1321 1.0 0.166666666667 0.166666666667 0.294281000388 0.205741367791 0.366631350669 0.223827290147 0.223827290147 0.196780098592 0.207457463321 0.516379868606 0.239787076182 0.258592622254 0.283121615747 0.307999564377 0.101323100521 0.10564297903 0.134411108303 0.15437469092 0.216047523124 0.205441453101 0.374987153971 0.37613641677 0.158998592675 0.166666666667 0.271390367428 0.291385758707 0.142321017141 0.115539451718 0.168597765586 0.122280504944 0.129623757127 0.207457463321 0.0988589481362 0.0845727293707 0.295535489914 0.288728528683 0.312964416284 0.235571423716 0.311384276602 0.442250101526 0.477803014645 
1359 1.0 0.171651549572 0.17154958844 0.278028643334 0.201214077575 0.32556770587 0.23191488098 0.231386170256 0.191592906891 0.200865956073 0.544354863272 0.271469389347 0.261355467127 0.320639910272 0.302154260348 0.107134316801 0.0962974128812 0.146938047476 0.159169908159 0.209812811391 0.19512195122 0.380987789069 0.389211331201 0.162756979827 0.159279794198 0.275753825298 0.274035319631 0.147887576242 0.143199166652 0.142218338899 0.131345483101 0.127971897394 0.200865956073 0.111613488314 0.0935323157131 0.306979842756 0.301748645088 0.309929458147 0.261355467127 0.296307069463 0.456874486935 0.481487064406 
1472 1.0 0.175524030393 0.169579044954 0.268987450617 0.198902786167 0.339158089909 0.22381696354 0.220662829033 0.188759164615 0.19438167769 0.508737134863 0.248090674416 0.25388080367 0.29032380623 0.29032380623 0.100093988998 0.0995802440031 0.140827731614 0.144778617234 0.231329680538 0.218482620583 0.371354164106 0.376656879928 0.17267617886 0.164772388951 0.295923173942 0.285813186605 0.142397227579 0.11767973961 0.142397227579 0.115331778127 0.138007212738 0.19438167769 0.0942889633884 0.0890672779228 0.280804354766 0.263204862138 0.285154423015 0.282261826606 0.277866477736 0.478535693175 0.476961087463 
1497 1.0 0.182943419977 0.18856834993 0.279995428683 0.188654908736 0.388565084703 0.245776709267 0.242499985694 0.198357389627 0.206503039973 0.559990857367 0.255546453847 0.261170476188 0.304196899942 0.301555643585 0.098642255251 0.0921385842608 0.137378503163 0.129297414742 0.209563673676 0.212657031687 0.383532577027 0.394941236504 0.170470747 0.173508326671 0.274340752642 0.291647813417 0.146466244368 0.149990748316 0.151829866943 0.146354735981 0.141476757659 0.206503039973 0.0857128863316 0.0857128863316 0.299872630181 0.274519224364 0.301555643585 0.268810090987 0.275765292307 0.436378774753 0.448955193046 
1523 1.0 0.178833104461 0.173160039778 0.262532963535 0.206750356296 0.324024998554 0.243351533381 0.238625811033 0.207277877654 0.205994410963 0.519510149691 0.259123688233 0.263482023886 0.312256145105 0.30513033966 0.108456767953 0.101931425972 0.172075519466 0.170984120382 0.227925597516 0.223571910973 0.342241851882 0.347803448358 0.17848382072 0.17848382072 0.289709090735 0.288305610082 0.150402476164 0.136366945547 0.134987143318 0.127498432281 0.138748585747 0.205994410963 0.117434882544 0.113103986227 0.324746390909 0.301840428548 0.315387981355 0.292389157899 0.291320089757 0.450550019213 0.454377220321 
1572 1.0 0.163591156999 0.169874002544 0.270354713199 0.188724326905 0.358377177962 0.22538087128 0.228602627206 0.19521087431 0.19521087431 0.502985512929 0.252747092208 0.263917653763 0.295570867649 0.309614549575 0.0961774854555 0.0951443997987 0.129004998351 0.133670233603 0.182765342274 0.180151162189 0.37958955703 0.388391460554 0.16929124267 0.17435269291 0.272031008652 0.287915273935 0.135432994136 0.124005312259 0.153106220658 0.127308504938 0.124799717003 0.19521087431 0.0845872249009 0.0767465079685 0.300873009974 0.289285002285 0.320653264492 0.271521927318 0.315370312183 0.458974280548 0.472595643118 
