Leaf
91 1.0 0.170217084921 0.171628137674 0.272432336691 0.192888987156 0.379982786916 0.223473731635 0.243512473186 0.180219358751 0.200972008517 0.518028822076 0.293677138534 0.296239196446 0.342365125491 0.33915656125 0.103481536835 0.0935244591138 0.170122598605 0.168317281175 0.213087562496 0.215563227161 0.380616972815 0.365268709779 0.140057274472 0.164842467829 0.253920603525 0.273903841058 0.141768832171 0.124369329041 0.139020225676 0.134433934987 0.138440730758 0.200972008517 0.119220760505 0.114121708497 0.256252801506 0.244435121856 0.259680876531 0.252650992552 0.268987446529 0.481246198255 0.492409503376 
642 1.0 0.180935876459 0.183178968843 0.274737488206 0.180935876459 0.373396406836 0.231367052427 0.230777956494 0.193918075073 0.211382736338 0.485908280687 0.289631380493 0.301152005144 0.339403634767 0.353162141776 0.096210307895 0.0922374221521 0.154011638593 0.155331762497 0.200899796572 0.209116699746 0.394793407074 0.365474417861 0.149527074789 0.165102409168 0.269168964142 0.290335509686 0.134679271013 0.124844637157 0.147695127218 0.130443413366 0.136186921761 0.211382736338 0.099171315431 0.0965633744315 0.253543879622 0.247498975202 0.278856167753 0.247498975202 0.293367207659 0.482781628764 0.495856577155 
693 1.0 0.176427413545 0.183183044898 0.303286983285 0.203969118138 0.38059521527 0.212643192319 0.224386331202 0.198689908972 0.202099517569 0.50805835475 0.288718962901 0.288455893176 0.338356722689 0.330685913516 0.105281137084 0.100560228473 0.156059898021 0.156642575461 0.212857298625 0.211999576001 0.370323354081 0.35242425362 0.147866700749 0.155279593642 0.278874576569 0.278656705773 0.160473032909 0.124692150523 0.152417506425 0.130056401136 0.142213638942 0.202099517569 0.103536024999 0.105999788001 0.251385471596 0.233082305354 0.266798226481 0.26594319311 0.284694070249 0.471894566863 0.469927726383 
1222 1.0 0.155252552916 0.161939650622 0.273244493133 0.1802000003 0.354030291038 0.23111260263 0.223908416075 0.202186276481 0.202186276481 0.515588094982 0.27577328784 0.27282074851 0.317201900834 0.327726335093 0.0889151308909 0.0964067101405 0.161939650622 0.170523569332 0.242193982549 0.237693635923 0.369748875077 0.372243694774 0.159661230253 0.149300980831 0.247314929033 0.257101227661 0.137466470336 0.145507344132 0.149300980831 0.140518570193 0.160263955047 0.202186276481 0.119453699276 0.108454770901 0.26869009929 0.242193982549 0.26869009929 0.267106591745 0.302196611716 0.479426318701 0.483750612237 
1352 1.0 0.17775027755 0.190896583909 0.288338740188 0.202360404386 0.355975788138 0.220995772391 0.230318931981 0.191975935828 0.211083668898 0.51006107104 0.291255582627 0.297319403775 0.339942493137 0.34850991804 0.105808466877 0.1010873337 0.156267609271 0.15698718764 0.207402999515 0.202916595277 0.363856585342 0.361837588919 0.145692271189 0.154697040674 0.269132288558 0.297066581107 0.139769998805 0.126359167124 0.155181985565 0.124109269102 0.147613570933 0.211083668898 0.0988323139614 0.0904983240322 0.26327551737 0.251973948731 0.287294504109 0.260189449927 0.289898041725 0.482038960922 0.484371421127 
1357 1.0 0.175639595644 0.182894677876 0.277052501894 0.216171810024 0.364852473767 0.237976992323 0.242159016696 0.200054754518 0.205123085752 0.534058816872 0.271562475441 0.27902209424 0.320364074367 0.329354552992 0.109969441041 0.109969441041 0.162690830979 0.162690830979 0.220042602381 0.230871594309 0.383869054629 0.377938599504 0.162410087317 0.166845308056 0.271730469565 0.281545759017 0.141056247202 0.144571211245 0.145828375874 0.146140977253 0.143303018221 0.205123085752 0.102894716064 0.10573825107 0.278203125364 0.263545986531 0.285009333008 0.263805595184 0.291656751749 0.481103706812 0.498251403232 
1372 1.0 0.179568410725 0.185973539306 0.262850075615 0.198681213724 0.365373285995 0.244050168406 0.247310445304 0.21304740543 0.21304740543 0.512765767968 0.289545362143 0.284608958381 0.330859582387 0.33259313997 0.0980399405576 0.104332123678 0.160226785261 0.164152321951 0.221368250295 0.227318839961 0.36419093618 0.368228901816 0.158292386962 0.164277390405 0.275888005948 0.28468111175 0.133825339925 0.129773805142 0.141870843406 0.133364136922 0.155147191588 0.21304740543 0.106089008848 0.103541717418 0.252813293779 0.243544713597 0.270399019031 0.26183233509 0.309366348335 0.485822832104 0.512284899683 
1423 1.0 0.178065485351 0.171954878675 0.270153871796 0.22086305215 0.36187960433 0.241632968689 0.237876787127 0.203625672827 0.211489846025 0.527694550343 0.28184596541 0.278968886751 0.333383360849 0.33152102704 0.114436378844 0.111782420659 0.175197556675 0.173475671581 0.211578539611 0.211223541811 0.389014244664 0.38141633947 0.153630242489 0.161721508013 0.271331924279 0.287121967795 0.133785973402 0.124034734589 0.1512921208 0.117669681083 0.138607386184 0.211489846025 0.109578760216 0.104674963721 0.28502328663 0.28184596541 0.298652382844 0.263473692219 0.290241537506 0.494965270637 0.493864798325 
1679 1.0 0.173624681844 0.185984658537 0.269484124414 0.203647997755 0.371631886145 0.22281188445 0.23318803105 0.200722760285 0.204613783718 0.497250307137 0.278575177157 0.276443934343 0.321299247869 0.319172526811 0.102481925164 0.103352645358 0.157153144747 0.161761399304 0.223534649714 0.217025690987 0.375804153674 0.385642760045 0.155317716598 0.147262155274 0.281455410647 0.278510833658 0.142310743932 0.121228684752 0.135074185122 0.121228684752 0.135735993029 0.204613783718 0.112486607164 0.101779985909 0.247505296112 0.233572006332 0.2540799068 0.277350098113 0.279538552403 0.487752353753 0.483804669474 
