Leaf
157 1.0 0.172003241217 0.161342598791 0.284931072256 0.198878747657 0.354919529491 0.226073974203 0.223568032088 0.209076930972 0.202335262707 0.494538530142 0.289906874028 0.292041673917 0.324737979879 0.317631649536 0.102126924472 0.0967518231843 0.160354686031 0.156986088299 0.249869953463 0.237965878139 0.461539387554 0.450515582241 0.173341808029 0.185343593834 0.298693174326 0.296849671151 0.159813250543 0.116281219829 0.142819991537 0.120790378332 0.118374326695 0.202335262707 0.117885174492 0.115783225164 0.396046859004 0.392971004735 0.406593638276 0.299562452985 0.276020740959 0.497915451259 0.46440999552 
29 1.0 0.178528368539 0.172506703073 0.299066597387 0.218689464184 0.402456374286 0.241648837332 0.239037826446 0.21996946165 0.216335855171 0.511776303645 0.302361591402 0.300828418798 0.359821088563 0.339610177744 0.117216903603 0.104083167754 0.185068692954 0.175919254133 0.244164310096 0.230813264397 0.401346941157 0.397210938972 0.178528368539 0.167059791118 0.308418075911 0.28585344282 0.165869326134 0.126173194462 0.14730797667 0.116368519206 0.158955037979 0.216335855171 0.121233762872 0.118478090096 0.261410979813 0.241648837332 0.24951649251 0.258296941851 0.246854907141 0.518444679997 0.515089222585 
30 1.0 0.180819984374 0.180719612462 0.265055431612 0.210839547873 0.361489421332 0.27241479337 0.264026618963 0.218198092382 0.218945206164 0.572310477115 0.278735552095 0.278149082721 0.329066325183 0.329066325183 0.105204411558 0.111076833427 0.162759168302 0.16661525014 0.221499310007 0.221007270947 0.363940564286 0.364687620626 0.178395472645 0.172500738257 0.274736081284 0.274736081284 0.135372272953 0.155460888854 0.146693671562 0.158122489329 0.162088914933 0.218945206164 0.100259126473 0.100259126473 0.274008652665 0.247277148793 0.266829310152 0.267372751265 0.279060835847 0.471336089723 0.486788850513 
34 1.0 0.18065604873 0.18065604873 0.267811318579 0.218644265919 0.393474694263 0.242720226579 0.247109295418 0.204166806316 0.195041550266 0.535622637158 0.285459298409 0.274092873956 0.332431346565 0.320728120566 0.115917413791 0.10609944236 0.166552165307 0.170713291133 0.212620611969 0.20807812576 0.392715089898 0.386391379303 0.151532432939 0.153878881146 0.276154975726 0.262404982874 0.145808359277 0.128964454006 0.131373068963 0.136609982248 0.151137816558 0.195041550266 0.112518868064 0.107636183158 0.27458266604 0.251362367337 0.267085616955 0.272234595757 0.246564934541 0.495124030234 0.471112353697 
44 1.0 0.181522409229 0.175942284324 0.276413629154 0.211104429529 0.386915133185 0.272364742043 0.272364742043 0.225672136389 0.234613629414 0.547734082077 0.29753012661 0.309141943645 0.345256601594 0.359726080755 0.103590387161 0.112359550562 0.189618185256 0.191011235955 0.244727251956 0.245448403073 0.386621360317 0.398995076507 0.178436022752 0.175511228672 0.265320847517 0.272364742043 0.144677920025 0.164060334817 0.147785915033 0.160874393969 0.157784176913 0.234613629414 0.126023145104 0.132660423759 0.262065253701 0.251293836672 0.263698074817 0.261293336697 0.283003352655 0.501808369743 0.520504935816 
46 1.0 0.184794157893 0.183734752118 0.280783094715 0.209172783874 0.357160704544 0.270394086472 0.253296845688 0.213117461924 0.208112411061 0.567123760487 0.314577296679 0.302083688602 0.369869906924 0.350540595375 0.110132190695 0.105175790478 0.179724469552 0.182669202332 0.224536076758 0.224304117939 0.40158457613 0.392438949386 0.169590866343 0.160198991302 0.270394086472 0.259188257522 0.156084308296 0.170509235149 0.133915525752 0.155499564384 0.147951481277 0.208112411061 0.118664264647 0.119429495841 0.276533159377 0.260240548636 0.278502726863 0.292229755652 0.258131676707 0.527559081119 0.509488316463 
48 1.0 0.197140667715 0.183104681381 0.282591676025 0.20786521811 0.383957946597 0.249740816677 0.240711035678 0.215904192405 0.198932566653 0.533052327201 0.288408668336 0.288162480781 0.339038007839 0.323658995693 0.11239694436 0.0972291783874 0.169581792614 0.15670489142 0.220779958153 0.221614182737 0.379794871982 0.371748978548 0.165429522451 0.165257825963 0.288162480781 0.271734433878 0.150041394809 0.154882679563 0.142172138488 0.146305338084 0.14395804136 0.198932566653 0.104951913691 0.109712832462 0.271734433878 0.250648555487 0.270530325848 0.288162480781 0.246364625593 0.483187899773 0.480270801302 
74 1.0 0.186170656761 0.187308455935 0.304102757631 0.221841955414 0.407260412068 0.266044681689 0.273137823616 0.216326103131 0.210224164908 0.58759440406 0.305236009615 0.294474415073 0.359900419434 0.344517393094 0.11442724311 0.111249721727 0.16778723127 0.172239422847 0.214352733698 0.209844812722 0.377477298396 0.388947482934 0.19508733236 0.189002312166 0.286566696753 0.273186437627 0.164993907411 0.190750751918 0.148740239242 0.18452277939 0.153744992033 0.210224164908 0.10871412644 0.106117962621 0.240234755402 0.216694109243 0.226286940059 0.287492003316 0.247906350656 0.510383003813 0.506255356859 
89 1.0 0.193547819081 0.187124815809 0.274763624785 0.203581195268 0.351798772365 0.256290103676 0.254517266368 0.206817515374 0.209211904213 0.544034185397 0.271225273523 0.277387769891 0.319655166171 0.319418996825 0.101307558672 0.104966042508 0.163906959667 0.151961338008 0.205132171833 0.207109218644 0.353894740796 0.355256861745 0.17896169449 0.177352065484 0.288326366635 0.284956475957 0.142637047136 0.15549579507 0.144215520652 0.153934944563 0.155592828337 0.209211904213 0.0959516198626 0.105682542583 0.271392164283 0.252791705683 0.26309004705 0.27852805916 0.27470868854 0.468521285666 0.478624215665 
93 1.0 0.17626655991 0.176589985063 0.309847875794 0.208383493724 0.34723279426 0.251103129691 0.24622687658 0.225417665919 0.226364935813 0.534247908175 0.297684837508 0.309110361209 0.34636897859 0.351154606654 0.108023350358 0.102047512081 0.158811563484 0.151266644431 0.212853716687 0.216310655244 0.353825637886 0.351803991595 0.196401289396 0.195892194289 0.309847875794 0.309709725586 0.155544233449 0.157729973849 0.164546668993 0.157729973849 0.144316975591 0.226364935813 0.100781539419 0.102744090215 0.24645851057 0.240363490787 0.255774954578 0.275949922063 0.273822208736 0.472858186436 0.49384225334 
103 1.0 0.182469632892 0.175740311554 0.291393562916 0.214360312319 0.373427360072 0.25058687293 0.263596179113 0.206630479932 0.222904988107 0.549030284542 0.303697435116 0.299652283322 0.358945330141 0.346211786252 0.113162862432 0.105586968564 0.15956506511 0.155258166382 0.224252672623 0.222295864487 0.382987627371 0.384087491539 0.17539706843 0.193060892299 0.280540809358 0.288901198709 0.151823911756 0.158332884005 0.151027974887 0.165952025374 0.147699403846 0.222904988107 0.090029657776 0.0913585806673 0.261875933334 0.247075213777 0.267679667669 0.265589050396 0.262680116641 0.490754584974 0.490047998771 
106 1.0 0.176428027958 0.171003228217 0.320675581906 0.203136635166 0.342048202722 0.239282820539 0.232011765079 0.211403173146 0.211403173146 0.550520395141 0.302010322235 0.297820820996 0.361253805611 0.341881186988 0.108993599696 0.0975161277338 0.188252269915 0.177878808208 0.236582363679 0.233422929908 0.365926993259 0.356158741379 0.181690929981 0.174474889985 0.304271192137 0.295123811057 0.171086705512 0.142291005524 0.162263108412 0.130460025982 0.136032235062 0.211403173146 0.127021885396 0.125096341878 0.267833038522 0.256504842326 0.270432647612 0.274779960151 0.265960618411 0.481094996763 0.483315788672 
131 1.0 0.179848661257 0.175203065219 0.275147049408 0.206275598627 0.365173891352 0.244937560865 0.246019470967 0.206478792501 0.209169183376 0.523877716014 0.272184548224 0.276767959155 0.316890116319 0.326450227735 0.101704786381 0.107841816669 0.157205111312 0.157737710618 0.212352663981 0.210501484638 0.365173891352 0.354688237972 0.173921855595 0.179848661257 0.285958799482 0.28926366759 0.137471881894 0.130588654565 0.153970831827 0.142367065451 0.142268847388 0.209169183376 0.0993408525041 0.0997620876904 0.279181678913 0.265687560468 0.297694054475 0.255769325763 0.292531201369 0.452403267895 0.456371658693 
153 1.0 0.190028026842 0.192108687695 0.282971524862 0.219022479319 0.391562493122 0.241811396271 0.244874576179 0.199801126898 0.196709725023 0.554470440097 0.316096784871 0.322375233161 0.362979589703 0.364027678077 0.109964079247 0.111757090047 0.171711512326 0.180735251335 0.214899693849 0.223958395531 0.400802574006 0.375892731202 0.162084320087 0.17248152297 0.28576752385 0.293488496817 0.15293495528 0.142506491255 0.14110475399 0.141573541839 0.134862306236 0.196709725023 0.118518825268 0.118518825268 0.247230811944 0.244197190161 0.270583024411 0.264139647135 0.282268197698 0.504739833137 0.503162106433 
171 1.0 0.171930161212 0.167126945551 0.305684025911 0.216257839844 0.383126467204 0.236807781271 0.250491159609 0.209839686901 0.219291453085 0.540004825354 0.326252220387 0.339770079585 0.376818762202 0.386042752662 0.112105311144 0.107630463241 0.186256528991 0.187571684101 0.234918760409 0.223455586669 0.372059100728 0.376941059635 0.168864563792 0.176080035659 0.287501870371 0.28535630404 0.159603275362 0.129882520096 0.158734548331 0.141651482789 0.145080759391 0.219291453085 0.126648422844 0.126648422844 0.255350800792 0.244469304627 0.259824178506 0.255531239491 0.290055601085 0.502238107884 0.532267556055 
205 1.0 0.189658599039 0.18356668934 0.264772269929 0.205446732886 0.362378444129 0.249116669502 0.244152746759 0.210007314989 0.204379839404 0.529792189894 0.303115442709 0.3046980513 0.348895367715 0.340994187761 0.11011883894 0.0977804159119 0.175197999939 0.172852987896 0.214946110883 0.215149433751 0.381501053332 0.370374364899 0.171583548529 0.169102279547 0.294729149188 0.283075529458 0.15203779136 0.136265111064 0.130473220383 0.128786722678 0.14130588328 0.204379839404 0.120725763461 0.117916382683 0.27593166699 0.264607079768 0.275350034009 0.288127659121 0.270004998539 0.494268437597 0.473946653068 
209 1.0 0.175326372217 0.164063489517 0.260173498686 0.214767158359 0.339060369535 0.245041288386 0.23637328154 0.210875584383 0.211554248844 0.509083545331 0.30524357067 0.300457820747 0.344835989032 0.333519097942 0.108563653944 0.10738357918 0.168375381717 0.15983459102 0.228562782258 0.224697491102 0.369064640609 0.374590316567 0.191977472425 0.182187027231 0.302149363013 0.284054180232 0.138363272755 0.15722241054 0.132121613642 0.149111555704 0.135689895872 0.211554248844 0.108563653944 0.113582415819 0.292724942916 0.261151138575 0.265325949344 0.304407571645 0.254666885366 0.48923687713 0.472611781449 
238 1.0 0.184719013814 0.17208720668 0.269238388916 0.226329425103 0.377215708505 0.262060305725 0.262720963007 0.220968315415 0.223568032088 0.516709132634 0.296070025231 0.296849671151 0.344426156229 0.329638795979 0.12019091866 0.107636319411 0.17549520498 0.163477323557 0.221621103589 0.224470819853 0.370258264255 0.363763727525 0.190038528516 0.185343593834 0.307698141541 0.283813491983 0.149925826262 0.139752633488 0.134806854483 0.142008507744 0.148278772064 0.223568032088 0.110680109664 0.110810551794 0.258060846389 0.231379225031 0.248013021433 0.280434029885 0.26518376935 0.476932346557 0.487447899529 
248 1.0 0.187658616275 0.192023353584 0.271033413954 0.208876265789 0.400816618136 0.282941849599 0.260480490723 0.231457483713 0.228756765412 0.536571268201 0.28813182796 0.297920213423 0.317846184024 0.346025391109 0.0966320473005 0.113469215751 0.151899608232 0.155732659067 0.209561732132 0.209561732132 0.37467984081 0.383631566298 0.196372222689 0.184576422129 0.297492013111 0.311772130212 0.130331974622 0.159373654525 0.150635511845 0.15408682519 0.143927588539 0.228756765412 0.0959701761735 0.106515391913 0.261518387333 0.242748092674 0.261518387333 0.251770453533 0.280282403137 0.479850880867 0.487003635788 
272 1.0 0.191236825665 0.173713418327 0.269167102044 0.237298827153 0.400195129726 0.259105116441 0.243744585003 0.226677859705 0.214633139622 0.507849299055 0.30517440816 0.301569769731 0.354721131594 0.341398151542 0.128990389286 0.110994158494 0.167465303209 0.160371789186 0.204933476651 0.189710685617 0.383557864933 0.397000185181 0.193181290765 0.179975358907 0.31766464628 0.28432270557 0.149656084428 0.151494680213 0.129952618539 0.146193736979 0.178042162577 0.214633139622 0.0970196214918 0.0941228581572 0.289389524979 0.254523593459 0.268755373922 0.299497100704 0.228441916347 0.52196301773 0.489783782608 
289 1.0 0.176974804844 0.171712606305 0.292838406487 0.206975698712 0.353409200787 0.268694506871 0.268741924943 0.239988107079 0.246535629299 0.535203144337 0.285568624585 0.281343072719 0.329681834699 0.329643182746 0.102093279488 0.10708823422 0.172674589218 0.169622114035 0.21393836223 0.210939358215 0.348142002968 0.357567099126 0.201548541238 0.204560641535 0.308104924077 0.303941152628 0.159637714204 0.155922822593 0.151865732855 0.165361864955 0.159637714204 0.246535629299 0.118175045963 0.1219949699 0.289292433587 0.2625543 0.275577421776 0.282923791081 0.275484930609 0.480241614352 0.472052796854 
292 1.0 0.181537363439 0.169542373365 0.293927481146 0.20906250339 0.372828962979 0.285615141288 0.265228482088 0.250696907091 0.23709304532 0.532018371502 0.309214060903 0.290048703013 0.353637976118 0.333774366606 0.10791014973 0.103071353634 0.171785589391 0.158252540723 0.218172633787 0.22028274005 0.376913949145 0.381833442479 0.205600327471 0.201841893432 0.308646079348 0.297273192691 0.161741992583 0.179416114015 0.14289132057 0.16418906034 0.170761106693 0.23709304532 0.109086316894 0.116305108615 0.282018112864 0.254423302981 0.260188772778 0.308232344471 0.236014118014 0.515975443987 0.482621913416 
305 1.0 0.173079477288 0.166462510942 0.279288616883 0.215281607352 0.339182108451 0.264292462087 0.256998703634 0.229276920367 0.234739616265 0.510567533391 0.295621960971 0.304406860297 0.344866767805 0.348026172552 0.110642854143 0.107874696743 0.160112009645 0.155642035955 0.214275769702 0.213669994365 0.399649874129 0.391494382444 0.175476012866 0.188456205967 0.278927412054 0.294205741235 0.149698932626 0.144510002506 0.142603851677 0.146489683827 0.165333938533 0.234739616265 0.0967543691817 0.0960072200144 0.28139493446 0.26385615562 0.271390267627 0.302175003903 0.283841006699 0.529918327991 0.518849967212 
356 1.0 0.183511488455 0.170962256617 0.294134587962 0.20887382719 0.358136046038 0.253240426741 0.256429485179 0.216252049933 0.216844612606 0.534663453943 0.316187185554 0.320486812121 0.361937685115 0.358215658364 0.108914317481 0.101599739456 0.155959855651 0.15485894879 0.210370174616 0.202637376925 0.377328050694 0.370925736609 0.174593134326 0.176137876671 0.284274714427 0.270235934232 0.154120642087 0.146630387373 0.153750159239 0.155226785291 0.144277875616 0.216844612606 0.100754234553 0.0981740390772 0.268329857613 0.251035098012 0.265122612606 0.282412907613 0.27860080657 0.497878243594 0.491392737584 
487 1.0 0.175007409446 0.163278140109 0.286314758751 0.219923128781 0.377704631136 0.278183198839 0.258566909084 0.237170824513 0.230572982838 0.538193728714 0.296460796986 0.293117808726 0.347075810533 0.332537084944 0.109932080125 0.112150795048 0.174190480944 0.162082531101 0.209536635603 0.204526068908 0.388668596633 0.351198304328 0.196573342135 0.201781484866 0.281196686971 0.288165610521 0.151924036489 0.178164919637 0.150466080875 0.171111208409 0.16248204497 0.230572982838 0.109340725217 0.118448651269 0.252836604446 0.239834832516 0.262893648724 0.27296018283 0.25766265056 0.50876650931 0.474806140829 
547 1.0 0.18148558619 0.182192446066 0.28932373947 0.209740321757 0.39117843186 0.277069219122 0.263699213242 0.235777988031 0.231306227098 0.544309189315 0.304739764237 0.313061834279 0.349853072355 0.348426503409 0.108299546508 0.102663750946 0.160534134147 0.15678731521 0.201057614938 0.210962417004 0.405655710264 0.385343635245 0.202332160918 0.208433994533 0.293294819081 0.31444446463 0.145299088754 0.176093717745 0.158113883008 0.169870660007 0.164781541133 0.231306227098 0.104062715913 0.104062715913 0.251601553855 0.251026171579 0.268888027268 0.239228085978 0.285297391405 0.502340281438 0.52265512574 
599 1.0 0.192765456336 0.18482315573 0.274154134018 0.191790656377 0.356218890886 0.273555263296 0.254659957438 0.217547102835 0.20819173452 0.569642660283 0.310764651269 0.303980743152 0.349646879508 0.337092033198 0.0968071901758 0.0960783929335 0.163285924802 0.165707217599 0.220754358423 0.205928713674 0.370532602913 0.378044162848 0.177714377795 0.173309205709 0.282985151617 0.272611522708 0.146335844137 0.172767613117 0.13639167738 0.165707217599 0.135875366338 0.20819173452 0.122452485935 0.114748172351 0.28880361047 0.268367271581 0.273298202694 0.270107674202 0.256584713671 0.466285174563 0.474750198817 
663 1.0 0.183982069316 0.174560874609 0.291203428922 0.189910901736 0.332393702617 0.255344009101 0.271052370872 0.231644975755 0.228971325058 0.530060477476 0.316561398358 0.32168845542 0.358372268204 0.352731375046 0.101015254455 0.0897647249255 0.160268950591 0.157946890654 0.204540300904 0.207189564974 0.353179984338 0.358126723627 0.184173219569 0.187580618371 0.29552134302 0.274791200881 0.161362949302 0.168614004809 0.139618460696 0.167146856927 0.169654199776 0.228971325058 0.114562472777 0.114562472777 0.273250303495 0.255137224878 0.268574572878 0.292108257915 0.275941227207 0.487204321274 0.50014072615 
672 1.0 0.181989901339 0.18485773326 0.28096844455 0.205992669894 0.393704352538 0.257069617088 0.273804360685 0.213516163603 0.223065946435 0.519042015126 0.306885346604 0.316079869322 0.350064564761 0.363176018549 0.107757115821 0.101615688403 0.145725675736 0.141244910309 0.193608920159 0.201014416178 0.367230400542 0.386462390862 0.197099447031 0.215242859993 0.279787169736 0.296093644619 0.138177034156 0.176666451011 0.154423552013 0.189849165749 0.145591921072 0.223065946435 0.086719443295 0.0813883581227 0.284756644582 0.268704869203 0.299755719331 0.271948038531 0.309917634461 0.472473263833 0.516445565809 
692 1.0 0.183813308485 0.17790883288 0.289940828402 0.207100591716 0.384660898536 0.259344461548 0.254093616019 0.228405432729 0.221083333636 0.526660460356 0.29377968254 0.29210639165 0.338728326186 0.331043804277 0.107164321161 0.101285460169 0.163232120996 0.143239271443 0.20777573806 0.217249227819 0.378744449842 0.39272292322 0.185708341142 0.188050279078 0.300437923664 0.300437923664 0.153618402198 0.151206299872 0.147928994083 0.145542886109 0.156217500384 0.221083333636 0.0979464222322 0.106673114659 0.296567197305 0.272446495461 0.285989253813 0.301717130982 0.232507487626 0.515064880883 0.485243179493 
730 1.0 0.193654599798 0.191820625406 0.284835255379 0.226579254477 0.389130208895 0.272760425012 0.251907384599 0.234967148087 0.220174220622 0.518468865654 0.319958337635 0.315241509361 0.369562354618 0.355825352575 0.118340087746 0.110848967915 0.156764113801 0.168660574814 0.233530026666 0.222380201565 0.38157356317 0.381397072151 0.187471593539 0.180145632982 0.298681386449 0.288067115186 0.154819342406 0.161210702992 0.143301302938 0.149734658428 0.154492833763 0.220174220622 0.103303456414 0.0937357967696 0.276803355519 0.255885115612 0.269906814669 0.270218449474 0.264234546645 0.491126444322 0.484188647835 
744 1.0 0.185008033106 0.178336697535 0.291873720941 0.21103850517 0.37863721424 0.251394289537 0.23937361675 0.218851085069 0.220512848377 0.513848407356 0.300355600507 0.304987119713 0.348053619155 0.33856854778 0.109292015282 0.102820820563 0.16647916402 0.168311056969 0.222359280054 0.217042090534 0.37538372451 0.361472089912 0.178990546465 0.181662799228 0.302100741341 0.299771629247 0.16122106418 0.138096722303 0.141852303027 0.140195576968 0.149471191935 0.220512848377 0.116909474047 0.116408788774 0.259511394654 0.23778226338 0.259511394654 0.291473207927 0.271769800045 0.497004842883 0.487122808529 
750 1.0 0.170980564852 0.176581943524 0.271169130169 0.197808179382 0.361602973132 0.260667472763 0.257897936916 0.207185879283 0.209636056142 0.525390189702 0.295715638419 0.302016119299 0.344193761446 0.344193761446 0.104168993793 0.097523020236 0.170793802846 0.169480706355 0.197323552653 0.199655017951 0.3819065533 0.37152844216 0.196106746275 0.194800442003 0.269101586759 0.283707980115 0.137570829948 0.172467380357 0.148288892484 0.164705640977 0.152637217587 0.209636056142 0.113691114086 0.116464475635 0.26785340039 0.259931815211 0.276125862558 0.282467843926 0.301963277706 0.509226147472 0.513563517664 
797 1.0 0.175555577071 0.174527424293 0.275094774373 0.214644281851 0.35556786575 0.254978327763 0.243053404126 0.216522585554 0.216522585554 0.503474832763 0.289129363289 0.284580801075 0.327645769395 0.329971953576 0.10815734528 0.10815734528 0.161541213794 0.161541213794 0.208044807556 0.212114005432 0.378550708481 0.36301872811 0.195559450309 0.189364473929 0.295821100125 0.299524203517 0.140059505807 0.153251451474 0.148479803802 0.144019005515 0.143549632168 0.216522585554 0.102167634316 0.104991076138 0.297035352946 0.288506238937 0.312103253051 0.272382795518 0.292225054997 0.479630995869 0.47515431054 
803 1.0 0.194758640521 0.194520791493 0.300046805604 0.216663323123 0.377771948009 0.266025225678 0.266025225678 0.23200323104 0.237329774902 0.555574759021 0.326073425615 0.318411305859 0.372672245179 0.353853337993 0.117192764315 0.100613837753 0.168963018408 0.157916123081 0.219774835604 0.221801741356 0.37453097115 0.363150995759 0.201380991853 0.206451304893 0.326829758149 0.332818548412 0.167126409314 0.15918141887 0.147612502664 0.149585602907 0.145400559829 0.237329774902 0.109430064631 0.111801673554 0.268335518512 0.250242930024 0.26205098748 0.295277271419 0.256876658589 0.510740782017 0.479993878751 
837 1.0 0.199028880774 0.186793563354 0.281979317132 0.198719268638 0.403689726782 0.250609863252 0.249542909586 0.208694083077 0.208694083077 0.538337699931 0.305458462875 0.302826605568 0.352616053746 0.353371930399 0.0980077395663 0.105666396264 0.159145742996 0.160174159145 0.214896184852 0.220924240899 0.38919354371 0.384631488202 0.180421810998 0.192742165343 0.296802327913 0.302215999043 0.149983237299 0.151209835768 0.147916304715 0.15188699919 0.131459958859 0.208694083077 0.100284886264 0.110229617307 0.263855024112 0.243801697455 0.264864330523 0.261353972177 0.253460107688 0.490038697832 0.50358918662 
848 1.0 0.192291823599 0.183796243247 0.313137397854 0.212302690276 0.390864122067 0.266933565806 0.267455997989 0.227536387515 0.232659294069 0.558737736932 0.318685297571 0.314767689559 0.365094564474 0.359227317872 0.108141743086 0.105968546061 0.158317298586 0.153643792549 0.221806506614 0.218424252494 0.366282142867 0.366493805492 0.196835718374 0.205396077054 0.308948747224 0.30388699016 0.169392257823 0.172027103797 0.155150632717 0.176125683043 0.145236958914 0.232659294069 0.103600234819 0.107133070544 0.257469003101 0.223894470819 0.249390484453 0.289028631835 0.269938107495 0.516051256865 0.506311561652 
984 1.0 0.167680383096 0.173263625657 0.313029080905 0.201182337618 0.368734388347 0.247439690378 0.25501675744 0.229035983344 0.234489183321 0.553066318755 0.27936803166 0.273896885383 0.325011852107 0.315264144378 0.101171172667 0.100707436814 0.150310439667 0.146205983917 0.226225619447 0.230326719852 0.402248323213 0.397291500973 0.205403674191 0.213815248578 0.314074089884 0.321148275253 0.162673866082 0.164959793585 0.166090959707 0.167680383096 0.142421822974 0.234489183321 0.102549798763 0.102549798763 0.28070526163 0.262553444321 0.275090589201 0.27183834099 0.27183834099 0.488564821016 0.491398950644 
1084 1.0 0.1903548294 0.180036954609 0.261737890424 0.214149183074 0.369004322017 0.267355797458 0.276721274635 0.231001389383 0.233742437839 0.524016282573 0.312965859413 0.309326597774 0.367274154164 0.349906468142 0.109686550769 0.109686550769 0.185839843078 0.171583524483 0.192204774028 0.186220273042 0.396016970477 0.378098194745 0.181991810553 0.199433025082 0.28800015727 0.290447101474 0.135648686581 0.171583524483 0.135648686581 0.170341649117 0.161819099892 0.233742437839 0.124210172774 0.117173602915 0.282792665104 0.27466765609 0.287754318422 0.287754318422 0.248420345548 0.51323599044 0.478556451658 
