Leaf
135 1.0 0.175521982966 0.170535238992 0.27131338696 0.218072766716 0.377638205776 0.241934510445 0.230926223935 0.206546693802 0.200217715606 0.515955668976 0.246108101637 0.251396461902 0.287857310031 0.295040289126 0.106907521066 0.112201220816 0.15043973867 0.154246591092 0.200500110268 0.204689283648 0.359956744915 0.345725117964 0.164970052594 0.166506278679 0.280288653166 0.281044625014 0.141325303686 0.129849627083 0.144688307573 0.124055786565 0.135604547911 0.200217715606 0.0904204154676 0.100355822762 0.28568700463 0.272094296337 0.295567189973 0.272094296337 0.292971493542 0.427795441403 0.431974290829 
696 1.0 0.164721615335 0.169641951331 0.268730503454 0.208652609862 0.358017870476 0.216053104901 0.217356177267 0.196344743858 0.195215956035 0.488140506496 0.231365020837 0.238678580317 0.273665072909 0.285908028673 0.104179096864 0.105932093101 0.143703534941 0.154331764169 0.188040197889 0.186268979158 0.346870601582 0.341304326576 0.158646825446 0.164124254835 0.267126675059 0.277009373048 0.137414519442 0.126335711868 0.147830639913 0.126626920196 0.126335711868 0.195215956035 0.095316989159 0.0886429993753 0.283666254412 0.269824761812 0.303731651132 0.246024249305 0.307587695301 0.400398818982 0.425145769968 
699 1.0 0.17366581682 0.172948186408 0.268173767043 0.189668476458 0.357260545428 0.234261452139 0.239446743273 0.202665528238 0.215239319546 0.526045705546 0.234062278416 0.241386662176 0.270712473771 0.27430653813 0.094793246553 0.0949571070842 0.14194365342 0.138506788065 0.216894200787 0.219459398773 0.354157483563 0.351646477759 0.170595040211 0.178172776295 0.27645179584 0.284598325195 0.142162533509 0.142162533509 0.146365286491 0.145406202571 0.150036788391 0.215239319546 0.097381934115 0.105209141109 0.299503143476 0.27413646069 0.306227468938 0.27413646069 0.301159585522 0.423377848895 0.430225766963 
903 1.0 0.166649662467 0.161958249269 0.248005487811 0.190516265545 0.381181249931 0.22715511622 0.21969704965 0.195218176032 0.192940309307 0.481115407346 0.216160028985 0.2256028422 0.255746266716 0.268334578481 0.0957033360052 0.096293738496 0.13484150097 0.131349590275 0.208852139163 0.209069128457 0.334318072062 0.34073267433 0.165626215761 0.168274230484 0.269556873785 0.276080192167 0.130048637872 0.1241626149 0.134082774404 0.127762276698 0.14481290322 0.192940309307 0.0792458044731 0.081918548696 0.266384261809 0.2428790414 0.267021799845 0.271442642494 0.266639459947 0.42683139716 0.418842513077 
1218 1.0 0.179637498012 0.174062051307 0.269722245352 0.203677202975 0.335376788902 0.239292011788 0.237487143695 0.210601079363 0.190298966538 0.52697068199 0.252630478129 0.260869825037 0.29193780189 0.310679981515 0.102496622127 0.103367467191 0.143959278733 0.148253849919 0.202618215542 0.202618215542 0.361513491176 0.372311685815 0.164749339685 0.161229588723 0.280666624367 0.271114454958 0.144704543137 0.123444063104 0.145815297934 0.12814701131 0.135491085866 0.190298966538 0.0914015800449 0.0803363313726 0.291999204309 0.27550924198 0.289223190257 0.264080020903 0.293652216471 0.436625476924 0.445083899174 
1461 1.0 0.165810071531 0.177232105516 0.251424466573 0.182943419977 0.354279930171 0.230346460652 0.241082042396 0.200973923335 0.206503039973 0.491453769228 0.241690751004 0.248944746038 0.283760144772 0.288778799991 0.0930203132911 0.0921385842608 0.150859008815 0.146354735981 0.199588160834 0.199342614511 0.348893447198 0.343041965528 0.166595905656 0.171901295831 0.272609502226 0.285309347248 0.132908725503 0.112701490981 0.143311216861 0.123616882655 0.133399165271 0.206503039973 0.0997940804169 0.0997940804169 0.276179398953 0.268627826242 0.286223436405 0.251684068569 0.280519710607 0.413401187738 0.426578912208 
1477 1.0 0.168625750826 0.17464809907 0.240969197346 0.192715143801 0.343748969638 0.264435269766 0.262369875453 0.231684362844 0.225737664356 0.511899600721 0.229165979759 0.237634871644 0.250706241674 0.272673413917 0.0903352236567 0.102379920144 0.132628462289 0.123568254797 0.201905905033 0.196627595067 0.350384754635 0.369136051658 0.205996004068 0.198097728396 0.298577312319 0.304768904752 0.132217634883 0.145536621397 0.140076247086 0.140076247086 0.140593135363 0.225737664356 0.0807982803436 0.0868555415666 0.299062804205 0.283050367458 0.301658936597 0.278659721504 0.29796933508 0.414843197923 0.409563960156 
1587 1.0 0.169883660771 0.164002307659 0.262333383174 0.174888922116 0.338583077614 0.230195963244 0.248829452437 0.204457904741 0.219612598782 0.510205283897 0.23549879961 0.236821660034 0.274092047424 0.278132934382 0.0874444610579 0.0887950345865 0.127339750588 0.135490337874 0.185537808784 0.185457610895 0.335936478319 0.339153785313 0.176075772821 0.190522231298 0.286355382242 0.290481753152 0.139066467191 0.133164625985 0.143177691121 0.144006512465 0.146769233744 0.219612598782 0.0927288054475 0.0853785521865 0.2830635314 0.262049687424 0.281588134369 0.278239888023 0.295004525959 0.426020660408 0.432260514086 
1589 1.0 0.165041694726 0.15956506511 0.269474689744 0.197916105007 0.313317750111 0.243079456211 0.239142939571 0.217153398336 0.216597662561 0.500602264733 0.215831189419 0.213162168689 0.253277896114 0.248231056369 0.0989580525033 0.0989580525033 0.135906333618 0.128616187392 0.197916105007 0.198372308697 0.338911187566 0.33703898202 0.176766041927 0.173583907046 0.283372737702 0.276919381298 0.142508053307 0.135016593555 0.142719332968 0.134008575024 0.148310155193 0.216597662561 0.0810471422519 0.0859196504439 0.287384920976 0.269474689744 0.280379656175 0.307444493247 0.291393562916 0.435830441845 0.426076895679 
