Leaf
259 1.0 0.172942844471 0.178608508059 0.285938097448 0.200078349442 0.371598287148 0.192085278956 0.225402981962 0.161014546111 0.182586108269 0.4987413139 0.281449355941 0.302582540943 0.327907028983 0.352663365117 0.0997940804169 0.104274226668 0.156906355059 0.169895154765 0.173790377781 0.184277168522 0.364635329871 0.34593288628 0.145683893324 0.150859008815 0.258215750614 0.265817451007 0.135824803316 0.118904641839 0.155967100064 0.146354735981 0.109169492939 0.182586108269 0.104898628816 0.103014068879 0.23267360781 0.230346460652 0.253751323568 0.260607270959 0.309253445354 0.481655919446 0.505084188253 
711 1.0 0.188472287188 0.192093217001 0.27806683746 0.222453469968 0.383787693433 0.216947894724 0.217793149463 0.169751381739 0.178457652562 0.511534040865 0.300660712901 0.30515937475 0.346687622641 0.367899875607 0.11191290272 0.117257782493 0.160859554203 0.161619225745 0.178629164041 0.190412018774 0.358669830116 0.358840543991 0.129541459429 0.137455172863 0.257422873909 0.284543868552 0.120858638032 0.114080908566 0.160573750801 0.122868898795 0.125458492797 0.178457652562 0.0915996444069 0.097901799633 0.237693163924 0.223072065703 0.244613705201 0.257244376576 0.273346438344 0.493279181406 0.490290337845 
834 1.0 0.185298189123 0.195321441311 0.293008203667 0.193437267607 0.381232229912 0.228384142058 0.230247446825 0.171349345488 0.187915062747 0.530383136927 0.316637684373 0.316396620246 0.347869625524 0.358456088785 0.0890802829509 0.105111249589 0.144590646512 0.136780803659 0.175572139225 0.197805756617 0.351535186915 0.361634892555 0.134530965962 0.1686564171 0.245204268981 0.304701448445 0.123532126082 0.130383462901 0.174438560048 0.138113115662 0.125249636276 0.187915062747 0.0914471542668 0.10276209823 0.229783037152 0.237618788914 0.254907576839 0.257053702822 0.286850002356 0.489474128975 0.507835747408 
866 1.0 0.182960084065 0.188149915294 0.28125 0.208333333333 0.411458333333 0.180797447476 0.19207384286 0.135115851782 0.144431506499 0.526144791872 0.293335996674 0.294627825494 0.350161173208 0.354319819827 0.108753192801 0.108753192801 0.162713534915 0.162713534915 0.182217246714 0.190727431496 0.390347123386 0.393082547169 0.114346345834 0.111827659133 0.253662409623 0.253662409623 0.142159834 0.114227667706 0.142159834 0.118081083841 0.122035151186 0.144431506499 0.101127540828 0.0982706367923 0.244847068199 0.239639938965 0.254569779372 0.2463381998 0.250271120349 0.483590314227 0.49049671005 
961 1.0 0.182309008955 0.18428853505 0.265314666535 0.228899049881 0.385514189273 0.207269903199 0.217186121382 0.156615139392 0.156615139392 0.506560730402 0.290137848225 0.301423810436 0.340110116207 0.351236670692 0.111070787716 0.122859023367 0.145068924112 0.154280953075 0.1673666963 0.161631737532 0.357584218261 0.357584218261 0.152387863552 0.137360563949 0.258666896094 0.23730465192 0.13469311461 0.14705626225 0.13306698118 0.154280953075 0.128064751401 0.156615139392 0.0771404765377 0.085187405462 0.24393960565 0.228899049881 0.24393960565 0.270729809771 0.270729809771 0.487432776058 0.487432776058 
973 1.0 0.176859250512 0.177347677983 0.294171375281 0.205878791055 0.38827313737 0.199042724804 0.207218943797 0.16606294124 0.163860556563 0.523652523133 0.307287810392 0.31726007724 0.353914087713 0.373557685574 0.102729100322 0.108463352397 0.141663367672 0.153953246217 0.181684447421 0.179577334593 0.350820931692 0.349189772346 0.1554072503 0.15339034398 0.281488920909 0.281918815879 0.144205160089 0.124086224432 0.154737869226 0.127252549317 0.116759351967 0.163860556563 0.0918837006351 0.0848350328777 0.236756042704 0.224221044924 0.253005189463 0.239516715813 0.318403164348 0.477731511391 0.503714447577 
1033 1.0 0.182884198404 0.174796877862 0.264648920649 0.204802055601 0.380545487929 0.2178901911 0.233510270807 0.180195310745 0.185241557111 0.499131441151 0.312917352201 0.322309517289 0.355592942503 0.363288582475 0.105015942975 0.102929325518 0.146800808215 0.16179854053 0.188818165656 0.184459118314 0.371116960902 0.362092239218 0.153660381597 0.146430876988 0.278041208293 0.255825955083 0.139475027132 0.129108780625 0.128547435442 0.138434154174 0.110551252386 0.185241557111 0.0986237374913 0.0875534466299 0.243515853844 0.234822787213 0.247638543313 0.256883820196 0.268447254152 0.485879584059 0.484799312248 
1213 1.0 0.182807209779 0.184545510786 0.274346625036 0.202369951513 0.372420888254 0.2283634187 0.222700634449 0.181990320618 0.175682092232 0.528860554958 0.283278861866 0.288933094172 0.329931556301 0.341845341562 0.0998082452694 0.10760759958 0.157134840264 0.157945515499 0.181756249369 0.188200232129 0.356536004522 0.356177616757 0.148785347425 0.151759932308 0.260741974338 0.271617515867 0.128189408605 0.139634016551 0.151338571201 0.14487116456 0.133875017167 0.175682092232 0.0908781246846 0.0995947514522 0.227616520808 0.216890050873 0.254796473842 0.259760507966 0.299424735808 0.466000253966 0.480173092106 
1323 1.0 0.179953937687 0.186094626459 0.265483635089 0.204061921745 0.39546538158 0.221260278726 0.235036814511 0.185684725903 0.197226270481 0.493828107067 0.297300667138 0.304705052724 0.34965259024 0.35095767443 0.103467761007 0.106551611727 0.149417236339 0.152820680266 0.186605735981 0.182267876454 0.363122108038 0.354468148631 0.141022088707 0.160481597662 0.259533259821 0.278851762402 0.139254995144 0.12724664964 0.134806576867 0.130206269668 0.153318468816 0.197226270481 0.0877258482077 0.0890191737135 0.232920056059 0.222290999889 0.241433542492 0.253743685577 0.269613153735 0.47338490074 0.484481831997 
1598 1.0 0.169093477551 0.170471979798 0.268633847778 0.206199741982 0.381186935088 0.227343639202 0.230411383233 0.171498585143 0.174206625011 0.531207405385 0.301411357394 0.301411357394 0.34447243374 0.352641991047 0.101671166301 0.109074891139 0.155137736456 0.163939829659 0.165007080327 0.166302196794 0.358674246154 0.352476028848 0.142421822974 0.152090544679 0.241002871658 0.248729020745 0.1348241922 0.141597774651 0.139656087405 0.147401691112 0.129962727352 0.174206625011 0.0977592611835 0.0922153280029 0.226311817057 0.219397890931 0.237415348588 0.253082109025 0.27572794758 0.472731214393 0.472731214393 
