Leaf
493 1.0 0.17794957234 0.163532224536 0.278846153846 0.221153846154 0.341346153846 0.220158714266 0.218683950299 0.202209046585 0.192427847079 0.514445542284 0.242109198308 0.242109198308 0.290457835904 0.290457835904 0.111513591392 0.111513591392 0.150197109152 0.142942968724 0.205384705416 0.206786665073 0.363767931501 0.356936753717 0.169977591631 0.178468376858 0.301776054355 0.294684479245 0.145982946641 0.120480423905 0.145982946641 0.129003921779 0.126926719062 0.192427847079 0.0800159470053 0.0894282463353 0.279715157842 0.260015716981 0.275510553498 0.284670602752 0.264466779605 0.439608191946 0.425066345326 
1205 1.0 0.173934848092 0.169154565264 0.255786739404 0.196021342388 0.325829533727 0.229664197425 0.237192047421 0.210153734633 0.198545007684 0.494870451534 0.250698248795 0.248939763806 0.28819706572 0.28068071972 0.102965261484 0.0934210132821 0.135293349895 0.134424683771 0.186606758442 0.189023742176 0.312196550576 0.324388201657 0.184951502115 0.171987596906 0.304262682172 0.273867962453 0.145212061089 0.126222242388 0.130106909417 0.130780461336 0.123406522183 0.198545007684 0.0895801371202 0.0872615886785 0.275945372469 0.254409062926 0.271235330444 0.303491663683 0.256415700706 0.42477802943 0.413564131269 
1208 1.0 0.146867958842 0.151135048397 0.267996573883 0.19949070935 0.340239913582 0.232573281115 0.225165234963 0.20131204355 0.194651316043 0.498384334475 0.238225278633 0.234237963086 0.284822264768 0.283994291316 0.100040024016 0.102366847233 0.121316348767 0.117370040741 0.177967403591 0.176639270078 0.332610403047 0.354276974196 0.189253504076 0.174223117641 0.267952636417 0.264235808195 0.140056033622 0.154219755118 0.143379296165 0.144768583694 0.11686738301 0.194651316043 0.0632708666137 0.0660032295992 0.270576256136 0.254614086914 0.267028279598 0.272138287269 0.2931742039 0.415206865216 0.435253574582 
1211 1.0 0.173433339297 0.172096817919 0.272391672031 0.200058487184 0.355501866271 0.235734912922 0.22367218841 0.200058487184 0.208867192591 0.489412551103 0.245146225548 0.243760851763 0.282925425844 0.281725890789 0.100489856513 0.0998752338878 0.149298205371 0.141244910309 0.188653219566 0.184444811665 0.323537602381 0.321868027495 0.163848906273 0.166273666143 0.277930132782 0.289380828881 0.142654683313 0.126649700147 0.1422223954 0.11704835372 0.145644777098 0.208867192591 0.0969025540657 0.0992568054408 0.252386167899 0.233306282985 0.255598319455 0.279421570219 0.288581800677 0.428107903406 0.436123266505 
1295 1.0 0.169518192788 0.169920849395 0.286427291262 0.20459092233 0.327345475728 0.220583645835 0.21746349367 0.194311925285 0.19147768884 0.532064854085 0.236434019511 0.238448709775 0.277705253371 0.280703590233 0.105380437279 0.0995445103806 0.152990196211 0.149030443609 0.194311925285 0.199774355045 0.313972220619 0.325933257296 0.152430815193 0.152430815193 0.282342129052 0.287855271653 0.144608568482 0.110291822917 0.150286179998 0.113498204439 0.120365283801 0.19147768884 0.0998871775227 0.102086481455 0.25964613277 0.23973492731 0.256201694788 0.28696361663 0.298347346571 0.414079418113 0.431495946044 
1388 1.0 0.168474381011 0.168474381011 0.267139588512 0.20329329675 0.383372598306 0.239106150531 0.232022596062 0.209821222048 0.208451143722 0.505423143034 0.238682828599 0.242535625036 0.280617171545 0.291748421439 0.100227282586 0.105151324023 0.135542681992 0.144218311208 0.18524722572 0.181756881013 0.331756481556 0.335595448027 0.176869037225 0.1715477181 0.285027225244 0.288261263221 0.135915223277 0.129826343581 0.148819728688 0.125603213336 0.148024806482 0.208451143722 0.0906927846631 0.0837354755575 0.248508105386 0.215136001341 0.241979030786 0.258677157024 0.290822601028 0.422883283382 0.434792281823 
1441 1.0 0.170101205787 0.151611257549 0.260562995901 0.200058741465 0.351509298327 0.236013624151 0.225511747392 0.201430588907 0.191333872984 0.490977566091 0.24427046891 0.25028440898 0.295432911379 0.29809312948 0.0999375585328 0.104604993175 0.155201603203 0.154490209374 0.195134321035 0.187945451376 0.347252881073 0.348150517935 0.173520667489 0.171069838009 0.282666101335 0.265587704843 0.141851705807 0.124774894615 0.136172676126 0.124774894615 0.141462892726 0.191333872984 0.0977081875639 0.0948478139254 0.279136721421 0.260562995901 0.273757348483 0.297476597011 0.279333967981 0.458972545911 0.446358878938 
1471 1.0 0.160895627675 0.161305553505 0.270135927237 0.195457747915 0.350522617434 0.221734647543 0.233909287043 0.195119585468 0.20210220918 0.494713676044 0.249483534547 0.250342344435 0.280215488202 0.288002348054 0.0976866310881 0.0978554931521 0.126548522886 0.130277006408 0.198475284358 0.205986033498 0.318749828023 0.315574483152 0.156842713519 0.164648504191 0.272993301344 0.275161861201 0.131035171915 0.115641501674 0.146501775922 0.131161106756 0.142734445764 0.20210220918 0.0798297677006 0.0828739193684 0.270135927237 0.241343441512 0.265139261149 0.276777131137 0.290115631106 0.427585995703 0.439505327767 
1498 1.0 0.206802417421 0.186401750207 0.259972180203 0.199827083555 0.326813867009 0.232907065408 0.227711458694 0.20551257687 0.185687108278 0.520327784544 0.250685993766 0.240028952931 0.298091191495 0.271071723819 0.100741797521 0.100079741297 0.160326736055 0.146609740071 0.218980571497 0.22605109136 0.327491202175 0.326813867009 0.179250740214 0.162113544395 0.330589069893 0.284395937839 0.151807639129 0.125077533125 0.125077533125 0.116453532704 0.118528171736 0.185687108278 0.101399531151 0.104201746147 0.275209224047 0.24712493225 0.259631009216 0.314019749005 0.268360527661 0.452298194948 0.442891820124 
1504 1.0 0.144233988118 0.149538778705 0.258674279973 0.213922013855 0.338203834209 0.22622982497 0.219852745725 0.190040446473 0.184626579153 0.517635365047 0.244516369766 0.244971190315 0.29145382518 0.291411385598 0.106323120471 0.110431526075 0.180219581651 0.167115443227 0.187220990814 0.187485054402 0.341189435709 0.336223228624 0.165329652599 0.160161818928 0.255644245216 0.267697220402 0.123039717479 0.137921757962 0.143546337059 0.129695249966 0.122334035279 0.184626579153 0.113415206012 0.113633102862 0.260247362056 0.253847843307 0.273908695341 0.274675253399 0.298580887998 0.439958575563 0.431872237869 
1641 1.0 0.177610275562 0.165783201028 0.289935752718 0.195262853872 0.355023370676 0.228324776639 0.209199527404 0.198375871732 0.189068232241 0.509004418659 0.241369479314 0.241369479314 0.286228992106 0.289210307663 0.0954096640352 0.101283687073 0.146976626381 0.150855924571 0.214488185479 0.207772100753 0.339083975913 0.351255911888 0.169438703154 0.164404743069 0.289210307663 0.283339889343 0.147926404448 0.132969299748 0.153615712965 0.119811255996 0.142255678635 0.189068232241 0.097944707589 0.097944707589 0.264221570472 0.236977915249 0.256898382512 0.288968087933 0.28793638087 0.456227670595 0.472809444803 
