Leaf
222 125.299640861 22.803508502 22.0 33.2415402772 26.1725046566 42.4264068712 25.495097568 24.0831891576 20.2484567313 16.4924225025 62.9682459657 41.0121933088 40.7921561087 46.3249392876 46.5295604965 12.6491106407 14.0356688476 19.4164878389 19.8494332413 19.7230829233 20.8806130178 41.629316593 40.6078810085 15.6204993518 13.6014705087 32.5576411922 29.0688837075 17.1172427686 15.6524758425 16.1245154966 16.2788205961 17.0293863659 16.4924225025 10.8166538264 12.0830459736 27.8028775489 25.079872408 26.4196896272 41.0487515035 36.7151195014 68.2641926635 63.7808748764 
204 124.679589348 23.5372045919 21.0237960416 34.2344855372 24.0831891576 42.1900462195 25.9422435421 24.0831891576 21.0950231097 19.6468827044 62.6498204307 38.1182371051 36.6742416418 43.6577599059 41.5932686862 12.3693168769 12.0415945788 18.4390889146 16.9705627485 21.0950231097 21.1896201004 44.283179651 42.7200187266 17.2046505341 16.1554944214 34.205262753 31.384709653 18.0277563773 15.2643375225 16.7630546142 14.1421356237 19.2093727123 19.6468827044 10.8166538264 11.6619037897 31.6227766017 29.0688837075 31.304951685 40.162171256 31.9530906173 64.6606526413 59.0338885726 
335 121.004132161 22.360679775 23.1948270095 34.0 25.0 45.0111097397 23.3238075794 24.4131112315 18.8679622641 19.2353840617 60.0 44.0454310911 44.5533388199 49.040799341 51.0783711565 12.3693168769 13.3416640641 19.2093727123 19.8494332413 20.6155281281 23.3238075794 46.5295604965 46.1410879802 15.6524758425 16.5529453572 30.6757233004 32.3109888428 16.1245154966 15.0 18.1107702763 17.0293863659 14.2126704036 19.2353840617 10.295630141 11.6619037897 29.9666481275 30.0665927567 32.7566787083 32.6955654485 37.6961536499 63.0079360081 67.4759216313 
347 122.262013725 22.360679775 21.0237960416 32.0624390838 25.0199920064 44.0454310911 25.0599281723 24.2074368738 20.591260282 18.973665961 59.2114853723 32.0624390838 31.4006369362 38.0788655293 37.1214223865 13.3416640641 12.1655250606 17.691806013 17.691806013 21.0950231097 20.6155281281 44.7772263545 43.0464865001 16.6433169771 14.8660687473 32.5729949498 29.0688837075 17.1172427686 14.4222051019 15.5241746963 14.1421356237 20.6155281281 18.973665961 10.0 10.295630141 33.6154726279 31.0161248385 31.304951685 37.1079506306 32.9848450049 62.2896460096 57.3149195236 
355 119.067207912 20.3960780544 20.0997512422 35.0142828 23.0 38.0131556175 23.3238075794 23.0217288664 17.88854382 18.3847763109 60.0333240792 38.2099463491 37.8549864615 42.7200187266 43.8292140016 11.1803398875 12.1655250606 18.4390889146 17.8044938148 20.2484567313 21.5406592285 40.249223595 40.3112887415 15.8113883008 14.4222051019 30.3644529014 29.7321374946 17.1172427686 13.6014705087 18.2482875909 13.4536240471 15.6204993518 18.3847763109 11.1803398875 11.6619037897 29.1547594742 28.0 30.0166620396 35.3411940941 36.6878726557 59.4053869611 59.4642749893 
369 116.0 20.2237484162 20.0249843945 33.0 26.0 42.0 25.2388589282 24.8394846967 18.973665961 18.4390889146 63.0317380373 39.1152144312 39.2045915678 44.9444101085 45.3100430368 13.3416640641 13.3416640641 19.8494332413 19.8494332413 20.2484567313 21.0237960416 41.6773319683 41.6773319683 15.2315462117 16.1245154966 28.231188427 30.8706980809 16.0312195419 16.4012194669 17.0293863659 15.8113883008 15.8113883008 18.4390889146 11.6619037897 11.6619037897 30.4138126515 29.0172362571 31.384709653 33.6154726279 35.3411940941 59.816385715 62.0080639917 
377 115.06954419 20.2237484162 20.0 31.064449134 24.0831891576 43.1045241245 22.360679775 22.803508502 19.7230829233 18.973665961 55.1452627158 38.0525951809 38.3275357935 43.3243580449 42.5440947724 12.3693168769 12.0415945788 18.4390889146 16.9705627485 21.9544984001 21.5406592285 43.382023927 43.2666153056 15.8113883008 13.9283882772 30.6757233004 28.1780056072 16.0312195419 13.8924439894 15.2970585408 14.1421356237 17.2046505341 18.973665961 10.8166538264 10.8166538264 30.61045573 27.1661554144 28.1780056072 37.6430604494 33.1058907145 61.0737259384 61.2209114601 
475 113.017697729 21.2132034356 19.0262975904 32.0 22.0227155455 39.0 25.5538646784 23.6008474424 20.6155281281 18.6815416923 59.076221951 36.2215405525 37.483329628 41.4366987102 42.9534631898 10.4403065089 12.1655250606 19.7230829233 20.0 23.769728648 22.4722050542 40.8166632639 39.3573373083 16.1554944214 14.8660687473 29.5465734054 27.2946881279 16.2788205961 15.6204993518 16.2788205961 15.5563491861 15.6204993518 18.6815416923 13.416407865 14.3178210633 27.7848879789 26.0192236625 27.4590604355 32.2024843762 34.9284983931 58.6003412959 58.412327466 
528 125.003999936 22.2036033112 22.0907220344 33.0151480384 25.0199920064 44.0113621693 26.4007575649 26.4007575649 18.973665961 19.9248588452 65.0076918526 36.1247837364 36.3455636908 41.7851648316 42.0475920833 12.3693168769 13.152946438 20.8086520467 20.6155281281 21.5406592285 22.825424421 40.7062648741 43.0116263352 17.0880074906 18.7882942281 30.8706980809 33.5410196625 16.2788205961 16.4012194669 17.4642491966 15.8113883008 13.416407865 19.9248588452 13.0 13.416407865 27.4590604355 26.0192236625 28.3019433962 32.8937684068 37.947331922 56.8506816142 63.6396103068 
530 117.017092769 20.3960780544 20.0997512422 33.0605505096 23.0867927612 40.049968789 21.6333076528 23.6008474424 16.1245154966 18.0277563773 59.0084739677 41.1096095822 41.5932686862 46.4865571967 45.6946386352 12.3693168769 11.0453610172 18.8679622641 19.1049731745 20.1246117975 19.6977156036 42.0594816896 40.3112887415 14.4222051019 15.2643375225 29.1204395571 30.083217913 16.0312195419 13.6014705087 17.2626765016 13.4536240471 13.8924439894 18.0277563773 12.2065556157 12.0830459736 27.7308492477 27.0739727414 29.6816441593 31.7804971641 38.0788655293 59.4053869611 63.1268564083 
555 120.066648158 22.2036033112 21.2132034356 33.0 26.0 43.0 23.8537208838 25.2388589282 19.2353840617 19.3132079158 60.0083327547 37.2155881319 37.1214223865 43.4626276242 43.0813184571 13.3416640641 13.3416640641 19.1049731745 19.1049731745 21.0237960416 20.6155281281 39.4461658466 41.0487515035 15.2643375225 16.1554944214 31.6227766017 29.5465734054 17.1172427686 14.2126704036 16.1245154966 16.4012194669 16.2788205961 19.3132079158 12.2065556157 11.6619037897 24.2074368738 21.0237960416 22.2036033112 34.9284983931 35.77708764 59.6657355607 62.3698645181 
586 112.004464197 20.0997512422 21.0950231097 31.0 23.0 42.0475920833 25.0599281723 24.1867732449 21.5406592285 21.0237960416 55.0090901579 37.3363094052 37.1214223865 44.9444101085 44.598206242 12.0830459736 13.0 18.4390889146 17.8044938148 23.769728648 22.360679775 41.1825205639 43.9089968002 17.0 16.5529453572 30.8706980809 30.8706980809 16.2788205961 14.4222051019 15.2970585408 14.4222051019 15.8113883008 21.0237960416 9.43398113206 9.89949493661 30.8058436015 28.0713376952 29.0688837075 34.5398320783 31.0161248385 58.412327466 59.2030404625 
823 119.004201606 23.0867927612 23.1948270095 31.0161248385 24.0208242989 44.1021541424 26.6270539114 25.5538646784 21.5406592285 21.4709105536 59.0084739677 40.1123422403 40.1995024845 43.6577599059 44.9444101085 12.0415945788 12.1655250606 17.691806013 17.0293863659 20.1246117975 19.4164878389 41.1825205639 45.7930125674 16.5529453572 16.1245154966 32.6955654485 32.8937684068 15.2970585408 14.4222051019 16.1245154966 14.4222051019 16.2788205961 21.4709105536 10.7703296143 11.401754251 30.8058436015 28.1602556807 29.5465734054 35.8468966579 29.7321374946 60.440052945 60.605280298 
904 121.016527797 19.0262975904 20.2237484162 34.0147027034 25.0 43.0116263352 19.8494332413 20.6155281281 15.2315462117 14.7648230602 60.0333240792 35.2278299076 36.3455636908 42.5440947724 43.4626276242 13.6014705087 12.6491106407 20.6155281281 20.0 22.1359436212 22.825424421 43.382023927 46.6476151588 13.0384048104 14.2126704036 27.8567765544 30.083217913 17.2626765016 12.8062484749 17.1172427686 12.0415945788 13.8924439894 14.7648230602 12.0830459736 11.6619037897 28.6006992922 27.0739727414 27.7848879789 34.1760149813 34.205262753 59.2030404625 61.619802012 
908 119.03780912 22.0907220344 20.2237484162 33.0605505096 27.0739727414 45.0444225182 26.4196896272 26.4196896272 22.8473193176 21.1896201004 59.0338885726 37.3363094052 37.0135110466 42.4852915725 42.3792402008 14.0356688476 13.3416640641 20.5182845287 20.0 20.591260282 19.6977156036 43.0464865001 45.2769256907 21.0950231097 18.3847763109 36.6742416418 30.4138126515 18.0277563773 13.416407865 16.4924225025 15.8113883008 16.2788205961 21.1896201004 12.0830459736 12.2065556157 31.4006369362 27.1661554144 26.83281573 37.947331922 28.8444102037 63.0317380373 61.0573500899 
917 128.097619025 23.1948270095 22.0227155455 33.0151480384 26.0 45.0111097397 22.803508502 23.3452350599 17.4928556845 17.0880074906 63.0317380373 38.1182371051 37.2155881319 44.9444101085 44.3846820423 13.6014705087 13.6014705087 19.1049731745 19.1049731745 22.825424421 22.4722050542 42.9418211072 44.6542271235 15.8113883008 13.0 33.5261092285 29.1547594742 17.1172427686 13.6014705087 16.2788205961 14.2126704036 15.6204993518 17.0880074906 11.401754251 10.8166538264 33.0151480384 30.1496268634 30.8706980809 40.8533964316 34.5398320783 65.2993108693 63.1268564083 
946 118.004237212 20.0249843945 21.0237960416 33.0 25.0 43.0116263352 25.2388589282 25.2388589282 20.8806130178 21.1896201004 61.0 40.1995024845 40.1995024845 45.3100430368 44.9444101085 13.152946438 12.1655250606 20.6155281281 20.0 24.6981780705 23.769728648 41.6173040934 39.8246155035 17.4642491966 17.88854382 30.886890423 32.6496554346 16.2788205961 15.8113883008 17.2626765016 15.8113883008 16.2788205961 21.1896201004 13.416407865 13.0 28.3019433962 26.0768096208 28.6006992922 31.384709653 36.2491379208 58.8217646794 59.816385715 
1221 128.140547837 23.0217288664 22.2036033112 34.0147027034 23.0217288664 43.0116263352 26.4007575649 26.0768096208 21.1896201004 20.6155281281 64.0312423743 36.6742416418 36.2215405525 43.382023927 42.7200187266 12.3693168769 11.7046999107 16.9705627485 17.0293863659 19.2353840617 20.2484567313 43.0116263352 40.249223595 18.3847763109 17.88854382 34.0 32.6955654485 17.4642491966 16.4012194669 17.2626765016 15.8113883008 16.2788205961 20.6155281281 9.43398113206 8.60232526704 29.5296461205 28.0713376952 30.8058436015 36.6742416418 37.3363094052 60.207972894 59.0338885726 
1369 126.003968191 23.0217288664 22.2036033112 35.0 27.0 51.0392006207 25.0 26.0768096208 20.6155281281 20.6155281281 64.0312423743 38.6393581727 38.0131556175 46.0651712251 43.3243580449 14.3178210633 13.3416640641 19.8494332413 20.5182845287 22.0227155455 21.4709105536 47.4341649025 44.1021541424 15.0 14.7648230602 33.8378486314 30.6757233004 19.0262975904 14.8660687473 16.0312195419 15.0 17.8044938148 20.6155281281 12.2065556157 12.0830459736 29.1547594742 27.0185121722 29.4108823397 36.4005494464 31.384709653 65.7647321898 59.0338885726 
1487 119.004201606 19.1049731745 19.2353840617 32.0624390838 24.0208242989 42.0119030752 23.2594066992 24.4131112315 21.0237960416 17.7200451467 56.0089278598 35.2278299076 36.2215405525 39.3954312072 41.2310562562 12.0415945788 12.1655250606 17.691806013 18.4390889146 21.0237960416 21.0237960416 43.5660418216 42.4852915725 22.0227155455 16.1245154966 36.2491379208 29.1547594742 16.7630546142 12.1655250606 16.2788205961 13.6014705087 13.6014705087 17.7200451467 11.6619037897 11.6619037897 29.9666481275 29.0688837075 31.064449134 33.5410196625 36.8781778292 57.9827560573 58.7281874401 
1652 121.148668998 20.0997512422 19.4164878389 31.0161248385 23.0217288664 46.0434577329 25.2388589282 25.0599281723 19.9248588452 19.3132079158 57.0350769264 35.5105618091 35.0570962859 41.1460812229 40.162171256 12.1655250606 11.401754251 16.2788205961 16.2788205961 17.691806013 16.2788205961 42.201895692 41.6773319683 18.3847763109 17.88854382 30.886890423 29.5465734054 16.2788205961 16.6433169771 15.1327459504 15.6524758425 17.691806013 19.3132079158 9.21954445729 8.60232526704 28.8444102037 26.0192236625 29.4108823397 35.902646142 33.8378486314 58.7281874401 58.2580466545 
