Leaf
173 1.0 0.175590134844 0.175509570428 0.271294200259 0.202101929584 0.361695188815 0.228756123076 0.220187303105 0.185766234808 0.180593251367 0.53740256432 0.279055103213 0.273112720476 0.318753547881 0.311664264478 0.101609261664 0.101609261664 0.154235683103 0.147101662476 0.212339613201 0.207420401415 0.355741763188 0.354905893275 0.164184938151 0.171845083997 0.283679530016 0.287640343415 0.143204236664 0.131356564348 0.13960355391 0.135907509469 0.123704499339 0.180593251367 0.0951397164069 0.100348725813 0.292709285798 0.276611669645 0.292564296462 0.277377554829 0.267249901987 0.459055293521 0.447542373282 
882 1.0 0.188235294118 0.188602582846 0.294117647059 0.211764705882 0.42369277895 0.202407653342 0.221976026637 0.179194661314 0.190064640252 0.529934382567 0.249567099242 0.251500686193 0.305202865202 0.310819877968 0.108465228909 0.108465228909 0.158277929966 0.158277929966 0.22629863602 0.215971291185 0.391607458285 0.401554074491 0.14741134219 0.153392997769 0.289373502971 0.295057322447 0.145521375022 0.117647058824 0.156960753696 0.117647058824 0.116464646313 0.190064640252 0.101203826671 0.0948500911565 0.280632010397 0.258823529412 0.274397736228 0.249567099242 0.24733877696 0.45821981398 0.457615302089 
996 1.0 0.165408803854 0.165810574676 0.284164519876 0.237816252341 0.424165568323 0.226113111449 0.242525942267 0.199338858792 0.216983135276 0.513335848489 0.267172313123 0.263106901334 0.317726533947 0.305600280027 0.123922444094 0.11535782681 0.155967877338 0.149609806641 0.196447300309 0.197460792677 0.416376241725 0.422215949785 0.161912425609 0.17540460089 0.277674700014 0.284117686004 0.153386873848 0.128145879398 0.143897040585 0.131528159222 0.123060364451 0.216983135276 0.0887580841287 0.0948463044485 0.318521322121 0.299619609973 0.319397471234 0.257999526915 0.24789857494 0.474287640996 0.492376611005 
1058 1.0 0.171258753781 0.164475550214 0.270465108727 0.223216818147 0.393741803179 0.231189989598 0.223680084266 0.198767813275 0.200926050411 0.48811837638 0.259061645292 0.248455426647 0.297035721419 0.29726796205 0.106384960928 0.118068487312 0.153740610852 0.153740610852 0.207681744456 0.206264674061 0.375990003589 0.381230376336 0.152388027871 0.162894524568 0.267965792184 0.277082006679 0.145317871364 0.122232660521 0.137509782707 0.115855889847 0.142197553539 0.200926050411 0.0896646540235 0.0947174485083 0.29726796205 0.282508248723 0.292352168715 0.271229495863 0.22939198442 0.461072182381 0.444458342222 
1231 1.0 0.168537212299 0.158113883008 0.263954789969 0.213435833405 0.398649991708 0.239863874805 0.246091771807 0.20040941701 0.20706317304 0.505829821504 0.261253646565 0.269743701622 0.314127226215 0.302365620523 0.113552072372 0.101688146767 0.151078510276 0.154890841439 0.20127274726 0.188325735357 0.410225540032 0.401957693532 0.165135887336 0.17048998447 0.266332809086 0.25391015281 0.152738763536 0.147381516736 0.12428864424 0.14070619941 0.146953081188 0.20706317304 0.101222041272 0.0929412891467 0.303873687836 0.286354219396 0.293798877772 0.298060142716 0.236421940974 0.485411384141 0.457975422943 
1439 1.0 0.166919882654 0.172629143087 0.247305688149 0.209983455404 0.364224199008 0.213751079761 0.236864110755 0.173617171688 0.186596640427 0.511870643249 0.259237135365 0.253978529619 0.312552261101 0.300587332422 0.109249864612 0.106430037567 0.172739203119 0.170524506355 0.206791338665 0.200823150213 0.386010498841 0.378553057728 0.146158555164 0.151144837985 0.261935695642 0.251572521284 0.131799627685 0.121599246575 0.124838347656 0.13577723261 0.144458218805 0.186596640427 0.10481055116 0.107672799052 0.284474874255 0.271344419193 0.28400682267 0.27468588222 0.247843059515 0.476807397391 0.449561812573 
1455 1.0 0.177500795906 0.188248832258 0.247370259577 0.215120957245 0.36057597069 0.230117575904 0.23441106835 0.191898583845 0.199505110917 0.526991430316 0.274404304412 0.275035603493 0.30851971474 0.317705090381 0.108063178722 0.108729830194 0.148313056173 0.152065974449 0.204017913559 0.19979466856 0.404192389876 0.406687648367 0.15139922409 0.161737730715 0.26692885134 0.292356475792 0.119010449576 0.128245811203 0.138225377765 0.140197901187 0.133545616649 0.199505110917 0.0961749667742 0.0894801988016 0.310620576896 0.306640198529 0.322266872487 0.255475362807 0.290372357342 0.484617106917 0.475950710165 
1547 1.0 0.171498585143 0.171403387475 0.268531973711 0.20568406497 0.365660559946 0.253782510128 0.258687281261 0.215147478915 0.226385169183 0.531381217737 0.27519601352 0.277146315694 0.322594755255 0.329651490383 0.105350743397 0.105350743397 0.158026115095 0.158026115095 0.204809317254 0.204809317254 0.388514344943 0.388514344943 0.173485669537 0.195262824606 0.274304928568 0.301678618568 0.141111712858 0.139482998796 0.146447118454 0.148219614061 0.145440597122 0.226385169183 0.0950906969564 0.0950906969564 0.288741090563 0.279958866209 0.298961227418 0.263810299014 0.268592748176 0.465040832378 0.464759968192 
1631 1.0 0.167079456694 0.17352793892 0.273790123269 0.202366612851 0.375162333198 0.237034486692 0.247561438277 0.203588328383 0.210937971524 0.500106266163 0.281320596764 0.282827682173 0.325131730097 0.330105766691 0.102746746247 0.102746746247 0.143342159308 0.151512145658 0.197044910862 0.210349345381 0.367675023318 0.366565313348 0.15814748732 0.170438173646 0.259303303493 0.279805394021 0.135725552255 0.137024390961 0.147243338803 0.138822351136 0.150220658634 0.210937971524 0.0892793880226 0.087879624472 0.290916276626 0.273854810836 0.298311340148 0.26276400046 0.276942045739 0.461075195426 0.467333039752 
1640 1.0 0.169143958506 0.176038878184 0.26757909484 0.183080433311 0.337994646113 0.221109316021 0.225439761526 0.172625845879 0.179525135002 0.542199744807 0.269885456186 0.272081170659 0.315301307825 0.321221513306 0.0939460629983 0.0939460629983 0.166186668318 0.158239270723 0.209360485223 0.21450754465 0.387541503964 0.393634898302 0.142580624318 0.135995018225 0.252417898961 0.258531537977 0.12983986109 0.130980496715 0.143620108002 0.134528721815 0.129265768988 0.179525135002 0.107253772325 0.110217771525 0.302377200595 0.288789620078 0.302459178962 0.289475582137 0.274981518257 0.473672176951 0.473672176951 
