Leaf
345 1.0 0.175225072889 0.163095498742 0.288026694034 0.206758732243 0.353344570428 0.238145983975 0.229239567712 0.201039457535 0.195076986607 0.516639746151 0.310898707963 0.319792682016 0.36123574189 0.366992526364 0.106751314626 0.104515437223 0.167383515853 0.165610335377 0.20987658609 0.207968898696 0.371787928234 0.369996935988 0.174972161899 0.174972161899 0.284468444122 0.283376630293 0.146301433995 0.136163090963 0.153008716921 0.1341975222 0.138314299825 0.195076986607 0.107165348428 0.107027515125 0.255432242697 0.244507448354 0.258134087964 0.259502904037 0.300811765843 0.490160626502 0.515753252146 
691 1.0 0.178798177323 0.185432932315 0.281414434129 0.221822333446 0.405588974929 0.242514439493 0.229245342136 0.194999503543 0.195595833692 0.51306235684 0.320589482088 0.324471179943 0.364890467512 0.380820385276 0.109124827754 0.117847698857 0.16410914528 0.172752304647 0.202758591458 0.198110212267 0.376707858083 0.366919531166 0.17241489748 0.1616963012 0.278554721335 0.280014224626 0.140085074516 0.145288393109 0.146585191298 0.149923795158 0.118831830338 0.195595833692 0.10379173679 0.0990551061335 0.258383004875 0.243353384958 0.259058222938 0.247564271412 0.285573873043 0.489331831597 0.500741894128 
756 1.0 0.187446531395 0.187122229194 0.299411795432 0.210060084621 0.393160265904 0.212717814906 0.235419353838 0.176085502078 0.202327853937 0.513683513678 0.331791101621 0.342376841605 0.381994777082 0.395585896979 0.106001397509 0.109800920844 0.163846384104 0.1697633103 0.18833548307 0.192876258717 0.390913838747 0.363291795482 0.141251612303 0.157611310748 0.2687303106 0.287669608471 0.148381491511 0.132487421598 0.154399381869 0.135546533803 0.12493734954 0.202327853937 0.103537597097 0.110215004981 0.238749716886 0.232564107196 0.257299519841 0.215201676734 0.313338370996 0.479435271669 0.521457927187 
811 1.0 0.175562695257 0.174921303116 0.305026659267 0.230113760761 0.400101146169 0.22199244901 0.227329033253 0.184916806152 0.196380475704 0.544846609565 0.310866572305 0.313865161804 0.376792018224 0.377751999444 0.121703202495 0.118795197424 0.180196493588 0.190963817354 0.203991540771 0.191290530711 0.383135597931 0.375663398949 0.152574732037 0.159458821004 0.279606220112 0.292827298857 0.156932580902 0.128976852475 0.153959951611 0.119214969747 0.138951873464 0.196380475704 0.110968092145 0.10765486235 0.235902342244 0.214903315257 0.237064169628 0.268440209113 0.287794122749 0.511848815288 0.520942182318 
964 1.0 0.155577970248 0.173504128242 0.287257693511 0.21533952704 0.382865025117 0.222203351997 0.219532444301 0.207991914257 0.207991914257 0.484917310475 0.318312497251 0.313730594538 0.370912353876 0.369173239745 0.105954301035 0.116097920773 0.156950743647 0.160665402217 0.200998579674 0.211317267365 0.370188715897 0.360004369735 0.160998848585 0.152444038391 0.27296227186 0.278922283672 0.138689922236 0.131137320326 0.152444038391 0.136350093043 0.155922296683 0.207991914257 0.0862353706381 0.0945417792076 0.25438591084 0.245444734362 0.275309816704 0.274334114343 0.311959221045 0.497724532652 0.498908354252 
1017 1.0 0.167104112738 0.181249858399 0.294774909114 0.20506080634 0.371672711492 0.224193693242 0.235276000307 0.186608150518 0.190528002777 0.525624589356 0.322706198278 0.324482808941 0.373656155403 0.378677760444 0.105685920527 0.105685920527 0.184839312962 0.184839312962 0.207053669555 0.212147520142 0.373656155403 0.367226705661 0.150010950104 0.171948713437 0.252776955486 0.286581189061 0.143290594531 0.146128307525 0.155917023655 0.149462462161 0.136239141992 0.190528002777 0.114632475625 0.114632475625 0.241817472242 0.231049141203 0.248847540785 0.257923070155 0.304639982691 0.497695081569 0.528429602635 
1019 1.0 0.162967328805 0.174986329727 0.274978518142 0.225329351549 0.387671274846 0.225329351549 0.225329351549 0.178958782682 0.194037025153 0.524958989181 0.32593465761 0.313473915907 0.364406025319 0.364406025319 0.113183472113 0.11523530331 0.159086597612 0.168157163823 0.190379454833 0.195640664201 0.385042964712 0.363332662088 0.158101531809 0.162487306175 0.253085937575 0.280880620237 0.139743331572 0.152570026129 0.139743331572 0.145762410128 0.132866442874 0.194037025153 0.100770349478 0.107520666114 0.234835332057 0.226366944227 0.249980471039 0.246202211248 0.280880620237 0.515347943217 0.499960942077 
1105 1.0 0.185707211913 0.193354509666 0.294100344037 0.209033764433 0.412162686294 0.248192373662 0.2454288373 0.174218594531 0.190354861098 0.555589184382 0.316712695573 0.322316303453 0.365280659122 0.37467125443 0.106286338467 0.107680970491 0.185592400643 0.175801878893 0.201558426519 0.201134983979 0.372216987184 0.368476017995 0.144969943172 0.155195360096 0.230839176075 0.269202426228 0.140944283881 0.161653363848 0.157918293427 0.158053208695 0.138503505645 0.190354861098 0.117705346331 0.125590089826 0.236584818113 0.222852480122 0.248192373662 0.268647614219 0.289792820706 0.523348609996 0.525137563227 
1379 1.0 0.190702825274 0.19351653327 0.297739229274 0.205544760694 0.389372329282 0.234163260211 0.247189608808 0.189793629033 0.197826022391 0.562811475324 0.317422048315 0.316261950955 0.36542459569 0.366015802347 0.11198455492 0.0977586658908 0.15351732009 0.160539630537 0.182356941338 0.189679673076 0.398537868254 0.377359245282 0.162680253457 0.166360078371 0.27907182065 0.273515650029 0.158096788692 0.158096788692 0.145267693252 0.171480043753 0.130529068938 0.197826022391 0.0970928783538 0.0948398365382 0.25040507723 0.24 0.256799427464 0.254090854149 0.279768243856 0.502189799373 0.503393886937 
1667 1.0 0.180119411872 0.181103678281 0.279993777985 0.226661629798 0.386715540077 0.248098407642 0.250593713036 0.213432731684 0.208801490197 0.526697154818 0.327271066287 0.328355646116 0.377645182332 0.382555945129 0.116425740767 0.116425740767 0.150846094555 0.160551026623 0.196972778912 0.203082769923 0.382032811327 0.383020353124 0.17332948161 0.178881463101 0.290433824797 0.29528989928 0.137433800137 0.143136222921 0.150403513373 0.143136222921 0.146208165629 0.208801490197 0.0848509281872 0.0813752291199 0.231127341539 0.213328592751 0.23484698062 0.25130210657 0.280390313771 0.501409062939 0.515568044419 
