Leaf
181 1.0 0.16769973441 0.171769885296 0.263113198034 0.193816322428 0.365817827322 0.215944725225 0.224698352137 0.185312755906 0.188699149513 0.483135270001 0.252163922159 0.266806957916 0.28165969169 0.312519429448 0.0873389627581 0.107303796663 0.154755736369 0.155590505162 0.216277716518 0.226166775805 0.352717878949 0.357379640234 0.149456894354 0.166407397648 0.249639924918 0.27530273283 0.128987911855 0.123515945656 0.147615863961 0.134129745829 0.123515945656 0.188699149513 0.110606221918 0.115569725893 0.271141215992 0.262949042961 0.285567237429 0.242088399808 0.316591664602 0.443269893003 0.485245754971 
721 1.0 0.162191117306 0.167757878902 0.279868506041 0.196555228969 0.347547824147 0.207120611629 0.207646013554 0.185472638468 0.19938576996 0.480651084897 0.279478910637 0.286899265585 0.321296483287 0.32534052986 0.0974425477982 0.100431793009 0.16267026493 0.161806777626 0.21472185004 0.2153732915 0.369431551513 0.356043118103 0.152291914906 0.157517159583 0.264543359568 0.277017479174 0.141262772558 0.130136211944 0.146456389007 0.127233180319 0.123885982878 0.19938576996 0.114889843913 0.11650430025 0.284556746859 0.279032992665 0.307077748567 0.252069449822 0.30692564202 0.431504781335 0.475081057382 
854 1.0 0.164729752797 0.166011715732 0.247576765515 0.180833816518 0.366073713834 0.23165121487 0.235227078953 0.187099866314 0.208470204491 0.480982405732 0.270835201909 0.268920454274 0.292384435368 0.30214588336 0.087663956448 0.0932307097052 0.138321811253 0.140035429661 0.208470204491 0.221594908747 0.347085750393 0.345517036442 0.153573779208 0.166011715732 0.250185430489 0.276260193877 0.112900172782 0.122794298264 0.147410695271 0.129003617904 0.142381244939 0.208470204491 0.0994206239276 0.104235102246 0.271811891707 0.257853124951 0.284296810924 0.264999470002 0.30214588336 0.45536981735 0.469580257227 
904 1.0 0.156615139392 0.156533717427 0.297919010587 0.191880040717 0.313067434854 0.221314509664 0.226101474107 0.199757629786 0.202105187673 0.509996950326 0.264941085308 0.271922537489 0.309669100098 0.330808044437 0.0931077139924 0.102989481251 0.156859151702 0.168761272689 0.217186121382 0.214350054691 0.350020032937 0.350020032937 0.169364532066 0.173895582566 0.274581875817 0.280097964941 0.148509507917 0.124712826679 0.162997170256 0.137360563949 0.137360563949 0.202105187673 0.106159127381 0.10061007175 0.287110488196 0.282815667322 0.30485615772 0.272344159387 0.328565252174 0.457918043123 0.475536144989 
918 1.0 0.16200106139 0.167587304886 0.296123601019 0.190014411752 0.329635703923 0.21555952152 0.222469999345 0.19107892659 0.204947390012 0.514207569224 0.259143903054 0.277799794554 0.305154143564 0.33340093973 0.092130687941 0.101939377871 0.170540612417 0.172088943464 0.201414873628 0.203342332603 0.34476672891 0.347830581287 0.155614736852 0.172451236377 0.261839335716 0.286645607812 0.146632241335 0.130889869367 0.161228703897 0.144164050726 0.140990411539 0.204947390012 0.118370377473 0.120331367519 0.252927931667 0.245858185677 0.275940073228 0.263265615912 0.320807998471 0.450273403882 0.482167571671 
992 1.0 0.1715610918 0.166610401037 0.275851942676 0.192548802072 0.364343888881 0.225611498288 0.221077650184 0.184528348845 0.190646168883 0.525765281067 0.276194342595 0.276633948335 0.309395271574 0.311829438794 0.093535841451 0.0992777634322 0.136003735885 0.147161002114 0.193108945225 0.190787755363 0.355984287581 0.357951066568 0.146332956143 0.151054583201 0.257996618749 0.265018217444 0.13248363355 0.144475863683 0.145870899554 0.147069227237 0.147161002114 0.190646168883 0.0976321616695 0.0999554352134 0.283860498959 0.270663971059 0.288764764081 0.242624022799 0.276243222224 0.448521936743 0.480438507518 
1221 1.0 0.162562380398 0.165028701477 0.261674073973 0.197612410722 0.373548923412 0.226950391915 0.228576237716 0.190057530779 0.192870746166 0.47704414468 0.264234546645 0.267903767954 0.306194807365 0.314653620979 0.099315957009 0.10132932306 0.160478161116 0.162562380398 0.209197696328 0.198037841592 0.360898092392 0.36594651114 0.150631281163 0.155686684444 0.246230631013 0.256935443744 0.122944298178 0.128827530327 0.146897443061 0.13840167776 0.161315080279 0.192870746166 0.106670313577 0.104598848164 0.24396434076 0.233890134862 0.268217730054 0.266201974063 0.321218434422 0.488376939475 0.515604015133 
1223 1.0 0.159905213707 0.159552091715 0.269881414774 0.184064723715 0.337487587476 0.241342538629 0.219816218095 0.208220181851 0.19039111828 0.491524006217 0.277641957888 0.281408590694 0.313216914737 0.318160086144 0.0927952847902 0.092185451559 0.143679345176 0.139023983165 0.194880710664 0.198133730742 0.389761421329 0.38671049915 0.162933549356 0.159434210582 0.256816523281 0.26196278699 0.13392675844 0.137801472033 0.147425322673 0.131232350275 0.135045164149 0.19039111828 0.0959823126771 0.0959823126771 0.290741027704 0.282142556255 0.293444456061 0.278385854371 0.312796448845 0.478931150588 0.485945975406 
1274 1.0 0.170210282976 0.176976225096 0.28036158811 0.208825023352 0.351904492115 0.216263877588 0.225801455364 0.186342926326 0.196720591489 0.506782784677 0.262612865719 0.264327440182 0.304955804115 0.30702265749 0.104412511676 0.105559936366 0.155992578945 0.171444345722 0.220401954467 0.210047283883 0.368337261899 0.361070535959 0.140663345547 0.152477902058 0.258858997769 0.275266636421 0.138831573109 0.12035684532 0.150689825737 0.126338638542 0.143629465221 0.196720591489 0.115374383231 0.105987018096 0.247924679266 0.236994177194 0.266709327512 0.262326013787 0.310145663812 0.482177463346 0.491150415466 
1288 1.0 0.165774495222 0.165774495222 0.260336799994 0.20116934545 0.343222238992 0.228312786576 0.227621742421 0.195162931747 0.204020502603 0.485209203636 0.272748488797 0.275303565563 0.316476753405 0.330756126041 0.0975814658737 0.109099395519 0.151542624903 0.159203337852 0.196681732333 0.20221078129 0.359901575514 0.36033902779 0.164821456053 0.169429805386 0.269130631928 0.2790923249 0.127450597575 0.121833245674 0.149683135771 0.127998774718 0.133880666668 0.204020502603 0.095404653769 0.095404653769 0.26789204427 0.254488844606 0.275303565563 0.259933072483 0.309712095915 0.453780047131 0.485389545291 
1329 1.0 0.169924388831 0.176209417233 0.264220579881 0.182494731949 0.358538640164 0.228670432975 0.223332449766 0.19526877576 0.190967625033 0.503291908375 0.280204136374 0.279285084126 0.329507618946 0.323755551043 0.0915718982356 0.0962060126361 0.160712951552 0.166039216567 0.230651046108 0.220839026897 0.372126280334 0.357378407298 0.153151633457 0.160343354393 0.259995192644 0.281612206228 0.145197082837 0.133709881499 0.135473164884 0.110015784443 0.146822473953 0.190967625033 0.10691612446 0.109835872982 0.275649982304 0.264220579881 0.284129147882 0.244227721219 0.280204136374 0.459799125854 0.47173071041 
1361 1.0 0.172980046009 0.184567483072 0.261830557409 0.196463059406 0.374893752654 0.224554958036 0.222813582062 0.186381223142 0.188177482374 0.505844034233 0.262438445501 0.271979940103 0.301671453277 0.31678716459 0.0968702879691 0.101859482169 0.144051061139 0.151479951272 0.204932103729 0.19959236078 0.385878564174 0.400070815261 0.14490888023 0.151713536532 0.253166910198 0.282140744015 0.124254148761 0.123825931007 0.147212051484 0.127350423288 0.130508918866 0.188177482374 0.0990392945739 0.0931431016972 0.276883199109 0.267847362563 0.287425319775 0.228927787766 0.309950649458 0.449897690605 0.489912404728 
1408 1.0 0.169770242617 0.169488310107 0.259799184242 0.175131751092 0.344481210402 0.203586525336 0.208308224216 0.167881749582 0.178557194669 0.485596787876 0.273139985972 0.275753825298 0.31881335856 0.318262860238 0.0931240394359 0.0863744475738 0.141161856941 0.14025551141 0.204679824856 0.204679824856 0.363704832474 0.361418464156 0.1490711985 0.169205907839 0.262727966493 0.28373182094 0.141161856941 0.120839826505 0.132180573946 0.118710323567 0.112079314222 0.178557194669 0.0910466619907 0.0959900627196 0.272731137266 0.259799184242 0.283000479648 0.273897657292 0.293833754268 0.463767726072 0.463423863249 
1415 1.0 0.167625457944 0.17309081322 0.272004839162 0.19107892659 0.329144924724 0.198839448616 0.209903442862 0.175665150036 0.179040029115 0.496755676607 0.277331652376 0.278348947428 0.319247027524 0.320442616115 0.0951034068731 0.0981998041898 0.160221308057 0.163304746193 0.217374532916 0.209903442862 0.363700595591 0.356217954821 0.15037168948 0.157500173519 0.273467896811 0.279957053582 0.140304782938 0.118739318274 0.140423233599 0.119992905941 0.122325747907 0.179040029115 0.110920670175 0.107726943104 0.270779585909 0.271025079691 0.288843070811 0.262612865719 0.307576222062 0.47865349439 0.485379634327 
1421 1.0 0.165729676076 0.166069867353 0.25791700784 0.184120119014 0.355767969426 0.214599922288 0.216867192854 0.186253443991 0.188162754987 0.472670989589 0.255130219695 0.271629946624 0.301749482841 0.307676388968 0.093831094056 0.0928232120453 0.148486735545 0.143722586271 0.208643822611 0.203069233027 0.371343512417 0.359398080419 0.148233128638 0.162056540199 0.260962520832 0.277115203806 0.143591631724 0.113104090021 0.128080229202 0.112770940284 0.147469691141 0.188162754987 0.0905663986048 0.0936303856036 0.282760225052 0.270519548734 0.294556426852 0.276639585844 0.291474670654 0.464116060227 0.46875431119 
1432 1.0 0.162907151603 0.1684791622 0.241360493376 0.192923316961 0.34345014405 0.212737068 0.210512976444 0.184579291483 0.190277818153 0.451924839797 0.264752969171 0.263175615852 0.304444509045 0.306872759721 0.0992367687808 0.0970230307766 0.140985463068 0.140470915866 0.185752476757 0.188845342436 0.380032012067 0.382879444578 0.143025141726 0.156444936328 0.247799877211 0.270435591452 0.122725505099 0.126931136433 0.127500337209 0.11867601739 0.138524342565 0.190277818153 0.0867800368799 0.086151946331 0.285289847149 0.276852590719 0.293361254239 0.275015633813 0.306872759721 0.475504229494 0.486233361638 
1466 1.0 0.164974828067 0.171594076112 0.262303090022 0.176816073807 0.3351970277 0.229943263978 0.234421021894 0.187714924594 0.198483033606 0.494173688131 0.272508902671 0.276633449978 0.313385238071 0.31686118404 0.0922111499927 0.0872454179803 0.152337107711 0.153792590843 0.196886503504 0.201730225586 0.348182781125 0.332472029468 0.15618825826 0.163505341602 0.257084384611 0.275287948567 0.142644810482 0.125620397159 0.133083706122 0.122629006202 0.142253823514 0.198483033606 0.109851850602 0.109851850602 0.262515338006 0.257084384611 0.279039003516 0.264558289735 0.319719262715 0.456808161833 0.469830954491 
1620 1.0 0.155005121843 0.165746869896 0.259760820278 0.187823366105 0.342531464792 0.220665987551 0.23224525866 0.180876772938 0.206312551092 0.485952310246 0.270794899754 0.27191853487 0.305701929243 0.316435000518 0.0953215448273 0.0945184846472 0.139364658921 0.156180904471 0.190162677913 0.190723040629 0.363015627437 0.363686946785 0.14867979149 0.166114380037 0.24527115867 0.27107624518 0.119199902021 0.126038086675 0.14867979149 0.14250170305 0.148577218321 0.206312551092 0.0995461849437 0.0873077797963 0.267110443722 0.259525955112 0.289777664628 0.268930638162 0.328769150767 0.478236283632 0.499839898751 
1650 1.0 0.152772110589 0.153785722146 0.277163309385 0.170804412171 0.323652166744 0.220011173462 0.226124833379 0.18450544533 0.196994402564 0.495804800522 0.255109368597 0.26178875405 0.287196276826 0.299610758856 0.0822619057017 0.0889177514558 0.133990004718 0.146896260182 0.204391775251 0.207659569711 0.354990853025 0.362783207782 0.137550131475 0.153223432431 0.237953805462 0.260201339187 0.137550131475 0.11633590271 0.148764650181 0.123951200131 0.133214742639 0.196994402564 0.102617315754 0.0998894569235 0.305544221178 0.288455784134 0.31849060537 0.278406200414 0.323652166744 0.461656408996 0.473653318177 
