Leaf
186 1.0 0.160273337536 0.160273337536 0.297400704169 0.205103933909 0.333333333333 0.201808617753 0.206381852403 0.172366641905 0.177106385896 0.482021518375 0.303699300252 0.298987793017 0.362322064226 0.34946755224 0.105708147967 0.105708147967 0.1559498155 0.149053560069 0.177106385896 0.180050999769 0.304391099099 0.302919138066 0.166390368865 0.165360078037 0.277554203553 0.270599256303 0.156874344198 0.124020058528 0.146832071254 0.128497246291 0.12736690069 0.177106385896 0.080259609268 0.0882185376519 0.218630595834 0.185233381399 0.197861523067 0.332504095539 0.286641461671 0.493316534422 0.476646053453 
222 1.0 0.183200047463 0.174946137682 0.264332373091 0.214855844094 0.337777677372 0.205333483278 0.189371199446 0.157617374636 0.131373068963 0.494127955643 0.317358837643 0.318298327081 0.365788374155 0.366766637656 0.110645652585 0.109833066416 0.165202084957 0.162468271014 0.156571965982 0.169660578374 0.327909490895 0.318345228772 0.132279100865 0.115788545031 0.261493060106 0.237056700743 0.131600161732 0.124846875456 0.132954573006 0.127567685885 0.135732862539 0.131373068963 0.0940130801621 0.0933756959983 0.213391613916 0.191955255063 0.203360833362 0.325899998768 0.29618858841 0.536986715623 0.506894832147 
243 1.0 0.188557983297 0.176849702578 0.271594771768 0.18476430835 0.320527860393 0.204184364175 0.232495277488 0.165828570624 0.155545813756 0.510627063168 0.334182992025 0.339569502731 0.38027147775 0.376371954305 0.100159202907 0.0884248512891 0.14258078849 0.138486704104 0.174920527891 0.168476346933 0.330453947117 0.343757879216 0.145753049282 0.137524608057 0.266384494087 0.22111217436 0.147563715592 0.140180794055 0.125991874957 0.157899136722 0.127273378691 0.155545813756 0.0858858079382 0.0850226120811 0.218494575717 0.201273532916 0.204977596194 0.317893530087 0.307466394291 0.504932591528 0.535585991731 
306 1.0 0.183654918659 0.18097612546 0.265423472916 0.210017434351 0.359285977633 0.202845964096 0.203821731997 0.148761458761 0.148247600718 0.475427125263 0.321203134889 0.316657013943 0.375731229523 0.36934021908 0.110082093067 0.108546313284 0.164822473925 0.160601567445 0.172955534171 0.17558285726 0.342050976622 0.335609780077 0.136454022489 0.133628581464 0.257306762921 0.255102682445 0.132711736458 0.126107317243 0.133628581464 0.119521036756 0.125257282307 0.148247600718 0.0950533178679 0.0966456115168 0.206869008031 0.198895027624 0.219121900719 0.28993683455 0.328624803491 0.517128252348 0.544724484672 
355 1.0 0.172391246377 0.170937026313 0.282973811473 0.205022409606 0.317087444328 0.190724251202 0.191160050614 0.152641716423 0.15123340805 0.502602532358 0.317873752004 0.321443807819 0.364100760152 0.366443942606 0.105257526825 0.103434747826 0.159198439158 0.15186093526 0.169610560075 0.171214972881 0.322735567232 0.326143098576 0.124885530431 0.120427347441 0.259206735104 0.251714833842 0.141738736679 0.108263898769 0.142741617606 0.113830450393 0.134862411362 0.15123340805 0.0895107412362 0.0937909781423 0.227451941678 0.214542274021 0.234147677595 0.285732965456 0.313012376842 0.484686197861 0.500041604508 
375 1.0 0.187368302945 0.18645002995 0.262791049297 0.223519556984 0.385814949454 0.226225619447 0.227943378504 0.168052180411 0.164296350188 0.51979087697 0.318611827535 0.314074089884 0.372774511366 0.368268627321 0.116644188667 0.115163359926 0.166090959707 0.16200106139 0.175322630179 0.177533595589 0.351755954493 0.340943959597 0.142421822974 0.141322024098 0.263502578711 0.252433931329 0.135113204733 0.133252693147 0.13148455607 0.135228636796 0.150310439667 0.164296350188 0.0883262650614 0.0929736212184 0.193915884498 0.173263625657 0.186700915952 0.284898418306 0.300049405616 0.512992377713 0.519280321023 
384 1.0 0.174667518892 0.166512012023 0.275565559585 0.199952632825 0.333438564648 0.211930535415 0.213322693161 0.165858904806 0.164364919179 0.502156222159 0.305324989564 0.308091661745 0.351839868925 0.353071648173 0.103706423617 0.100222745962 0.166748871335 0.156492416638 0.174215011606 0.172850382146 0.324044038391 0.324044038391 0.153178683896 0.143259712778 0.272432598745 0.254919625513 0.140266831121 0.123428672082 0.138852814863 0.125725584836 0.136848648481 0.164364919179 0.101494534948 0.105965267707 0.214383891868 0.191070337469 0.213276434309 0.310992386967 0.292146348411 0.50620727625 0.499377992552 
391 1.0 0.178445174388 0.174064976859 0.270092104816 0.215968490594 0.323896524349 0.220242864028 0.217581221074 0.17423226664 0.179422071328 0.507826581476 0.342136724479 0.345820956585 0.399927160156 0.402830480739 0.112703647515 0.114371521216 0.160479979261 0.164513894728 0.166275335676 0.176475158103 0.326762128636 0.326092762016 0.152378567942 0.154655833393 0.270523217787 0.272935540333 0.133527413979 0.128751073932 0.141986735529 0.130548732644 0.139293817745 0.179422071328 0.0823896556204 0.0823896556204 0.220308993098 0.205389864303 0.22778582087 0.293756343782 0.311470445324 0.485927230277 0.512764951143 
396 1.0 0.176492574839 0.166149009657 0.273623580439 0.194693701466 0.342069950015 0.215998199211 0.214776952766 0.156450267604 0.1614154085 0.505178630891 0.308085021628 0.307410234321 0.360667229718 0.356652829019 0.10338173827 0.0983021216531 0.162100100475 0.165229898203 0.172043801587 0.1812143236 0.334829771294 0.333005524196 0.139020193652 0.134154997696 0.258052290447 0.238421080877 0.144489354459 0.119991877748 0.134154997696 0.119991877748 0.14742970828 0.1614154085 0.101216435732 0.101625944225 0.231048786884 0.221003661124 0.231048786884 0.292880788125 0.292265640787 0.487778421251 0.499972310674 
406 1.0 0.186148410458 0.181526471938 0.283411041293 0.216484312677 0.38650395309 0.205213377253 0.213333709496 0.155016656621 0.158069794236 0.541155584577 0.346627781849 0.352250782679 0.388491133042 0.386606988757 0.114413569725 0.103572571442 0.160487031249 0.156720187513 0.172834460156 0.180278852536 0.347431180468 0.334424631735 0.13525822604 0.150232377113 0.253490541562 0.265012838906 0.140647563347 0.14592888373 0.145746813935 0.147377344874 0.131979353284 0.158069794236 0.104338840124 0.101631626705 0.20772116942 0.196082284075 0.221635814679 0.254535867818 0.299579730937 0.503960575755 0.519245397577 
463 1.0 0.184354022028 0.179477338831 0.240004081666 0.209958012596 0.330085469891 0.245409677144 0.244338125458 0.17099211876 0.177165022005 0.5 0.335529384723 0.340079018031 0.381007786307 0.382611347744 0.107913585165 0.107913585165 0.148462734471 0.148462734471 0.15504961737 0.149803282977 0.320638232981 0.329251632259 0.160046099916 0.160046099916 0.248194197869 0.243774956688 0.123668437554 0.148378548054 0.122551998772 0.152612855705 0.133108650488 0.177165022005 0.0749850044985 0.0749850044985 0.215189398923 0.200022489739 0.212148526276 0.313066759145 0.327692000484 0.502144541287 0.519920064289 
478 1.0 0.182880555294 0.176403067509 0.279583594948 0.205957340495 0.3189850146 0.204143733941 0.212662944189 0.170876143537 0.167544075617 0.514893351237 0.309982663127 0.306871089617 0.353824728615 0.346216179567 0.104711467198 0.103327554376 0.167544075617 0.159924406327 0.182025814963 0.180636537116 0.308897177732 0.309789105404 0.152159755424 0.137934447142 0.283799623833 0.250335667169 0.147272059471 0.133694727758 0.134499855511 0.14238508516 0.124879980769 0.167544075617 0.10086002539 0.105510367358 0.211984952206 0.182289238856 0.18651774061 0.319323300812 0.290153510234 0.489354033846 0.478019747582 
483 1.0 0.184578933773 0.173117727339 0.281815242536 0.196738942902 0.313763913262 0.202126163583 0.190384953423 0.142677291941 0.135564284992 0.510568562215 0.327130887139 0.327130887139 0.367315137898 0.36934928984 0.0970310489299 0.102279706125 0.143073068823 0.131649388669 0.163111064186 0.161980448674 0.302757642436 0.310047381596 0.126054039421 0.123676515852 0.250589511066 0.237140647334 0.138657404299 0.128717447052 0.143959588576 0.135564284992 0.136188529053 0.135564284992 0.0693287021495 0.0790468824448 0.197813831304 0.180865314946 0.191716850409 0.310047381596 0.318681441888 0.4853882963 0.50871007705 
527 1.0 0.18023019189 0.178129444456 0.280058945021 0.200654165079 0.337985107369 0.202865297014 0.215527197066 0.152034394107 0.160856483578 0.518794944673 0.309926845206 0.318402537142 0.368870983291 0.372668644113 0.105210681997 0.105210681997 0.157528662536 0.157528662536 0.165722966096 0.165301814294 0.309431646212 0.296124886522 0.113742710336 0.134933931094 0.239253917243 0.255484930749 0.138200580787 0.130735887571 0.142667815831 0.13327058331 0.139405841227 0.160856483578 0.087882917689 0.0908469681155 0.170041121473 0.153947997905 0.18299367799 0.28337453879 0.317920540319 0.48236718216 0.508042113755 
555 1.0 0.183512205255 0.179288837321 0.279776268442 0.211336775563 0.365422064904 0.197955251361 0.210641459849 0.165975179826 0.161192174526 0.502585088849 0.315897695847 0.31022226897 0.365867864832 0.363678223746 0.110862704364 0.106666367825 0.157509633789 0.157923045612 0.173654347199 0.176263034965 0.328048121759 0.340531056638 0.131447620313 0.132804694132 0.27269516389 0.251292544424 0.143767070164 0.114194395282 0.138099697227 0.130201643185 0.137270973172 0.161192174526 0.0982337331893 0.0950286758847 0.198858973745 0.171671818903 0.180557192559 0.286398086339 0.293648395076 0.4942124454 0.5177932018 
556 1.0 0.180809406621 0.186833012057 0.2683281573 0.199930783871 0.33150594832 0.190646323755 0.188602582846 0.134138285306 0.159063000293 0.484300230026 0.328275350708 0.327726782993 0.363451352746 0.361503971081 0.100517691121 0.100517691121 0.156960753696 0.156960753696 0.183015872778 0.18377058061 0.299110561545 0.276107395985 0.113332654859 0.135779181612 0.234646166663 0.274649824234 0.126709760168 0.126709760168 0.142445278754 0.118233830837 0.119282746877 0.159063000293 0.0998268396969 0.108465228909 0.165125515854 0.160017300103 0.193456986269 0.287838863034 0.330251031709 0.488058082652 0.497161493051 
633 1.0 0.174634377488 0.186725885854 0.304275935729 0.20654443742 0.347913681953 0.202210855402 0.221177443475 0.172679294867 0.187120739088 0.511211108403 0.316824704285 0.327139951619 0.371390676354 0.388789529261 0.103093392223 0.112014448424 0.138527583375 0.150283152682 0.170095419052 0.170528783879 0.346723648769 0.326190997484 0.136271457945 0.148405157236 0.252759919211 0.267568787813 0.148305656617 0.138527583375 0.159063300858 0.150283152682 0.123902837274 0.187120739088 0.0768412776807 0.0663243059287 0.209665477987 0.202210855402 0.246371878475 0.279706472774 0.332909902686 0.505344604779 0.522774880627 
651 1.0 0.183061106843 0.177559974758 0.248603608191 0.176784788047 0.293008203667 0.223521474437 0.196722729083 0.159447389964 0.148752377973 0.514048036465 0.317263593886 0.316637684373 0.365329424328 0.363444867242 0.0926079080313 0.0926079080313 0.142571273348 0.149264435866 0.168294104292 0.173033191249 0.294099872893 0.292799805203 0.111726596165 0.119001902379 0.219942697475 0.240110356641 0.128971325999 0.141496870144 0.123532126082 0.117453004651 0.148649754727 0.148752377973 0.0843282085498 0.084147052146 0.191454869853 0.160211214168 0.191773430589 0.346110475814 0.323314514511 0.497973920333 0.506089878133 
725 1.0 0.186554177734 0.184301932059 0.279856139386 0.184754577682 0.353882998306 0.201961591798 0.212376999118 0.160479971679 0.170163591122 0.486473777674 0.310555277786 0.314165211391 0.358960488715 0.36254921814 0.0972947555348 0.0935006858851 0.126856840859 0.134319007969 0.160479971679 0.162548542183 0.308215506056 0.305948851484 0.130321145944 0.136885518322 0.25084427421 0.255299920469 0.134526130694 0.127076126832 0.148588967977 0.135145594281 0.123182275902 0.170163591122 0.0746216710937 0.0675727971404 0.187373218174 0.169589958313 0.198063965169 0.278659741435 0.304854871158 0.466519744007 0.485557198852 
737 1.0 0.180593880083 0.17595825001 0.266261510541 0.190224795134 0.315147904867 0.201086156648 0.209637628829 0.146282001269 0.165499192101 0.500553101593 0.327096498723 0.340362512198 0.369468790183 0.380333203301 0.100175460719 0.0937842742558 0.143429432151 0.149869831265 0.180593880083 0.168503693963 0.333574285964 0.327997592713 0.124124394076 0.129591949497 0.246159365977 0.25769924669 0.131401348751 0.127294037667 0.136253357467 0.117528939257 0.120627228472 0.165499192101 0.0934690321059 0.0850364129257 0.228435197019 0.223339347131 0.239597174805 0.291553415745 0.323877368287 0.510796628989 0.516828172945 
765 1.0 0.192620185828 0.185225135236 0.267691002366 0.202292943109 0.321149916351 0.201241152916 0.197962957593 0.15712372433 0.167580817476 0.487708357392 0.310169082534 0.312044950405 0.350129200906 0.351439984356 0.102664946565 0.101800020061 0.165349848132 0.160685054149 0.193718788952 0.188067630749 0.31424744866 0.320267634694 0.120422040472 0.128658054502 0.265501942431 0.270843507523 0.131378398768 0.110624699197 0.137944754701 0.110624699197 0.126159602016 0.167580817476 0.103863743863 0.103863743863 0.226072624941 0.208237666524 0.224423870475 0.316546372231 0.299317182353 0.498787125831 0.484506895412 
804 1.0 0.185380002457 0.184629641823 0.299925953349 0.211059004209 0.344404216816 0.208781190221 0.211497037895 0.176427333897 0.178858533829 0.505430773237 0.30628695357 0.312666540026 0.344538548571 0.367920170319 0.101354352828 0.112326426371 0.162216416691 0.169288768287 0.175638729997 0.188923928448 0.325855999301 0.332741536198 0.140181274546 0.147891565357 0.275758399628 0.28472982986 0.136162502358 0.104796140182 0.168923921379 0.125922068066 0.135594919636 0.178858533829 0.104353649225 0.106836868569 0.215685504659 0.199950635566 0.220284860002 0.288176004682 0.302282367684 0.492101984631 0.502952781575 
867 1.0 0.19180999586 0.186686651809 0.273211835638 0.211314941535 0.335011492677 0.22589677547 0.208722021968 0.176143966041 0.170628520995 0.515428065897 0.315449785029 0.32157964476 0.363751355295 0.374261569858 0.106252905393 0.111260064559 0.164364046897 0.161016824745 0.194013198002 0.197271870091 0.310313274927 0.313083032952 0.13694579445 0.140771832148 0.260622384102 0.265319570891 0.124125309971 0.141524628062 0.149555502029 0.154620688928 0.131200005183 0.170628520995 0.0900111414128 0.0921979656455 0.217509539532 0.195852872642 0.21975728893 0.292737615387 0.330259882294 0.476517227199 0.496126582505 
892 1.0 0.17854629763 0.16813124352 0.277816179161 0.199987655464 0.327804621148 0.217293334085 0.219131839575 0.177506213261 0.175671248662 0.505646429157 0.308001349838 0.313512893717 0.358171231787 0.358988828022 0.107862718896 0.0970176180906 0.153649590038 0.153649590038 0.181630818837 0.180949913651 0.293533988147 0.309998785492 0.139324024506 0.14053699893 0.258421900737 0.238550947905 0.151627796814 0.141630688568 0.128852196459 0.143363238475 0.161483830545 0.175671248662 0.0895751124905 0.0897472070055 0.20911520566 0.179150224981 0.179150224981 0.332988547356 0.273336785661 0.512827673963 0.488890276046 
913 1.0 0.193224327839 0.183820335624 0.278083756353 0.198876139955 0.337375156404 0.215970297038 0.225297010535 0.168233421525 0.174937086744 0.508864872386 0.30783717101 0.303069569519 0.359073166305 0.353862924915 0.10323894975 0.102004973743 0.159275920103 0.155928007117 0.158078839853 0.149642715555 0.316424592104 0.317124168305 0.147940562945 0.148296789232 0.277551974335 0.263949382864 0.142490340664 0.127397544882 0.139496512234 0.136591609117 0.140626667179 0.174937086744 0.090609282085 0.0930228876939 0.208815651419 0.194910008896 0.201511772274 0.285424692006 0.280840306075 0.490555791196 0.475392219979 
1075 1.0 0.174955475143 0.174955475143 0.273734813136 0.215789473684 0.373721273181 0.214824543494 0.219354378781 0.174955475143 0.179873763059 0.494848811518 0.306395359533 0.312127894804 0.356731856902 0.365590631301 0.108502779622 0.113615963921 0.167844407569 0.164426308966 0.188667877147 0.19777151819 0.345970072201 0.338687379857 0.138951355605 0.141225345947 0.254379915234 0.259180468468 0.140438569096 0.123319731725 0.139349497841 0.124214986539 0.133978126962 0.179873763059 0.0941502306316 0.099305064548 0.214760060664 0.194807952877 0.217897279416 0.277902711209 0.289665008544 0.494008422327 0.500692041854 
1123 1.0 0.177917041995 0.169742762776 0.281935987339 0.218515480445 0.351538142797 0.199323560633 0.194247606956 0.173756535729 0.16949393377 0.479283840159 0.318311880981 0.325652455335 0.373126533822 0.386934913001 0.109354271892 0.11861136133 0.154194769729 0.150781121295 0.161590295958 0.173432362805 0.31791385277 0.33143333949 0.125750420521 0.137915994756 0.246586145329 0.256595607077 0.133035213519 0.125189782773 0.151896656514 0.135029540943 0.158956926385 0.16949393377 0.071364228597 0.08635037446 0.187541029088 0.165206509469 0.186864661723 0.286637306388 0.298985340949 0.498732213765 0.517667597148 
