Leaf
303 1.0 0.182948639287 0.18219264994 0.276645803991 0.223294095913 0.364243230097 0.236793621271 0.247899286215 0.198767813275 0.197024202276 0.540930217454 0.323290507678 0.314032378649 0.362343643588 0.357357465331 0.112991084897 0.112225034811 0.16635294767 0.162045003655 0.202891353049 0.198767813275 0.388803300687 0.389113793361 0.152388027871 0.150565683969 0.27857237336 0.271038601179 0.142076172763 0.137007003025 0.139626399922 0.133950700274 0.145436546656 0.197024202276 0.102755252269 0.105079574547 0.26899396207 0.258528321731 0.273320537995 0.297035721419 0.295404924744 0.539461076759 0.530268068195 
757 1.0 0.173867838923 0.178180041319 0.281551613701 0.212866239471 0.333641211787 0.246690245768 0.2502762409 0.203594639424 0.211856100128 0.528642340342 0.322525920724 0.330660438417 0.374512212591 0.375656032654 0.112866529597 0.104831943187 0.172342652972 0.166993617903 0.221750523361 0.225733059193 0.369990772645 0.359907875374 0.178180041319 0.174436345635 0.275867901191 0.280494690462 0.140834402402 0.1568012988 0.147697195535 0.160955694995 0.159720722568 0.211856100128 0.105459684984 0.107934149069 0.247291522818 0.24127971416 0.260104849731 0.293601388823 0.305769953041 0.53709619962 0.5342931091 
790 1.0 0.181368442355 0.182121011739 0.28092609956 0.228129534011 0.380135941346 0.227754505754 0.25388080367 0.205331568862 0.212854152101 0.515779391717 0.304297593044 0.324209785409 0.346390419106 0.366348162593 0.118259446269 0.111717348442 0.161735332136 0.169579044954 0.229325503066 0.218326058312 0.384384901416 0.368766942606 0.188305742954 0.177557755985 0.309920323537 0.278971807315 0.150340128424 0.149083941262 0.136512505713 0.167550514478 0.138007212738 0.212854152101 0.108770778412 0.0994084056629 0.264242126698 0.247331457886 0.271328992412 0.283410342905 0.309478684091 0.536988811894 0.525174095323 
960 1.0 0.1761946596 0.177742519432 0.297297297297 0.216638101917 0.324605733769 0.22972972973 0.241737078649 0.20089282091 0.20089282091 0.513691292128 0.326848287093 0.340261576 0.381502546311 0.381502546311 0.111435287179 0.108949429031 0.173057411823 0.162724251065 0.233279412184 0.213667409471 0.350570858678 0.362605617973 0.175675675676 0.188221463205 0.285067879861 0.285067879861 0.154077760149 0.146170997654 0.154077760149 0.157593294455 0.135135135135 0.20089282091 0.102915852782 0.108949429031 0.266528147612 0.243243243243 0.254972463029 0.320358637598 0.308747558346 0.543572577328 0.521628623395 
1034 1.0 0.165810071531 0.171520982764 0.302906101051 0.205710927196 0.36003947047 0.24809073067 0.255865687518 0.216310676777 0.221899095347 0.548562472523 0.329744057525 0.323243536854 0.370762591297 0.363199752132 0.103488426271 0.103488426271 0.177508239839 0.184011192196 0.226053914438 0.229494374647 0.368066743143 0.371422507437 0.171901295831 0.182586108269 0.275765292307 0.286963989872 0.15804675322 0.155442839421 0.153859339664 0.156906355059 0.161823669528 0.221899095347 0.13055397891 0.131922376247 0.284220048064 0.274340752642 0.286394503321 0.304196899942 0.293878421924 0.53414710767 0.528091554193 
1090 1.0 0.168126502158 0.172702755102 0.266833076184 0.193618254455 0.329595497474 0.253042777307 0.255678430541 0.208257499766 0.218516246802 0.523127716475 0.298901166337 0.302721725829 0.334294232285 0.34389700864 0.0954570774354 0.0999384131053 0.133365253624 0.140752235085 0.202055384579 0.19850308604 0.358047639172 0.365310701466 0.182711520695 0.191843530898 0.264722469852 0.278032293973 0.135805064193 0.166901371659 0.142299009386 0.177006314755 0.162498618662 0.218516246802 0.0843475924357 0.0865887157291 0.2926565076 0.277293172699 0.29242266297 0.29115665656 0.31737223161 0.489624179816 0.499363392788 
1118 1.0 0.183126747499 0.170355581416 0.295283007788 0.227140775222 0.363602650783 0.233855741162 0.22996250795 0.194069163421 0.198342155059 0.533901627662 0.29724214986 0.29724214986 0.340332384324 0.340332384324 0.114136826973 0.114136826973 0.168834518988 0.168834518988 0.219340850901 0.223130408408 0.355531549701 0.368535470315 0.179570549799 0.173729286778 0.280498165674 0.266103924909 0.16260804879 0.170355581416 0.140478811219 0.170355581416 0.145441060313 0.198342155059 0.101580442772 0.111853859807 0.266103924909 0.229681894657 0.228555996236 0.305797627247 0.269953729596 0.511066744249 0.50022566815 
1138 1.0 0.166622644831 0.166721677615 0.264297988353 0.201178358862 0.316217326528 0.247328256253 0.253393709171 0.216358589426 0.208827377587 0.528595976705 0.301466550512 0.293925920685 0.350058002023 0.345692781634 0.100342737625 0.107336823665 0.167018423642 0.160979603843 0.243900909194 0.23556994614 0.408948499142 0.412925010833 0.185468382917 0.172846390817 0.281769230718 0.266598708274 0.132647671398 0.156824590542 0.143640211061 0.156297447569 0.126011030771 0.208827377587 0.100342737625 0.100342737625 0.337233444973 0.32749968122 0.329058374315 0.308876556768 0.299764421788 0.530404000304 0.518316302321 
1182 1.0 0.1490711985 0.166410058868 0.277965748367 0.167434130434 0.316497930753 0.231679117909 0.248069469178 0.188561808316 0.228708749959 0.499230176603 0.300995499299 0.300995499299 0.33993463424 0.330759292238 0.0762362499862 0.0924500327042 0.206724557649 0.182105445175 0.246687455811 0.274873708375 0.422447083623 0.381181249931 0.157978685136 0.157978685136 0.241080190227 0.266666666667 0.134609279471 0.133333333333 0.157978685136 0.130744090092 0.156892908111 0.228708749959 0.1490711985 0.157978685136 0.315957370272 0.314873465292 0.330759292238 0.292352673102 0.322914081876 0.558997882356 0.525584737449 
1186 1.0 0.180530925174 0.179426750137 0.299708390334 0.220203692378 0.363803437554 0.259937622455 0.259937622455 0.203311222268 0.222894672382 0.578496488839 0.32146326812 0.32146326812 0.385034014561 0.374569174883 0.107360291144 0.121267812518 0.205256828534 0.199363055707 0.22730885679 0.271163072273 0.374569174883 0.342997170285 0.170335869464 0.189132401198 0.276964008498 0.299044583561 0.164398987305 0.155707524123 0.151830379796 0.143762743957 0.16916516233 0.222894672382 0.126088267465 0.151830379796 0.276964008498 0.259171972419 0.285444455824 0.294356024226 0.276964008498 0.536801455719 0.526333570112 
1187 1.0 0.139002757388 0.158860294158 0.318340531517 0.219333662534 0.377293198625 0.213872216338 0.248814222564 0.207318770388 0.222014010414 0.516295956013 0.437316883715 0.444028020828 0.472008260635 0.479879059422 0.101253967481 0.119145220618 0.213872216338 0.226410754279 0.276583482357 0.245624164699 0.409373607831 0.435962259241 0.170820990296 0.163749443132 0.275869717342 0.254300549972 0.160096579684 0.133208406249 0.163749443132 0.168496786891 0.15509232012 0.222014010414 0.188385134739 0.183077443061 0.303112143618 0.298524235604 0.293193016817 0.323257278555 0.31081961458 0.613016022248 0.584027677491 
1190 1.0 0.169781102529 0.152091001042 0.282968504214 0.188645669476 0.3024220143 0.245963860436 0.253094724366 0.210912270305 0.210912270305 0.528544634449 0.397948475715 0.400177896384 0.43552234765 0.441608190135 0.0961907949814 0.0961907949814 0.210912270305 0.210912270305 0.270099493992 0.25168471493 0.354433034297 0.371588874719 0.173922713641 0.178964995882 0.268115872332 0.256585850998 0.137336120392 0.162279140905 0.155561204213 0.162279140905 0.133392632128 0.210912270305 0.155561204213 0.161178930654 0.329455498159 0.320697638109 0.320697638109 0.312264145872 0.357929991763 0.528544634449 0.536231744664 
1198 1.0 0.1646489539 0.170972424957 0.291086774057 0.215151093868 0.373404050637 0.235499249868 0.233449906334 0.201106139075 0.20728338987 0.537914956755 0.288183437534 0.286511179098 0.345266195051 0.339889344858 0.110513303477 0.110513303477 0.193184642067 0.200108087559 0.252643890189 0.236432595896 0.430162577441 0.433131170455 0.155647564251 0.155647564251 0.26921789788 0.281078860379 0.162198683984 0.116338374524 0.150414209399 0.107761503074 0.156673259464 0.20728338987 0.136308717519 0.134087351272 0.316967673409 0.310135258539 0.311616548442 0.271808370315 0.266977488072 0.52780760447 0.504018211085 
1401 1.0 0.176577315242 0.176215599638 0.261207176052 0.202603329772 0.347202501082 0.239457182449 0.23352153386 0.204276037868 0.199535809099 0.516271459768 0.306812909417 0.309916637048 0.352732809258 0.350312658488 0.1075641065 0.0986962525852 0.144812610208 0.157071329152 0.198359857845 0.202498326744 0.394838880166 0.385903730956 0.154614805979 0.155026929694 0.277090429056 0.278621327054 0.131899933326 0.131253361132 0.134455133125 0.132061081747 0.152258368949 0.199535809099 0.0969569753461 0.0847864153546 0.293128878717 0.281129083545 0.292038500932 0.291163258701 0.303467280194 0.504941762151 0.511927578463 
1433 1.0 0.179882111858 0.166228530613 0.27592656383 0.201806621083 0.333491911173 0.251080625903 0.253228043689 0.204712786013 0.206548096193 0.546144509403 0.30982214429 0.314604687211 0.362309328277 0.358667936077 0.103274048097 0.103749602637 0.167016347967 0.166129790758 0.19477285813 0.182058184278 0.377654254082 0.372359875837 0.169260898533 0.162029657382 0.276698554003 0.251668102497 0.146051559459 0.14638821352 0.141486315688 0.153928174513 0.137725208775 0.206548096193 0.102476553165 0.103274048097 0.282972631376 0.270218157152 0.279823857884 0.302533712855 0.287688208169 0.516783171568 0.502879604961 
