Node
97 1.0 0.162118204508 0.161410433075 0.263066820882 0.191674889277 0.332947228722 0.221077887917 0.218822227179 0.199862562181 0.207359996444 0.485516882918 0.21477341688 0.234698640955 0.25779127278 0.275352964461 0.0963669373123 0.0963669373123 0.129191382025 0.121477437243 0.186630813243 0.189539169256 0.324589330168 0.318456612883 0.161173818582 0.169558999841 0.273405672052 0.287202442943 0.137768851568 0.119044468957 0.140692654249 0.121895605217 0.132400990893 0.207359996444 0.0700745437754 0.075661140504 0.268475655678 0.247365520624 0.271631807407 0.291074219228 0.308720529866 0.404313451403 0.408694684832 
13 1.0 0.175285077367 0.172730661566 0.279242221164 0.184697313484 0.29540749162 0.229360161546 0.223721438527 0.185169418363 0.181978346808 0.512707108254 0.311225975273 0.316214168892 0.3470873659 0.352337562273 0.0915888309659 0.0943285821985 0.154010983901 0.152852415563 0.193925426416 0.19614379555 0.30133366473 0.295307667847 0.152860643853 0.159142733398 0.258712522401 0.269936477913 0.139763353485 0.144802978792 0.143506575778 0.143834624239 0.142068434795 0.181978346808 0.104626663827 0.107212759932 0.201146634954 0.18623791349 0.210519053424 0.298033042149 0.333316213772 0.473313617405 0.488452142736 
7 1.0 0.181103317846 0.17895916844 0.280466054678 0.205996017775 0.354433073007 0.244987471931 0.24667959058 0.205907222109 0.208927994912 0.52957132013 0.299384844643 0.301280859305 0.344968448074 0.342333101673 0.105364998577 0.103265935152 0.158917938353 0.156212465455 0.209085515944 0.208338604923 0.365433749049 0.362926723065 0.172498706002 0.17584089665 0.283839584915 0.285700746179 0.147371471076 0.147387226015 0.143672751842 0.146696643519 0.142635921347 0.208927994912 0.0998100025958 0.101365489081 0.265077568047 0.249970352575 0.266189204907 0.280279388241 0.279217435118 0.488378013364 0.487570967464 
14 1.0 0.179654706309 0.168901576724 0.273950878984 0.190495322847 0.343196493782 0.211832651426 0.208705898497 0.174844347756 0.163893869032 0.504329551603 0.296127729185 0.290586492755 0.341660046889 0.33051254139 0.0991606881692 0.094583298148 0.152105278272 0.147997947286 0.187651776128 0.183690370222 0.356344020553 0.349157291682 0.138760142016 0.129785647262 0.270636791497 0.245467705311 0.148597642257 0.118616198897 0.129884793929 0.117837808309 0.149646059723 0.163893869032 0.0973095926193 0.0975885587346 0.262880680326 0.244735551441 0.25116841616 0.309729594607 0.27222610359 0.508551743682 0.48552656655 
15 1.0 0.179376071201 0.171193644975 0.282486266699 0.206951279529 0.364679161756 0.238007488059 0.237911795768 0.203130281361 0.202859236636 0.515733111746 0.294414059315 0.293439562989 0.342770267247 0.334393377466 0.107678546852 0.102212043759 0.157675435443 0.151759955741 0.201870550139 0.200613208624 0.359728741522 0.35928422968 0.172207588561 0.173356606935 0.284166899938 0.276790186286 0.151620642973 0.147093634314 0.140622374739 0.144680688016 0.149139137055 0.202859236636 0.0969596744208 0.0992898561681 0.263472536183 0.240288174377 0.255122141397 0.294418436313 0.263283692643 0.490280128536 0.476811488922 
26 1.0 0.175218766273 0.173178989658 0.270225136246 0.195166281333 0.339349209868 0.231989704369 0.230794573006 0.191159076409 0.195195868913 0.508975370699 0.284788137902 0.285755252683 0.327948120156 0.328922988536 0.0997848632758 0.0983485196228 0.147272916811 0.147236914688 0.1964445858 0.198405238326 0.359610687999 0.356848595188 0.160771394016 0.167778872927 0.26890436483 0.278309000346 0.137712791098 0.138820557213 0.141471707358 0.138206185919 0.14004212399 0.195195868913 0.0912500200936 0.0919783310684 0.264946409749 0.252285234167 0.271059571328 0.285999157993 0.291128818329 0.487490831105 0.482498876136 
32 1.0 0.180347201061 0.178321333969 0.283892273704 0.203927667483 0.37591988601 0.248126448917 0.248481535172 0.214000145068 0.217179072263 0.528404918593 0.286848425014 0.290030795256 0.329057974977 0.332851044734 0.102518393821 0.103558972909 0.156869007479 0.155837275699 0.214186743218 0.213917455643 0.364511947161 0.361755593461 0.185111817194 0.189495926957 0.294871151376 0.299955593589 0.147837096168 0.147838421808 0.151114800881 0.149784928193 0.144823879542 0.217179072263 0.103295198474 0.104378719889 0.26042029637 0.24397183 0.265499319017 0.261342174522 0.272691746897 0.470025981216 0.472193493716 
36 1.0 0.174532256391 0.169169533995 0.276665050999 0.204499767872 0.381355623536 0.220722552259 0.216797779328 0.175323935425 0.17521987095 0.507759074307 0.295081528679 0.295952282349 0.346825993632 0.344368069966 0.105607449798 0.104354230219 0.156172181199 0.156982352776 0.183374671937 0.180977316307 0.403094241232 0.389359118794 0.142268026166 0.14345484748 0.256606888862 0.254380573594 0.143250355303 0.126698347296 0.140806908361 0.125911115725 0.139686265641 0.17521987095 0.0939441191259 0.0932619781875 0.283442340452 0.274702120927 0.289117282499 0.270045583703 0.279930977622 0.510206470883 0.505057829639 
49 1.0 0.177001236086 0.176277198257 0.280799885548 0.21883435381 0.399642748325 0.236083819609 0.235846092392 0.198469472062 0.205520144504 0.523109931956 0.277174502831 0.28221388467 0.322611560283 0.327445865243 0.110196867518 0.110986450172 0.154329883706 0.153331094775 0.19693531502 0.202644174464 0.402019071934 0.400673579536 0.167319559816 0.172180383207 0.278059046544 0.288648257954 0.144064739489 0.134591210953 0.151261255424 0.134945192357 0.13569287013 0.205520144504 0.0941604403541 0.0969356360312 0.28964788565 0.278491605042 0.296399065957 0.242773526465 0.25653150659 0.468109508466 0.475579128655 
52 1.0 0.180128957404 0.176683984739 0.292594878091 0.211372103591 0.382282803159 0.223193960788 0.22363114364 0.183488752416 0.188779167614 0.534864467622 0.285581226987 0.287138743185 0.335600811953 0.335131097005 0.10756703038 0.107197643027 0.157150924122 0.150302574575 0.195418902537 0.197672069655 0.371119457796 0.375272907436 0.152183317309 0.160914276737 0.275848596428 0.282456946239 0.14993188204 0.128708088226 0.152149325885 0.129786242229 0.135554043384 0.188779167614 0.0907270439261 0.0969282421342 0.266400063427 0.2472211294 0.261616579727 0.272516818517 0.249081407012 0.481027646848 0.470975574134 
57 1.0 0.165215516015 0.171136857629 0.274811578125 0.206855692703 0.389341093476 0.217308159508 0.219888266286 0.182846178447 0.19269088714 0.491139230506 0.301799522479 0.306797771101 0.342687461036 0.353968294848 0.104592001365 0.105585132902 0.173123340104 0.17139995605 0.209514446699 0.212648871167 0.392382706867 0.398011187681 0.160028954789 0.169318366667 0.262621721205 0.285844588465 0.134246131783 0.129277688635 0.151221205306 0.129941947018 0.132152798663 0.19269088714 0.114062568495 0.115812357507 0.276342111607 0.263523602917 0.281059794513 0.252905463377 0.302436757374 0.493326782297 0.509030008665 
60 1.0 0.19085609351 0.188717068805 0.28944321404 0.217200211396 0.419745100245 0.23611051642 0.232319350489 0.199867482893 0.19763899996 0.52573823213 0.286417527161 0.292769080557 0.331901886897 0.340774828992 0.109112539341 0.110601703523 0.16105372993 0.160141811859 0.207480034258 0.212294071508 0.387691087642 0.38422636648 0.155878378703 0.15473292223 0.283074299817 0.286146353972 0.146351954863 0.126154660569 0.154074921724 0.125647579034 0.129611825572 0.19763899996 0.10361168366 0.103947526114 0.25699890438 0.242530867709 0.265278840593 0.235706081326 0.26923115801 0.473919060059 0.491942996934 
61 1.0 0.18009893068 0.172754470913 0.270983438217 0.203622747379 0.385656190095 0.232748876413 0.23146209154 0.189814150982 0.191313267447 0.509027143416 0.288869678192 0.289579458029 0.337226513938 0.336173404552 0.102821896539 0.10529135512 0.160733805523 0.161040795194 0.19618412846 0.196532281502 0.371196002525 0.373048214876 0.156449510941 0.156958052145 0.267749111258 0.262312358859 0.142966166468 0.138693222239 0.135427807342 0.141036252812 0.142361295818 0.191313267447 0.10083862669 0.103272687803 0.23997541357 0.22193259053 0.231517854015 0.27662157705 0.255024847465 0.504857072534 0.491868816487 
62 1.0 0.160341561974 0.169766727041 0.243627913135 0.196398031142 0.341407045167 0.221632882314 0.233848827088 0.180868596946 0.195168037571 0.480204062498 0.304250004368 0.300077823228 0.351062062159 0.343463264823 0.102050817983 0.100117624747 0.157641415549 0.160113387805 0.19345835638 0.206426593546 0.387174609745 0.364234029958 0.167181710654 0.179161954464 0.26395644355 0.282891204406 0.123732913556 0.138437662548 0.128248987697 0.141986238062 0.123887824211 0.195168037571 0.0963419271488 0.098549471362 0.304917050367 0.297699782457 0.314330647071 0.286644459499 0.284129792846 0.489361807154 0.464027813646 
65 1.0 0.168300499034 0.168109148661 0.283261817267 0.215893265738 0.375693149078 0.241569475669 0.244468316117 0.208435543841 0.220194165576 0.499974692264 0.304950046839 0.306392068173 0.349405790906 0.352297968763 0.107924582442 0.11099699495 0.183570063882 0.181383527073 0.213669285318 0.213873000471 0.359060769301 0.361424420419 0.16974002892 0.173206497307 0.2742820332 0.282334976505 0.144643730307 0.137780854269 0.149325937873 0.138007277826 0.153902224295 0.220194165576 0.123285861336 0.126900007003 0.239177158416 0.217699952852 0.235202345525 0.272273801987 0.288126518008 0.494962118143 0.504863126434 
72 1.0 0.174164597662 0.179737126704 0.27684229058 0.199968717788 0.367524193159 0.229562707252 0.234826487679 0.198271127574 0.206888703192 0.512157118428 0.284509481394 0.286114568974 0.331464015821 0.334653568499 0.102736029465 0.101472531591 0.161518856975 0.16332028888 0.216996186862 0.218192155686 0.376913064837 0.37005280731 0.152494998313 0.158814317099 0.268757463585 0.280991504167 0.140570656633 0.129486784856 0.146409038991 0.130885007644 0.144168045163 0.206888703192 0.107918134052 0.103485875998 0.261854752363 0.249077000618 0.274384501761 0.262205658127 0.289994063097 0.483003537423 0.490502401221 
73 1.0 0.183184975589 0.17799090083 0.285144135791 0.210731059144 0.372720268255 0.258232308125 0.25458284902 0.220381549444 0.219350076191 0.535313329201 0.300835784686 0.300659738345 0.347942251612 0.342233107983 0.108601649651 0.104713358349 0.166961868423 0.163344576949 0.217522142322 0.215974583962 0.380781652344 0.377331446214 0.18450763738 0.185854731674 0.293434109965 0.290357538375 0.151653577827 0.155435867669 0.146334791135 0.153531293373 0.149953716168 0.219350076191 0.108653937889 0.109633039851 0.274019930654 0.256468876904 0.272347717957 0.278635297091 0.267874159893 0.495189447904 0.491312380221 
75 1.0 0.174320283326 0.169230589153 0.256722746969 0.213931493122 0.34170310768 0.223887451613 0.227377049987 0.191378669158 0.193662687004 0.497841464545 0.29428068107 0.289517664162 0.336107923728 0.332937881211 0.108842168474 0.10823178853 0.154761488892 0.150349507225 0.208889966811 0.210720003338 0.402582453832 0.405692925876 0.156329475424 0.158712807221 0.270106662483 0.265964854939 0.133964728725 0.132345902533 0.132806840983 0.13348267817 0.136198833999 0.193662687004 0.0922113010449 0.095733349893 0.319915351644 0.301383276207 0.310242349309 0.309556120715 0.274945129421 0.513066417649 0.495360919015 
91 1.0 0.184419101874 0.178935553359 0.284117625085 0.189452329304 0.326322855704 0.24014791398 0.214201360206 0.211274530325 0.209432749587 0.489342924415 0.287072973624 0.280046329068 0.343871677803 0.326322855704 0.102141124856 0.0932169277361 0.170704176497 0.175105521809 0.247915819802 0.239917335037 0.362786304914 0.357871106718 0.155341753686 0.15336964915 0.287024770622 0.287024770622 0.154716992594 0.115851278401 0.143102038739 0.106517726804 0.156936862013 0.209432749587 0.120189135872 0.114891831004 0.277764248311 0.268493530157 0.273396061133 0.282799659748 0.28196666925 0.479978829509 0.467477841649 
92 1.0 0.173181349166 0.171871991384 0.264260619273 0.188968738365 0.350008358308 0.236817757928 0.231110189907 0.191388435538 0.201547782869 0.501384208221 0.325525586671 0.32664047214 0.366244825374 0.35954370955 0.0964031890832 0.0947124259019 0.155268307875 0.146314233279 0.208729457689 0.208441380546 0.370882612026 0.365999562954 0.160999987835 0.171089880267 0.264355866012 0.280374355425 0.137425687377 0.143535941502 0.134343425761 0.140920397882 0.141972988715 0.201547782869 0.0949242861027 0.106858293539 0.273282623083 0.260767763313 0.272906622043 0.284640764918 0.282702590062 0.48806383217 0.488119295139 
93 1.0 0.18294314064 0.182966039319 0.287861931671 0.205054806018 0.366667275824 0.213722861793 0.220641345804 0.186899496018 0.190000679902 0.511896317525 0.297866998671 0.300136351828 0.341491957109 0.351994109682 0.100830685748 0.108160267496 0.156051870122 0.15871229479 0.201536524534 0.20122338016 0.365616086083 0.376936465824 0.157463350559 0.156448502306 0.293609417114 0.28666716957 0.147047828883 0.114094600143 0.14950756868 0.123330113427 0.141034758422 0.190000679902 0.0977489272359 0.0992339838836 0.262592691907 0.243229630221 0.259639952309 0.279806298246 0.287753486842 0.500774927912 0.515764984977 
96 1.0 0.181202054476 0.183393712188 0.296292231701 0.201076255923 0.375050346652 0.233926281453 0.239327440727 0.205079443093 0.211523879292 0.523426160596 0.301748532554 0.301300821294 0.350995877663 0.343547700927 0.103080527311 0.100801542918 0.158333579896 0.156504290396 0.207490207818 0.209126474207 0.352900963285 0.347601653998 0.168344865476 0.17791975153 0.289376833157 0.300719745347 0.157494808787 0.136855692774 0.151829605895 0.132378370185 0.151164457989 0.211523879292 0.102816181243 0.102791264761 0.235395239492 0.220346726629 0.240208358022 0.265975383541 0.265848520802 0.478471438387 0.477986686903 
99 1.0 0.181121289446 0.174554495493 0.267013668275 0.202588848207 0.340172249092 0.256240052407 0.247414198444 0.219415244222 0.215997191718 0.501450876904 0.307738579187 0.305340881368 0.346347738371 0.347454267878 0.100896242875 0.104482607951 0.164819664186 0.156778857775 0.208079371596 0.214610903319 0.34282445554 0.344960551374 0.179730976231 0.179240888446 0.277569243718 0.276160311691 0.141962942887 0.163760866978 0.134718422791 0.158611006031 0.16272428878 0.215997191718 0.098165130897 0.105574102191 0.247723886891 0.225888705046 0.240296754333 0.308185994577 0.272891246106 0.496562605976 0.482494498328 
100 1.0 0.186489048482 0.19149902579 0.291868063437 0.225853889849 0.363343854721 0.238855231407 0.252735425659 0.206381886868 0.203743373561 0.523724740396 0.32808684264 0.329138772206 0.365406215789 0.371038856284 0.11513462435 0.11182356119 0.159373095521 0.163561715484 0.219441068604 0.221010718396 0.319358576219 0.346966794484 0.174239790602 0.166746804508 0.299943884776 0.283031817538 0.154391450447 0.138374597225 0.143493404378 0.147113626634 0.139779451488 0.203743373561 0.110335219976 0.10645285874 0.255750268958 0.224853498589 0.236006716798 0.291352668255 0.264986087461 0.484985580803 0.484706595114 
105 1.0 0.16624490542 0.169372795973 0.290507405736 0.214776860537 0.356434249309 0.22836544805 0.23422078644 0.192021642232 0.201809275158 0.523167982956 0.305284233074 0.309780967488 0.353419724054 0.360057838965 0.109646216993 0.109302249769 0.160246512471 0.15914686358 0.196850167664 0.197328531831 0.369695799589 0.373753711741 0.168451110856 0.175517160609 0.270467164212 0.286989672674 0.145808846319 0.13834734627 0.156418518414 0.139941166162 0.136985106605 0.201809275158 0.0950084291427 0.0960329435897 0.267491046056 0.256195829728 0.278735442172 0.260744672699 0.296383808324 0.475659135897 0.498333483455 
108 1.0 0.178780467466 0.180060744622 0.283793276851 0.199580136336 0.354638554117 0.249380735024 0.25041074364 0.210018163746 0.212669437671 0.52858619889 0.288236866563 0.289347690111 0.332513511263 0.333832452581 0.101307166885 0.10132857642 0.153389026062 0.157377022237 0.207586649426 0.209538903217 0.346034170357 0.339211857173 0.180454931265 0.187714997106 0.279356745654 0.288941861683 0.146404026545 0.163087769894 0.147500628764 0.162890320978 0.147752615514 0.212669437671 0.10181885739 0.100576162305 0.236197252501 0.222998497201 0.246015809178 0.26774065032 0.295386853493 0.476606544732 0.486301140695 
111 1.0 0.177862384895 0.175973811246 0.299904111122 0.211487947545 0.368699920964 0.247446604294 0.23795296033 0.213263688833 0.207572358757 0.533144165483 0.311065558509 0.317595714385 0.354087075374 0.363274100129 0.104844224161 0.108989370336 0.169704610441 0.170512995579 0.220251605912 0.218187739291 0.369068798707 0.361822202822 0.175428992191 0.180444067986 0.284936324511 0.296060235336 0.149441708094 0.153591761071 0.158587589209 0.149206641532 0.146244193884 0.207572358757 0.112532175405 0.114719397117 0.247460957738 0.236714070812 0.258803888537 0.253421387866 0.288660037298 0.494263598666 0.50351543729 
112 1.0 0.177662777253 0.175948948342 0.286472620498 0.21105261166 0.371854601497 0.23825366704 0.231480349849 0.197069587717 0.212958317252 0.502606709434 0.319121122766 0.313533277347 0.376108364898 0.369538576685 0.109749014665 0.109749014665 0.156504672259 0.156504672259 0.175301942868 0.175301942868 0.378350810614 0.373379365929 0.152831299777 0.166435035917 0.269907124893 0.292361900795 0.149912015675 0.12562655456 0.146332019553 0.121540039547 0.156343243982 0.212958317252 0.08645443876 0.08645443876 0.280909515775 0.271353357849 0.274176897389 0.283014071735 0.249488138184 0.512901083877 0.483477838857 
113 1.0 0.176080336582 0.174337460225 0.276183343648 0.204560461758 0.343989325593 0.233411438039 0.236757361287 0.207807507464 0.208765896871 0.496564169724 0.285242614798 0.292325864469 0.330137724386 0.341142533232 0.102323791609 0.106023433888 0.151962040261 0.157122821792 0.209232675973 0.206143937553 0.346875708291 0.340498344219 0.158946522664 0.174487729092 0.273589418438 0.289976852033 0.137061856945 0.133671334673 0.14855886626 0.137485809701 0.147402717788 0.208765896871 0.094576132099 0.0918372730005 0.25230255891 0.23807094537 0.261403324882 0.259561641346 0.307037165363 0.471823877 0.492268363655 
121 1.0 0.185710468573 0.186791582507 0.276222853495 0.199415369044 0.379227082373 0.244174617606 0.2525156739 0.196769069933 0.202721734094 0.538625153231 0.291017088501 0.29234449524 0.332697212779 0.334144616783 0.103265413587 0.0982761167903 0.153270098175 0.149851772863 0.205873672214 0.206523642904 0.351784278884 0.343329689963 0.165122201944 0.167062474548 0.271527874948 0.269298807788 0.142281529433 0.152175772732 0.143252489265 0.157207566276 0.141045213561 0.202721734094 0.0955202695194 0.0987739516867 0.239511399789 0.229227472531 0.24646382604 0.256824281776 0.271960159043 0.475479277717 0.472849485773 
123 1.0 0.173510257745 0.170609514121 0.28498037675 0.189986917834 0.348971051192 0.24309181694 0.233114100965 0.191869057632 0.200816858507 0.525834856079 0.305666194924 0.302382896756 0.352046749105 0.34759533867 0.0920041489599 0.101888731641 0.159481091064 0.156957496857 0.203483341219 0.213816996811 0.361889851093 0.355769827408 0.153874561623 0.156320232768 0.248693933158 0.257837808314 0.147515526319 0.152963668265 0.1458824628 0.147515526319 0.152963668265 0.200816858507 0.101888731641 0.107420805187 0.256595957346 0.228267844481 0.246111706853 0.295841950326 0.28818485228 0.498029657379 0.491817656969 
126 1.0 0.169842078911 0.171670586522 0.278994242228 0.193805458917 0.383327305225 0.230025491204 0.232472153719 0.197470238731 0.203552558786 0.494691541201 0.285501948958 0.290652899186 0.326693323957 0.335704581182 0.096359690124 0.100072195017 0.133713568004 0.141767990349 0.187381915087 0.193855820619 0.389944627309 0.377644713908 0.160135174397 0.167282817261 0.260083368836 0.276132396534 0.139050764212 0.137667016589 0.152115309464 0.135540106544 0.140512485872 0.203552558786 0.0869902591912 0.0844628187584 0.26715839864 0.265525578596 0.288264143333 0.238466222896 0.296972410313 0.47316128293 0.492859601026 
129 1.0 0.183917990264 0.188772318087 0.288148437818 0.220144461169 0.382772287465 0.236531036609 0.24361026438 0.207120842354 0.216946066546 0.513115716796 0.31106703199 0.310493717344 0.370546016319 0.358858418601 0.114347275748 0.111924389144 0.172854178212 0.177856416246 0.192225756552 0.190578792913 0.36820839733 0.358667404366 0.17599723889 0.182646738665 0.304386216832 0.311727238672 0.157503758707 0.126632320654 0.145846997667 0.121776998425 0.151832460733 0.216946066546 0.104712041885 0.103129401066 0.245404013513 0.230366492147 0.255902605442 0.265419724725 0.275553871559 0.471930795218 0.48890544628 
131 1.0 0.176552515092 0.177149698535 0.291604513882 0.225287317391 0.3790691518 0.231040259889 0.235887108214 0.198059384059 0.198059384059 0.511337956476 0.271898486506 0.281495274596 0.329270146247 0.336880144479 0.117430753617 0.113244785364 0.163323952124 0.171084086445 0.186848849224 0.186848849224 0.330778785153 0.332144328809 0.172401826734 0.169578269181 0.2807439036 0.280152126964 0.14943062325 0.138641568841 0.150837533048 0.147908370076 0.128709297578 0.198059384059 0.0960913867981 0.0959342462403 0.265326798871 0.247254080992 0.268492292336 0.288221818286 0.289892078227 0.459986093044 0.458935295342 
132 1.0 0.183665939403 0.183984251495 0.283803061791 0.207312203964 0.386466491098 0.235087723129 0.250978191607 0.193516925534 0.197408606669 0.527450118829 0.308358306096 0.305690137097 0.35074942753 0.346933401757 0.101047758524 0.108179250073 0.171046412899 0.156859912605 0.189236400958 0.196070227803 0.343501060187 0.352621213633 0.1697587177 0.183665939403 0.284266582208 0.285601415472 0.152317767069 0.14513769415 0.140633025094 0.151547507938 0.13093711836 0.197408606669 0.104043471133 0.111377354768 0.257650635949 0.22948284393 0.242198338368 0.311379647636 0.266360512768 0.49105515654 0.482884351232 
133 1.0 0.164977839023 0.168171018805 0.286783658819 0.229571390323 0.352833586497 0.244457155147 0.253087048597 0.208645099888 0.214878445777 0.536469185701 0.2938293277 0.300188815539 0.339605080729 0.351218490421 0.111356032736 0.121306333741 0.161025355747 0.161907516046 0.183657126597 0.182639380335 0.352157468359 0.353063366831 0.18993744066 0.196461494982 0.279403099778 0.29081623008 0.143276471806 0.164563846625 0.154908488643 0.169774687609 0.14200151376 0.214878445777 0.0954496896003 0.0980988656961 0.262065090111 0.249246324632 0.27045865471 0.266362936561 0.312192634478 0.466501241723 0.491740511148 
136 1.0 0.174127003159 0.17409766215 0.263763050024 0.19160858978 0.339001289192 0.25509609715 0.260422563699 0.223615835819 0.223601454971 0.516388473385 0.296701761175 0.297581873034 0.340197048837 0.333778794767 0.0998388547519 0.0941436333811 0.148574926073 0.148869912135 0.215777454529 0.20875139927 0.370104879681 0.368673584761 0.178278842035 0.181178188834 0.280638765053 0.278599610923 0.149903930257 0.149683815734 0.132122035074 0.144795575432 0.159086885467 0.223601454971 0.0964258078291 0.0960934352587 0.292668149838 0.2785917981 0.292116265262 0.275577401485 0.264963204962 0.477396180673 0.468316780074 
138 1.0 0.170825504046 0.152231835145 0.277763623303 0.188563603768 0.361047209152 0.265759401236 0.253706963642 0.228727956402 0.219028918737 0.526376840391 0.2929434241 0.292905039974 0.334954790188 0.326043530749 0.0967028598328 0.0930157060671 0.151103164864 0.145949163919 0.190900656161 0.18947430157 0.367711499836 0.366014871687 0.19902438927 0.200422356901 0.287255972837 0.276641631351 0.146719174227 0.181914795031 0.141146692623 0.175791434471 0.160828196593 0.219028918737 0.10134408712 0.105451743505 0.302638219051 0.278111857028 0.283317355723 0.296984082392 0.244554573861 0.485844464341 0.456563891893 
140 1.0 0.177538987179 0.177731920858 0.291796709871 0.201290749822 0.339661599192 0.226228305216 0.228989154905 0.193517558177 0.199291244456 0.530686860932 0.290766236259 0.297670932242 0.337230952661 0.341259539841 0.100987688325 0.103205917769 0.15611197131 0.153123951307 0.213066454294 0.21342370176 0.362617890606 0.369744056302 0.159703439138 0.178312157586 0.279727892059 0.29878660895 0.147469197213 0.131762636664 0.156374224655 0.136260845352 0.129650936918 0.199291244456 0.100212221545 0.0993023472791 0.252173353768 0.236984887905 0.256672432981 0.281984826192 0.298121387925 0.483447512991 0.500389511453 
145 1.0 0.179380615165 0.162071803429 0.263690146038 0.207029253519 0.360341761293 0.254775320569 0.237218408718 0.216510907814 0.212031700394 0.503993598315 0.306728360725 0.29497513473 0.360762066756 0.339444233705 0.111247134962 0.1016371431 0.160348419667 0.167059791118 0.197027900139 0.188377468849 0.345308918485 0.356501294578 0.175321865933 0.162071803429 0.28326923028 0.255863474822 0.152848669054 0.14840517231 0.125942009034 0.135225961514 0.164623054681 0.212031700394 0.103606084259 0.0987380275809 0.288394291983 0.253533112678 0.251281664034 0.343806213732 0.23205150809 0.502588455607 0.465651434069 
149 1.0 0.176359759685 0.171075402398 0.292900545207 0.221817289177 0.338225591848 0.227860385625 0.228053793261 0.197012056187 0.198497505787 0.52920502135 0.284678276117 0.287247328377 0.340688993113 0.336099408351 0.116471619839 0.109484489616 0.1745307552 0.166863261342 0.218107145185 0.219965797496 0.37243011952 0.372424190286 0.16369772375 0.157849041596 0.28758851291 0.27821210368 0.152652805488 0.131158101176 0.147922144792 0.132079504485 0.137472884357 0.198497505787 0.104636469507 0.105268514736 0.264370516375 0.243380153799 0.249739868268 0.30233174172 0.276778735486 0.505062804083 0.494882578199 
155 1.0 0.163335860735 0.167983458281 0.25794449515 0.197568024843 0.329128960855 0.248900896387 0.268954672641 0.203197360742 0.216755600048 0.514777159288 0.312095754652 0.301354744752 0.363510192158 0.348933661445 0.10603963719 0.0986933432768 0.16168317882 0.153269354654 0.187811215906 0.177921954866 0.369470573827 0.37738201984 0.177921954866 0.183080181152 0.263914475716 0.263575035735 0.133809950879 0.160571941055 0.13246509312 0.164319491404 0.152566817626 0.216755600048 0.0964917278126 0.0964917278126 0.25759718855 0.251619641615 0.262281157445 0.293468133211 0.306363427463 0.512266716564 0.512860568185 
166 1.0 0.183016484217 0.172037509273 0.290370598228 0.193746064573 0.376301928779 0.223955185597 0.22363262287 0.195600136144 0.182463443717 0.53241540029 0.303260559531 0.30666915242 0.337294550456 0.341378992528 0.0919803427934 0.102097431035 0.140639236273 0.133042822807 0.189983646911 0.189983646911 0.373258642662 0.364015806673 0.168218691879 0.171701498192 0.29333868829 0.278700246993 0.148625021747 0.137314944035 0.151320513804 0.146176336551 0.1291888799 0.182463443717 0.0866458741517 0.0924500327042 0.262039727264 0.247241655326 0.26461660005 0.266790078858 0.260658671337 0.475338932707 0.463622384 
168 1.0 0.179482265635 0.173313367783 0.265106442568 0.199671399848 0.356473239854 0.240270329305 0.225278647553 0.197260791561 0.185192967664 0.518512810555 0.291788815662 0.28367065966 0.339544999601 0.31797317786 0.106187557526 0.095685538753 0.158617384519 0.159384369091 0.20065558593 0.19225139889 0.368175869551 0.362811618018 0.157012445582 0.144570269598 0.269284368827 0.24429705413 0.143985094079 0.147842520547 0.127392672702 0.143985094079 0.156952688226 0.185192967664 0.106979684558 0.105478450713 0.283538350577 0.261651559257 0.264646034265 0.301621633435 0.253234238873 0.491427449464 0.472032052844 
173 1.0 0.186780743224 0.17474011732 0.267078606615 0.20886525365 0.378042524527 0.216851178557 0.225471119123 0.194121336914 0.184642125178 0.503695869352 0.300075716729 0.277636350741 0.341246274404 0.312625280705 0.10286154563 0.107247015262 0.14371020452 0.132073930129 0.214271718461 0.210456486637 0.363080267332 0.368982987004 0.16730883815 0.158733109077 0.302763723611 0.267375856131 0.147528597879 0.136218894904 0.128785266387 0.125156782178 0.135751590285 0.184642125178 0.0801136675403 0.0880492867527 0.278493343264 0.244014549639 0.257138418934 0.313082298334 0.244729659749 0.506965431232 0.467716726482 
184 1.0 0.169154786146 0.162607975925 0.285347310663 0.206464852315 0.335241434294 0.238210817473 0.237212809662 0.196257044424 0.192782660599 0.536922096166 0.313892901542 0.313919006903 0.365681560626 0.356004931174 0.109029411664 0.101418996135 0.164670872857 0.161155296789 0.202068082924 0.199468922139 0.374283047391 0.375132576008 0.163734123318 0.162891058423 0.266595395115 0.252206558317 0.154189963599 0.150586181547 0.13960026074 0.153220457017 0.156050077254 0.192782660599 0.103322905527 0.100300886899 0.289534319261 0.269281741105 0.274372469293 0.303620469034 0.260806488605 0.512051061746 0.483617434896 
189 1.0 0.16675586751 0.160778338722 0.27792644585 0.227374907157 0.361590025031 0.238280316547 0.227038304593 0.218804552289 0.201860476853 0.495999475013 0.304654060346 0.295012432003 0.355403437366 0.338880295068 0.114023310894 0.116675370304 0.152577857002 0.153776130828 0.190476554658 0.199880658205 0.374024269262 0.369746745264 0.170385364881 0.1592489024 0.292042170247 0.268806105669 0.150254456998 0.131469014165 0.134687263456 0.127331870013 0.129121164327 0.201860476853 0.0829641449291 0.0844261806974 0.285473824073 0.266921727368 0.275272093469 0.287183263447 0.24548914624 0.482303303421 0.474018271708 
191 1.0 0.186334566705 0.181485480923 0.263336318511 0.204875183138 0.370621485312 0.242117099056 0.240886195815 0.186908003212 0.192918630768 0.526695213383 0.284895207803 0.288750640213 0.327313861382 0.323366653917 0.103448275862 0.102871957863 0.166805332723 0.162983479974 0.201067306719 0.2006529176 0.354619589853 0.354619589853 0.166805332723 0.169632743121 0.269318954342 0.273481104261 0.137326260357 0.150227730419 0.137326260357 0.144745461116 0.134526960022 0.192918630768 0.11342678761 0.11342678761 0.253442411379 0.238953326056 0.253442411379 0.285103815291 0.268345882184 0.48280787926 0.484528774352 
205 1.0 0.167863872526 0.163059665707 0.277483107903 0.219954593098 0.324602880943 0.246959472115 0.249773758712 0.202297531946 0.195475380592 0.54449515513 0.275450600429 0.267473606858 0.332610732955 0.316955045817 0.117070017336 0.107933222944 0.182343833497 0.180150939644 0.215866445888 0.220949305208 0.3582419046 0.3582419046 0.162385862553 0.16398162439 0.26582886501 0.252665196991 0.151106512122 0.145562808885 0.13592227307 0.146688311278 0.15957635378 0.195475380592 0.119617833424 0.112776774887 0.258616121152 0.240891296755 0.244225004349 0.316435730811 0.277087691802 0.512226479431 0.486932468613 
